882
4758
8634
9729
13401
17769
13893
13011
16887
17769
14097
9729
5853
4758
5853
9729
14097
17769
17985
19641
20677
27973
24301
23419
22324
18448
14572
10204
13876
17752
18634
22510
26878
27973
31413
39045
40473
41403
52659
53754
79395
75723
71847
67479
66384
67479
71355
75027
79395
75519
74637
78513
79395
78300
73932
70260
66384
67479
71847
75519
79395
95676
97986
98042
101402
97730
96635
92759
88391
92267
93362
97034
101402
97526
96644
95549
91673
87305
83633
87305
88617
97241
100991
126632
128288
133968
134898
138930
180930
183100
192424
193096
202896
203715
209539
212409
228690
235758
235920
242240
244688
245570
243122
236802
220521
220359
219477
212409
219477
220359
220521
222969
229289
245570
239250
239088
238206
235758
219477
212409
214857
215739
222059
229127
245408
245570
239746
236876
227552
226733
216933
216261
209941
219265
222135
205854
211678
211516
209068
208186
217986
218658
219477
212409
218729
221177
222059
222221
238502
245570
239250
239088
238206
235758
219477
212409
214857
215739
222059
238340
238502
245570
241538
239368
197368
199538
241538
245570
271211
278843
287467
289777
273496
267176
260108
259946
259064
256616
257498
261374
260492
256616
260492
261374
255550
254878
245078
242208
232884
232065
241389
251189
254059
259883
260702
261374
257498
256616
257498
261374
261635
267315
268410
270990
267114
266232
267114
270990
267630
251349
251293
248983
252343
268624
268680
270990
267114
266232
263922
256290
247666
222025
229657
255298
257608
266232
266907
287775
285605
243605
239573
281573
285605
287775
295071
302703
309023
309905
327230
328022
345347
353971
354232
365592
365808
368868
369963
380421
422421
423261
426621
425949
420125
410801
409982
400182
397312
398131
401001
410325
420125
425949
426621
434221
440017
443893
451525
454395
457835
458930
465250
466834
471636
484992
505012
505068
522778
522834
535623
539055
539743
540779
547809
553265
556697
557537
558849
600849
610649
610859
611699
616067
618237
624061
635101
642169
643885
664753
672541
689866
702826
704996
717785
719213
722885
724469
728837
729629
736925
749714
751026
751287
764247
768459
769299
770419
771107
771899
806843
827711
841067
849807
854609
859493
867149
868031
870445
871565
897206
903030
908826
910275
917907
921783
931107
966051
967171
987191
1004901
1010357
1025477
1028347
1029659
1037259
1041471
1050211
1052611
1060243
1064635
1075093
1082123
1095083
1100907
1106587
1107262
1109662
1113094
1115508
1115724
1117324
1128580
1131028
1131238
1134988
1136437
1136647
1162288
1162504
1168984
1171564
1184524
1192180
1193629
1195213
1197383
1229723
1229984
1239784
1240820
1247888
1258346
1278366
1278422
1313366
1327666
1334962
1337362
1345150
1354474
1365394
1380514
1386310
1390522
1393762
1394256
1415124
1415385
1416267
1426725
1439808
1446876
1447551
1455151
1461829
1462924
1476007
1477127
1480799
1486595
1502876
1503996
1513320
1517712
1526452
1527904
1540864
1545076
1545916
1548226
1554022
1566811
1572491
1573691
1584149
1585733
1590617
1607942
1623062
1623734
1627610
1628138
1628813
1629653
1635701
1638149
1644827
1655684
1654892
1658132
1661492
1672532
1673204
1689485
1690160
1690832
1692416
1695776
1705100
1718060
1707602
1715390
1724060
1731848
1732010
1732829
1738877
1740827
1744703
1748915
1749951
1751046
1751838
1760462
1760518
1767987
1774307
1776707
1778135
1782937
1783777
1786717
1789957
1796437
1816457
1818767
1818767
1823651
1823441
1826881
1839964
1842134
1842926
1854182
1861814
1870438
1871126
1872578
1883498
1887890
1889318
1889558
1876769
1878221
1885289
1896146
1897346
1898228
1900808
1902978
1903140
1920850
1931308
1917952
1919608
1918920
1919802
1931058
1923762
1928564
1929236
1923412
1914088
1904288
1903469
1900599
1899927
1909251
1915075
1915894
1915894
1918764
1919436
1917852
1920912
1913312
1906244
1899924
1895122
1895650
1898710
1911499
1913809
1914904
1915940
1922970
1923464
1939745
1943621
1946681
1979021
2021021
2023331
2031955
2032123
2032384
2052404
2063261
2063423
2080748
2082332
2080904
2080904
2069864
2070392
2053067
2055017
2055017
2055017
2065937
2075261
2077841
2085497
2086809
2087481
2086689
2093589
2090719
2129791
2128671
2121641
2115321
2116203
2123835
2158779
2165259
2152470
2152680
2156712
2160924
2160708
2167028
2173928
2174768
2179570
2182738
2185798
2189674
2196970
2195875
2196970
2194522
2208822
2208822
2204454
2205142
2192182
2203222
2204878
2204617
2204401
2207761
2211973
2224933
2230613
2232563
2267507
2254547
2255429
2264753
2265014
2265542
2276582
2281384
2282836
2285706
2288016
2288256
2288784
2294580
2302236
2308032
2313712
2313712
2288071
2288071
2288863
2288863
2288863
2291277
2304237
2306187
2306397
2310789
2299429
2305749
2316606
2301486
2318811
2323179
2323179
2288235
2289165
2294845
2295637
2278312
2277192
2266734
2287602
2288394
2262753
2254129
2251819
2244187
2252811
2273679
2281311
2306952
2304538
2311438
2313748
2311334
2320074
2318762
2307842
2298518
2298518
2297846
2297846
2290190
2287610
2288282
2288282
2290862
2298518
2309878
2309878
2311190
2311190
2309474
2309530
2305162
2306002
2306884
2309332
2302654
2303774
2307650
2300050
2300106
2298986
2299148
2301562
2299162
2291506
2292955
2279872
2279872
2282320
2262300
2304300
2307740
2299952
2303012
2299652
2307440
2303048
2294308
2301940
2307736
2307475
2303599
2305027
2305027
2306339
2306339
2300543
2298959
2299634
2310554
2303258
2303258
2303498
2300058
2295174
2296626
2300066
2299391
2325032
2331710
2330870
2317910
2338778
2330990
2337668
2343492
2341182
2347860
2357660
2360900
2360900
2360900
2357228
2378096
2373294
2377170
2335170
2333000
2328968
2328968
2331138
2331138
2330877
2332305
2339335
2326546
2329606
2308738
2311138
2313308
2313308
2312636
2303896
2321606
2330346
2339086
2347756
2351632
2351632
2354692
2355380
2346756
2333796
2336376
2338790
2337478
2337238
2338822
2337510
2338959
2331359
2331853
2336655
2333223
2332341
2341081
2352337
2361661
2361661
2360349
2352693
2341333
2341333
2341333
2340661
2338081
2349001
2358325
2360905
2361577
2369233
2404177
2405489
2416849
2416849
2421651
2429283
2430102
2430102
2437170
2442626
2444796
2444796
2433939
2413919
2414711
2389070
2389070
2371360
2380684
2380684
2401552
2401768
2412688
2413360
2402104
2413144
2409712
2408617
2411857
2412676
2412937
2412097
2451169
2462026
2466394
2458606
2459294
2459294
2457845
2462213
2466089
2466089
2459021
2459021
2456441
2448785
2442305
2440721
2427761
2426312
2427896
2430476
2431925
2438405
2446061
2459021
2460470
2458870
2459662
2460698
2418698
2421638
2412314
2412524
2408648
2409960
2412408
2418728
2415668
2415506
2415296
2405496
2406184
2406184
2410396
2399476
2390152
2383084
2383084
2383084
2383084
2387968
2394448
2397388
2399836
2398180
2363236
2363236
2364272
2363744
2360504
2359712
2360384
2360384
2360384
2373173
2385962
2387414
2389584
2393952
2382912
2378028
2378868
2379798
2379798
2384190
2384190
2384190
2384190
2383371
2382699
2379829
2374005
2364681
2365500
2371324
2374194
2374866
2384666
2384666
2374208
2356883
2355847
2381488
2381432
2382251
2385611
2386647
2393325
2392650
2393532
2386236
2392032
2386576
2386576
2391460
2391292
2383660
2382624
2382363
2381481
2381691
2395991
2394542
2393230
2383906
2372986
2361626
2353970
2353298
2350718
2315774
2323430
2326010
2326010
2326172
2318540
2329460
2330772
2333712
2333712
2334531
2335203
2335203
2327571
2327571
2324211
2324886
2326602
2335272
2367612
2365662
2330718
2322930
2317134
2314074
2308618
2315098
2309302
2313670
2314489
2316145
2281201
2306842
2302966
2304682
2305370
2289089
2247089
2253767
2247943
2246359
2247047
2246375
2245255
2245255
2248495
2250079
2257679
2257679
2260619
2264495
2263655
2250572
2249897
2246147
2226127
2230003
2236051
2237087
2235992
2233592
2237468
2237468
2235298
2224441
2203573
2212897
2208685
2210269
2210269
2204221
2201911
2207707
2201883
2199013
2207637
2213685
2218569
2213767
2220247
2220247
2221675
2232931
2232769
2236129
2249089
2249033
2243353
2246413
2237089
2234675
2234459
2236859
2232647
2238443
2239895
2252684
2257568
2256893
2258609
2258849
2254637
2253185
2266541
2270213
2271333
2292201
2283461
2283461
2283461
2283629
2274959
2265159
2272815
2273490
2272962
2269530
2269530
2264728
2263276
2268732
2268732
2269572
2284692
2252352
2257984
2252188
2250760
2254200
2253528
2253528
2250948
2249636
2249636
2238716
2238716
2231060
2231732
2231732
2233044
2233044
2233044
2243964
2251620
2254200
2254200
2253381
2253381
2254173
2261241
2264991
2257359
2257149
2257149
2256309
2254725
2253689
2253851
2253851
2242994
2243204
2243414
2251070
2242330
2221462
2221462
2222498
2222660
2221820
2216140
2214190
2220670
2230470
2230470
2214189
2231514
2227122
2241422
2241366
2226246
2226084
2228484
2246194
2245312
2244784
2233864
2236264
2236758
2236497
2216477
2174477
2167447
2178304
2177422
2172620
2174276
2179078
2174866
2178538
2191894
2187010
2187010
2174221
2174221
2176391
2172179
2166131
2186999
2185687
2198770
2196322
2213647
2211477
2212926
2221550
2221550
2225942
2205074
2201634
2200946
2197070
2196398
2195710
2188078
2191954
2191162
2204518
2207388
2225098
2221738
2232595
2229535
2222857
2221429
2212689
2210379
2201055
2197815
2197815
2202027
2194239
2200063
2198863
2200579
2190121
2186245
2197102
2191306
2212174
2197874
2196425
2196953
2204021
2203139
2203139
2206889
2213789
2217665
2230454
2237132
2229476
2228164
2217244
2217244
2217244
2214664
2214664
2213992
2214664
2215976
2227336
2227336
2238256
2238256
2238256
2240836
2239252
2252041
2262499
2247379
2234023
2232903
2249184
2242704
2248528
2247433
2248553
2235593
2232723
2207082
2186214
2174958
2176407
2177226
2184882
2182482
2187366
2190534
2198003
2163059
2158667
2164491
2164230
2146520
2153588
2156756
2154308
2164766
2164766
2166422
2166422
2166206
2173675
2176123
2172763
2167083
2184793
2184583
2187163
2154823
2160871
2153239
2188183
2176927
2184715
2182765
2183440
2196796
2195956
2195026
2193714
2198598
2204646
2225514
2218446
2216276
2223176
2231916
2236800
2240472
2219604
2220098
2221814
2213144
2174072
2168392
2168182
2168238
2147370
2158290
2155230
2134362
2137602
2127144
2126650
2126156
2126975
2127185
2127185
2128613
2117693
2115279
2109599
2096810
2090986
2099726
2101310
2103890
2107250
2103374
2102279
2097911
2094671
2099063
2092163
2097619
2084830
2126830
2127670
2127460
2126785
2122417
2128897
2127469
2120791
2126587
2168587
2167705
2168393
2163591
2167031
2168981
2172341
2158041
2159757
2167413
2146545
2142177
2150917
2143285
2117644
2109020
2106710
2114342
2139983
2142293
2150917
2151127
2145331
2145331
2170972
2167096
2172728
2166050
2171730
2165052
2163600
2171232
2171448
2172288
2166464
2166464
2165645
2162775
2152975
2152303
2141383
2138803
2138803
2138803
2138131
2136819
2125459
2125459
2125459
2125459
2126771
2129351
2140271
2140943
2140943
2148599
2148599
2142803
2144255
2153579
2154674
2167634
2167690
2170138
2169610
2166670
2167982
2168801
2168801
2168963
2169803
2156843
2156003
2160215
2153315
2153843
2154773
2156723
2156513
2155694
2151326
2149376
2155856
2142773
2141653
2141653
2140617
2139825
2157150
2151326
2150534
2149862
2146190
2126170
2133466
2134561
2138311
2152611
2153139
2153307
2135982
2150282
2150120
2150120
2150120
2147672
2149124
2149124
2148436
2161792
2169261
2173137
2180167
2181595
2182631
2186843
2184673
2183224
2183224
2184880
2185568
2176944
2184240
2181660
2180076
2172420
2165940
2152980
2151531
2158011
2160591
2173551
2181207
2182656
2184240
2173200
2162160
2145879
2159235
2156175
2156175
2156175
2153865
2160933
2168229
2163837
2150877
2150877
2143221
2146461
2152941
2148729
2147889
2144829
2141661
2143971
2143152
2143944
2140068
2138616
2137941
2140811
2141305
2142754
2143573
2132533
2118233
2117393
2117393
2116705
2114535
2111095
2143435
2145385
2145385
2148745
2159203
2155327
2148427
2142379
2138167
2138167
2139479
2139479
2128622
2127038
2129908
2129740
2112415
2112415
2133283
2134483
2139367
2136307
2135212
2133042
2133042
2133042
2135212
2135212
2135212
2127556
2127556
2126244
2115324
2115324
2114652
2112072
2112072
2112072
2114652
2125572
2125572
2125572
2126244
2127556
2135212
2131772
2122448
2115968
2116208
2116208
2115326
2115086
2115086
2102126
2102126
2102342
2095862
2098032
2118900
2118900
2113104
2112264
2114678
2111438
2111438
2117486
2118522
2116866
2118315
2118315
2116005
2117041
2113165
2113109
2110169
2112479
2105449
2105449
2102089
2094433
2094433
2085809
2084879
2078201
2071881
2070165
2070327
2080785
2080257
2097582
2096894
2096102
2094650
2083394
2075762
2064842
2056218
2052978
2047154
2035898
2029418
2033786
2038154
2032698
2031662
2030990
2032110
2032326
2029746
2012036
2011154
2010992
2000534
1999334
1997164
1999744
1989944
1986884
1980564
1986020
1983620
1994660
1988180
1987298
1980978
1983288
1983288
1996077
2009433
2009649
2009649
2012519
2012519
2010803
2014243
2015125
2014631
1997306
2000366
2014666
2015338
2011462
2011252
2010433
2005549
2018632
2005843
2009719
2005687
2012365
1970365
1959508
1944388
1943860
1948744
1959601
1959862
1961174
1958114
1970903
1972487
1998128
2002520
2015309
2008013
2009613
2011213
2032081
2031393
2032842
2028040
2031208
2037004
2037004
2041372
2030452
2029780
2029780
2029780
2022124
2019544
2018232
2018232
2029592
2030792
2051660
2046858
2007786
2011818
2013534
2013534
2015134
2019526
2019526
2018851
2017267
2015815
2016025
2010229
2013979
1996269
1983480
1983240
1994496
2004296
2005880
2012360
1995035
1988555
1983671
1983671
1981955
1977071
1977863
1977919
1977919
1978447
1984927
1984927
1967217
1980006
1978056
1971378
1965582
1976622
1969722
1969722
1969722
1966782
1972830
1969470
1969526
1968734
1986444
1990476
1981736
1973066
1983923
1980983
1981145
1970288
1978076
1977040
1974626
1981526
1981265
1983215
1981766
1980110
1987898
1982218
1982162
1988840
1979516
1975766
1975604
1974916
1969120
1969120
1966672
1969840
1944199
1941751
1941751
1941751
1952608
1954208
1961864
1967660
1953360
1950780
1985724
1986606
1994394
1997826
1998354
1989030
1989870
2001126
1994096
1997536
2000776
2008408
2019448
2019448
2027104
2040460
2049784
2049784
2051212
2051212
2051212
2050524
2056204
2053756
2040673
2036797
2041009
2044069
2045189
2045189
2045189
2052089
2052329
2052491
2053691
2040731
2044607
2053277
2049527
2049527
2056595
2063663
2059991
2059172
2052692
2047808
2046713
2054501
2064301
2070097
2071753
2064685
2066285
2068595
2066425
2066425
2066919
2066919
2067711
2067711
2078169
2076585
2083615
2089935
2096965
2098414
2098414
2102164
2111964
2115714
2094846
2094846
2096295
2096295
2117163
2124231
2127101
2131903
2137583
2145183
2132394
2124794
2118998
2118323
2118539
2118539
2107682
2100213
2098901
2098061
2123702
2118818
2112338
2105270
2105270
2097801
2097801
2098641
2099313
2095101
2098977
2100693
2068353
2070069
2062413
2073669
2055959
2049911
2046671
2037931
2038141
2037466
2023166
2019290
2016122
2013722
2014842
2015514
2012274
2012436
2013531
2004207
2010031
2023114
2027916
2027228
2013872
2015472
2028261
2025861
2023551
2010195
2045139
2044320
2045160
2028879
2034559
2038435
2047759
2047759
2064040
2067280
2068880
2110880
2110880
2113460
2111046
2111102
2112554
2112610
2115058
2121378
2137659
2137821
2144889
2145771
2141895
2141895
2137503
2137447
2128123
2127331
2127331
2138691
2138691
2138691
2128891
2128397
2125527
2126346
2135670
2146590
2148018
2173659
2177535
2176863
2187783
2177325
2163969
2165685
2165445
2168877
2170533
2172947
2168063
2160995
2159959
2161543
2170283
2164459
2158827
2156517
2140236
2140180
2136820
2140180
2156461
2158771
2158827
2158989
2162229
2178510
2175570
2169938
2170868
2170180
2170236
2177705
2178905
2178233
2186857
2190097
2190097
2193037
2151037
2152637
2152637
2151755
2152685
2194685
2195615
2196735
2196735
2200167
2211087
2206695
2206695
2208007
2211757
2209177
2209177
2204293
2201713
2200831
2200669
2184388
2181940
2174872
2168552
2175620
2178068
2178068
2178068
2178230
2184550
2183758
2184794
2223866
2231162
2235530
2234711
2242007
2247831
2251503
2250191
2249981
2251565
2249117
2247461
2240561
2232929
2239829
2241029
2275973
2274853
2281753
2292211
2312231
2308019
2307179
2308763
2307668
2321968
2304258
2300586
2326227
2300586
2296374
2291982
2293431
2294106
2283648
2282336
2282336
2269547
2273219
2259863
2258663
2248205
2251265
2250425
2248475
2259731
2270987
2268407
2260751
2259302
2252822
2239862
2238278
2212637
2205005
2202695
2194071
2196381
2222022
2229654
2238278
2238278
2234838
2236788
2215920
2222988
2222988
2223516
2225826
2219148
2221098
2210241
2189373
2196842
2196842
2195806
2201602
2201818
2207498
2207660
2203292
2201692
2203144
2207512
2207350
2216090
2214662
2201873
2203325
2208209
2199585
2203025
2199149
2199149
2192829
2185761
2185761
2183313
2183151
2185599
2186481
2202762
2209082
2216150
2216312
2216480
2212088
2204792
2211470
2215838
2215676
2220560
2223500
2265500
2264681
2264942
2267812
2268932
2265182
2264146
2277502
2290585
2294335
2295647
2288969
2289497
2289497
2297285
2297285
2295629
2294509
2295629
2295629
2295629
2295467
2301147
2298277
2292453
2281413
2295713
2303345
2310245
2289377
2299835
2310875
2304827
2303375
2304975
2314299
2314461
2314461
2314722
2317962
2318178
2323858
2323858
2323858
2318402
2318570
2315210
2289569
2293445
2296315
2291947
2274622
2274622
2285542
2293330
2300986
2293198
2281942
2278066
2264710
2262994
2260594
2258424
2259243
2248386
2241090
2236698
2236698
2227374
2228193
2228193
2228721
2228721
2226771
2226609
2227297
2230465
2239135
2232655
2221735
2227783
2226943
2224993
2221825
2221993
2223088
2216768
2214320
2214158
2207090
2206208
2189927
2196995
2213276
2219596
2220478
2220640
2223088
2222594
2215564
2209516
2209516
2206348
2205556
2204716
2219016
2244657
2238861
2244909
2251977
2250549
2250021
2249527
2252397
2266697
2259797
2259581
2264383
2266831
2268283
2269999
2271448
2274616
2273944
2278156
2270500
2271928
2270479
2275935
2277030
2280906
2245962
2245962
2246130
2242890
2200890
2209514
2210008
2216056
2213746
2212090
2229415
2232285
2232285
2248566
2248038
2227170
2244495
2242911
2242855
2260180
2258580
2258580
2258370
2251470
2251470
2251254
2249802
2252216
2249906
2291906
2285858
2284658
2286968
2286128
2290004
2288288
2290868
2286836
2290004
2284548
2284548
2280876
2298586
2292538
2291719
2287969
2287969
2295438
2299314
2312103
2304447
2308119
2301051
2302707
2299347
2308017
2295228
2295066
2287998
2287116
2284668
2268387
2262067
2278348
2280796
2281678
2288746
2288908
2295228
2295228
2293058
2293058
2279702
2277532
2275816
2292097
2292097
2297729
2286369
2273013
2273013
2262555
2266587
2268757
2268757
2267173
2252873
2255743
2257055
2260415
2252759
2256199
2258149
2251081
2251249
2252179
2244391
2244919
2244919
2244919
2248159
2238359
2237239
2269579
2269579
2272449
2283489
2283279
2294136
2294080
2306869
2311237
2311447
2310517
2310461
2293136
2289896
2290568
2308278
2295489
2296161
2302839
2281971
2274183
2275635
2274186
2267118
2267790
2267622
2266173
2261805
2261749
2261749
2275105
2254237
2255821
2250025
2255481
2272806
2274258
2263218
2262690
2260276
2243995
2237675
2237513
2230445
2227997
2227115
2223675
2222363
2215685
2215191
2215191
2213591
2213591
2203133
2206193
2194937
2187641
2194937
2211218
2218248
2243889
2244383
2250207
2257275
2255675
2254580
2212580
2177636
2180696
2174376
2163120
2163330
2164530
2155790
2155790
2155790
2167046
2165462
2163878
2166748
2177206
2181598
2183198
2175902
2175686
2174650
2172994
2167314
2173362
2181018
2181018
2179898
2181498
2180568
2182224
2178784
2198804
2195444
2192384
2203424
2216213
2214785
2206045
2195125
2184268
2175528
2182824
2179954
2187250
2187250
2189698
2188662
2188902
2176113
2175945
2172273
2170557
2181813
2181975
2184375
2185495
2186923
2198179
2204227
2209111
2229979
2229979
2232559
2231439
2223651
2198010
2198220
2199340
2196760
2214085
2215285
2217865
2205076
2213816
2199516
2199516
2206194
2206194
2216652
2229735
2233611
2240907
2241837
2241837
2241837
2241837
2253197
2248313
2254991
2257161
2256125
2256386
2262066
2264936
2259256
2259256
2246173
2250049
2252629
2254345
2252745
2262545
2262545
2260235
2266555
2273585
2273369
2265581
2282906
2281454
2274554
2277914
2298782
2309639
2309639
2292314
2290730
2289281
2297905
2296869
2289969
2282673
2281073
2313413
2313413
2326373
2326373
2331175
2298835
2298043
2298571
2297122
2296906
2297698
2297698
2296879
2285959
2269678
2266238
2279321
2274437
2276387
2276387
2276387
2265467
2269679
2269679
2277311
2277311
2290100
2293268
2288900
2284868
2281808
2280208
2281027
2281027
2282743
2278531
2264231
2264015
2262563
2262563
2258687
2258687
2259362
2259362
2265682
2265682
2274352
2271482
2277962
2286632
2282264
2278832
2277116
2281148
2285024
2278544
2291627
2300367
2297199
2300139
2307435
2306643
2311011
2314179
2311239
2311927
2308051
2307121
2307065
2307947
2315243
2309447
2309207
2309423
2298167
2290698
2299322
2295572
2295833
2291031
2293901
2293901
2286245
2293877
2299557
2298129
2297868
2296668
2296929
2296929
2283846
2258205
2258205
2252157
2242833
2242572
2242572
2233248
2233248
2233086
2227406
2224166
2223950
2224112
2224328
2224328
2224328
2224589
2227829
2233509
2246865
2240385
2239265
2233441
2220085
2231341
2217041
2216879
2215427
2207958
2208486
2213942
2213942
2221574
2218334
2223966
2225622
2231418
2229468
2242824
2242656
2250125
2242656
2246532
2243100
2240520
2253876
2253876
2236166
2238476
2243932
2244426
2244636
2243817
2243289
2222421
2218981
2217031
2237051
2237843
2234603
2227535
2227325
2228000
2239360
2241808
2242302
2235272
2232402
2245191
2242321
2242531
2246743
2243503
2256586
2255002
2242213
2251537
2255287
2253687
2250627
2250627
2246751
2245302
2242722
2244034
2235364
2253074
2253914
2252602
2248852
2248324
2237284
2229496
2240752
2235072
2235072
2235072
2230860
2231070
2232000
2232000
2243360
2243360
2242672
2242672
2242000
2246392
2253688
2252239
2265595
2272495
2285578
2285317
2285317
2285992
2286520
2287556
2287817
2284145
2284145
2288537
2287607
2294087
2290211
2281541
2271083
2271577
2286697
2293597
2302267
2302267
2294635
2268994
2266684
2258060
2265356
2267666
2257866
2262078
2270702
2270702
2272872
2298513
2306145
2319228
2319228
2320158
2327454
2328142
2328382
2326666
2310385
2308933
2315253
2304396
2307266
2303834
2303159
2297703
2299653
2298834
2297250
2297250
2297511
2297349
2287549
2289963
2276880
2265840
2271520
2271352
2263564
2263726
2261416
2260534
2260534
2260006
2260006
2260006
2249149
2245399
2246983
2243743
2245055
2244794
2245914
2203914
2196618
2216638
2208982
2216012
2213072
2211644
2211644
2228969
2228969
2232641
2264981
2264981
2271301
2271989
2279057
2279113
2280149
2282729
2285897
2298980
2305658
2285638
2292668
2267027
2266859
2270735
2309807
2298551
2301491
2306947
2306947
2306785
2300737
2295935
2295695
2288665
2287353
2284939
2277307
2276187
2274587
2274425
2258144
2243844
2236188
2234472
2233632
2230762
2230594
2224798
2223142
2215510
2215510
2215454
2211062
2209346
2209346
2174402
2165778
2169654
2169654
2169654
2160914
2156030
2148962
2147362
2112418
2104818
2093898
2091450
2088090
2082410
2076586
2075134
2074204
2070454
2059996
2043715
2039347
2034979
2002639
2002111
2001901
1993277
1993277
1987229
1986701
1985045
1973685
1968229
1958905
1958905
1933264
1933048
1893976
1892527
1892527
1891645
1888775
1883891
1871102
1867226
1861178
1861178
1859462
1850792
1846916
1846916
1847798
1851674
1850999
1825358
1825358
1822190
1805909
1805909
1792553
1792343
1791655
1791655
1787623
1785453
1785453
1827453
1827291
1825635
1821759
1823929
1810573
1808173
1801495
1788706
1786126
1768801
1765633
1762573
1755277
1737952
1737952
1726592
1717922
1716802
1715602
1712162
1694837
1677127
1677127
1657107
1649811
1636728
1623645
1606320
1602444
1593704
1580915
1580243
1569386
1570481
1574153
1578521
1582397
1581197
1581197
1579481
1566398
1586418
1586474
1579178
1579178
1572278
1569408
1569192
1569192
1569192
1569030
1565790
1560110
1546754
1546493
1555817
1556033
1556294
1556456
1562136
1575492
1578732
1578732
1578732
1574856
1570644
1557288
1556193
1548561
1546961
1535705
1534669
1523309
1518941
1513261
1504521
1500645
1499763
1503639
1504521
1502073
1498323
1456323
1442023
1442023
1436199
1435527
1432657
1432447
1430277
1430061
1418805
1418805
1416495
1415183
1412313
1408641
1404765
1400397
1399302
1403670
1407546
1411218
1412313
1409145
1409145
1397889
1384806
1377776
1376192
1370560
1369720
1367272
1361640
1360710
1349670
1345794
1340338
1333858
1326226
1319906
1309448
1306280
1302920
1299044
1293588
1267947
1256691
1249059
1247631
1244191
1243096
1242166
1249798
1275439
1286695
1287790
1289218
1290148
1293588
1289916
1286040
1281672
1280577
1281672
1273002
1266324
1266324
1270692
1252982
1256858
1260530
1234889
1231013
1226801
1222769
1221674
1219724
1216052
1215364
1215124
1204666
1204666
1203874
1199998
1199116
1191484
1192366
1185070
1188946
1188452
1185392
1184720
1184226
1171437
1170507
1160707
1160707
1159587
1158135
1116135
1115895
1109575
1108539
1108539
1108483
1101415
1069075
1066495
1062823
1062135
1068455
1072127
1074707
1107047
1124372
1131440
1132128
1133164
1133220
1129548
1125180
1121304
1120209
1124577
1128249
1129344
1133220
1133220
1125924
1114884
1113228
1106550
1102338
1099468
1099468
1088108
1088108
1075025
1075025
1074095
1066799
1062923
1062923
1095263
1108346
1115642
1119518
1130878
1145178
1170819
1171749
1158393
1156223
1156223
1156223
1149545
1149545
1142477
1140527
1140317
1139117
1138589
1133133
1133133
1126065
1125246
1125246
1119790
1112158
1107356
1105186
1103734
1103524
1103030
1103030
1103030
1103030
1101935
1098263
1093895
1090019
1091114
1094990
1098662
1103030
1102536
1070196
1061456
1054556
1037231
1037021
1037021
1036139
1032263
1029683
1028891
1028216
1020920
1003595
990239
990029
988717
987517
961876
954244
945620
943310
950942
976583
978893
987517
978193
977699
976880
972512
968636
967541
963173
959501
963869
967745
971417
972512
972251
971576
964280
964280
943412
934742
928262
928001
926881
925453
922873
917989
916869
910821
910821
889953
878697
881277
882705
888753
889873
901129
918454
923338
944206
944206
941336
954125
968425
972301
974251
984051
992675
994391
997559
992757
992757
975432
969636
963316
950356
949261
945589
941221
937345
937183
934313
931145
892073
890761
890761
887593
878969
869645
863965
863965
863704
860464
860248
846892
846730
846946
847207
856531
856693
889033
892273
897953
911309
909359
896276
896276
876256
869226
869226
860602
858292
858031
858031
853639
851983
834273
834012
841481
848777
848777
849659
846719
846719
839250
832220
824924
813668
807988
807988
807460
807460
803584
803056
783036
782980
803000
803056
798664
778644
771744
765424
763010
760840
718840
718840
722872
725042
767042
766354
749029
747993
740925
738345
738289
731969
728297
695957
680837
674159
661076
655396
652456
652400
650090
646730
630449
646730
649040
652400
652456
620116
619954
616714
616453
616237
602881
593557
587877
597201
597363
603043
606283
638623
651979
652240
652456
643832
642520
616879
613207
612277
606597
602847
601191
602847
611471
637112
638424
639354
643104
648784
652456
643832
618191
610559
608249
610559
619183
644824
652456
651028
646816
639786
638750
631281
627405
631617
633045
634081
641550
648580
652456
620116
616240
601940
601010
575369
562286
554990
543630
569271
576567
580443
612783
625866
640166
641096
652456
665245
671565
672877
675187
681667
683267
685715
665695
665639
665695
685715
643715
639683
637513
641545
643715
685715
674459
669575
648707
631382
630262
627682
626254
620206
621634
632890
634010
640058
657383
662267
664847
685715
685499
672143
668903
636563
636302
626978
626816
621136
626816
640172
640433
672773
682097
685337
685499
685715
679395
676995
675567
666943
666887
659418
665738
674362
675790
683259
683315
685715
687299
693779
697655
698537
699737
699953
700628
705020
705188
706904
707398
709812
710694
706818
705936
706818
710694
702070
694438
692128
666487
674119
676429
685053
710694
706818
705936
709812
710694
690674
690618
710638
710694
710532
697176
696960
687636
684396
652056
646376
646115
678455
678716
688040
688202
688418
691658
705014
710694
685053
671970
668094
635754
621454
620524
609164
601868
614951
626311
651952
655828
656758
671058
678354
710694
706818
705936
706818
710694
749766
757398
771698
787979
790393
832393
845353
850155
867865
860396
853100
852218
859687
866983
867865
863989
863107
821107
817075
814905
812325
811230
810969
805289
805550
806645
809225
814905
815941
819301
858373
858583
832942
824318
816686
814376
805052
804836
772496
759140
758879
758717
755477
749797
750058
753298
753460
766816
776140
776356
808696
814376
813256
807208
805780
800896
783571
762703
760123
748867
769735
775783
778363
779483
780911
792167
797051
814376
814320
794300
761960
758084
732443
719360
712064
697764
686404
685474
692770
693700
706783
710659
722019
747660
780000
794300
810581
813029
820097
826417
827299
827461
827245
827083
817759
804403
798723
766383
763143
762882
763143
763359
772683
772845
776085
781765
814105
827461
828910
830494
836974
849934
857590
860170
843889
804817
800015
787055
779423
737423
723123
720709
702999
710631
752631
766931
779891
818963
836673
852954
857756
860170
853102
846782
846620
830339
827891
827009
827171
843452
845900
852968
859288
860170
856810
856754
840473
838163
838219
840529
843889
860170
860008
843727
841279
834959
827891
827009
827171
829619
830501
836821
853102
860170
860170
860170
860170
859378
877088
877880
889240
895918
892750
888874
880250
865950
853161
851211
841411
839695
852484
856360
859528
873828
882452
884402
894202
895918
889598
887150
870869
869987
869825
862757
863639
866087
872407
872569
888850
895918
883129
881529
875049
873737
871427
865107
862659
865107
867417
880206
881518
887838
889438
895918
856846
853486
853276
852240
845920
838852
838690
837808
821527
819079
819241
825561
828009
835077
851358
852240
845172
828891
822571
821689
821527
819079
809755
796399
796183
763843
758163
757902
757740
754500
754716
787056
787218
796542
799782
805462
805723
819079
818197
810901
803432
810728
818197
819079
822139
839464
853764
859396
872185
872713
882513
884113
885425
883841
877361
869705
868256
855296
852716
854300
856880
858329
864809
872465
885425
883997
872741
870161
864113
859229
838361
821036
819916
825712
837072
837912
834036
822676
797035
783952
751612
750682
743386
729086
742169
767810
800150
804026
804956
816316
830616
837912
830443
826567
825139
820927
819891
812861
820330
827360
831572
832608
836484
837912
830280
817320
801039
791715
789301
747301
744061
730705
712995
712734
712518
680178
665878
661076
655396
616324
616162
623794
628596
644877
662587
701659
743659
757959
770919
773333
779813
786491
797851
804529
810161
842501
862521
871145
864665
851705
850256
848672
846092
838436
851396
853976
860456
868112
869696
871145
869833
860033
854401
853873
841084
826784
825184
822124
804799
822124
834913
844713
846313
851945
852473
866773
868085
871145
869696
869696
864894
857826
836958
834088
828408
831278
852146
859746
865426
872494
873943
878745
853104
849228
816888
805528
792445
785149
770849
769919
784219
788095
820435
827731
840814
852174
877815
878745
881325
881997
889653
901013
911933
913245
922569
957513
944553
942969
940389
933909
932460
924804
924132
889188
878268
870612
861288
859976
857396
846036
855360
866720
877640
912584
920240
920912
923492
924804
935661
936543
940419
938005
921724
914092
872092
859132
844832
827122
788050
783248
799529
838601
880601
885403
893035
895449
909749
927459
940419
927630
927102
924042
922442
905117
890817
881017
879705
874073
888373
898173
910962
911490
917122
918722
936047
937359
940419
937839
902895
893571
885915
874555
873883
862963
861651
862963
873883
883207
894567
897147
904803
939747
940419
939537
935661
936543
940419
932950
932068
924772
932068
939537
940419
938109
934749
918468
918412
907052
896132
886808
885496
884824
849880
847300
839644
847300
856624
891568
902488
905068
905740
917100
918412
915964
909644
908332
901852
889063
886753
885153
891473
893783
896231
902711
904023
916812
918412
917530
913654
914536
918412
907052
905740
896416
861472
850552
847972
847300
839644
840316
847972
859332
870252
872832
882156
883468
918412
917530
913654
914536
918412
917740
906820
905508
896184
893604
882244
847300
839644
850564
851876
859532
862112
862784
862784
872108
872108
885191
885353
886041
886833
900189
901008
902592
906024
906024
911704
932572
932572
943828
946698
942822
941940
951264
956944
957632
958832
959868
966898
967690
976360
978774
981834
982522
983210
986270
987110
975750
969072
975750
987110
999899
1003331
1007003
1021303
1032663
1036023
1048812
1051122
1071990
1072665
1075605
1081285
1092325
1093165
1093221
1095171
1099563
1110021
1112961
1152033
1152963
1153224
1160693
1163003
1163059
1188700
1189388
1197020
1198469
1197539
1183239
1171879
1164583
1138942
1135066
1121983
1089643
1090573
1097869
1101745
1127386
1159726
1171086
1185386
1198469
1202861
1208541
1214589
1214589
1219391
1219391
1218719
1211063
1200143
1190819
1190819
1188239
1186927
1198287
1209207
1216863
1219443
1228767
1230079
1265023
1265695
1267351
1269751
1277220
1281252
1281308
1281996
1282788
1295748
1298148
1307472
1310904
1319644
1340512
1372852
1393720
1402460
1411130
1418160
1421220
1428250
1434928
1435090
1438450
1438450
1442122
1447754
1448790
1450218
1454250
1461280
1462708
1469608
1487318
1491068
1491998
1493093
1493765
1497641
1508099
1513731
1523055
1527423
1529007
1537677
1538171
1540121
1551377
1551539
1552991
1569272
1569800
1570682
1577978
1581418
1581580
1582700
1572900
1569840
1568240
1562608
1545283
1543971
1529671
1529143
1516354
1521986
1536286
1549075
1558875
1561935
1563247
1563775
1565375
1582700
1575044
1574372
1563012
1528068
1517148
1514568
1513256
1503932
1511588
1522948
1523620
1526200
1527512
1538432
1547756
1547756
1589756
1593968
1595624
1599500
1600382
1608170
1608386
1608647
1616303
1620695
1631615
1642472
1642640
1660350
1662520
1663048
1663867
1696207
1710507
1712955
1718411
1719086
1717991
1714551
1713123
1687482
1679850
1668594
1667664
1671104
1671104
1672199
1683455
1683455
1683455
1684385
1690705
1693285
1693341
1702011
1719336
1720218
1725674
1739974
1739974
1740136
1747768
1752652
1787596
1789766
1789766
1790648
1787216
1788035
1788827
1803947
1813747
1824787
1826503
1839463
1846363
1855103
1856531
1860923
1871963
1872635
1875803
1875803
1862720
1874080
1881376
1891834
1892506
1894954
1895194
1895194
1899586
1900114
1902528
1908352
1921312
1927792
1926973
1928173
1925113
1928785
1949653
1954455
1958487
1959369
1970729
1971849
1975881
1976976
1976920
1968296
1965896
1958427
1952107
1950679
1963762
1969442
1969498
1976967
1985591
1987019
1988735
1988975
1995295
2002591
2010223
2012623
2010043
2009371
2009371
2001715
2000403
1991079
1979719
1968799
1975829
1976069
1977785
1997805
2005461
2007861
2009173
2016642
2016642
2022690
2023726
2036686
2036686
2047726
2048846
2052518
2053206
2057574
2056886
2061254
2059805
2059967
2072927
2085716
2089748
2091332
2091542
2101342
2102378
2111048
2100191
2111048
2105368
2112837
2109967
2116867
2117107
2119507
2125987
2135787
2134751
2134913
2118632
2116218
2101918
2084208
2042208
2037406
2029774
2016814
1977742
1990702
2029774
2071774
2076576
2094286
2101918
2116218
2132499
2134913
2137973
2141141
2148797
2148797
2145125
2155982
2162462
2166338
2167650
2167706
2168498
2169593
2173961
2173961
2168281
2175349
2183005
2183005
2187217
2188801
2187085
2177285
2162985
2159817
2147028
2138404
2136454
2132578
2145367
2153991
2157867
2159583
2169383
2183683
2186851
2188801
2190457
2191909
2194849
2197909
2204939
2207249
2208285
2175945
2178815
2176865
2183185
2176507
2170027
2166595
2173075
2180863
2187541
2188741
2196341
2199401
2206431
2208031
2213487
2214159
2219983
2212351
2212879
2214307
2214307
2220131
2220131
2228755
2230471
2230471
2223441
2224323
2224323
2210967
2208553
2243497
2247889
2260678
2274034
2274874
2276323
2283792
2283792
2284002
2284842
2292311
2292311
2292983
2292983
2293477
2293477
2290537
2290537
2296169
2275301
2278171
2282973
2275504
2271628
2250760
2251690
2261014
2262964
2270620
2281540
2282380
2282218
2286610
2283550
2283056
2281472
2277800
2289056
2288020
2296690
2296690
2296690
2298640
2295208
2298640
2305708
2307658
2310718
2311212
2312052
2314362
2315674
2320476
2323536
2324466
2330786
2330525
2333395
2329363
2336995
2331539
2331539
2338569
2354850
2347820
2351252
2351090
2362346
2330006
2330006
2326838
2325718
2330602
2330602
2347927
2354605
2354605
2343245
2343506
2347382
2348694
2337654
2346278
2337538
2350621
2352205
2352880
2352664
2351782
2344882
2346482
2337812
2338848
2332528
2337984
2333616
2339440
2349898
2343418
2334748
2334748
2334964
2330752
2333200
2329840
2337136
2327336
2334805
2337865
2340265
2344657
2343537
2351169
2352481
2354651
2333783
2333993
2333993
2339789
2340581
2338997
2339258
2338328
2336900
2345570
2348930
2358254
2357414
2358086
2353202
2354654
2358530
2355170
2359046
2357951
2363407
2369455
2382244
2375764
2367976
2370286
2373646
2375362
2375362
2367730
2367490
2370922
2376746
2375954
2375954
2377266
2376578
2378528
2379728
2374048
2372098
2389423
2388895
2395375
2394175
2379875
2372845
2372845
2372845
2375015
2375015
2372601
2381271
2394231
2394231
2395351
2402381
2399981
2399981
2410901
2412851
2413019
2411419
2400379
2391055
2389339
2379539
2376599
2389682
2388800
2383344
2391132
2378343
2377413
2374353
2374353
2375802
2377402
2375974
2376235
2376179
2376179
2375939
2375147
2362187
2336546
2335858
2346778
2349358
2349196
2359654
2357484
2351804
2352686
2351867
2360491
2360491
2350033
2338673
2340983
2343153
2347955
2348747
2349539
2349539
2346959
2338289
2339873
2353229
2353019
2353691
2353691
2386031
2372948
2372892
2371772
2371772
2350904
2338115
2351471
2354903
2362691
2361491
2350131
2335831
2338411
2338411
2338411
2337375
2337375
2330697
2334369
2323449
2324241
2317173
2317848
2322240
2312916
2312916
2305316
2294060
2296460
2278750
2276440
2280316
2291173
2292625
2290177
2296225
2296225
2299897
2282572
2268272
2255483
2252423
2251895
2250583
2244951
2235151
2233551
2234079
2246868
2252500
2252500
2254100
2254100
2255412
2258472
2258472
2257784
2240459
2239364
2242804
2256160
2243200
2244130
2245730
2238261
2249181
2250000
2253750
2259430
2265062
2265118
2265612
2265668
2264738
2232398
2228522
2202881
2191521
2178438
2171142
2156842
2182483
2186359
2218699
2230059
2237355
2250438
2251368
2265668
2261276
2277557
2277773
2282575
2317519
2314579
2328879
2346589
2346589
2343719
2338917
2338917
2344597
2348989
2339665
2345121
2344329
2361654
2322582
2322582
2322526
2322526
2323201
2323201
2318809
2317381
2319331
2325011
2324171
2324171
2324003
2335043
2333731
2327683
2341983
2342039
2341511
2342199
2349267
2349267
2352699
2350299
2355931
2355931
2361755
2361755
2364203
2365859
2363549
2350760
2350598
2349923
2343023
2350492
2347432
2350600
2349760
2329740
2329740
2329740
2320416
2324166
2331798
2333110
2322652
2322596
2315300
2304443
2290143
2293383
2289015
2288327
2285879
2285879
2292557
2283817
2277139
2278567
2265211
2263261
2263261
2270893
2296534
2297846
2295446
2294564
2294564
2287095
2284925
2284925
2292557
2293985
2286955
2281323
2274293
2266824
2265942
2258646
2265942
2265942
2265942
2268882
2257842
2248042
2240746
2236354
2243422
2243422
2244110
2244371
2250851
2254211
2254211
2254211
2260531
2261983
2258923
2257611
2257851
2257851
2257851
2253459
2260359
2263419
2264259
2271728
2270633
2270633
2267573
2260543
2259507
2255295
2253867
2246398
2242522
2246398
2253867
2255583
2255583
2249535
2257167
2264197
2263405
2262717
2263753
2263753
2261443
2260771
2265573
2265573
2252784
2253576
2253576
2255746
2247006
2250246
2251695
2252223
2245193
2245409
2245409
2249159
2231449
2224549
2214091
2214253
2214928
2214928
2217328
2224960
2217664
2208994
2208784
2197528
2196840
2193168
2198800
2197144
2204440
2204440
2201380
2203828
2203828
2196359
2189879
2188843
2188843
2195163
2194281
2193161
2193161
2198045
2201105
2217386
2223066
2224782
2220570
2227600
2229910
2230404
2230404
2229585
2221953
2222214
2221953
2216129
2215457
2212097
2212097
2201057
2207377
2206849
2207110
2194150
2181361
2178491
2178491
2177039
2170991
2174431
2200072
2192776
2192776
2195716
2187046
2188630
2180974
2180092
2183524
2215864
2208076
2206764
2214396
2249340
2253090
2252880
2252824
2264184
2265024
2267334
2246466
2246304
2249976
2247576
2245992
2251816
2249506
2255554
2258914
2260363
2252575
2248183
2244151
2250199
2246323
2278663
2286295
2281927
2281983
2289639
2285763
2285763
2293419
2292747
2292579
2292579
2291267
2292086
2302943
2294319
2304119
2296487
2302535
2305475
2310277
2310277
2308825
2307109
2309979
2309307
2314939
2314777
2309893
2309218
2311528
2306072
2308520
2312270
2308520
2301051
2300015
2300855
2300015
2294219
2282859
2283699
2289495
2289495
2302455
2310243
2306803
2305219
2312249
2314419
2314629
2297304
2305974
2305758
2302698
2297066
2294618
2295930
2296191
2298771
2301711
2304581
2304581
2288300
2288060
2277203
2288563
2299819
2292163
2290714
2288998
2291868
2291868
2293317
2293992
2293320
2289960
2285928
2289960
2289904
2289112
2277752
2271074
2280874
2285242
2284042
2290720
2291395
2302755
2302995
2301339
2312259
2312315
2311523
2314583
2301623
2312480
2311052
2312652
2312652
2319720
2319720
2321320
2310400
2268400
2272612
2278932
2282808
2283018
2274394
2270002
2281362
2281101
2280282
2272626
2287746
2281426
2281258
2280058
2277644
2275928
2275712
2274830
2270438
2269944
2269269
2270985
2270985
2275377
2277791
2277959
2278175
2278175
2278850
2279344
2278414
2274742
2289862
2287462
2278838
2277526
2275870
2275870
2270190
2266440
2264724
2263068
2263284
2237643
2246267
2247579
2251251
2255001
2255001
2260681
2262337
2263267
2255611
2256299
2256539
2256539
2256011
2255771
2255609
2251577
2251577
2251577
2264366
2264366
2264366
2259974
2258522
2258522
2258522
2256938
2264234
2229290
2230385
2247710
2241886
2239936
2231266
2227390
2228842
2213722
2212930
2208898
2210347
2210347
2210557
2206165
2212485
2244825
2241955
2240005
2239123
2227867
2224195
2224251
2220819
2216017
2213603
2195893
2156821
2142521
2100521
2087561
2079929
2063648
2062336
2063431
2057751
2052949
2045317
2045373
2043657
2082729
2082054
2082054
2082054
2074585
2068265
2069465
2073341
2075921
2075039
2075727
2082757
2084341
2080909
2069989
2064309
2067369
2072171
2073599
2073815
2076229
2076229
2097097
2097097
2086240
2073280
2070340
2105284
2105956
2105284
2105284
2107454
2099985
2096313
2095473
2097643
2092841
2093633
2107933
2147005
2154073
2154073
2149271
2143639
2145067
2146723
2152519
2146887
2150319
2163279
2163279
2130939
2123283
2128167
2134647
2137227
2123871
2131340
2122716
2122455
2127257
2166329
2173007
2174102
2170226
2175028
2171278
2175028
2177428
2142484
2135416
2136346
2131978
2157619
2160679
2166999
2167527
2171199
2172235
2176627
2183107
2183107
2184227
2184227
2171144
2167268
2192909
2205869
2205869
2210261
2210261
2221621
2221621
2224491
2224491
2213634
2221422
2208339
2212089
2206457
2205963
2200283
2199789
2192721
2195889
2197201
2190171
2179713
2175321
2169497
2171897
2176781
2185451
2182283
2181353
2188421
2190077
2197107
2198202
2181921
2183871
2204739
2197709
2204777
2205659
2203943
2203449
2209129
2229149
2240405
2240933
2251973
2259761
2258161
2258980
2266048
2267360
2264912
2267972
2267300
2268395
2272067
2280807
2279223
2281623
2292480
2318121
2310489
2310489
2310699
2310699
2309907
2307597
2307597
2305149
2306031
2311711
2313163
2321833
2329129
2329129
2321497
2316041
2314589
2309133
2309808
2313240
2323040
2320870
2321752
2320822
2309902
2309686
2307376
2302574
2286293
2278505
2276195
2276195
2270563
2269251
2269251
2277991
2277151
2262851
2260403
2259091
2252771
2251171
2238382
2236072
2229592
2242381
2244829
2251309
2257629
2258941
2260541
2262851
2262851
2261402
2267450
2261770
2261509
2261770
2263940
2268152
2264402
2264402
2264402
2268074
2262618
2257816
2264846
2265534
2262474
2262474
2261946
2261946
2256314
2256314
2254714
2241925
2240613
2240613
2240613
2243673
2244201
2245801
2247113
2259902
2259902
2265534
2257746
2250114
2246754
2245442
2247042
2249622
2243826
2250306
2247246
2250486
2249174
2249862
2253222
2254938
2254098
2252382
2252382
2253477
2260773
2261703
2261703
2250447
2258079
2253277
2253333
2248449
2252817
2257185
2246328
2243088
2243250
2242410
2242149
2244099
2244099
2244099
2238275
2237435
2238254
2238254
2235944
2237393
2237393
2230363
2237995
2231095
2234455
2233419
2233419
2234455
2236171
2234571
2232621
2224989
2231309
2231309
2231981
2225661
2229537
2233209
2233209
2233209
2275209
2277379
2277379
2268709
2268469
2268469
2236129
2236129
2241953
2241953
2224628
2221196
2219768
2194127
2193452
2187628
2183752
2172832
2180464
2179789
2180989
2180059
2184427
2186875
2184925
2192525
2183201
2193659
2193603
2182243
2179303
2184187
2172827
2169395
2172265
2173981
2189101
2188261
2188205
2195235
2208195
2225520
2233308
2231859
2224829
2211869
2211869
2204237
2191448
2191942
2199730
2210986
2217466
2259466
2227126
2223958
2223958
2223697
2222905
2222905
2222233
2225173
2223573
2224392
2220516
2207160
2207160
2210100
2211549
2213205
2227505
2217705
2213955
2211085
2208685
2208010
2208010
2210320
2211356
2209406
2207954
2209382
2209382
2226707
2226497
2228911
2230339
2229409
2229409
2216449
2225073
2221041
2220985
2228053
2228053
2225639
2219319
2218631
2218631
2209961
2202665
2188365
2156025
2130384
2129454
2125578
2114218
2101135
2101810
2100715
2096839
2096839
2093779
2097655
2101531
2101531
2101531
2111989
2112250
2109670
2103622
2103412
2108296
2114616
2112036
2115096
2115040
2115568
2114880
2108400
2109520
2103696
2100264
2082939
2092263
2088831
2096487
2080206
2085886
2089054
2085694
2082022
2087654
2080586
2080586
2075784
2078952
2085852
2092882
2093122
2099170
2131510
2130718
2133118
2130948
2131788
2131788
2136000
2128704
2131872
2131872
2138192
2139312
2137656
2137656
2136456
2137908
2140218
2125098
2126547
2126547
2117877
2117877
2121753
2124167
2118119
2116999
2124787
2111431
2116315
2116315
2116054
2116936
2120104
2119429
2124313
2124313
2122143
2124093
2124093
2117773
2121445
2128741
2129235
2140491
2139179
2104235
2107295
2110165
2099707
2102017
2099437
2102017
2095339
2094651
2094651
2088331
2099371
2102241
2105301
2102901
2106573
2106573
2089248
2087078
2097536
2095936
2078226
2081666
2080784
2083232
2072375
2079405
2084207
2082895
2082207
2076383
2089343
2088849
2053905
2053905
2046609
2060909
2053277
2047597
2046169
2063879
2096219
2089189
2095509
2096181
2093121
2091465
2085785
2092105
2099574
2110494
2108094
2107275
2132916
2132916
2174916
2172516
2169936
2166768
2173668
2174704
2178916
2175166
2175166
2169486
2169246
2161777
2164357
2164141
2161971
2171295
2160255
2147295
2150967
2147527
2165237
2166837
2141196
2141196
2141196
2141196
2134128
2129736
2128287
2129217
2130036
2118780
2122656
2123496
2136456
2134008
2133216
2131046
2121246
2114766
2108718
2102670
2104980
2084112
2078064
2070595
2070595
2105539
2108119
2108791
2108791
2107207
2117665
2115949
2120317
2119222
2122282
2121352
2089012
2081412
2096532
2096370
2104994
2065922
2058266
2062478
2064892
2025820
2019340
2020012
2027042
2027098
2034567
2034511
2035823
1996751
1995167
2002067
1995747
1981447
1979998
1980208
1976332
1987189
1995859
1999291
1994923
1991863
1991863
1996665
1986865
1996189
2000065
1999855
2005651
2020771
2020939
2024107
2024107
2027779
2025331
2025331
2032399
2031871
2006230
2013699
2010459
2009931
2035572
2035572
2038812
2044860
2038540
2041480
2042152
2037760
2037704
2038904
2052260
2052260
2053100
2049428
2007428
2007428
2011178
2014850
2013134
2013134
2013395
2011445
2043785
2040915
2041707
2034639
2035675
2044415
2048807
2048279
2052311
2043571
2048373
2048373
2045793
2046913
2048513
2049305
2048105
2036745
2048001
2048001
2048001
2042369
2048689
2050141
2042485
2046361
2050033
2042401
2044711
2044711
2046367
2046607
2037937
2036842
2042522
2036042
2039792
2036852
2039912
2045708
2045468
2042408
2036612
2036612
2033180
2032505
2028755
2034579
2041479
2041479
2046363
2046363
2042923
2041471
2038111
2063752
2052712
2065501
2065663
2045643
2036319
2032647
2031447
2049157
2049832
2052142
2047774
2036917
2033677
2037709
2036260
2047180
2058220
2060390
2060884
2060668
2069338
2077126
2042182
2052640
2045344
2045584
2042524
2043644
2047520
2054989
2054933
2054933
2053897
2058109
2059825
2058225
2053833
2046765
2046765
2031645
2030525
2030525
2026853
2024543
2022143
2028191
2026879
2023003
2021575
2023745
2015075
2015569
2023357
2036713
2036452
2047708
2050948
2058016
2057755
2064785
2057717
2064197
2022197
2017985
2018660
2024340
2024868
2021998
2014342
2034362
2042986
2042492
2049522
2059322
2060417
2049497
2042467
2062487
2036846
2025590
2021222
2032142
2031323
2030203
2030413
2024093
2024093
2022437
2023256
2023256
2023928
2016296
2017391
2015939
2015251
2023991
1998350
1996898
1985858
1983908
1980158
1968798
1976454
1968666
1965726
1968894
1968012
1964844
1961904
1969692
1964890
1964890
1984910
1982330
1982330
1989008
1995328
1996777
1994827
1992657
1992129
1989069
1989069
1987469
1987469
1981837
1980525
1980525
1967736
1968264
1969576
1971176
1974236
1988536
1994168
2011493
2021293
2034082
2029280
2042069
2052989
2042531
2041495
2028535
2026365
2028535
2023651
2024491
2027923
2040883
2037823
2036728
2034148
2033887
2028207
2025337
2024809
2023360
2027752
2030166
2038836
2056161
2056161
2055279
2056161
2049093
2046679
2050711
2053581
2059629
2060941
2064109
2053651
2062391
2061719
2076019
2060899
2061139
2062567
2065147
2064653
2082363
2080935
2079840
2080680
2081499
2081760
2080665
2083833
2084715
2085645
2081973
2087653
2081173
2091631
2093581
2098383
2098383
2091705
2105061
2102481
2095803
2092635
2085605
2092085
2098763
2097727
2106351
2101467
2108763
2109693
2109749
2104865
2106065
2099585
2102945
2103827
2100467
2100995
2094675
2098115
2099210
2096340
2097792
2097792
2090762
2079506
2058638
2061038
2028698
2031008
2031536
2042393
2042561
2035265
2035475
2061116
2053647
2064687
2064687
2064849
2064849
2064849
2060973
2077254
2078046
2079495
2070871
2071966
2068534
2068774
2086484
2072184
2071974
2085057
2085057
2095914
2094486
2090814
2090598
2082810
2076490
2081946
2081258
2098583
2094371
2091203
2093651
2089979
2094781
2094781
2093899
2099355
2094553
2096967
2099907
2102321
2101649
2101649
2105081
2105081
2097449
2110532
2110532
2111984
2115656
2115395
2107607
2110055
2103575
2100515
2100515
2097575
2086319
2082647
2081552
2087232
2087232
2084172
2075432
2081228
2085440
2085278
2085278
2085110
2085110
2085110
2085110
2077814
2077814
2078696
2086165
2093461
2097337
2103657
2103657
2090697
2085017
2085017
2082603
2089633
2086465
2085345
2076721
2080471
2080732
2078332
2092632
2092632
2101256
2108888
2108944
2105194
2098126
2103758
2107508
2111384
2117180
2117180
2075180
2073464
2070884
2072834
2047193
2047193
2060153
2048793
2042115
2042115
2042115
2047939
2043571
2033113
2024443
2030239
2023209
2036292
2031408
2044491
2044491
2029371
2027919
2026319
2023449
2019699
2018880
2015440
2022736
2015104
2015160
2018400
2018562
2053506
2059330
2069788
2069950
2070211
2077507
2078627
2086259
2082383
2099708
2093388
2111098
2097742
2105530
2103220
2097396
2097186
2099600
2099106
2105426
2103256
2102464
2101534
2109190
2108980
2110408
2110624
2123413
2122594
2117710
2131066
2148391
2148447
2147607
2149207
2149207
2152267
2143597
2147965
2141065
2144233
2144233
2129933
2129258
2130140
2130140
2129465
2128016
2132818
2133610
2134285
2135869
2143657
2145085
2137297
2129509
2123829
2125257
2126377
2120745
2131665
2173665
2160309
2155941
2158881
2158089
2158350
2166006
2158537
2161897
2160241
2156569
2155894
2154445
2165485
2158585
2161825
2159411
2151623
2138663
2149703
2163059
2188700
2184824
2188496
2186840
2183780
2183780
2186840
2188268
2168248
2168248
2166078
2186946
2187876
2162235
2163271
2152351
2151511
2150839
2150578
2151072
2158368
2162736
2162976
2166726
2166726
2177982
2191338
2174013
2181081
2181297
2181297
2182227
2183046
2193966
2194206
2196654
2196654
2200326
2193296
2193296
2189084
2178626
2175194
2176506
2169210
2170638
2170638
2170144
2168544
2168544
2168304
2166876
2149551
2146611
2146611
2130330
2130090
2119233
2113437
2113381
2106351
2102319
2101283
2098973
2093293
2078993
2078993
2078993
2070253
2062465
2058589
2052541
2051229
2050109
2037320
2034450
2021490
2014194
2006725
2006669
2004269
2004269
1997239
1994929
1981573
1977901
1971581
1965901
1959581
1950257
1943227
1942987
1942057
1907113
1902311
1898099
1894427
1894427
1890551
1888241
1888241
1875452
1871576
1854251
1854089
1854089
1853249
1851937
1843197
1842102
1838934
1818914
1808057
1802009
1794941
1787911
1770201
1767141
1764971
1761531
1761531
1760103
1748847
1716507
1703424
1702584
1694796
1693914
1687594
1686802
1682590
1680280
1675478
1674029
1670597
1668881
1668881
1666433
1664263
1659379
1650755
1649873
1648273
1641243
1640043
1637103
1636941
1619231
1604931
1601763
1601502
1575861
1560741
1556349
1553935
1553935
1549133
1549133
1538675
1531775
1530680
1530008
1519088
1516778
1508038
1501558
1496102
1486302
1472002
1470402
1467342
1454553
1437228
1436700
1435388
1429756
1435388
1436700
1439760
1441360
1454149
1463949
1481274
1495574
1496102
1493654
1486185
1483875
1477197
1442253
1438503
1437408
1431360
1430541
1428127
1427308
1421260
1419310
1415098
1407629
1407467
1389757
1376797
1371001
1366969
1366129
1363549
1358665
1352841
1352313
1345245
1341573
1336771
1336603
1330807
1327567
1316527
1309459
1308931
1308931
1303107
1301795
1297763
1297763
1289093
1278635
1277599
1276927
1244587
1223719
1220047
1218595
1218355
1201030
1188241
1186525
1177901
1174025
1164225
1161057
1146757
1144807
1153431
1167731
1170899
1174775
1176725
1178441
1188241
1201030
1186730
1169020
1168138
1167319
1157995
1146955
1145755
1145083
1134625
1132211
1129151
1111441
1105121
1087796
1080896
1077536
1073660
1072868
1061508
1043798
1037120
1043798
1044590
1062300
1073660
1072868
1071440
1067690
1056434
1043474
1043258
1032338
1029468
1018428
1014036
1010160
1007580
998956
995716
995716
995476
995215
969574
949554
938634
934266
931098
918015
910227
905425
897769
894409
894409
893734
892150
891220
890401
883105
874481
873987
868531
866083
866083
861281
861020
858572
845783
835983
831615
827403
821607
820155
818706
807786
807786
804546
791463
791407
787735
781415
775619
733619
729947
726887
723947
722911
711871
710941
710779
710779
710779
708365
707837
700541
700325
692669
675344
672176
671936
666256
660624
659196
658076
657866
650234
648806
648806
646358
639878
638278
625489
623179
621867
615547
617857
624337
626785
628097
629697
636017
648806
635723
624866
624866
623984
620234
618284
617189
614021
610781
610781
607349
603599
603543
603282
601682
588326
588326
580670
579740
578620
578564
560854
560854
547498
521857
521857
521182
515358
507726
506126
500494
487705
484645
474845
473533
459233
458705
441380
451180
456812
469601
470913
488238
502538
504138
507198
507726
499938
498510
491214
488154
474798
463542
463542
452622
445592
441716
434247
434247
434007
432971
432971
437183
438611
446080
449956
450992
458022
456594
456594
456594
463272
474632
442292
433668
413648
408016
400547
393251
392369
399665
400547
408016
406432
399952
393472
386794
393472
399952
399952
399112
393316
404676
405516
411312
410784
396484
394884
391824
386192
373403
372091
354766
344966
346566
356366
348766
343964
344492
337424
331744
310876
309427
310739
325039
330671
333731
346520
343650
360975
362424
369492
374294
381894
384764
405632
411312
404992
403564
401164
401108
393639
385015
392484
394884
396312
396368
404992
411312
397012
391380
378591
377279
359954
359426
357826
348026
344966
333606
326928
338288
344966
338486
332166
329856
328544
326944
324496
311707
313307
315617
316929
323249
329729
342518
344966
344084
336615
329319
318063
318063
318063
317133
313693
312598
312598
320230
321160
332416
358057
359485
362925
364020
362304
360354
351730
347854
333554
320765
310965
307797
309747
319547
332336
334052
342676
356976
360144
364020
357342
350862
357540
364020
363852
359460
359460
359244
359244
358569
358075
355661
353945
342585
335907
342585
353945
352909
348697
344821
337791
336363
328894
335924
339800
344012
351481
352909
353945
353015
349343
348031
342351
342351
338601
329977
328321
326011
324699
311910
310310
307862
301382
295062
301542
314331
315643
318091
319691
326011
328321
322525
321685
310325
311165
322525
328321
316961
310283
316961
328321
321841
315163
328246
341035
343975
351763
360433
367729
400069
411109
414169
425529
435329
438497
439427
443177
447053
448709
450161
452561
455009
459041
459971
462385
463057
466933
475557
479307
484191
490239
497139
514464
532174
539643
546711
548295
549225
557013
561815
563243
576203
577403
577897
585497
593129
632201
637657
641533
641701
647497
650077
650752
661792
663104
683124
684780
685875
687591
690651
704007
707067
710943
717621
720861
730185
730353
730409
730571
734321
734996
735878
774950
775742
779954
787586
790526
791366
823706
829162
830092
838762
840214
845846
846966
847128
852808
860464
892804
905764
912832
916272
926730
933210
936650
939098
943900
947332
950764
956812
959260
970516
1002856
1009886
1013054
1023974
1039094
1042034
1047858
1054536
1057704
1064604
1064814
1065934
1079017
1086313
1088727
1093529
1093790
1093952
1102622
1111362
1127643
1128843
1133235
1131285
1118496
1104196
1100320
1098604
1095436
1086812
1077012
1080180
1089980
1102769
1106645
1108595
1117219
1131519
1133235
1144092
1145676
1178016
1181376
1181592
1195892
1213602
1215258
1216686
1223982
1224670
1226840
1230008
1239332
1240172
1247804
1251476
1264559
1275416
1279784
1281236
1282436
1283888
1284818
1285506
1287162
1291554
1292373
1301043
1305255
1306455
1315125
1332450
1335890
1337339
1343163
1357463
1365063
1372695
1372863
1373551
1372759
1361399
1343689
1337011
1339591
1343803
1346743
1381687
1386571
1389931
1392801
1396473
1405797
1410009
1417609
1430692
1441948
1445698
1455022
1465942
1467037
1466107
1473175
1487475
1481155
1481099
1472475
1470075
1468647
1461178
1468647
1477271
1477327
1483647
1485075
1487475
1491351
1497031
1508287
1522587
1537707
1526667
1568667
1570116
1584416
1585536
1572747
1573587
1575303
1579695
1580790
1582218
1583254
1593054
1613922
1616502
1619862
1621462
1629062
1631462
1633412
1620452
1619024
1612976
1623833
1610750
1611950
1614120
1629240
1629768
1637064
1641096
1647774
1658694
1658856
1691196
1697020
1699434
1702494
1703022
1706082
1717338
1724994
1728870
1727418
1728090
1743210
1746570
1766590
1777510
1777510
1777750
1779700
1779700
1776760
1780192
1780432
1782846
1787730
1790040
1794842
1795634
1796834
1805504
1802336
1803372
1807044
1806252
1806927
1807615
1813411
1812736
1813408
1817620
1817458
1818770
1815710
1818878
1829735
1831319
1836999
1839579
1841031
1849655
1841867
1848935
1874576
1880624
1882340
1896640
1903540
1901824
1907280
1907280
1907280
1908120
1916860
1924492
1927732
1928852
1921556
1921556
1929212
1942568
1940120
1951480
1977121
1984189
1984717
1993387
2003845
2004007
2008375
2021731
2033091
2025459
2034783
2028987
2021518
2021728
2028796
2029036
2025976
2022916
2037216
2019506
2040374
2039444
2026484
2033384
2027928
2027928
2029356
2032788
2032788
2021931
2021931
2010891
2019561
2023953
2024193
2023073
2023241
2026481
2032529
2035697
2035436
2036864
2032062
2027178
2029128
2017768
2011090
2013260
2016200
2018780
2032136
2048417
2049866
2057654
2057864
2058026
2067826
2075426
2082104
2094893
2098925
2103137
2103137
2102969
2112293
2113133
2117009
2114595
2114595
2114757
2112357
2117159
2120909
2121125
2122055
2118023
2129063
2125895
2128835
2121767
2122442
2126474
2119574
2137284
2137284
2141160
2133864
2146653
2146709
2152757
2137637
2146307
2147237
2154893
2157953
2152321
2153633
2154305
2147627
2150497
2151316
2147104
2148820
2151400
2151894
2151206
2118866
2114990
2121038
2121094
2088754
2088754
2087098
2087098
2091466
2096268
2102946
2094206
2093006
2110716
2123505
2134761
2142057
2148957
2149797
2166078
2166078
2151778
2163138
2163930
2169386
2173262
2205602
2216060
2208428
2199758
2203634
2210534
2216358
2219718
2222778
2224434
2224695
2234495
2234495
2238167
2238167
2234735
2238175
2239603
2240803
2244235
2251867
2250439
2251127
2256923
2246465
2230184
2230184
2228528
2218728
2225048
2225048
2223448
2210365
2209435
2210365
2217433
2228473
2238931
2244563
2248439
2240839
2244715
2244221
2247161
2247161
2243285
2235685
2242005
2241165
2240346
2240346
2240346
2236906
2239966
2239750
2239750
2231080
2231080
2227330
2236000
2240802
2244552
2247992
2244552
2244384
2257344
2257344
2256249
2256249
2246925
2239293
2242733
2237277
2239857
2240097
2246577
2245377
2245638
2241246
2244306
2252930
2253191
2252155
2250727
2246515
2242639
2235609
2228140
2225726
2230610
2227170
2234200
2235916
2241372
2221352
2213564
2216504
2236524
2236524
2245194
2248064
2251496
2250047
2242447
2239999
2246899
2247160
2248280
2261240
2262059
2254991
2253391
2246911
2245599
2232810
2226490
2224180
2221732
2223044
2229524
2235844
2238292
2239892
2239892
2239892
2241842
2240642
2241461
2237789
2240203
2232547
2231617
2228449
2214149
2181809
2181809
2181647
2181647
2180975
2174075
2181544
2167244
2167406
2165750
2162390
2173430
2177102
2173352
2173846
2174941
2176597
2187454
2187292
2172992
2173520
2166620
2165168
2165168
2163512
2176472
2180864
2182316
2177514
2174082
2169198
2172630
2155305
2155065
2166105
2166633
2166633
2167305
2173785
2168983
2155900
2154448
2159332
2170372
2175828
2175036
2175036
2168136
2164464
2164674
2182384
2173060
2172372
2169432
2166492
2172316
2197957
2196373
2238373
2240683
2243851
2243851
2252475
2251635
2251635
2242965
2240565
2236689
2236527
2240199
2247855
2265565
2257965
2256765
2250941
2225300
2226336
2230728
2236552
2235877
2234425
2245681
2259981
2252685
2273553
2276993
2271313
2270638
2268688
2229616
2229616
2232016
2228656
2235136
2239938
2241888
2244336
2229216
2235894
2240696
2247992
2239368
2246046
2248460
2248460
2248250
2247050
2236130
2238578
2237903
2248943
2257683
2256255
2241955
2233285
2215575
2212335
2210751
2207691
2210139
2221059
2205939
2231580
2230908
2230908
2233968
2238180
2236464
2236680
2225320
2221570
2224150
2219782
2206426
2224136
2204116
2221826
2219656
2225288
2221076
2214176
2213246
2216186
2212310
2212998
2212470
2214420
2214420
2212470
2216220
2215290
2211078
2214318
2214318
2208270
2208438
2207126
2217983
2214623
2213503
2209627
2208532
2212408
2214064
2207386
2175046
2135974
2132224
2128348
2139604
2143480
2149276
2160532
2166328
2179117
2180773
2174725
2187514
2208382
2213266
2214715
2203795
2210863
2207623
2205907
2205067
2205235
2199187
2193363
2192523
2189653
2182021
2178145
2178361
2183163
2184199
2187559
2188231
2181751
2179337
2174453
2172005
2176397
2176891
2177131
2173099
2172280
2182080
2182080
2171040
2178108
2180058
2193018
2197410
2188086
2180430
2212770
2214082
2214082
2223406
2218604
2222354
2219774
2202449
2203379
2203379
2199167
2201581
2215881
2215387
2216815
2224415
2240696
2232026
2236418
2227094
2228024
2231456
2238134
2226878
2226878
2225429
2218133
2218133
2218952
2226020
2225759
2225759
2232659
2231623
2228683
2229613
2250481
2256113
2235245
2228925
2227476
2232932
2232932
2229572
2223892
2226832
2240188
2229730
2229730
2222700
2222868
2223078
2223078
2219646
2215254
2218194
2213982
2211042
2195922
2195866
2198446
2198446
2197774
2201134
2194066
2188018
2181340
2174310
2171730
2158374
2161244
2172284
2180908
2186588
2194376
2195825
2193655
2189905
2188593
2180993
2196113
2190065
2189135
2209155
2208945
2208945
2211885
2211213
2202543
2201661
2201605
2201605
2212965
2229246
2236878
2227554
2195214
2192154
2203410
2211198
2214068
2227028
2226500
2223440
2236400
2204060
2196992
2195042
2195042
2198102
2172461
2175821
2181501
2185173
2177541
2177751
2177490
2168166
2168004
2158204
2145121
2151799
2152474
2163730
2160562
2154738
2157906
2157906
2199906
2196846
2208102
2208596
2195807
2195567
2184647
2187047
2186207
2179887
2185935
2178279
2181447
2185323
2192955
2192955
2192267
2196635
2185778
2181746
2174090
2139146
2155427
2155265
2158205
2159654
2160329
2167798
2156542
2153110
2152582
2148910
2128042
2102401
2100451
2097871
2097871
2118739
2119859
2126927
2126927
2126927
2126666
2124496
2123376
2122848
2125718
2122778
2116954
2099244
2088387
2083585
2080645
2076253
2068621
2067169
2058429
2069286
2067834
2073290
2070122
2055822
2057134
2056966
2070322
2061652
2061652
2073012
2075412
2066788
2066788
2067463
2066343
2072391
2073819
2082559
2100269
2098841
2105909
2107361
2114261
2113469
2117345
2118381
2119501
2120320
2113024
2112336
2112075
2108715
2107515
2113339
2114014
2126803
2094463
2096119
2095879
2097331
2094751
2098423
2113543
2120221
2119126
2119801
2120921
2122577
2113953
2117985
2112189
2108749
2107093
2106931
2108026
2108698
2106982
2114451
2103195
2100885
2113674
2109642
2126967
2130717
2132145
2135015
2135687
2136723
2142403
2158684
2153800
2154061
2146273
2152753
2194753
2215621
2213041
2215351
2204095
2209891
2214775
2214103
2203183
2203393
2196913
2171272
2164204
2171500
2180824
2185192
2193862
2197030
2197030
2208286
2229154
2232214
2229800
2218943
2218943
2201233
2196865
2194285
2176575
2183055
2183730
2141730
2130810
2130594
2131630
2129182
2127466
2127466
2116210
2115522
2110720
2118016
2105056
2109424
2110544
2103644
2082776
2084225
2100506
2089649
2089121
2088001
2113642
2106574
2114206
2109994
2122954
2119078
2119078
2117128
2115700
2115862
2115862
2115862
2110066
2103388
2103148
2106580
2106580
2106412
2097788
2098628
2098412
2098412
2097482
2101358
2098958
2095526
2095526
2084270
2086718
2088374
2087702
2095302
2086632
2089872
2096772
2088102
2091162
2112030
2112030
2113686
2119510
2120440
2119404
2108364
2108364
2108124
2102300
2110924
2115292
2118162
2129202
2130402
2131194
2110326
2110326
2113196
2124053
2128085
2128877
2115917
2104557
2104557
2101617
2101617
2085336
2082276
2081457
2078587
2073131
2072312
2051444
2053044
2045976
2051432
2047040
2045591
2054215
2054215
2046615
2040935
2041623
2036821
2032019
2031963
2029549
2026679
2018009
2018009
2013207
2014923
2009243
2016712
2009812
1996456
1996512
1986054
1996974
1996974
2005714
2004130
2003920
1993063
1993063
2010773
2003705
1997027
1999427
1993631
2000699
1996331
1997426
1984466
1981406
1984838
1987898
1989018
1979218
1983430
1983430
1972070
1971395
1966593
1962843
1963531
1949231
1952663
1949495
1953863
1974731
1994751
1994751
1993439
1978319
1972523
1959734
1960770
1969440
1970128
1974160
1971290
1976922
1978017
1980431
1977263
1966223
1979579
1961869
1929529
1926289
1922857
1924285
1921705
1931029
1923961
1923961
1925161
1912201
1911707
1910777
1897988
1898482
1898482
1891013
1890797
1888383
1888383
1888383
1889832
1889832
1922172
1914540
1914330
1923070
1924190
1926140
1911840
1906956
1906788
1908388
1907700
1907700
1912502
1907046
1903170
1914210
1913174
1902716
1902716
1891356
1891412
1891412
1888052
1884176
1888544
1914185
1917125
1919525
1908485
1912361
1914761
1914761
1919645
1927433
1917633
1899923
1888883
1898207
1905995
1902755
1902587
1902848
1896800
1897895
1903527
1904346
1906516
1900036
1907332
1920121
1903840
1911136
1909708
1944652
1947892
1934536
1931956
1935832
1948915
1945039
1945255
1947703
1940071
1931401
1931401
1934461
1937521
1940461
1940629
1945021
1946470
1949530
1948690
1947490
1946454
1944054
1948422
1955891
1957475
1956026
1956698
1958010
1952186
1953068
1958524
1958524
1958263
1946903
1943231
1944683
1948115
1952507
1952507
1932487
1932487
1928095
1940884
1935428
1932558
1934007
1942677
1944847
1941415
1951873
1951873
1969198
1968379
1959639
1965319
1958023
1968943
1961287
1961287
1958227
1945438
1944944
1941272
1948172
1951612
1951822
1955182
1962838
1949878
1962838
1980163
1980851
1980357
1990157
1994033
1996973
1998923
2000639
1997769
2003593
2024461
2020711
2022881
2024333
2025369
2031417
2038886
2039768
1997768
1989028
1985588
1993244
1990304
1986632
1981176
1974276
1970400
1977430
1983110
1984766
1983110
1982948
1984604
1995062
1997932
1997932
1997002
1997242
1997917
1997917
1994245
1990805
1979549
1972481
1965413
1972443
1974393
1974393
1972083
1972083
1975959
1972527
1978351
1984175
1984175
1984850
1973594
1975904
1976592
1955724
1961548
1954480
1950112
1957768
1958608
1956952
1962408
1962669
1965837
1975637
1978877
1972199
1965719
1967889
1977689
1981049
1982705
1987507
1974718
1971278
1964600
1958968
1963336
1963336
1974376
1974432
1981110
1982826
1983645
1983435
1983267
1975971
1983627
1978171
1968847
1982203
1974603
1974771
1954751
1955681
1949003
1948184
1941704
1956824
1953954
1959410
1956470
1947800
1950740
1946864
1946189
1947638
1940570
1942520
1938152
1937032
1942828
1949858
1952918
1951469
1948037
1932917
1890917
1894667
1893239
1881983
1877591
1870122
1853841
1861629
1860201
1856325
1857420
1815420
1818480
1814730
1797020
1799600
1797186
1796946
1801158
1805034
1804824
1807404
1794048
1803372
1777731
1785331
1794001
1792906
1792906
1792234
1795906
1799782
1800457
1801297
1804465
1807825
1807150
1815820
1819570
1810830
1810142
1792432
1794880
1794880
1807963
1808203
1807003
1814635
1814803
1813147
1810699
1810939
1813353
1816293
1817877
1821309
1812639
1812639
1809579
1804695
1802295
1805655
1802715
1811339
1814779
1804979
1796239
1799299
1800335
1789295
1831295
1811275
1812395
1811359
1818427
1817391
1818591
1818759
1786419
1788729
1797353
1776485
1773545
1767913
1768705
1774337
1753469
1757837
1751789
1748849
1765130
1760738
1762190
1764638
1766808
1764858
1803930
1803930
1799046
1803848
1805300
1803851
1804112
1801532
1817813
1828853
1842209
1836577
1820296
1831552
1828192
1828880
1821584
1818344
1809020
1804808
1803713
1803881
1807553
1804493
1810125
1821165
1818717
1811817
1807425
1803549
1801101
1806925
1813245
1813933
1811519
1814099
1797818
1804298
1803178
1801578
1794109
1798501
1793699
1789331
1790931
1797609
1795299
1794204
1788524
1788785
1771075
1769491
1758451
1759381
1759381
1756213
1752181
1751341
1745545
1734185
1739981
1751341
1752181
1749121
1741333
1746135
1750011
1748061
1760850
1753218
1759538
1751750
1744150
1739758
1738309
1738549
1745579
1738901
1738901
1748701
1745269
1737613
1743409
1742479
1749379
1756057
1754605
1753510
1752670
1751470
1740110
1736438
1736438
1725182
1725182
1721822
1732742
1719782
1716842
1717724
1719176
1719995
1722165
1726197
1711897
1715257
1707601
1706173
1688848
1689640
1697296
1698136
1693768
1692319
1709644
1710316
1709004
1726714
1705846
1704394
1696925
1696250
1697906
1709162
1710044
1719368
1719312
1713516
1709640
1722429
1709640
1715960
1712900
1709840
1705472
1705472
1705472
1707128
1708328
1708328
1705088
1705088
1705250
1701500
1701662
1708142
1710722
1717790
1728647
1736303
1735631
1735631
1739843
1743719
1742407
1742407
1755196
1749564
1755244
1762144
1766536
1767328
1760848
1764520
1765450
1774190
1774862
1777802
1778684
1757816
1756780
1769740
1761116
1760021
1752725
1752725
1752725
1736444
1719119
1725797
1714541
1714709
1714499
1701539
1699939
1700433
1700489
1687133
1666265
1640624
1633155
1633099
1640887
1649627
1647971
1655440
1642357
1642357
1642885
1642391
1640221
1640909
1630052
1630052
1619195
1616747
1619687
1622101
1615423
1616543
1616753
1642394
1636762
1641646
1625365
1623415
1624843
1624168
1618712
1619594
1619762
1612293
1612293
1627413
1624833
1617803
1623435
1625835
1631467
1634707
1644031
1664899
1660097
1663037
1668717
1664967
1657311
1662943
1667155
1666480
1668928
1668984
1676052
1677480
1664124
1664964
1669332
1663652
1659776
1656716
1660928
1669552
1656763
1670119
1673359
1670419
1668967
1667311
1667311
1666636
1659568
1660996
1686637
1677313
1671489
1673073
1665285
1663857
1672597
1671145
1665321
1656651
1657963
1659547
1680415
1678759
1674391
1670359
1669323
1670011
1671106
1677154
1676335
1665415
1658119
1657879
1660939
1661758
1656302
1656302
1650622
1648672
1663792
1670860
1673308
1671859
1674729
1674561
1681239
1680119
1683287
1683287
1684943
1689827
1680503
1685305
1684375
1682659
1682659
1680943
1684003
1682883
1680933
1680245
1676033
1672593
1668717
1665549
1671869
1668509
1657253
1661465
1658297
1659881
1647092
1649672
1682012
1681082
1682118
1674330
1668506
1669034
1669826
1676726
1683404
1680956
1695256
1696186
1691302
1691134
1687258
1689672
1682772
1688820
1684452
1688202
1685262
1683606
1670817
1669935
1669935
1679259
1686289
1690165
1692115
1683445
1666120
1663180
1656700
1664169
1685037
1702747
1699315
1701715
1700620
1697260
1684300
1684132
1687804
1693600
1701388
1698518
1706174
1706862
1698238
1698732
1695862
1703518
1703518
1718638
1679566
1672536
1670226
1676706
1715778
1716450
1705194
1705194
1704074
1703386
1704268
1704268
1718568
1705212
1712112
1709052
1710480
1709444
1719902
1731158
1744118
1739726
1742596
1743284
1740116
1731492
1737540
1735370
1729914
1737210
1739160
1746456
1747131
1757988
1761864
1761808
1771132
1771132
1767256
1766416
1764002
1765718
1761686
1767510
1776134
1781766
1784934
1784934
1788606
1787918
1797242
1793366
1791710
1790674
1790674
1790674
1789554
1778514
1810854
1811348
1811108
1813058
1820846
1817406
1813656
1811256
1836897
1836681
1842137
1843586
1835930
1831538
1831538
1818749
1822625
1837745
1830145
1830833
1827893
1831769
1831931
1830275
1834643
1828963
1832395
1833083
1846166
1846166
1847006
1845350
1839526
1841126
1840334
1843394
1834724
1829922
1840779
1840995
1840323
1836111
1815243
1815081
1802292
1815081
1817495
1816807
1819207
1817037
1851981
1847179
1843819
1846689
1843819
1847695
1850005
1843957
1883029
1893886
1890214
1890889
1888019
1886899
1875859
1871467
1878936
1898956
1907626
1916250
1916010
1928970
1924602
1941927
1939757
1957082
1950182
1958852
1957403
1956715
1955923
1954471
1962259
1975342
1973032
1973704
1977454
1971998
1968566
1959242
1952564
1952732
1952471
1951679
1944047
1956836
1959146
1966802
1931858
1930658
1923628
1965628
1963048
1968680
1972112
1975862
1973692
1978576
1974364
1963324
1964254
1964416
1970464
1965008
1964320
1964560
1971460
1960204
1964080
1956424
1959856
1961308
1966764
1961084
1955260
1956860
1958312
1957624
1963672
1963728
1965898
1967018
1965818
1955360
1961680
1957804
1946764
1953664
1944924
1943268
1943268
1950900
1950900
1957380
1970340
1964708
1953788
1949576
1942676
1941020
1941020
1926720
1937640
1937802
1945434
1951230
1958862
1958601
1957719
1957775
1990115
1981375
1968019
1968691
1968635
1968467
1965407
1960523
1953493
1950253
1950514
1959184
1959184
1959128
1968452
1966004
1967604
1976274
1989234
1990683
2025627
2025133
2028073
2032105
2048386
2047074
2044674
2047842
2039218
2035342
2038402
2037727
2038546
2020836
2028468
2037792
2044692
2047272
2044212
2041632
2031832
2031832
2028400
2030000
2023680
2023152
2029200
2026800
2015760
2022080
2054420
2050388
2051972
2050372
2061732
2054076
2052627
2063484
2079765
2072697
2072865
2079185
2082617
2066336
2066336
2064736
2064736
2058256
2051936
2050624
2048176
2054496
2056806
2059254
2060566
2073355
2079835
2081435
2081267
2081323
2081851
2090591
2090381
2091200
2096880
2091056
2092176
2094486
2087586
2105296
2096556
2096556
2110856
2121896
2120776
2119894
2113414
2120482
2123352
2122680
2122680
2120510
2118854
2103734
2100062
2097002
2096183
2097839
2101079
2101573
2101573
2102503
2102671
2102410
2087290
2088326
2072045
2063421
2053621
2043163
2058283
2065939
2065777
2067493
2066818
2061186
2053398
2074266
2081334
2083504
2087716
2098636
2098692
2095524
2097972
2090184
2090022
2086350
2086140
2107008
2100330
2099448
2090824
2108149
2098349
2094473
2093024
2118665
2139533
2135657
2124800
2123870
2134790
2139158
2149616
2136656
2130336
2130546
2132130
2132802
2138258
2137376
2135792
2120672
2119984
2123416
2127784
2133464
2137856
2139806
2139638
2140478
2136086
2144710
2141038
2141038
2139586
2128729
2126315
2129675
2128580
2122784
2126816
2114027
2117459
2125115
2112032
2113460
2105804
2112284
2144624
2123756
2123756
2091416
2093726
2096596
2097284
2094344
2094584
2090372
2088422
2087630
2087630
2090690
2090690
2101148
2102748
2102748
2102748
2095116
2069475
2066035
2064940
2053684
2052256
2051326
2052118
2059587
2068257
2068257
2068467
2069919
2049051
2049843
2049349
2049349
2066674
2062306
2061634
2060815
2059975
2071335
2072787
2071203
2078859
2073227
2076287
2076287
2074337
2065713
2051413
2038624
2035456
2025656
2021780
2020064
2009144
2004932
2006882
2006042
2020342
2022058
2034847
2033917
2029549
2043849
2047017
2055641
2058055
2056339
2056339
2060215
2063275
2069323
2069323
2069323
2063643
2031303
1989303
1983671
1977623
1977833
1978625
1963505
1977805
1977277
1979447
1977497
1978025
1982827
1988283
1988971
1986101
1987196
1988780
1988780
1989620
1989458
1989514
1995562
1996598
1995170
1996826
2009909
2014277
2010845
2007413
2011085
1993375
1999055
1991987
1995863
1996025
1992665
1998345
2009202
2016990
2021022
2020782
2017842
2011164
2007924
2013380
2013641
2008757
2009549
2000225
2004437
2013107
2017475
2016800
2022480
2020530
2016654
2016654
2016915
2042556
2036876
2036932
2046732
2039263
2040463
2043903
2038107
2038275
2044099
2044099
2051887
2045839
2047267
2045551
2038483
2039413
2032933
1993861
1997221
1996960
2007817
2007323
2001691
2003143
2028784
2027332
2034801
2037381
2037381
2036541
2057409
2073690
2069322
2070906
2060049
2061249
2062344
2062506
2062506
2061714
2060265
2049807
2057463
2057991
2059440
2059680
2066000
2060368
2057008
2050688
2063477
2060897
2062346
2064926
2064926
2064086
2056430
2043641
2050121
2043801
2044641
2047089
2047089
2041265
2038395
2053515
2059311
2072394
2071722
2055441
2047809
2048484
2043682
2047114
2048770
2052802
2052802
2047170
2053490
2040134
2031510
2032038
2032299
2045088
2045349
2052981
2052099
2054969
2051093
2050877
2041077
2048107
2053903
2068203
2068203
2065143
2065983
2062233
2061545
2069177
2067521
2054561
2054561
2056961
2057171
2057411
2054963
2054963
2072673
2056392
2050936
2048356
2064637
2064853
2039212
2037784
2031988
2031820
2024752
2022172
2018296
2022172
2022172
2022172
2021052
2014732
2013132
2010732
2009802
2019602
2019863
2025687
2027343
2024103
2024103
2020863
2016061
2027317
2024149
2021209
2003884
2003884
1996252
1996252
1998562
2000146
1993116
2001856
2014816
1993948
1993948
1993948
1986479
1986317
1997573
2010362
2015994
2015112
2015606
2016806
2017598
2006342
2009702
2009942
2006882
1999094
1996646
2031590
2029280
2029448
2020778
2018828
2021408
2017532
2026272
2026328
2024876
2022706
2019538
2020990
2021809
2012485
2023342
2014672
2020468
2026788
2029202
2025326
2029202
2029146
2034826
2035087
2043757
2042329
2063197
2067589
2068083
2059343
2058668
2057356
2065144
2059320
2084961
2052621
2055491
2055281
2059649
2065969
2048644
2049316
2062672
2055994
2057594
2056558
2045638
2038960
2042320
2049952
2053828
2053009
2032989
2032170
2041494
2041326
2020458
2019528
2016588
2018037
2013153
1987512
1966644
1967332
1954372
1961402
1963712
1963880
1970910
1968496
1964746
1956958
1956718
1955134
1942051
1943479
1949303
1954935
1937610
1937554
1935140
1938890
1941830
1944770
1905698
1903298
1890509
1894877
1898237
1913357
1917389
1911069
1910277
1910277
1892952
1895122
1937122
1930444
1931564
1924268
1922684
1911644
1910060
1875116
1833116
1830668
1835552
1839428
1831796
1836188
1844928
1841496
1841334
1835878
1841926
1853286
1855700
1863332
1863860
1874780
1876364
1882044
1891368
1892043
1891251
1865610
1883320
1881370
1874302
1882972
1880572
1880572
1878972
1891932
1888500
1892712
1894296
1891986
1880626
1881418
1883018
1877338
1860013
1860013
1854333
1847853
1860936
1860248
1856372
1847048
1849358
1848670
1847982
1846382
1844212
1852836
1852836
1839876
1830552
1831227
1835103
1844427
1844589
1840839
1843779
1842351
1844301
1844061
1844061
1854918
1845594
1842534
1845594
1856954
1849166
1848374
1848902
1869770
1869770
1869770
1864314
1865350
1865844
1867794
1867794
1881150
1871350
1868480
1888500
1895969
1897064
1904696
1905384
1937724
1930255
1937323
1937995
1923695
1931483
1932011
1934411
1919291
1909967
1910642
1902986
1905156
1898256
1889586
1888158
1889607
1892007
1891746
1884846
1890642
1889193
1889193
1881724
1899434
1891778
1904861
1905653
1902485
1907287
1942231
1943071
1938703
1977775
1966918
1966126
1967710
1971460
1971220
1973620
1979668
1971880
1972048
1992068
1990616
1998248
1990616
1998248
1998248
1990952
1989500
1981868
1982708
1983236
1986296
1989166
1990750
1993150
1997026
1996096
1996096
1995304
1986680
1972380
1970780
1971710
1974878
1984202
1951862
1938779
1945809
1945137
1944297
1942713
1934925
1932755
1938435
1934763
1935603
1939995
1941447
1930989
1934865
1934193
1935642
1936762
1937644
1939228
1939228
1942900
1942900
1939540
1913899
1917067
1916899
1910851
1914091
1913881
1907561
1901513
1907993
1899323
1899062
1893014
1891562
1892234
1893818
1890378
1886010
1891466
1891410
1888350
1888566
1877646
1881006
1881168
1884228
1900509
1886209
1886209
1888159
1891219
1890531
1889079
1882179
1875279
1857569
1858997
1866629
1879418
1881728
1885168
1884907
1883871
1925871
1925703
1923123
1914453
1912797
1909365
1910965
1909870
1896514
1894930
1896382
1890586
1885130
1882260
1882754
1882754
1877074
1875646
1875646
1883115
1883115
1883115
1870032
1870526
1881566
1882994
1882826
1887710
1880241
1874561
1866905
1878161
1873949
1881418
1874350
1873822
1877698
1877536
1873144
1881768
1883938
1885594
1893382
1893172
1895122
1892708
1892708
1893908
1896968
1899908
1901360
1898000
1908857
1908038
1911710
1914110
1879166
1876296
1877952
1862832
1863672
1859304
1855272
1849476
1846416
1846632
1844052
1840176
1829256
1830705
1834581
1839383
1843133
1855922
1858092
1858932
1866720
1849010
1838153
1828829
1825397
1817765
1828685
1824809
1828169
1832381
1830211
1827901
1824841
1811881
1826181
1832229
1821771
1822446
1823265
1823097
1814427
1801344
1833684
1868628
1868628
1864416
1858368
1859187
1875468
1881292
1874972
1871096
1866704
1866704
1850423
1850423
1857491
1868411
1870991
1874159
1848518
1857142
1856022
1851220
1854580
1854319
1864777
1876033
1880917
1894273
1895368
1889320
1883272
1880962
1860094
1865918
1863338
1858946
1855586
1860388
1860148
1867178
1868298
1868508
1867578
1867522
1877322
1877322
1877490
1867690
1871722
1879018
1882458
1884114
1926114
1928284
1927790
1932002
1927634
1913334
1907878
1912246
1917702
1919302
1921472
1886528
1854188
1865108
1865108
1864420
1865092
1865092
1861216
1854316
1854154
1858030
1858086
1858296
1845336
1851132
1855008
1854846
1847214
1864924
1866640
1868296
1869416
1865540
1863140
1870772
1870244
1873676
1874988
1874300
1870268
1878056
1865267
1871091
1869891
1861267
1828927
1825867
1826542
1822510
1826722
1828378
1831248
1837072
1837954
1831474
1833058
1837942
1836226
1838396
1838396
1830927
1817967
1816767
1817803
1815853
1823149
1824805
1807095
1795735
1830679
1830735
1830951
1831119
1832835
1832307
1837987
1855312
1854784
1887124
1874335
1877205
1882837
1882669
1882408
1892866
1889996
1884200
1878376
1885672
1885616
1885376
1882962
1882962
1887330
1884930
1874073
1853205
1842348
1845408
1838378
1841438
1867079
1861399
1853743
1856613
1855821
1854165
1856335
1853167
1849417
1848745
1842949
1839589
1848213
1827345
1824105
1823430
1823430
1823486
1823430
1821120
1830444
1832858
1836530
1836314
1832102
1831608
1837240
1838552
1837516
1848556
1847764
1847236
1852916
1850502
1842846
1881918
1902786
1910442
1952442
1950842
1956638
1958294
1959746
1963418
1964867
1962419
1944709
1919068
1907812
1908848
1904816
1901456
1903626
1903416
1907166
1907166
1892866
1892026
1892845
1898477
1902149
1897265
1910054
1909560
1925841
1928901
1932069
1930485
1929645
1922615
1919183
1919183
1919239
1920691
1931149
1945449
1942579
1941459
1954248
1955904
1955904
1963692
1963692
1961382
1960346
1958894
1962566
1965626
1959946
1963186
1984054
1980994
1990318
1983998
2004866
2017826
2016986
2017042
2030002
2024370
2029172
2028484
2036084
2032052
2032108
2030908
2032336
2035696
2037866
2031386
2033966
2032016
2040640
2039212
2038684
2042124
2059449
2062889
2064489
2068857
2064981
2064981
2065773
2054916
2042127
2045295
2039247
2078319
2086107
2092427
2092371
2092865
2090915
2091603
2094663
2108963
2114759
2111591
2100335
2106815
2117855
2130644
2131138
2128198
2163142
2163142
2165312
2154056
2156926
2156432
2147692
2147692
2141868
2142396
2140796
2141012
2144372
2138052
2136603
2129573
2127263
2124203
2118379
2126035
2127071
2114282
2113442
2113226
2126309
2118677
2112629
2118085
2119534
2123926
2120254
2127886
2134954
2133859
2128063
2125753
2125585
2125585
2124910
2109790
2109262
2108167
2111335
2076391
2084023
2082571
2082310
2067190
2056270
2055430
2056360
2047036
2048156
2051596
2057392
2061064
2061752
2064332
2065427
2056803
2064099
2065194
2052405
2051911
2051911
2044843
2051911
2038828
2034026
2031626
2030954
2027282
2020252
2008892
2007772
2008564
1999894
2012854
2011198
2012017
2000657
2001476
2001692
2002787
1977146
1977146
1976885
1960604
1959785
1962845
1959975
1963143
1961487
1959087
1924143
1929027
1929195
1927611
1935080
1931330
1941130
1940458
1940458
1972798
1976548
1975120
1974238
1974238
1989358
1995182
1993733
1995333
1999701
2001651
2002851
2003013
1997333
1997594
1965254
1968194
1988214
2001174
2000499
2004711
2003262
2002422
2005590
2002650
2004099
1999731
2012520
2013208
2011608
1990740
2000540
1997480
1995310
1997620
1991300
1998330
1997658
1990189
1989979
1990861
1989931
2001291
2001552
1987252
1987252
1987252
1986433
1984483
1986083
1993379
2000409
1991085
1974804
1971132
1971132
1971132
1967256
1965807
1960127
1939259
1936389
1927649
1937449
1945237
1934380
1933705
1924381
1916593
1929676
1929676
1929676
1929676
1943976
1949432
1943976
1946916
1941236
1941446
1937078
1933202
1934786
1947575
1950635
1950845
1942105
1944975
1948215
1942391
1940807
1946631
1985703
1986522
1985994
1986204
1992028
1992028
1980772
1984012
1985612
1991068
1991284
1993594
1975884
1968096
1973892
1972464
1973916
1965246
1965302
1965086
1969298
1970334
1963038
1966914
1970946
1975748
1969924
1965556
1963900
1943880
1930797
1937277
1938069
1936413
1936413
1937865
1937025
1932813
1931157
1926945
1937403
1939803
1932171
1931955
1933050
1927418
1929998
1931714
1933142
1935452
1931576
1920719
1918319
1914647
1927730
1911449
1911287
1912715
1910545
1907605
1933246
1936918
1894918
1898358
1897046
1895597
1887965
1877045
1884113
1874789
1885646
1883476
1887844
1888636
1889566
1893238
1899916
1896556
1895764
1874896
1863856
1868740
1879660
1873836
1872236
1873664
1873925
1882595
1886471
1889711
1910579
1901955
1902627
1906839
1904439
1902855
1905303
1903719
1909543
1910473
1897684
1911040
1918108
1913740
1906710
1893750
1904670
1907610
1915266
1915527
1917975
1910343
1899423
1902863
1899113
1898441
1890653
1885769
1911410
1909958
1915414
1915470
1921266
1925478
1924638
1924144
1923928
1919044
1922716
1880716
1838716
1839404
1840604
1832972
1843892
1843836
1852506
1851831
1835550
1831338
1789338
1787754
1774398
1770006
1775638
1778578
1775518
1768222
1760434
1740414
1753374
1739074
1738282
1736698
1730218
1727050
1723990
1734910
1737970
1739419
1737249
1742705
1750361
1749542
1745510
1742640
1703568
1700128
1697958
1713078
1752150
1752150
1747348
1782292
1779232
1786888
1779100
1796810
1795358
1802958
1809636
1806696
1796238
1812519
1815579
1823235
1823763
1823973
1823973
1837056
1846856
1838232
1836576
1836576
1836520
1831636
1832311
1836187
1839127
1835455
1835455
1835455
1834636
1817311
1820251
1817671
1814503
1811443
1822300
1822462
1822462
1820878
1829502
1831812
1828140
1835436
1843068
1856424
1862056
1859642
1857472
1857682
1858474
1857655
1858327
1861687
1860999
1862311
1863431
1863641
1862041
1867721
1832777
1838573
1837885
1836765
1843833
1844521
1836865
1832653
1849978
1869998
1868546
1879466
1888090
1891030
1890868
1886992
1889392
1888192
1894512
1896682
1895098
1890296
1915937
1916777
1911321
1905525
1896901
1890581
1890525
1888125
1880656
1879228
1877779
1889139
1888320
1896944
1905684
1908084
1900788
1892164
1888414
1894734
1893285
1909566
1901934
1912854
1911818
1914878
1931159
1925111
1921751
1921751
1918311
1918311
1923943
1931599
1963939
1967371
1974971
1977551
1986175
2003500
2005670
2005838
2005838
2004182
2016971
2058971
2072054
2072270
2060910
2061171
2068467
2071337
2079961
2078841
2087465
2084297
2073377
2074052
2048411
2047211
2041755
2044203
2059323
2062383
2063503
2059471
2052002
2055062
2044604
2045724
2049474
2060730
2059610
2061062
2048273
2051513
2060837
2057777
2099777
2098061
2101937
2102612
2100302
2096862
2104518
2101458
2098878
2097278
2096784
2090988
2092024
2096416
2089348
2085988
2086660
2098020
2090232
2086560
2088870
2095548
2091672
2102592
2102098
2109567
2110407
2108691
2115591
2123379
2120019
2119758
2080686
2085054
2086506
2091390
2085566
2079934
2080195
2084587
2090043
2084411
2087851
2081371
2079771
2080611
2074291
2074291
2071843
2059054
2060366
2058196
2056246
2054934
2052624
2041584
2038524
2043326
2042231
2029442
2032874
2033549
2020193
2024069
2019267
2025091
2027505
2027505
2027505
2026410
2028858
2036327
2039767
2037187
2052307
2070017
2073077
2066757
2064587
2072187
2069247
2065575
2059895
2034254
2042042
2038982
2039510
2042678
2055638
2056520
2050696
2050696
2042908
2043070
2041618
2041618
2037742
2041954
2034924
2002584
2001909
2000481
2018191
1997323
1958251
1958083
1955503
1951111
1938322
1936152
1940028
1941744
1954704
1944904
1941154
1939705
1933909
1935493
1938363
1934931
1942400
1938188
1940768
1937528
1938056
1924700
1934500
1934662
1942294
1945966
1947682
1947943
1951375
1964164
1964164
1944144
1945456
1949206
1948996
1959916
1970374
1969492
1973368
1972486
1958186
1961056
2000128
1982803
1979363
1979525
1976465
1973525
1988645
1995941
1994846
1993130
1994786
1991916
1992410
1994858
1994690
1994690
2001368
1993899
1990839
1992789
1994505
1994449
2015317
2017717
2021077
2020816
2022265
2022265
2023577
2020337
2059409
2061579
2072436
2072380
2072380
2073475
2089756
2102839
2092381
2089021
2089282
2095106
2094944
2092074
2081217
2088873
2101833
2090976
2116617
2116617
2125287
2124251
2122667
2126417
2132213
2132453
2131634
2134034
2132722
2131294
2124814
2127754
2128684
2129212
2132884
2134484
2137916
2124956
2126906
2122538
2090198
2089988
2082332
2086208
2098997
2086037
2085981
2082309
2047365
2041733
2040697
2051953
2017009
2042650
2042650
2041978
2038810
2030140
2032450
2029510
2022442
2022682
2015050
2015722
2012282
2020952
2020896
2033685
2012817
2015217
2012277
2011749
2012568
2016960
2016750
1977678
1980918
1975122
1986162
1986162
1975122
1988082
2008102
2008942
1969870
2004814
2004814
2006764
2006764
2013832
2025192
2042517
2052317
2057201
2057417
2057417
2063737
2061289
2068945
2067909
2075205
2117205
2115035
2121515
2115719
2111351
2102611
2099171
2102411
2098199
2098874
2104506
2100630
2098974
2090350
2093410
2099890
2095006
2087350
2086230
2107098
2110974
2101650
2101434
2100906
2099976
2103144
2090355
2095239
2101063
2101303
2086183
2083123
2080183
2082597
2076117
2066317
2056517
2052641
2042183
2052641
2044017
2056806
2058462
2069382
2069382
2067782
2056862
2055434
2057384
2056709
2057804
2064872
2062472
2051552
2056354
2051470
2058148
2059030
2062780
2061940
2060284
2063452
2055852
2055636
2065436
2068676
2054376
2046588
2051390
2045594
2040792
2046424
2040600
2035716
2035716
2032656
2032656
2034966
2034174
2035830
2039706
2041155
2041416
2032092
2027724
2025554
2026082
2033150
2033366
2020406
2020616
2023856
2024544
2017476
2017476
2009876
2012936
2018984
2015624
2033334
2043134
2049812
2055608
2063077
2063077
2061982
2057180
2053304
2059128
2064760
2061520
2045239
2047549
2044381
2043693
2043693
2040525
2036133
2039573
2039405
2032375
2034091
2034091
2035540
2035702
2035702
2024782
2024782
2033522
2039346
2039556
2033732
2040410
2039738
2042608
2029525
2021893
2016069
2029029
2029245
2029245
2032995
2029119
2035167
2033967
2024167
2030487
2030487
2031607
2027935
2029519
2028424
2028424
2028163
2029763
2019305
2017705
2019421
2036746
2026946
2026946
2026946
2030386
2031838
2024542
2035399
2041031
2038583
2023463
2023463
2025863
2051504
2053220
2040137
2041565
2034497
2028673
2028934
2029970
2035794
2034366
2047449
2048379
2047704
2053384
2066173
2065963
2079046
2090406
2122746
2120436
2125238
2125238
2125238
2126550
2126340
2133996
2133834
2136004
2141828
2132028
2129158
2140518
2137938
2132142
2131302
2119942
2131302
2137098
2137938
2136282
2097210
2104278
2098822
2085862
2086123
2068413
2072289
2072451
2085240
2059599
2072388
2086688
2086427
2086371
2089431
2083799
2077479
2080911
2083971
2082519
2069730
2069730
2071330
2096971
2092603
2075278
2076314
2076989
2075273
2075483
2054615
2056331
2061133
2059417
2059156
2065834
2069866
2069866
2069074
2077744
2066824
2064424
2065099
2062789
2062573
2059703
2060543
2067573
2064333
2066913
2069223
2069223
2066913
2061233
2063183
2072983
2065687
2072167
2068727
2055644
2055644
2051972
2059441
2065761
2064641
2065953
2057283
2055113
2075133
2078493
2081733
2082769
2082769
2094129
2101729
2108407
2112799
2114111
2114786
2117234
2117234
2116546
2114946
2123616
2125065
2125905
2109624
2110296
2075352
2117352
2106312
2113212
2118844
2124300
2137089
2129433
2129649
2132889
2133577
2091577
2090125
2077336
2078788
2075548
2073148
2056867
2049571
2044115
2038319
2039631
2052987
2063844
2065156
2068216
2070166
2077196
2065940
2065730
2068178
2069894
2069206
2070806
2070545
2068097
2052977
2056853
2074178
2087534
2079878
2076938
2091238
2092666
2134666
2138026
2130394
2129719
2109699
2108907
2107871
2096951
2096951
2094641
2083721
2085321
2091801
2088369
2086199
2099282
2112638
2116388
2120780
2120780
2120780
2123840
2117520
2110620
2094339
2081256
2081256
2077584
2077374
2075718
2086758
2085306
2090108
2086232
2111873
2104404
2093044
2106127
2107843
2108683
2108851
2091526
2090734
2090206
2095008
2101056
2083731
2078275
2069651
2074043
2081699
2074043
2074043
2077919
2069295
2070607
2070607
2078239
2067319
2064919
2066119
2066287
2066962
2066290
2061898
2074687
2073757
2079553
2085349
2059708
2062156
2055088
2055032
2058472
2053016
2032148
2032967
2032037
2027825
2027825
2026943
2025343
2017711
2024779
2027649
2033329
2035279
2041103
2037671
2041111
2037751
2036821
2033149
2035563
2038011
2037750
2026390
2029450
2018530
2023332
2010249
2016927
2010249
1999392
1998080
1996768
1985408
1991040
1998336
1993534
1994464
1987786
1988026
1986442
1988856
1975896
1974444
1966844
1969244
1977914
1986584
1995208
1995880
1995880
1999312
2002480
2002642
2002381
2010169
2009908
2012322
2019390
2013594
1995884
1999760
2000254
2005886
1999406
1990782
1992732
1994682
1998122
2000072
2002242
1999002
1999242
1999242
2002302
2037246
2034376
2041054
2035422
2038854
2038179
2030523
2017734
2025203
2034527
2026927
2033407
2020447
2007364
2009764
2011480
2002856
2000276
1999604
2000916
2013876
2006407
2004457
2017813
2018074
2011396
2008156
2015756
2010300
2013540
2010480
2017380
2017596
2014536
2016950
2016788
2020148
2024024
2028416
2019792
2019552
2019552
2019552
2018457
2010669
2010669
2003373
1999497
1996437
2003467
2003467
1990111
1993861
1994956
1993507
2000537
2013497
2013707
2004383
2004383
2011852
2024935
2024935
2030391
2024343
2027283
2030523
2069595
2061939
2061099
2063269
2063941
2064202
2064364
2068576
2088596
2087756
2084816
2087230
2079574
2079574
2075824
2078884
2083096
2041096
2044156
2047396
2034607
2037547
2046217
2051849
2048099
2043707
2042587
2046979
2039323
2031535
2027659
2026059
2015601
2012161
2008729
2006329
1999261
1995829
1989349
1983717
1958076
1945287
1945125
1930005
1928556
1926156
1921764
1910404
1903108
1897284
1890606
1888890
1888008
1880940
1867980
1865532
1861782
1859832
1856392
1855080
1851330
1848882
1840212
1838900
1837451
1837283
1837283
1831651
1829341
1823517
1823301
1818499
1813615
1811167
1811167
1804489
1803649
1803121
1799371
1792693
1790977
1783321
1780261
1769005
1753885
1749673
1746733
1704733
1704733
1690433
1688483
1685315
1683599
1670810
1670810
1662186
1658310
1672610
1674560
1677728
1679444
1683320
1693120
1701744
1714533
1714293
1706824
1693864
1693702
1654630
1654102
1651792
1651576
1651366
1651366
1645542
1613202
1608318
1582677
1577045
1573877
1568081
1562449
1551409
1549809
1532099
1530650
1529338
1526938
1524524
1523072
1522544
1515866
1498541
1495109
1488789
1484913
1481473
1478033
1477361
1476521
1473281
1469405
1463725
1461775
1458905
1456035
1452595
1445527
1444215
1444215
1437147
1425787
1421911
1416087
1413217
1413217
1407393
1405443
1401567
1399851
1399683
1399683
1392083
1391153
1383684
1377636
1377142
1357122
1342822
1341373
1338205
1334773
1327477
1324237
1320361
1300341
1300080
1299405
1291773
1274063
1274063
1273901
1273213
1271263
1259903
1253583
1227942
1218142
1218142
1218142
1215082
1208404
1205044
1191961
1188901
1188407
1175618
1173204
1167572
1161940
1157908
1144552
1138072
1132248
1122448
1112648
1104024
1104024
1090941
1088991
1083195
1083195
1075899
1074447
1071087
1068687
1066971
1066152
1064202
1038561
1024261
1022833
1022158
1013488
1008686
1007566
1005910
1003740
996271
994671
990921
990246
984790
984580
982864
969904
969904
966964
966289
963229
956161
953851
953851
953590
944920
931960
924892
924073
922761
922545
917089
899764
899092
886009
878979
871949
871277
871277
863808
852888
852048
851373
851133
838344
825555
825393
819569
819569
818533
812853
811269
807837
804597
778956
777861
774801
762012
758262
753460
751012
749296
740626
731956
729016
727704
725394
722946
712089
712089
712089
712089
710139
709878
707464
697664
697424
694256
683399
682469
681157
680317
672848
664108
663420
661704
656902
648232
638908
631840
625792
612709
610129
610129
609868
609658
596302
589624
587908
581428
575108
575108
568430
568430
555074
551714
550678
545046
540654
508314
500658
499346
495906
495696
492256
479173
476005
474405
467505
460605
459405
457235
455065
453970
450730
448282
446332
433372
430132
429096
426036
426036
425868
422808
420408
420246
417006
412614
411186
369186
368970
365910
360278
346922
339892
335090
330698
288698
283066
278264
276314
268526
262730
258854
252374
239585
236525
229847
228535
225295
222881
220467
218053
217837
215423
176351
141407
141407
141167
132497
128285
123893
120833
116957
116957
109357
105481
98451
94239
74219
68423
67583
56223
54273
50397
36097
23308
13508
11792
8624
0
