4756
4814
6662
7688
13673
21863
21991
24199
26139
28347
28255
29281
37041
45231
45615
47993
48022
48819
24736
25120
27328
32084
40274
48034
47778
43344
49329
23495
22527
13004
20764
21148
21918
23766
24621
26829
10741
11767
13615
21375
17003
19211
21589
24319
24348
2208
10398
11424
11808
13656
14040
13680
6288
12630
13400
15248
17456
25216
33406
38162
38974
44959
47167
48203
37892
41669
46425
37199
44959
43184
23801
31991
39751
44507
43111
44959
53149
53533
55381
63571
65779
47965
48777
53533
61293
61723
62107
62877
68862
69674
69982
71922
74130
76508
76380
76764
78969
83725
72291
70516
66796
69004
76764
77148
85338
93528
93912
57251
56995
61751
67480
70210
72418
73906
76114
77962
77962
73136
73906
74214
82404
74470
48755
53511
55719
55777
63967
65815
66627
72356
72740
55813
60569
62417
68018
76208
83712
78970
77404
73904
82094
86850
86908
87720
89568
91776
97505
99353
93841
101775
93585
93841
102031
83657
91463
96219
97031
103016
105224
91737
88125
86335
94525
96733
97545
91132
83100
87600
93585
91035
97377
105137
105949
106975
104427
107682
103738
104046
93107
101297
101297
94955
99403
101251
92548
98533
99345
99403
82897
91087
91215
88521
90729
95485
96511
98359
100397
98857
91348
92577
92635
93019
95227
103417
105009
88373
91103
91509
92535
89987
95972
104162
111922
111280
86505
91261
88157
92913
92913
93725
93783
93331
95179
103061
103445
102435
101399
106155
114345
120330
122538
122666
122695
101226
85199
86011
91996
94204
96582
96611
98459
65332
68062
60180
59144
59202
59173
61381
55983
60739
49513
55469
50941
53091
45642
53576
52872
53684
54720
55104
53922
62112
64320
48064
49912
47566
55756
60512
62284
63310
63368
71128
71436
77421
80151
80557
76597
78805
86995
92980
94828
95640
94936
92174
87098
91854
92538
94386
87920
88048
88077
79238
81968
86724
67871
68907
76667
82652
83464
91654
97996
98380
97474
102230
105234
107964
108272
108315
82730
81026
83052
76285
78493
86683
94443
100428
93348
98104
106294
103491
105339
105397
100321
102529
92919
84386
73606
81366
87351
92107
92107
94315
93493
95341
95725
92491
85503
87351
92107
100297
108057
109083
109141
110989
113197
117953
118337
124322
132082
138067
144049
146257
148105
124322
125134
124706
124764
125576
127784
133769
138525
146715
148307
150607
139414
144170
152360
152610
152738
153785
154191
154220
158592
160800
168990
176750
172316
170526
164925
170910
171218
109362
100803
103011
104859
113049
120809
116375
116433
116561
121317
129077
130103
130487
130545
132750
133058
139043
134287
120795
128985
112960
113772
118528
120376
115300
117508
117892
126082
128290
128674
133430
112862
114637
115663
117511
117569
123554
130352
130352
124010
124394
125420
127628
122546
121107
122133
126889
103568
95378
68791
76981
68407
76597
76597
76597
81353
85490
85874
91044
91102
91914
94122
101882
82086
74538
82728
70920
71304
73512
75360
77738
78764
69372
65424
71409
66236
68444
70292
70350
73080
73464
79449
79507
81715
83563
84333
92523
94463
96841
96899
102884
103696
109681
110493
103696
103696
103696
104508
104722
105106
106954
115144
117352
108452
104226
106074
106382
108760
109312
109341
112071
113097
113909
121669
109412
107846
113802
95880
96692
96750
94680
102870
102899
104747
105602
106414
107440
109648
109677
104514
99341
100367
96551
98759
100607
100665
108425
109237
110092
110400
111255
106427
106456
107482
113464
118220
108552
113308
115516
117364
118219
118248
119060
123349
124161
124219
132409
134617
136465
132031
118503
123259
124285
118503
118631
121361
121546
123754
125602
133792
138548
122118
128103
128509
123652
123710
120167
108928
113684
115892
103009
111199
102771
107673
108699
106027
107875
110083
114839
107913
110121
110179
117939
118751
119135
119905
128095
122251
122379
102658
102716
89709
91917
97902
98714
103234
103618
95428
103618
104112
106490
106798
107653
106870
92479
100239
103673
102705
101825
95801
98009
98317
99129
96783
96399
94695
95079
93693
94053
102243
102245
103100
105478
113668
114422
120407
120465
115613
122347
123159
113632
115480
111046
102530
103448
102058
102870
108855
113611
111233
111233
109171
98430
100638
102486
107242
115002
112780
112838
112334
105874
105903
106758
101376
95858
91672
90106
82942
81172
83380
91570
91698
73382
73382
78555
80763
81575
86331
86748
80511
88271
90119
92327
100517
108277
114262
113558
114370
103517
97965
105725
111710
113558
111640
117452
119300
119684
120710
128900
117708
110040
110708
115464
116276
110280
118470
110310
100938
100996
108756
110964
97785
99993
101841
107826
112582
113394
115694
120867
125623
120071
125453
126265
132077
130177
115894
116706
124466
124774
102104
104834
106774
107629
110007
110413
105182
105994
100009
105994
113329
115537
123297
128053
128865
134850
122924
131114
137099
139307
114020
118776
113760
113232
105170
105478
104296
101044
99504
75177
75989
77929
68237
69049
71257
63919
66297
68072
66297
71053
79243
80269
80327
86312
88520
86312
94502
99962
102170
109930
110742
111126
115882
115940
116752
115940
120640
121452
123300
104802
104860
109616
108162
115968
123728
117840
118662
117310
125500
125628
124118
127895
129248
131440
136196
136580
136638
138846
146780
131092
129012
129041
129853
131793
117703
111291
113541
113849
113129
113535
111760
113968
107922
103488
103691
108447
108505
100315
105775
107983
105396
99460
98972
99998
100810
97148
97206
103191
110951
111977
112361
120551
122759
122788
125166
125978
126106
127132
128980
137170
139378
131963
134171
126384
132204
133744
141504
146260
139745
141953
150143
156128
160884
161696
167681
167681
162605
136441
138819
141549
139740
140595
141001
142941
143493
120414
128604
133777
138533
139345
141193
143493
149478
143493
129463
129521
125087
133277
138033
138845
144830
145138
147868
150246
150374
150926
150955
129612
135597
143357
151547
153755
155603
156415
162400
170590
167860
162183
160067
160473
162851
146495
133302
135242
143432
149417
151265
146057
154247
147326
139948
145933
150689
148649
149675
157865
159713
160097
148905
143503
127631
133616
138372
138756
139568
140338
142418
145148
152908
153734
155582
158025
158083
158467
159279
159109
160169
159465
138176
140116
140668
141523
143901
144307
142407
144255
146463
146521
146905
147717
152473
159977
163584
171745
161640
160512
166732
168272
176462
180111
172683
167510
160586
162794
166424
154566
154740
152420
153417
156147
148769
150919
155675
161660
169850
150087
157847
157905
158547
160752
166737
168945
158605
158960
159516
162732
166339
151717
145705
149977
150285
158045
158173
159028
161236
163614
166344
167156
168182
167360
158786
165950
167798
168182
159007
160547
153599
140197
141223
142619
142677
148662
156852
159856
154683
154811
153628
153756
154308
157038
159416
141202
141608
141916
143570
143954
145125
146973
149181
156303
158603
157251
147617
117239
117236
123221
121281
127266
132022
132834
132910
134502
129100
131308
132107
131027
123673
122133
112794
114642
115454
115512
115896
118104
126038
123718
125926
131882
130726
123322
122618
124558
118965
119371
115261
115667
118397
118705
121083
110695
101381
101765
102791
102621
108606
108664
109476
111684
113532
118288
120136
114670
116878
112444
112828
113854
118610
120818
126803
127187
127495
130225
137985
138014
143999
148755
150963
144978
143060
140254
140184
145852
141096
141908
147893
150271
150579
135522
138252
133176
133560
133490
135698
134487
140472
148232
150962
153340
139687
147877
150085
150469
158229
159693
159751
155765
154369
155224
154463
160448
155372
149251
151459
153399
153707
156085
146610
140970
143700
141078
141630
142036
136080
135757
138135
120092
112390
114238
118994
121202
121586
124316
132076
132931
135661
136516
137068
128063
118797
120823
126635
128843
123767
124195
122713
115264
121220
118346
117464
119404
120430
125186
133376
125145
130746
130746
124166
123782
108475
114460
114964
112092
116848
117406
119254
119638
120664
128854
131062
123250
124806
127536
127565
128420
129446
131654
136410
114265
113891
108605
114825
90600
89247
89276
89828
89956
92686
100876
93070
86515
84920
90905
91289
99479
101071
105827
108035
99033
107223
82549
77901
77959
80167
80979
86152
74962
77340
77695
85629
81195
78606
75748
76132
84322
84322
65949
57259
64635
65447
71432
79622
72924
74748
75774
83964
84348
85160
91145
78373
80132
80944
83152
87908
89756
80751
82959
91149
97134
95205
95419
103609
103993
100378
101190
96231
104421
104805
105617
111602
104591
106969
106998
100748
101774
87571
78331
86521
87547
89395
89779
88964
89348
90160
96145
95889
95505
103265
103649
103707
105787
106599
112584
116058
105639
67951
65743
73933
79918
40338
37839
45599
47695
47666
48478
56668
57052
45988
47580
43146
44970
30657
38417
43173
49158
49542
57732
43349
43709
51899
52925
53309
42141
50331
55087
55471
57679
63664
63722
64534
65304
57498
65688
57114
65304
65432
59972
39677
44433
45459
51444
51828
59588
65048
65432
66330
74520
76728
63456
65304
68034
74019
75045
77253
85013
86861
87673
95863
96247
79157
85142
83746
84130
88886
86152
79911
79483
75753
80509
88269
96459
79099
77275
85465
79483
78073
79099
79407
84163
85018
87748
88560
89112
91052
93260
96264
102249
105065
106913
109135
108280
103204
103974
90637
90365
91220
91249
93627
99539
81722
83930
92120
98105
97401
98213
94011
101945
102757
104965
112725
118710
126900
131656
128044
107505
105730
106542
108750
103801
110451
110451
110973
102783
107539
103308
101314
102340
110100
118290
88430
89242
93998
99171
102775
104983
96485
102827
92867
93251
94021
96229
80698
78224
79195
80463
81489
81547
82330
82714
87673
87731
93716
94528
94912
102672
103484
111674
103484
105332
113522
119507
112768
113580
115370
121712
123920
124690
125502
131487
131795
131853
136609
136225
136609
139339
125337
128067
115380
115508
111079
112105
113953
106874
112859
112888
113796
114180
112998
121188
112332
112332
101992
102804
108789
110637
112845
115223
106034
106916
106034
106034
114224
112019
112802
112860
106063
106961
100597
97942
98754
103510
103894
103952
109937
110749
106063
106121
99784
107974
110182
105748
106560
112545
114393
111171
108825
108825
108755
114740
108697
109005
115347
94734
94763
95575
89575
97765
103750
105958
114148
114532
98749
105091
97927
102859
101035
102883
96901
96872
102857
102915
102368
92714
100904
91948
99452
100264
102994
96088
89494
87344
82171
83139
85347
91332
96088
62162
68147
76337
76979
85169
85169
76337
76337
76721
84481
76593
67958
68342
68556
70764
76749
76807
76593
70611
70608
76593
76977
84737
76593
76721
74155
75181
83371
74797
64324
64708
72468
74316
75128
81113
88873
89257
81113
80857
80684
73019
68963
65351
64195
65221
67429
68123
72879
73691
74075
82009
84217
91977
86575
90182
83234
90994
91378
90566
98756
93818
102008
104216
108972
111180
119370
127130
127258
127060
127872
130602
125526
117336
118362
114298
122488
124336
126160
126972
113980
114108
116048
115696
115725
115725
123915
121569
121569
121015
125771
126155
126213
121386
129576
137336
125788
120712
121738
129928
129986
130294
130846
131658
133598
135976
136788
141544
141602
149362
149746
150176
151572
149626
144550
141961
132972
134008
132014
139774
140458
133752
134277
134945
94671
95055
96081
104271
106479
94780
102540
102367
108352
109164
108460
106140
108348
108703
91948
94156
98912
96592
104782
98418
90982
89630
96582
97608
102364
104212
112402
112460
110466
116451
118659
118967
121175
123905
126283
127138
129078
129484
131692
139452
141660
149850
155835
158383
159825
160637
133816
141576
146332
147144
148992
144236
150048
154548
157068
152634
153446
155386
153037
151741
144289
141559
119264
120660
128850
132457
131753
139513
131158
137143
145333
147881
148693
156453
164643
165003
166851
167376
143125
140387
139231
140799
140285
131951
139885
134809
139309
140164
142104
140538
141564
143412
145620
151002
159192
161400
157858
157190
156486
157298
149752
138145
146335
138633
140481
142689
145067
140162
132508
140698
142906
140154
140462
140590
141445
140511
140682
139158
144618
128546
128930
120740
121552
121936
121994
130184
132392
138377
139969
144725
136535
144725
150710
158900
161108
141647
143855
143325
143383
151573
147139
147951
155711
155269
155653
144613
152803
153829
156037
154719
162097
152786
151658
152684
158669
160877
161261
161569
168303
154653
162587
164435
161287
164195
166400
158594
164579
165391
162843
168828
176588
174419
174803
175615
175085
165733
165733
103642
104026
100413
108603
109373
88354
90294
92502
94880
95692
95182
95566
101295
100591
100061
106711
85246
93436
101196
102008
106764
108972
109356
110126
118316
118374
118682
119537
119595
121443
122469
128454
136644
138584
124714
122336
118009
115276
121261
123469
110693
109464
111672
111730
112114
120048
122348
123345
124200
118968
119823
122201
124931
125483
117174
117482
114639
115675
116059
114877
123067
115675
90124
98314
89370
72119
76020
78228
78612
86802
94562
95417
95725
94746
96896
71089
70891
72739
73736
75676
78406
80784
81168
80510
81322
81380
83588
88859
92504
100665
98380
104365
104423
104807
109563
117323
117631
119839
122569
101145
109335
81167
87123
83179
83237
83621
85573
88303
82483
83509
83869
92059
92443
89517
81755
89133
88611
86461
92446
100636
102484
104784
105781
101153
103531
89417
89487
89516
90328
85996
86166
79369
79677
87437
88249
90097
97857
80008
78972
81180
87165
93815
98571
97759
98571
99383
104139
110124
117884
126074
122462
105392
96470
102455
101925
96752
95288
81602
75675
75153
79653
82869
88854
94236
100886
103094
111255
88896
93652
96382
104142
104667
97289
99497
100893
92703
92343
92343
100225
92123
93971
99956
107716
109564
101862
101384
109574
110600
110984
115740
109888
112618
109888
110318
112526
114374
96847
102832
102128
109888
115873
117721
112645
112447
113259
111726
102348
104556
84709
90694
95450
103210
111400
108040
104428
86519
78329
83085
90845
93053
93111
93923
94307
102497
108226
104614
85306
85306
86118
93878
83907
92097
92155
82965
87721
83886
84194
84322
86530
87556
87940
89788
84706
78050
78862
85810
84774
86622
83618
85826
91811
92623
92681
94529
92013
81599
84603
80466
82674
83529
83558
85936
85246
86058
73109
72355
74505
79261
85246
83038
83422
84192
86400
84990
77538
82920
81855
83280
77518
77489
69121
63933
67149
58862
58502
58560
58944
67134
73119
69261
76765
76061
67411
72167
74375
82135
77701
75707
81692
82000
82029
82087
84295
89051
90899
77613
83598
84102
91862
92170
84245
84274
85129
75755
78133
78685
85849
84025
84795
76837
78685
78743
80591
80543
82751
87507
89418
90618
90088
96738
99038
99322
81250
78930
79285
80055
79747
80602
82810
84750
85776
90532
90916
96298
98117
97389
55343
57551
63536
71726
79486
70296
69654
72051
79811
81659
81659
79454
78298
69243
69301
69739
70018
71044
61030
61262
69452
48515
54500
59530
54736
55120
63310
65688
73448
74260
67228
72452
73467
74493
74877
79633
81841
75426
77634
79482
79866
81714
89474
97234
90286
95842
101015
94733
79766
79795
77321
85511
86537
78731
83487
85695
91680
99870
96252
85127
85511
79169
78013
78783
86973
89181
87601
79539
81747
87732
92488
100678
96244
96302
102287
102671
108003
75080
67274
47938
53923
61683
69873
70685
67073
69281
75093
61827
65220
67428
59877
68067
75827
80583
86568
67598
61443
56554
46443
49351
51199
53407
59219
58329
56505
64695
65003
57365
57955
59137
59949
64705
70690
78880
80728
83028
57099
59307
67497
69705
69763
71611
76367
77179
78205
84190
86598
88566
88624
84190
90175
92380
68129
70337
78097
84082
84894
89650
90034
98224
100432
105188
107036
106838
107650
113635
114661
116509
122494
123306
129291
132021
112978
115186
123376
131136
119764
117444
122171
121128
121436
116788
121233
99593
100619
88844
84258
86466
84258
90243
79860
80335
78983
81191
83921
84229
84258
85070
91055
91113
91421
81629
89819
90845
91229
93077
98754
100962
94617
78891
72906
73932
78688
84673
86762
85261
85319
85984
85470
88200
90408
92786
93598
93641
71906
71935
71575
69202
75187
81172
75158
75216
77064
78993
81201
75216
75216
69231
75216
83406
85254
83790
91980
93828
94598
96806
83208
88381
83150
80942
83150
84998
84176
84234
90219
86815
83560
75370
74707
76555
76939
85129
85899
85377
87755
86758
87570
87848
81022
81877
80029
88219
80029
86014
82237
85579
84782
85594
80134
73587
74613
74613
76821
74331
77455
71470
77455
77513
78325
84310
89066
90914
93122
87159
89367
94123
86755
81679
82491
88220
85900
77863
76511
76895
76953
78801
86561
88769
93525
101715
102240
110430
96780
91650
90614
95312
97160
103145
91592
89272
91480
89272
92002
86190
79496
79525
74395
74743
75051
80511
81537
81921
87906
90114
90172
90556
95312
96124
103884
104696
112886
103670
111604
107170
107298
107606
99533
99917
105902
107081
107851
98088
98900
104885
107093
111297
110459
109174
111382
111382
108606
108990
109048
109860
114819
115631
116015
113851
110596
102662
104510
112700
114908
115720
120220
118223
104471
102307
109386
109911
106753
107565
95276
95404
95433
95839
97779
103764
103290
111352
111816
96636
87262
89640
89669
90075
90930
91482
85625
76495
77307
83292
91482
93257
92983
88371
90579
92928
101118
96042
97068
104232
105044
111029
96042
96100
100856
101668
107653
106136
108036
80522
79572
80342
77252
79332
57259
54529
55341
55725
57573
62329
64537
67267
67296
34033
36763
37789
38173
37813
28829
31559
39749
47509
49357
55342
50266
56251
56280
56588
57400
57528
60258
62636
63188
63572
65420
70176
64961
70946
73676
75884
75913
76319
70460
67400
69248
68216
70424
76409
84599
79397
73201
73003
81193
83401
84213
86061
92046
76950
77305
72974
73102
72280
74128
75310
80908
79585
87345
87729
95919
83638
83696
82203
87162
87974
92730
94578
90801
98735
94301
75358
80114
80172
80556
82764
90954
94475
81372
75387
63653
63961
63423
66153
66705
66833
66862
66862
75052
63704
64088
64396
63370
69355
69611
71203
77853
66586
54984
60969
61781
63629
69441
71649
66573
65437
67613
69821
70205
68160
68972
70564
70212
70737
65751
65809
66193
66501
63953
69938
74694
75051
73693
65561
63567
64379
66227
66611
67637
70367
72575
71393
64667
65051
67259
75141
81493
83701
84085
84143
84955
86547
73689
76237
59706
61554
61612
61996
66589
66973
68821
77011
81785
66900
72282
76727
77539
79909
76657
72685
73497
69371
71568
79328
84084
83554
78965
84777
85161
93351
99278
98968
100816
96872
96930
97314
99522
107456
98281
85932
94122
101882
107867
107163
97937
94163
94471
95139
97509
93075
93930
102120
93930
99915
107675
115865
109875
104086
106294
107106
103976
104360
106568
107338
115528
107716
107332
104842
106632
107658
107332
108358
99118
107308
107692
108000
86297
88237
90445
93175
93987
94534
94842
99598
101806
101934
101963
102775
104715
107445
75270
83460
85308
81012
83252
91442
92254
94554
94384
95780
98510
104495
106873
107279
107407
107715
109655
109684
108956
116334
108144
112900
107354
108166
108195
110403
110568
110696
104010
106740
104375
105145
86108
93914
93743
94051
94179
95034
94244
102004
104084
103330
101506
106262
109753
105809
96355
98203
98261
98645
105425
107633
108659
109471
109529
111377
116133
122118
126874
127258
121322
114358
121306
122118
121862
123710
124094
130436
132644
121862
122246
129410
131618
123506
123146
127844
127178
128204
129016
134998
135056
136904
142889
100046
97694
98078
99104
98136
99542
86654
84446
86654
86654
92639
97395
97694
89743
90769
96754
97138
99038
97652
98464
99490
105475
110080
110138
114894
120879
120349
120477
128237
130445
131471
139661
145911
147759
148143
155903
152407
153219
157975
163960
171720
173928
155822
163756
160144
158662
133837
138593
132736
135466
137406
137714
138266
139121
137939
116063
116447
117473
117833
111347
119107
115377
123567
125717
120277
120585
120888
124481
124510
126358
126590
134780
129704
120076
119862
119692
118684
118742
120590
122438
124378
115891
108619
109474
110500
115256
113846
116054
117902
117960
122716
124924
130909
131721
136448
137630
123986
124157
124215
126063
131975
132359
140549
139795
140607
141462
137066
139444
139752
102092
102220
96235
102220
93218
93346
95286
96141
85126
85768
82894
82894
83202
81806
79661
82039
82347
82376
83173
82291
82675
83701
91891
88633
89039
88611
86241
85059
86779
89509
86583
87395
89603
82662
75327
76353
82338
83150
82396
87152
83222
85430
85488
93248
95456
103646
105494
106306
101872
106628
84362
85388
85772
85830
90586
91398
91456
97441
99289
101497
86856
92713
86514
86898
86492
91248
97590
94812
90378
78674
86434
84778
84807
92567
98552
98936
107126
101473
107458
115648
117856
120064
120064
120876
126861
131617
133465
106432
107202
109932
112140
110600
112540
112848
113254
121444
115456
117304
112870
113254
111972
112001
112309
111487
97970
91392
93240
93298
96881
100825
96391
104151
104963
100467
108227
109361
110173
110151
109848
104645
105671
106483
108331
103528
109510
115495
107381
106384
108232
108874
102548
103574
104386
104770
99680
107870
103436
103820
104000
111760
85829
90274
90796
85720
87928
93910
93939
94247
93733
93733
95941
104131
110043
89511
94267
94395
96603
93275
94815
102575
94815
97023
97835
98861
107051
108899
114884
114884
120869
121681
121739
123587
125795
127491
129783
118888
120352
122560
116798
124959
125985
119037
119037
119037
116307
119037
117319
118345
118729
117847
126037
128245
117642
120020
116119
116931
116960
125150
118202
120050
127810
128024
134009
138765
140973
141785
147697
149545
150599
158789
159815
152009
152317
146449
147475
153460
145894
123728
119433
125418
127266
132022
134230
142420
144268
145080
147288
152044
152569
157951
163503
171693
173901
178657
179041
179099
179911
176747
178687
179542
181920
182732
180354
164953
162404
168194
167980
163546
169531
171739
179929
187689
188501
188559
183483
183099
166023
157830
157888
158700
160850
161886
166023
166835
171591
176347
176607
174424
170812
173020
179670
187430
188423
186575
186575
194765
199521
199564
200116
202056
202462
173563
166541
168481
168887
168916
163534
164086
163274
169259
177449
168734
170582
178772
179156
179926
182134
163045
156470
156876
154106
154961
157339
163324
171084
177734
169496
163181
162651
160973
161785
157813
164033
158271
162998
164024
164024
164836
165050
167258
175448
165564
165948
165692
169006
169006
169818
172548
173100
174926
171260
173468
181402
183702
184227
183523
184335
176164
171730
172585
164703
165255
154188
155000
155384
160557
161327
155043
157251
157280
157686
157657
155844
132529
130681
131536
133914
134940
136788
133214
124209
115332
116144
117992
121124
117180
107052
111808
113204
115409
116456
105288
105648
113582
109148
109456
114212
106115
109119
110967
111025
111025
115781
122729
123755
124139
124951
115651
118381
124366
132126
127352
129560
129688
130714
138904
134128
131465
133673
135521
135521
141506
141506
146262
141890
143738
145946
150702
151227
152039
154339
152857
134294
135106
136132
140888
143096
150856
159046
160488
159092
158280
160128
167888
159820
168010
169910
166298
167110
166596
161476
164206
164334
172524
174732
174732
177984
180192
180576
176024
177050
160790
160790
161174
157273
157401
158043
162799
153058
158390
166580
167606
175796
178004
178080
166836
174642
175026
168684
158259
160467
158473
159285
167045
171545
177501
164173
164481
158353
150547
158737
159165
161543
158411
164396
166604
174364
175176
176173
176301
176609
178987
186793
178987
187177
187561
176609
181365
161930
155139
155804
160763
162156
148054
149080
147684
155444
160200
155804
158012
159038
166798
171554
179744
180052
180864
180992
181847
175865
176249
184439
185209
185517
187683
179926
184682
185708
191693
192077
172777
180967
181043
182635
178201
179013
178201
179161
179973
185958
173082
171600
176327
168319
175823
178201
153620
154646
161380
169570
175555
177763
178575
178831
186166
188374
184010
189995
188609
189421
189805
197565
198377
192178
192236
194084
201844
204052
210037
213923
209721
208369
208363
213119
219104
221312
216878
213816
221576
229766
234522
236730
238578
239390
247150
247675
247983
250191
252131
252160
258145
260523
260929
261057
263787
267394
274044
268584
256617
262602
244647
252837
257593
265353
258327
234554
239310
237410
238436
239248
247130
253115
255323
260705
249589
249717
250743
258933
261141
266087
267113
269661
270045
273300
261838
270028
265983
262344
264722
257817
257945
246025
248729
249113
248291
240009
238485
242622
237511
233447
235295
243055
242525
250715
255471
254119
241898
226803
229533
231473
232285
234493
220144
227904
233889
238645
240493
239097
241305
249495
257255
262011
263859
258457
260665
261020
261790
266235
270991
276976
284736
286915
292900
295448
303208
298035
297505
295211
295339
292525
293337
293721
286613
274909
279665
285650
293410
301600
303808
278775
262611
262825
267581
269521
270376
272584
272892
268264
265009
267387
252738
245902
246928
254688
252529
254377
262137
262949
268934
269960
278150
280358
280285
281311
286067
286451
285313
282891
285099
280946
281254
283073
283885
269962
278152
284137
282289
287045
263246
261796
266296
266126
270571
277221
264899
256014
261999
259266
243477
251667
252693
254233
249359
243899
235996
236380
242365
246993
254753
257483
247802
248828
249212
251060
246923
247949
248761
249616
251824
260014
246314
239566
244194
244578
249960
238444
239256
247446
246008
253768
256287
256972
257030
259238
257682
258494
263250
267027
274787
274787
277165
270755
263123
263431
263983
264012
264867
259039
264069
264881
267089
268937
269963
274719
280969
283177
284203
290188
292036
299796
299540
299569
295150
279498
228366
227210
227980
230710
232918
223292
228048
234033
199855
200239
198801
206991
205725
194279
202039
202851
202909
203721
209706
211914
216670
216140
190054
198244
199432
191242
191242
189423
189829
190684
191236
191544
182865
185413
186225
178523
178883
176121
178061
178369
179224
175012
175012
175012
183202
190962
191774
192326
194704
195559
171668
173516
171692
179498
145292
146104
146162
146801
146242
150446
148452
156642
158850
160698
161510
157424
152846
161036
160394
160856
161036
161848
169608
161036
161420
161036
162884
163696
164722
166930
175120
179876
179934
180789
182637
183021
184047
192237
194445
188851
189235
183535
172342
178327
179139
179197
181045
181045
163459
168215
170063
178253
178311
179123
174689
172141
173877
176085
179692
180504
178184
167356
173033
179767
181615
181101
185857
186241
186299
187111
187663
176935
177063
177918
180648
182588
184966
185518
186544
187356
193338
195488
196514
197326
203311
205159
190380
190409
195791
186802
192787
192915
193659
194471
187523
193508
195716
200472
201479
192725
188512
196702
198550
194116
195269
190981
133636
141826
142852
135046
135354
124302
124686
132446
133472
133530
139515
139823
144579
152513
152897
152897
155105
155832
156238
158616
160556
163286
154019
154077
134179
141939
150129
150257
152465
152773
155151
146482
104914
109670
111878
112262
120452
128212
128241
128549
121644
103642
111402
112214
112300
106440
111196
107674
108058
116248
111800
111829
117814
115023
116013
119649
127409
132165
132977
135185
135243
135627
137475
145409
139179
139949
135371
143131
144157
144541
144849
150834
153564
153593
132289
132841
124053
125901
125901
127417
128187
106067
106879
107187
109917
110772
89863
88025
88837
96643
98851
98979
99008
99863
99537
83077
90837
95593
90307
96957
96569
94343
87769
89977
97737
99585
104341
110153
110965
111490
107434
112816
117572
120302
120854
121162
111527
107390
107774
108800
111530
105798
110554
108471
116231
115709
114627
113087
109846
114474
115286
123017
131207
114334
114392
114392
110406
111261
111261
113109
101917
102301
110491
111303
113151
103316
109301
117491
119339
108468
108468
113224
116831
121103
123311
131501
132313
134161
140146
144902
149902
152110
150714
158474
136289
139556
135419
136231
136202
118513
124498
129254
131462
133310
141070
141592
126580
125797
128005
128063
128191
130131
130986
128662
131040
99099
99911
96894
97706
97764
97793
105983
107831
102966
97793
99641
100025
108215
110423
102997
103381
111571
113275
110853
107823
107823
110031
103988
109973
110031
102689
90831
93039
93894
96624
96752
96922
98734
99140
101812
101940
93366
93366
84979
86827
86885
92870
93682
87755
88567
94494
91336
99526
99456
105441
106253
91208
99142
92800
100990
95759
95817
101802
103898
104753
107483
109563
106950
107976
106848
104502
102182
110372
102438
104646
92272
92656
94504
102694
108621
108621
102438
100582
103312
99700
100726
101110
98774
106964
95101
103291
108047
104435
108042
108710
103916
104044
104856
105668
110841
110899
105668
113858
105240
106266
108114
108172
108984
108984
110010
115995
124185
131945
136701
136829
139037
123942
118866
118054
118866
124851
110676
118610
118610
126800
112781
112757
119921
120049
118149
104449
79664
87854
93839
101599
106355
107167
109375
104883
96703
96831
95565
95949
96975
105165
106347
101933
102959
103017
103343
111405
109487
116865
117249
54577
62767
70573
71385
73593
75441
75499
76525
81281
89041
89853
98043
89099
89483
89503
91351
88991
97181
99029
93953
94723
80039
80851
80909
85665
87513
93498
86334
84510
86358
94548
93498
89252
86344
88494
81157
89347
89405
89713
69678
70490
71345
66589
68967
68247
66591
62889
62947
64795
65565
71550
72362
72420
68649
73405
75613
69830
70214
71240
79430
81638
81730
83434
83492
83770
82382
74442
71926
72952
74800
71023
63023
63081
67837
73822
73080
59976
62706
63732
65580
67428
68454
67486
65836
38639
43395
45603
46415
46473
48321
49503
57263
58075
59101
59159
61007
65763
68133
59819
62027
68012
69860
74616
75428
77276
82032
84240
90225
91037
82732
73692
73750
74134
75982
72408
63858
63036
71226
73434
77187
77999
78057
80265
85021
86811
65746
70502
78692
79718
79776
78070
79096
79224
78702
81432
82458
82028
82840
77666
79874
81722
87534
86722
74775
76623
81379
83587
89572
84874
87604
87732
87732
88374
88374
87476
92936
93320
93192
92156
98141
99537
104293
103933
77102
77486
69296
77486
79694
85679
90179
86567
84247
85059
86907
75843
82493
77417
77803
77803
78187
80011
80794
80290
84677
69506
67186
68154
76344
81100
65928
71913
65309
73499
74525
74909
75217
79494
65844
67692
70422
72362
73217
75595
76407
76959
77087
77116
79324
77254
78066
78921
81651
76767
72855
72913
73297
70731
78351
73275
65104
65627
66482
66888
67294
67323
69701
69701
66705
67257
69987
70079
69267
71183
71118
68388
68340
68648
69503
69649
72027
72433
72462
73014
73142
75872
77812
81474
82286
81404
71499
79259
79784
83000
79812
80624
80682
80512
88702
93458
96457
92845
93733
94759
102949
110709
111521
116277
118125
124110
107275
108087
116277
119913
125898
133658
131110
133488
140998
144059
145861
140785
140587
141399
141527
142425
144651
146859
148399
150607
158367
161275
162087
163935
161384
148399
146681
148500
147986
148114
150522
155278
150319
150377
156362
139924
140950
149140
151348
150988
150038
150096
150908
158668
149968
149712
157902
124367
124751
124132
124190
126398
134588
136436
141192
134056
136264
144024
144408
137460
145522
140824
106200
106200
90829
96814
98708
93306
93661
98103
97461
98022
99870
99928
100740
102948
107704
109552
117742
123727
124753
124811
120627
122475
123501
123629
124811
126253
125739
126551
126609
127464
129842
129900
114699
122889
123659
129586
132713
120463
121275
121333
121717
123925
128681
136871
128177
126457
126765
127663
129871
138061
139909
115720
115016
113664
114476
115331
111489
116245
106146
102786
103556
104368
110353
112172
110690
106406
108254
110462
116447
124637
125083
120649
107184
99880
93626
94010
94068
94880
96472
100079
100050
100221
102069
106825
112810
112868
111784
74701
76909
76967
76967
80574
88735
83659
84215
92405
81213
81597
83445
84442
61170
62196
64044
72234
74442
76157
71839
68557
69583
71791
77703
82459
80640
83456
83840
84652
84710
90695
92903
101093
93237
86585
87397
87455
88452
90300
92678
67343
69551
69679
69987
59589
60615
62823
64671
67401
55721
54685
59441
58937
58966
59821
60847
55566
57774
62530
64738
65550
73310
79295
79679
79737
87927
89775
97535
97909
79751
73931
73931
76309
78517
81247
85695
86507
80754
86739
85387
84883
79836
85821
79836
85296
80862
77500
77628
78012
78070
82826
91016
92608
93133
95312
100694
100180
98827
99379
95772
96569
96598
97004
98030
92559
80711
81481
89241
95226
97434
92428
94119
86412
89142
78376
86136
86948
88796
91004
90300
88948
89803
94933
96589
98797
98925
97077
105267
107115
102305
92700
94908
96756
97510
102266
108251
116441
104683
105495
105879
107727
115917
121902
121960
127945
131675
132701
132759
129091
129903
126126
126981
125128
131113
132139
139899
142107
143955
152145
156901
156959
128446
130654
131680
139870
148031
153760
154572
147322
138748
139603
137609
133564
133535
133843
120711
126696
111222
111992
119156
119516
117616
119866
118830
126590
129320
130175
124623
125649
117488
119336
119336
121544
129304
128790
136922
136570
136599
131587
124730
118745
94925
95737
101722
91485
98479
100071
96294
102279
100199
101225
109415
111623
101611
101919
103859
104265
106995
107547
109925
110780
109584
117774
123759
120019
102503
100509
105805
106831
106889
109097
101091
103821
106121
106976
111703
110137
111130
116987
113210
111420
112232
118882
116964
111888
114258
114783
102304
101790
104168
100667
106652
100667
98151
105911
108641
114626
114934
117142
111617
114269
115305
121290
127940
118951
119763
119455
120267
128457
130665
131701
136149
142134
142930
121053
125809
108797
109105
109105
110131
118321
116199
123959
131719
139909
145894
142282
144490
144548
148069
150277
155033
150045
148051
155811
154036
139710
144338
145150
127359
129729
130755
129729
137919
140127
141975
99911
100295
101887
110048
110573
110416
110800
118990
127180
127308
112749
113133
113005
121195
127180
127564
128590
129402
114541
114011
116219
122439
123465
123849
132039
137966
112537
120727
120727
118522
126282
128130
129156
129214
130026
137908
129204
125440
126252
132237
123407
130785
125184
125184
125184
127032
129884
117260
119468
112176
120366
118925
119737
120121
112334
104144
101922
102306
103076
105806
103888
106096
95698
87625
95815
96627
102612
108534
110742
112590
118575
118575
115871
120627
128817
107208
107422
112595
113407
99104
99488
101696
109456
110268
110652
110710
113440
118196
118196
118026
118084
120814
120942
121494
123872
124786
125094
122672
124612
125018
127226
126044
127892
113397
115605
115733
116588
119318
121258
123084
112520
115736
117944
110996
116378
118748
113346
121106
129296
124502
129258
129566
130378
130506
136491
138699
122606
130796
129914
125480
120398
122606
122798
122284
123096
125826
126681
118650
124562
119768
121616
121674
122529
122657
125387
126681
134441
140426
140484
142692
144540
145352
145736
150492
150620
152828
139286
141226
141632
141661
144039
136828
139036
140062
140120
146105
154295
156143
159147
159531
154071
154129
161889
160707
162555
166034
163688
168444
164983
166865
169595
170407
170407
168228
168228
165331
165639
165767
167707
168519
169545
166997
155202
161554
165331
170087
161418
157688
165448
167296
173281
175489
175873
170791
170293
178053
178865
138665
140873
141685
147670
147728
149320
150346
150850
131790
139980
144736
146944
148792
149176
156936
157962
153256
155104
155232
156936
126569
126953
127011
128037
134022
136230
143990
144802
146650
147034
147846
155606
160106
162773
155681
135064
136912
136100
136912
133835
126419
128267
128069
128881
134837
135163
135163
141148
149338
157098
157910
162666
160118
134779
125803
123255
123255
124067
129796
133012
140772
145217
144153
148127
150335
145687
146713
148561
150956
149931
150957
152805
153617
153675
159660
167420
170480
148105
149953
149953
149953
154709
150120
148554
148612
152331
152715
154923
155735
163669
159235
166995
167303
141644
149834
144230
152420
147626
148010
149858
151578
151962
157148
159815
158586
159398
159456
159724
160108
159724
161572
169762
171354
177339
182095
187907
190115
184713
185525
185880
193640
188238
183590
189546
190214
184778
189278
191570
184436
183708
182226
188182
185260
183865
184249
182417
184265
186205
174775
174903
175455
178185
183567
183732
180450
179722
164979
166005
165037
163573
171763
172147
164385
172575
174783
182543
184391
178955
179725
171153
171965
179725
175136
175948
177796
177825
179866
181265
181649
183497
185705
174670
179397
185209
186021
185397
174871
183061
183293
180349
188109
187195
187579
189427
196253
204443
204827
183805
184831
185215
179233
180825
186207
194368
179680
180706
182914
191104
191488
175624
170633
172481
172865
175073
183007
182303
179983
183561
183057
182329
179407
182467
177065
177420
171344
176726
178934
181304
176656
181006
186388
182416
186861
184653
186501
187313
195073
185219
180785
181145
182993
189184
187788
182224
184432
182386
183241
185590
163581
164393
163673
148905
146629
147441
155631
161183
161953
163801
171177
170771
172979
175709
176564
166453
164513
166891
167746
167308
158861
164846
165872
166684
167051
168899
169370
167847
162839
159825
158309
158617
158447
162051
165952
168160
168544
168602
170450
171262
171032
170210
165514
173274
175122
175250
177980
178792
179222
183978
189963
178491
178183
183565
182837
179896
162886
168612
163964
164990
167198
169046
170072
170398
173645
173645
174457
176305
181478
181536
177759
183488
185336
176808
177620
176916
174278
175090
173970
174278
161522
162334
170094
171942
171942
174150
169074
161314
169475
168771
170979
172754
170836
172235
165688
167536
169744
170556
169074
157868
162368
168180
174165
175158
167414
169622
175872
180192
187952
188010
188793
185525
186837
194597
189009
189393
183051
178987
173215
174807
173151
174177
182367
160494
165250
167458
168719
174939
169503
169561
169489
168501
169153
176913
175193
176005
176557
179287
174227
174203
158467
158595
160443
167947
167733
167791
168175
170383
170812
171624
179785
180182
177619
177089
177901
185661
190361
197739
198551
197669
181921
182049
184257
162413
164621
172125
174495
170883
171695
172721
155050
155434
150261
152631
143462
145670
139321
141140
133179
125477
133237
133621
135469
142119
142931
143456
137456
135034
142794
143649
138855
138913
141121
121581
121603
122349
130539
132387
124581
125607
129384
124221
118831
119857
120669
128859
131675
136805
144565
150377
158137
159985
160047
146221
145399
152133
150951
151335
153543
148339
149151
156273
149803
132880
134728
137632
139619
141467
142279
137831
140039
144795
146163
151975
154183
149107
148909
146915
152900
153712
153770
139082
136736
135914
144104
144916
152676
154524
143530
143588
149515
144926
153116
160876
162724
168709
163633
164445
168945
166625
164467
165860
171845
173693
174505
174563
174947
177155
174777
182537
182921
176135
176947
183898
184423
186631
186689
191189
192186
192998
193523
199335
201485
193221
193529
176283
176689
177544
161340
156264
153390
154416
159492
160528
160586
144651
146859
146126
151938
154146
154958
155483
135853
136665
142650
140245
139448
141656
143504
143475
149460
147380
149320
144806
141606
135679
135987
136842
137394
140124
140936
146921
147675
146921
140066
140066
141914
141972
142784
150974
156959
150666
150922
136645
137457
137765
138317
141047
141902
137483
142240
137164
139116
145220
145528
146554
152539
150883
150941
148845
147663
149871
155856
156668
156726
145658
147433
153418
158174
150244
150628
157426
165186
166212
168060
168118
174103
159326
161226
162252
162380
154712
153610
147161
147190
148045
152801
152929
153784
156514
158454
159480
153524
154379
157109
157661
135673
136145
136453
136185
137211
144971
142125
144330
144855
129717
134473
131565
131693
131495
132583
134791
135817
143577
145297
145326
140485
142634
142762
143255
151015
151827
156583
157609
165799
165857
168065
169913
169913
152344
148343
153725
154393
158838
153076
153431
159160
167350
170410
171436
173284
173342
175190
175020
182780
180376
174064
174064
174021
181781
186537
190985
179992
185820
143751
141757
139901
147835
143401
139789
139661
140687
145443
129503
120749
122689
125419
126231
130185
130070
132096
133122
139107
139491
137551
134507
139263
141111
139929
148119
150010
151036
151848
153696
155049
154023
156873
159081
165066
173256
174068
174126
181886
176810
178094
156948
157354
157662
158214
160944
162884
165262
146761
147573
145025
149781
149579
150605
158795
158853
160701
137522
133664
140006
147766
153751
153047
151064
150534
156211
156269
164029
164841
166689
166218
167371
163309
154513
154513
155368
161180
157928
165282
165590
153547
152665
154873
161523
156781
153803
153931
154743
154772
156980
159358
161298
164028
164840
169190
175175
183365
191125
173652
175860
178238
178622
184607
185633
193823
201583
175330
172310
174518
182278
190468
194605
199361
178942
183698
185906
184683
192443
193255
193313
192885
191703
199463
201167
187185
186681
178950
179502
181822
186578
170628
175542
176354
182266
174258
170646
166188
167043
159835
167967
169815
169873
177633
182389
183201
173546
172082
165716
170472
170530
178662
186166
171442
143803
135045
142805
145013
145071
139995
139995
138599
143355
144381
146229
148129
149977
141987
148637
147933
150141
144065
136153
138093
135975
132717
134309
135306
138036
135434
76937
82922
83948
88704
96464
82269
90029
65128
65512
66324
67916
70124
76080
82730
82026
72675
65359
72009
65907
66933
52961
53345
59330
60356
59127
67317
