206.783
209.304
289.652
334.261
594.478
950.565
967.261
1063.261
1400.652
1496.652
1239.609
1284.217
1621.609
1977.696
1994.391
2201.174
2203.696
2238.348
1180.13
1196.826
1292.826
1499.609
1855.696
2193.087
2193.087
2144.458
2393.833
1217.125
1227.957
565.391
902.783
919.478
964.087
1044.435
1304.652
1400.652
467
511.609
591.957
929.348
739.261
835.261
1042.043
1398.13
1400.652
96
452.087
496.696
513.391
593.739
610.435
594.783
273.391
549.13
593.739
674.087
770.087
1107.478
1463.565
1670.348
1705.652
1965.87
2061.87
2106.913
1658.609
1996
2256.217
2463
1965.87
1888.696
1045.957
1402.043
1739.435
1946.217
1885.522
1965.87
2321.957
2338.652
2212.217
2568.304
2664.304
2096.565
2131.87
2338.652
2676.043
2373.957
2730.043
2746.739
2791.348
3051.565
3258.348
3271.739
3609.13
3633.13
3616.435
3633.13
3759.565
3499.348
3534.652
3361.478
3698.87
3537.13
3633.13
3649.826
4005.913
4362
4378.696
2704.391
3060.478
3140.826
3347.609
3384.783
3480.783
3529.826
3529.826
3610.174
3610.174
3485.217
3529.826
3610.174
3966.261
3610.174
3070.217
3330.435
3410.783
3446.087
3448.609
3465.304
3561.304
3768.087
4124.174
4330.957
4193.25
4227.083
4550.417
4891.667
4934.417
5244.917
4143.625
4235.625
4383.958
4633.333
4667.583
4672.917
5014.167
4672.917
4675.333
4924.708
5016.708
5214.875
5291.875
5325.708
5402.708
5315.042
5428.792
5087.542
4984.458
5325.708
5000.458
5325.708
5325.708
5575.083
5523.875
5598.458
5232.5
5324.5
5340.5
5604.75
5696.75
5730.583
5733
5508.375
5706.542
5324.5
4903.083
4995.083
5318.417
5659.667
5693.5
5196.833
5045.875
4982.792
5180.958
5152.458
4577.833
4903.083
5058.5
5101.25
5442.5
5442.5
5442.5
4967.25
5044.25
5046.667
5080.5
5329.875
5421.875
4968.458
5060.458
5137.458
5115.458
4687.542
4541.08
4615
4656.04
4846.28
4848.6
4863.96
4952.28
4984.76
5312.36
5386.28
5625.68
5625.68
5699.6
4523.8
4633
4645.708
4661.708
4753.708
4951.875
5028.875
4187.333
4528.583
4564.208
4422.68
4316.28
4348.76
4070.2
4144.12
4334.36
4422.68
4422.68
4745.16
4651.32
4651.32
4651.2
4739.52
4754.88
4757.2
4789.68
4340.32
4411.92
4651.32
4593.08
4625.56
4815.8
4856.84
4961.72
4841.56
5007.04
5039.52
5041.84
5115.76
4651.32
4651.32
3646.96
3521.462
3262.769
3276.615
3278.846
3276.615
3459.538
3419.692
3276.615
3276.615
3591.615
3606.385
3608.615
3618.889
3043.407
3265.074
3295.148
3177.846
3273.2
3491.6
3532.64
3548
3548
3875.6
3890.96
3807.44
3766.4
3880.167
4221.417
4313.417
4181.92
4184.24
4258.16
4497.56
4807.96
5135.56
5176.6
5209.08
5296.76
4807.96
4269.6
4509
4836.6
4910.52
4943
5133.24
5443.64
5771.24
5776.36
5019.8
5035.16
5123.48
5451.08
5344.68
5439.8
5499.708
5512.542
5573.542
5771.708
6112.958
6155.708
6405.083
6421.083
6513.083
6515.5
6549.333
6721.708
7062.958
6149
6192.167
6284.167
6365
6381.917
6631.167
6647.167
6392.583
6426.417
6624.583
6749.75
7091
7168
7340.375
5861.458
5953.458
6276.792
6526.167
6328
6526.167
6560
6463.333
6540.333
6789.708
6724.5
6922.667
6956.5
6631.25
6723.25
6107.25
6141.083
6339.25
6382
6723.25
6564.167
6736.542
7059.875
7151.875
7169.125
6953.583
6366
6305
6382
6723.25
6382
6382
6060.917
6160
5954.64
6265.04
6306.08
6380
6382.32
6416.52
6504.84
6599.96
6605.08
6714.28
6802.6
7113
7352.4
7264.08
7202.48
6462.44
6557.56
6635.16
6744.36
6776.84
6871.96
6894.04
6668.346
6683.115
6754.192
6756.423
6841.346
7139.808
7322.731
7337.5
7652.5
7723.577
7725.808
7956
7987.231
8302.231
8333.462
8404.538
8634.731
8249.577
8032.269
8215.192
8217.423
7157.923
7157.923
7456.385
7495.846
7566.923
7569.154
7214.385
7444.577
7222.731
7307.654
7606.115
7921.115
7960.577
7962.808
7994.038
8065.115
8248.038
8250.269
8289.731
8604.731
8689.654
8704.423
8775.5
8806.731
8065.115
8156.577
7599.385
7273
7455.923
7540.846
7625.654
7159.346
7190.577
6962.259
7249.667
7425.815
7427.963
7465.963
7753.37
8056.704
8138.481
7483.444
7243.593
7023
7111.074
6893.75
7186.25
7400
7466
7466
7758.5
7465.036
7216.429
7386.286
7452.286
7466
7466
7479.714
7772.214
7785.929
7955.786
7583.357
7875.857
8087
8123.643
8046.857
8260.607
8374.259
8456.037
8049
7745.667
7505.679
7675.536
7704.536
7997.036
8063.036
8063.036
8355.536
8632.679
8691.821
8039.963
8041.037
8142.148
7888
7917
8194.143
8361.929
8375.643
8441.643
8478.286
8557.143
8783.643
8361.929
8108.966
8172.69
7545.179
7558.893
6429.643
6722.143
6892
6928.643
6570.5
6348.593
6651.926
6334.37
6637.704
6732.074
6813.852
7117.185
6899.643
6928.643
7142.393
6405.857
6419.571
6485.571
6778.071
6778.071
6780.143
6809.143
6845.786
7110.893
7280.75
7346.75
6750.321
6750.321
5780.429
5791.429
5792.464
5861.75
5890.75
5975.679
6006.214
6103.714
6079.286
5760.286
6037.429
6039.5
6332
6361
5826
5839.714
6009.571
6232.148
5438.889
5453.926
5429
5465.643
5758.143
5615.556
5653.556
5697.333
6000.667
5765.778
5665.63
5499.929
5565.929
5568
5845.143
5911.143
5990
6019
6019
5155.31
5437.724
5579.643
5793.393
5795.464
5874.321
6044.179
6110.179
5934.862
6202.448
6484.862
6512.862
6676.862
6712.241
6994.655
6996.655
7060.379
7136.517
7404.103
6486.862
6693.241
6721.241
6885.241
6948.966
6984.345
7266.759
7294.759
7308
7384.138
7384.138
7179.241
6133.586
6161.586
5893.517
5895.517
5999.103
6163.103
6176.345
6211.724
6375.724
6403.724
6686.138
6791.714
7000.429
7066.429
7002.5
6786.679
7000.429
7029.429
7066.071
7235.929
7314.786
7316.857
7609.357
7638.357
7704.357
7981.5
8079
8371.5
8363.286
8392.286
8428.929
8043.5
8109.5
8188.357
8079
8081.071
7896.321
8079
7736.143
8028.643
8094.643
8108.357
8079
8248.857
8013
8079
8245
8274
8310.643
8603.143
8632.143
8633.179
8644.179
8723.036
8807.964
8877.25
8634.5
8663.5
8877.25
8307.964
7504.893
7602.393
7375.621
7403.621
7671.207
7769.483
7681.621
7214.793
7250.172
7313.897
6880.241
7162.655
7190.655
7354.655
7367.897
7470.393
6547.321
6549.393
6518.321
6688.179
6767.036
6803.679
6832.679
7046.429
7112.429
7113.464
7210.964
7503.464
7532.464
7746.214
7759.929
7413.071
7413.071
7561.593
7630.037
7394.179
7423.179
7423.179
7671.321
7700.679
7779.536
7949.393
7615.759
7539.724
7567.724
7399.966
7401.966
7450
7478
7640
7716.138
7718.138
7746.138
8028.552
8063.931
8331.517
8043.379
7458.897
7665.276
7693.276
7728.655
7804.793
8087.207
8150.931
7853.552
8017.552
8093.69
8157.414
8185.414
8187.414
8216.897
8038.517
8214.897
8216.897
8280.621
8293.862
7935.31
8011.448
8293.862
8081.241
8116.621
8280.621
7808.966
7808.966
7836.966
7872.345
7885.586
7949.31
8216.897
8218.897
8295.034
8216.897
8216.897
8499.31
8512.552
8588.69
8871.103
9035.103
8385.448
8591.828
8619.828
8683.552
8228.8
8290.4
8335.5
8535
7898.3
7831.966
7654.724
7567.429
7099.929
7197.429
7276.286
7398.929
7333.786
7038.571
7107.857
6898.138
6900.138
7182.552
7346.552
7422.69
7486.414
7488.414
7523.793
7551.793
7819.379
6976.276
7011.655
7294.069
7561.655
7563.655
7591.655
7604.897
7887.31
7604.897
6810.586
6974.586
6976.586
7052.724
7335.138
7114
7142
6925.333
6521.967
6075.267
6136.867
6336.367
6363.433
6365.367
6521.967
6276.033
6549.033
6794.967
6521.967
6248.967
6521.967
6581.633
6740.167
6813.767
6815.7
6643.267
6769.167
6322.567
6481.1
6493.9
6501.033
6759.7
6786.767
7059.767
7061.7
6693.759
6769.897
6805.276
7005.966
7124.379
7288.379
7316.379
7324.679
7390.679
7390.679
7390.679
7383.036
7365.607
7232.393
7089.607
7155.607
7234.464
7331.964
7387.893
6689.036
6981.536
6995.25
7074.107
6865.552
6766.448
6972.828
7240.414
7268.414
7270.414
7296.414
7502.793
7581.966
7745.966
7745.966
7773.966
8056.379
7574.966
7651.103
7714.828
7267
7295
7358.724
7295
7371.138
7136.759
7138.759
7345.138
7421.276
7057.75
7042.464
6894.714
7064.571
7355
7391.643
7391.643
7420.643
7559.429
7625.429
7675.286
7375.036
7444.321
7223
7505.414
7541.138
7239.276
7445.655
7254.207
7418.207
7418.207
6936.069
6908.069
6363.241
6032.69
6171.571
6121.214
6157.857
6171.571
6419.714
6421.786
6500.643
6566.643
6020.821
6049.821
6078.821
6248.679
6314.679
6370.607
6477.893
6514.536
6543.536
6545.607
6759.357
6770.357
6361.5
6424.552
6459.931
6473.172
6190.759
6473.172
5989.143
6045.071
5904.214
6074.071
6076.143
6353.286
5600.071
5649.929
5942.429
6008.429
6045.071
6337.571
6507.429
6544.071
6573.071
6586.786
6665.643
6731.643
6945.393
6946.429
6122.893
6336.643
6017.214
5839.714
5673.724
5880.103
6044.103
5807.724
5835.724
5807.724
5835.724
5848.966
6116.552
5971.724
6032.931
6015.143
6044.143
6214
6427.75
6704.893
6783.75
6849.75
7142.25
7233.25
6783.643
6968.393
7034.393
6770.893
6849.75
7142.25
7153.25
7157.821
6946.379
7228.793
6887.138
6680.759
6710.241
6546.241
6710.241
6725.069
6681.828
6351.276
6353.276
6620.862
6697
6710.241
6874.241
6937.966
6324.138
6372.276
6578.655
6606.655
6874.241
5984.138
6266.552
6534.138
6616.138
5924.179
5935.179
5954.893
5420.714
5431.714
5279.793
5486.172
5488.172
5645.107
5922.25
5951.25
6017.25
5441.536
5452.536
5550.036
5619.321
5649.857
5465.107
5490.321
5704.071
5733.071
5746.786
5812.786
5897.714
5976.571
5898.75
5695.345
5565.138
5473.414
5501.414
5295.138
5501.517
5663.483
5691.483
5704.724
5865.75
6127.714
6297.571
6376.429
6405.429
6100.857
6314.607
6607.107
6820.857
6899.714
5801.607
5971.464
5573.552
5561.138
5574.379
5574.379
5635.483
5711.621
5875.621
6082
5835.207
6039.586
5911.036
5940.036
5976.679
4703.571
4980.714
5046.714
5121.571
5150.571
5452.593
5466.815
5165.185
4400.296
4621.963
4494.667
4716.333
4540.185
4621.852
4659.852
4662
4883.667
5059.815
5363.148
5109.154
5254.423
5339.346
5654.346
5952.808
6135.731
6150.5
6181.731
6183.962
6335.654
6237.654
6268.885
6205.615
6236.846
6239.077
6079.962
6262.885
6036.704
6006.63
6036.704
6105.148
6294.037
6597.37
6627.444
6559.889
6736.037
6738.185
6819.963
6050.926
6088.926
6392.259
6474.037
6036.704
6118.481
6340.148
6006.63
6018.704
6020.852
6102.63
6390.037
5800.407
5830.481
5844.704
5756.269
6054.731
6139.654
5869.577
6037.731
6352.731
6336.192
6367.423
6369.654
6384.423
6066.577
6038.885
6054.5
5867.885
5687.192
5724.808
5550.778
5772.444
5580.852
5610.769
5840.962
5523.615
5563.077
5570.885
5753.808
5756.038
5986.231
5441.038
5756.038
5141.5
5143.731
5174.962
5214.423
5229.192
5156.269
5454.731
5056.692
5355.154
5670.154
5709.615
5892.538
5923.769
6008.692
6010.923
6025.692
6030.615
5610.385
5440.593
5522.37
5590.815
5590.815
5672.593
5894.259
5620.889
5836.444
5893.481
6165.852
6311.926
6158.704
6196.704
6418.37
6173.778
5848.37
5862.593
5878.444
6165.852
6453.259
6629.407
6300.037
6381.815
6685.148
6906.815
7082.963
7113.037
7047.296
7077.37
7049.444
7093.222
7298.852
7366.296
6775.556
6787.63
6825.63
7047.296
7350.63
7419.074
7449.148
7625.296
7707.074
7928.741
8216.148
6907.407
7129.074
6560.296
6649.481
6651.63
6827.778
7047.296
7077.37
7299.037
7310.444
7411.556
7412.63
7417.37
7437.815
7525.889
7747.556
7734.222
7816
8119.333
7349.741
7349.741
7525.889
7829.222
7444.111
7525.889
7459.148
7531
7477.593
7380.393
7338.536
6358.893
6585.393
6799.143
6878
6941.393
6238.929
6408.786
6622.536
6899.679
6686.036
6752.036
6646.429
6441.714
6455.429
6492.071
6558.071
6850.571
6850.571
6864.286
7141.429
6964.407
5758.444
5980.111
5980.111
6267.519
6489.185
6512.963
6543.037
6624.815
6800.963
7104.296
6964.407
7230.074
7244.296
7274.37
7342.815
7374.481
7244.37
7332.444
7531.778
7753.444
7783.519
7851.963
8155.296
7845.556
7156.296
6143.963
6293.577
6324.808
6395.885
6626.077
6526.385
6557.615
6559.846
6742.769
6795.346
6777.231
6529.769
6165.269
6204.731
6519.731
6482.5
6284.808
6515
6529.769
6828.231
7011.154
7042.385
7044.615
7129.538
6299.577
6069.385
6299.577
6614.577
5957.346
5988.577
6059.654
6289.846
6472.769
5642.346
5642.346
5957.346
6270.115
6453.038
6485.923
6500.692
6512.538
6543.769
6339.407
6626.815
6708.593
6708.593
6973.926
7011.926
7026.148
7094.593
5804.407
6023.37
6023.37
6025.519
6036.926
6108.778
5927.25
6097.107
6126.107
5647.464
5432.821
5461.821
5540.679
5542.75
5756.5
6049
6326.143
6126.107
6137.107
5924.393
5629.821
5708.679
5477.138
5641.138
5847.517
5860.759
5584.964
5620.429
5634.143
5804
6067.5
6344.643
6373.643
6189.241
6090.759
5414
4723.724
4930.103
5006.241
4787.552
4921.536
4921.536
5169.679
5462.179
5339.536
4737.393
4766.393
4633.179
4846.929
4429.393
4431.464
4510.321
4589.071
4667.929
4681.643
4683.714
4712.714
4778.714
4948.571
5013.714
4941.357
5010.643
5039.643
4901.241
4914.483
4265.964
4331.964
4545.714
4715.571
4781.571
4860.429
5074.179
5076.25
5105.25
4696.393
4733.036
5025.536
5039.25
5105.25
5141.893
5138.607
4930.036
4932.107
5101.964
5368.107
5381.821
5658.964
5695.607
5774.464
5944.321
6158.071
6160.143
6226.143
6323.643
6616.143
6786
6854.893
6535.214
6244.786
6273.786
6258.5
6323.643
5925.107
6094.964
6308.714
6337.714
6339.786
6418.643
6352.643
6421.143
6212.966
6419.345
6701.759
6865.759
6879
5923.241
6190.828
6018.667
6003.933
6005.867
6046.833
6120.433
6393.433
6592.933
6605.733
6632.8
6891.467
6925.667
6953.067
6955
7228
6561.5
6623.1
6881.767
6955.367
6989.567
6695.833
6790.207
6444.138
6855.571
6805.714
7019.464
7098.321
7268.179
7334.179
7166.393
6934.429
7211.571
7504.071
6469.036
6682.786
6684.857
6750.857
6920.714
6846.429
6925.286
7139.036
6846.429
6898.714
6684.964
6977.464
6574.179
6709.071
6738.071
6740.143
6753.857
6832.714
6846.429
7060.179
7060.179
7130.821
7167.464
7337.321
7629.821
7138.929
6776.714
6855.571
7134.357
6855.571
5970.185
5615.889
5837.556
6013.704
6043.778
6112.222
5479.519
5517.519
5585.963
5889.296
5971.074
5902.63
5904.778
5936.444
5761.071
5993.429
5573.179
5387.036
5416.036
5494.893
4890
4933.893
4934.929
4954.643
4797.034
5079.448
5347.034
5382.414
5446.138
4882.897
5165.31
5177.724
5011.724
5013.724
4655.172
4861.552
4937.586
5001.31
5165.31
5061.571
5061.571
4769.071
3933.111
4154.778
4159.519
4189.593
4191.741
4271.37
4114
4145.667
4034.25
4326.75
4337.75
3625
3896.667
3934.667
4156.333
4165.815
4439.074
4453.296
3593.481
3714.667
3752.667
3974.333
4277.667
4359.444
4248.185
4072.037
4375.37
4389.593
4419.667
4300
4046.667
4048.815
3967.148
3747.63
3777.704
3859.481
3916.519
3948.769
4263.769
4493.962
4106.72
4195.04
4203.6
4531.2
4546.56
4744.92
4538
4179.68
4195.04
3240.5
3538.962
3456.269
3487.5
3670.423
3572.481
3875.815
3890.037
3920.111
3920.481
3906.259
3867.37
4170.704
4208.704
4277.148
4291.37
3936.333
3698.815
3728.889
3950.556
4102.5
4056.5
4095.962
3168.654
3483.654
3782.115
3796.885
3799.115
3844.577
3875.808
4058.731
4061.423
4166.423
3206
3220.769
3425.846
3110.846
3425.846
3656.038
2541.654
2226.654
2263.885
2195.423
2226.654
2525.115
2596.192
2226.654
2257.885
2266.115
2337.192
2422.115
1911.654
2226.654
2311.577
2228.885
2459.077
2757.538
2772.308
2707.63
2776.074
2857.852
2887.926
3064.074
3165.185
2962.077
3033.154
3348.154
3257.923
3272.692
3582.769
2867.731
2898.962
3182.731
3239.038
3253.808
3050.654
3280.846
3197.333
3500.667
3788.074
3802.296
3816.519
3816.519
3268.519
3281.852
3585.185
3623.185
3637.407
3268.519
3204.889
2931.704
2903.778
3065.704
2981.778
3050.222
3132
3162.074
3465.407
3479.63
3085.786
3378.286
3392
3684.5
3392
3458
3693.778
3775.556
3997.222
3999.37
4029.444
3922.179
3935.893
3949.607
4242.107
3935.893
3922.179
3935.893
4214.679
4228.393
3695.679
3337.179
3337.179
3629.679
3337.179
3629.679
3629.679
3096.679
3373.821
3387.536
3557.393
3849.893
4049.929
3643.393
3629.679
3843.429
4135.929
4069.929
4362.429
4441.286
4201.071
4214.786
4357.556
4387.63
4609.296
4691.074
4994.407
5281.815
5319.815
5016.481
5319.815
5388.259
5393
5494.111
5176.556
5352.704
5308.926
5339
5336.852
4941.185
4617
4688.852
4770.63
4624.731
4007.385
4190.308
4205.077
4207.308
4238.538
4468.731
4553.654
4868.654
4773.5
4774.615
4859.538
4892.423
4904.269
4760.63
4774.852
5062.259
5297.148
5473.296
5473.296
5762.407
5473.296
5497.074
5673.222
5960.63
6263.963
5497.074
5511.296
5694.963
5169.963
5184.185
5473.296
5541.741
5252.63
5474.185
5555.963
5473.296
5503.37
5571.815
5793.481
6080.889
6384.222
6560.37
6642.148
6863.815
6893.889
6965.741
7047.519
6980.148
6744.571
6914.429
6552.536
6587.107
6813.607
6842.607
6800.75
6508.25
6785.393
6694.393
6864.25
6294.607
6587.107
6393.345
6385.966
6399.207
6401.207
6607.586
6771.586
6359.966
6436.103
6471.483
6473.483
6741.069
6804.793
6832.793
6846.034
7052.414
6371.621
6447.759
6730.172
6997.759
7204.138
7368.138
7396.138
7056.828
7150.966
7186.69
6919.034
7125.414
7289.414
7557
7839.414
7915.552
6891.034
6891.034
7173.448
7173.448
7201.448
7201.448
6878.621
6878.621
6954.759
7074.897
7088.138
6886.172
6690.833
6849.367
7108.033
7381.033
7287.667
7014.667
6496.733
6265.133
6197.1
6297.233
6570.233
6643.833
6843.333
7116.333
6843.333
6877.533
6951.133
7224.133
6781.733
6843.333
6904.933
5791.367
6064.367
5804.167
6062.833
6262.333
6335.933
6323.933
6358.133
6347.267
6115.967
6212.9
5986.333
6013.4
6185.833
6259.433
6259.433
6405.167
6259.433
6259.433
5988.267
6015.333
6214.833
6241.9
6500.567
6513.367
6513.367
6526.167
6574.967
5724.433
5997.433
5799.867
5826.933
6026.433
5961.3
5540.367
5567.433
5569.367
5422.806
5482.419
5553.645
5803.968
5803.968
6068.161
6127.774
6070.032
6129.645
6155.839
6188.935
6260.161
6336.871
6364.452
6364.452
6376.839
6849.6
6586.867
6841.267
6774
6807.097
6626.419
6819.484
6382.645
6382.645
6516.097
6516.097
6323.968
6129.032
6322.097
6276.613
6309.71
6250.871
6310.484
6381.71
6310.484
6079.387
6150.613
6176.806
6369.871
6600.968
6754.387
6677.677
6613.968
7045.833
6834.433
7107.433
7120.233
6636.867
6649.667
6384.967
6350.433
6396.967
6655.633
6717.233
6533.645
6685.194
6396.581
6422.774
6615.839
6614.903
6674.516
6648
6674.194
6867.258
6869.129
6881.516
7034.935
7285.258
7207.129
7219.516
7059.097
6641.097
6568
6761.065
6794.161
6865.387
7129.581
7283
6768.323
6702.968
6438.774
6702.968
6377.29
6570.355
6572.226
6438.774
6643.355
6400
5945.677
5725.484
5751.677
6015.871
6208.935
6280.161
6292.548
6292.548
5614.4
5525.733
5559.933
5759.433
5833.033
6091.7
6153.3
5716.276
5744.276
6026.69
5735.679
5949.429
5722.929
5759.571
5722.071
6014.571
5949.429
5951.5
5737.75
5951.5
5961.464
5602.964
5895.464
5589.321
5866.464
5895.464
5193.926
5193.926
5201.852
5010.259
5092.037
5094.185
5106.259
5099.556
5193.926
4558.346
4558.346
4788.538
4788.423
4821.308
4347.192
4151.731
4166.5
4251.423
4276.115
4574.577
4290.885
4290.885
4559.808
4630.885
4645.654
4328.308
3990
4074.923
4305.115
4275
4206.538
4436.731
4104.615
4119.385
4150.615
4034.889
4116.667
4420
3895
4116.667
4146.741
4389.852
4404.074
4116.667
4116.667
3799.111
3768.667
3782.889
3851.333
4116.667
3728.778
3743
3964.667
4252.074
4320.519
4350.593
4419.037
4449.111
4615.667
4363.037
4584.704
4622.704
4624.852
4639.074
4050.037
4337.444
4351.667
4655
4655
4351.667
4062.556
4365.889
4406.074
4285.357
4351.357
4430.214
4643.964
4646.036
4815.893
4815.893
5108.393
4765.536
4802.179
4815.893
5029.643
5066.286
5095.286
5387.786
5466.643
5477.643
5647.5
5661.214
5874.964
5903.964
5906.036
5984.893
6262.036
6554.536
6565.536
6317.393
6331.107
6579.25
6648.393
6445.643
6028
6032.571
5859.931
6127.517
6333.897
6616.31
6565.179
6578.893
6871.393
7163.893
6792.536
6871.393
6908.036
6908.036
7185.179
7264.036
7275.679
7341.679
7343.75
6871.393
6950.25
6952.321
6981.321
7258.464
7550.964
7555.536
7640.464
7338.821
7436.321
7533.821
7544.821
7623.679
7628.25
7400.586
6957.69
6510.793
6778.379
6854.517
6574.103
6738.103
7020.517
7302.931
7217.621
7204.379
7217.621
7026.172
7190.172
7203.414
7205.414
6978.034
7260.448
7528.034
7189.621
7191.207
7176.379
7252.517
7316.241
7480.241
7762.655
7798.034
7826.034
7828.034
7971
8047.034
7985.828
7608.379
7621.621
7621.621
7697.759
7761.483
8029.069
7927.966
8182.379
7837.069
8104.655
8106.655
8270.655
8298.655
8311.483
8324.724
7590.828
7754.828
7961.207
7974.448
8002.448
8092.793
7621.172
7650.655
7726.793
6702.621
6407.793
6242.172
6524.586
6559.966
6587.966
6659.69
6942.103
6977.483
7041.207
7082.393
7112.929
7088.5
7167.357
7178.357
7179.393
7264.321
7293.321
7324.241
7425.828
5178.172
5445.759
5481.138
5645.138
5483.138
5765.552
5533.69
5609.828
5637.828
5667.31
5677.931
5323.367
5325.3
4983.633
5042.5
5200.5
5202.433
5276.033
5434.567
5447.367
5720.367
5919.867
5762
6012.323
6071.935
6322.258
6515.323
6668.742
6932.935
7004.161
7063.774
7089.968
7161.194
7314.613
7118.094
6941.25
7010.25
6698.375
6868.968
6908.613
7172.806
7161.194
7411.516
7437.71
7591.129
7662.355
7695.452
7755.065
7756.935
8021.129
7994.935
8187.903
8259.129
8201.871
8261.484
8287.677
8214.194
8080.742
8106.935
8260.355
8453.419
8703.742
8774.968
9039.161
8080.742
7660.355
7731.581
7733.452
7830.355
7856.548
7889.645
8153.839
7242.323
7287.355
7551.548
7591.194
7744.613
7770.806
8021.129
8126.032
8319.097
8390.323
8225.774
8251.968
8309.226
8502.29
8513.903
8573.516
8613.065
8362.742
8318.032
8323.065
8349.258
8599.581
8601.452
8672.677
8826.097
8362.742
8153.516
8145.258
8155.194
7863.406
7932.406
7886.656
8073.688
8329.625
8572.125
8597.5
8368.061
8424.061
8490.97
8635.091
8581.303
8816.455
9064.636
9131.545
8490.97
8635.091
8635.091
8779.212
8833.455
8587.03
8237.424
8472.576
8253.559
8145.559
8205.088
8381.118
8127.294
7995.353
8080.882
8145.824
7906.647
7961
7756.176
7628.941
7454.618
7478.5
7618.382
7794.412
7601.029
7653.829
7864.629
7875.6
7524.429
7592.371
7381.229
7323.343
7378.771
7036.056
6986.611
6874.028
6884.694
6656.771
6667.743
6036.257
6257.971
6121.206
6261.088
6501.971
6566.912
6621.265
6622.971
6863.853
6875.147
6899.029
6769.235
6799.412
6864.353
6864.353
6688.324
6929.206
7015.029
7038.912
7103.853
7279.882
7334.235
7575.118
7576.824
7588.118
7347.235
7588.118
7829
7599.412
7764.147
8005.029
8069.971
7760.294
7784.176
7814.353
8055.235
8056.941
8111.294
8111.294
8251.176
7298.412
7300.118
7476.147
7704.382
7758.735
7762.5
7832.441
7466.971
7530.057
7521.941
7762.824
7521.941
7510.647
7888.424
7919.515
7986.424
8033.091
8044.727
8139.485
8148.818
8152.697
8235.424
8193.121
7982.324
8043.206
8108.147
8281.515
7950.606
8198.788
8210.424
8458.606
8105.545
8353.727
8420.636
8432.273
8613.636
8638.242
8694.242
8223.394
8198.788
8145
8324.152
8380.152
8247.667
8391.788
8265.697
8409.818
8265.697
7976.606
7963.576
7988.182
7783.412
7957.647
8187.235
8252.176
8263.471
7315.971
7075.088
7021.882
6815.353
6885.294
6894.353
6726.686
6749.886
6463.086
6452.114
5502.514
5736.514
5789.314
5800.286
5948.086
6169.8
6193
6051.412
5907.829
5363.4
5499.286
5670.286
5904.286
5946.114
5821.2
5884.286
5829.829
6051.543
6053.2
6287.2
6316.514
6550.514
6573.714
6636.8
6772.686
6825.486
6836.457
7007.457
7172.088
7226.441
7454.676
7456.382
7521.324
7697.353
7727.529
7738.824
7878.706
6581.029
6757.059
6758.765
6813.118
6647.771
6881.771
7103.486
7155.6
7291.486
6624.618
6648.5
6788.382
6853.324
6907.676
6739.629
6973.629
6837.743
6603.657
6774.657
6837.743
6900.829
6867.057
7101.057
7112.029
7113.686
7176.771
7312.657
7312.657
7143.743
7113.686
6848.714
7019.714
7155.6
7389.6
7452.686
7283.343
7325.171
6900.829
6585.4
6766.6
6819.4
6586.472
6647.806
5775.5
5798.056
5799.667
5386.611
5271.694
5333.028
5343.694
5559.25
5725.5
5621.889
5798.056
5930.167
5958.667
6010
6176.25
5683.351
5733.297
5755.243
5554.111
5781.611
5947.861
5949.472
5907.694
5485.194
5451.056
5389.722
5418.222
5633.778
5861.278
6027.528
5897.028
5900.583
5239.571
5122.528
5183.861
5411.361
5577.611
5564.056
5574.722
5626.056
5410.571
5473.571
5526.371
5528.029
5551.229
5201.343
5126.886
5274.686
5239.571
5410.571
5473.657
5707.657
5736.971
5747.943
5883.829
6105.543
6158.343
6160
6160
5932.829
5956.029
4551.088
4605.441
4641.5
4817.529
4828.824
4830.529
4854.412
4919.353
4973.706
4856.788
4887.879
5136.061
5202.97
5093.03
5341.212
5124.424
5107.606
5355.788
5192.697
4782.125
4668.303
4670.061
4905.212
4905.212
4840.061
4773.152
5009.697
4234.939
4470.091
4368.794
4544.824
4684.706
4696
4489.794
4518.265
4542.147
4718.176
4719.882
4696
4760.941
4531.353
4653.029
4513.147
4537.029
4526.441
4655.029
4696
4924.235
4978.588
5002.471
5230.706
5188.941
5328.824
5504.853
5745.735
5800.088
5297
5273.118
5297
5297
5436.882
5612.912
5841.147
6082.029
6136.382
6201.324
4860.588
4652.382
4530.706
4566.853
4392.971
4394.676
4405.971
4331.029
4470.912
4540.853
4566
4794.235
4818.118
4810.471
5051.353
5051.353
5227.382
5367.265
5432.206
5486.559
5068.765
5297
5058.794
5082.676
5137.029
5201.971
5442.853
5473.029
4705.667
4736.758
4457.485
4649.667
4716.576
4728.212
4517.667
4752.818
4934.182
4990.182
5094.242
5150.242
5217.152
5452.303
5483.394
5627.515
5629.273
4964.758
4964.758
4860.697
5108.879
4898.333
5079.697
5066.576
4953.848
5020.758
4758.879
4903
4598.727
4635.97
4691.97
4716.576
4718.333
4729.97
4737.788
4780.091
4836.091
4927.121
4443.788
4691.97
4716.576
4658.818
4907
4908.758
5059.03
5083.636
5114.727
5170.727
5293.906
5305.906
5374.906
5561.938
5779.063
5811.125
4954.355
4980.548
4192.645
4385.71
4418.806
4669.129
4476.161
4045.161
4198.581
4224.774
4475.097
4198.581
3786.194
3786.194
3798.581
3869.806
3869.806
3888.645
4138.968
4045.161
4198.581
4231.677
4244.065
4303.677
4127.355
4198.581
4198.581
4198.581
4462.774
3843.935
4081.871
4114.968
4268.387
4280.774
4198.581
4231.677
4291.29
4444.71
4315.613
4038.613
4198.581
4462.774
4475.161
4534.774
4725.484
4501.355
4534.774
4536.645
4562.839
4755.903
4827.129
4980.548
5133.968
5205.194
5281.548
5161.226
4703.968
4968.161
4980.548
4980.548
4992.935
4497.097
4128.581
3890.645
3987.548
4058.774
4118.387
4382.581
4575.645
4729.065
4749.774
4782.871
4936.29
5129.355
5155.548
5157.419
4772.375
4797.75
4679.719
4935.656
5122.688
5180.438
5008.25
5264.188
4566.219
4714.844
4783.844
4809.219
4809.219
4996.25
5252.188
5264.188
4996.25
5008.25
5045.188
5058.625
5090.688
4821.219
5008.25
4984.25
5042
5054
5086.063
5155.063
4740.313
4996.25
4913.125
4970.875
4996.25
4972.688
4998.063
4880.031
5028.656
4938.5
4948.125
4948.125
4960.125
4968.188
5025.938
3852.344
4039.375
4064.75
4026.344
4002.781
4189.813
4221.875
4247.25
4305
4000.969
3546
3603.75
3752.375
3784.438
4026.938
3890.313
3892.125
3903.375
3733.031
3758.406
3760.219
3376.5
3525.125
3712.156
3781.156
4023.656
4279.594
4311.656
4369.406
4371.219
4440.219
4627.25
4639.25
4787.875
5030.375
5055.75
5113.5
4813.25
4815.063
4408.594
4557.219
4626.219
4813.25
4474.188
4730.125
4742.125
4799.875
4787.875
4974.906
5006.969
5155.594
4891.781
4730.125
4787.875
4776.625
4778.438
4803.813
4872.813
5021.438
4787.875
4112.281
4114.094
4126.094
4158.156
4400.656
4469.656
4527.406
4783.344
4970.375
4936.5
4948.5
4829.636
5064.788
5131.697
5313.061
5561.242
5179.333
5168.424
5312.545
5106.063
5082.5
5107.875
5165.625
5191
5165.625
4874.219
4886.219
4888.031
4957.031
4982.406
5131.031
5006.636
5188
5423.152
5658.303
5802.424
5737
5985.182
5996.818
5883.788
5592.625
5593.531
5177.688
5202.594
5189.061
5213.667
5220.152
5164.879
5195.97
5431.121
5487.121
5554.03
5620.848
5646.758
5647.636
5719.697
4686
4689.879
4582.118
4647.059
4792.118
4457.471
4522.412
4457.559
4487.735
4499.029
4551.235
4792.118
4540
4768.235
4792.118
4224.088
4254.265
4265.559
4267.265
4432
4455.882
4595.765
4689.152
4937.333
4850.242
4707.879
4889.242
4920.333
4976.333
5120.455
5173.879
5144.212
5379.364
5391
5535.121
5602.03
4937.333
3863.667
4007.788
4162.364
4133.03
4041.647
4065.529
3941.235
4169.471
4145.588
4210.529
4264.882
4276.176
4265.588
4441.618
4460.5
4462.206
4602.088
4545.912
4274.618
4515.5
4047.265
4077.441
4253.471
4494.353
4722.588
4862.471
4886.353
4473.206
4538.147
4511.735
4581.676
4646.618
4671.765
4752.059
4093.706
3835.057
4069.057
4080.029
3865.171
3959.206
4079.182
4110.273
4121.909
4133.545
4133.545
4188.818
4370.182
4371.939
4403.03
4427.636
4163.909
4219.909
4506.75
4693.781
4695.594
4727.656
4876.281
5132.219
5388.156
5144.219
5087.806
5147.419
5089.677
5122.774
5315.839
5342.032
4850.065
4657.097
4669.484
4671.355
4683.742
4523.774
4549.968
4703.387
4967.581
5160.645
5384.774
3760.387
4010.71
4274.903
4301.097
4360.71
4431.935
4585.355
4572.968
4585.355
4656.581
4778.419
4644.968
4838.032
4909.258
5062.677
5064.548
5090.742
5244.161
4908.032
4709.581
4973.774
5033.387
5283.71
5354.935
4756.903
4254.613
4445.323
4516.548
4780.742
4754.548
4814.161
4747.645
4940.71
4973.806
5033.419
5007.226
5160.645
4873.774
4802.548
4896.355
4814.161
4838.484
4840.355
4974.129
4852.29
4878.484
4880.355
5033.774
5066.871
5331.065
5343.452
4816.032
4826.548
4914.613
4974.226
4992.032
4543.156
4408.969
3755.875
3824.875
4080.813
4323.313
4510.344
4658.969
4441.344
4628.375
4697.281
4766.281
4824.031
5011.063
5036.438
5068.5
5217.125
5218.938
5405.969
5554.594
5556.406
5401.438
5369.375
5244.313
5392.938
5579.969
5822.469
6078.406
6147.406
5405.969
5122.75
5271.375
5458.406
5483.781
5298.563
5218.938
5276.688
5302.063
5489.094
5521.156
5533.156
5681.781
5683.594
5939.531
6008.531
5613.625
5800.656
5885.969
5131.5
5200.5
5443
5443
5468.375
5630.031
5885.969
6034.594
5830.031
5338.273
5405.182
5586.545
5642.545
5890.727
5707.606
4771.515
4771.515
4704.606
4596.412
3229.471
3369.353
3423.706
3598.029
3621.912
3623.618
3745.294
3833.647
3973.529
3997.412
4062.353
4064.059
4075.353
4140.206
4185.5
4361.529
4385.412
4415.588
4480.529
4553.765
4362.912
3929.5
4009.794
4124.818
4306.182
4307.939
4012.091
4193.455
4218.061
4219.818
4297.03
4307.939
4261.273
4272.909
4328.909
4284.727
4532.909
4564
4547.813
4616.813
4674.563
3667.656
3699.719
3955.656
4104.281
3893.688
3895.5
3920.875
4107.906
4348.594
4417.594
4442.969
4591.594
4847.531
4849.344
4317.031
4349.094
4238.548
4298.161
3820.839
3948.065
4019.29
4212.355
4238.548
4045.484
4066.194
4330.387
4401.613
4414
4440.194
4567.419
4569.29
4238.548
4298.161
4309.677
4502.742
4665
4691.194
4724.29
4783.903
4785.774
4939.194
4744.258
4746.129
4939.194
4998.806
4817.355
5010.419
4493.419
4460
4431.935
4433.806
3579.71
3520.871
3579.71
3605.903
3759.323
4009.645
4273.839
4242.613
4433.806
4698
4757.613
4710.387
4974.581
5034.194
4908.938
4977.938
4576.563
4763.594
4551.188
4551.188
4738.219
4551.188
4583.25
4585.063
4772.094
4585.063
4841
4553
4583.25
4547.688
4370.844
4340.25
4398
4423.375
4539.938
4608.938
4864.875
4738.219
4763.594
4765.406
4493.438
4749.375
4497.438
4566.438
3581.242
3762.606
3764.364
4012.545
4037.152
4114.364
4349.515
4405.515
4407.273
4551.394
4755.455
4488.909
4493.636
4349.515
4463.97
4530.879
4530.879
4555.485
4349.515
4349.515
4389.97
4571.333
4602.424
4596.788
4464.303
4217.879
4428.424
4217.879
4180.636
4222.219
4072.742
4336.935
4370.032
4429.645
4681.452
4224.194
4417.258
4570.677
4641.903
4834.968
4861.161
4863.032
4922.645
4250.484
4514.677
4585.903
4739.323
4501.645
4514.032
4540.226
4567.806
4568.742
4112.452
4265.871
4325.484
4358.581
4370.968
4442.194
4635.258
4899.452
5149.774
4973.645
4797.516
4632.032
4225
4225
4296.226
4449.645
4509.258
4533.581
4107.516
4300.581
3189.806
3102.677
3179.387
2685.806
2703.613
2714.839
2742.419
2725.581
2879
3143.194
3393.516
3419.71
3421.581
3433.968
3627.032
3653.226
3665.613
3929.806
3962.903
4034.129
3917.419
3950.516
3962.903
4022.516
3484.839
3677.903
3704.097
3942.097
3975.194
3737.806
3913.065
3984.29
4010.484
4012.355
4057.935
4269.677
4380.452
3794.71
3820.903
3974.323
4045.548
4057.935
3871.774
4135.968
4148.355
4308.323
4057.935
3999.097
3966.032
4230.226
4301.452
4454.871
4514.484
4540.677
4283.032
4225.29
4417.419
4681.613
4526.323
4538.71
4540.581
4573.677
4824
5088.194
5016.968
5210.032
5222.419
4972.032
4527.839
4599.065
4120.194
4196.903
4067.563
4092.938
4279.969
4348.969
4360.969
4386.344
4418.406
4418.406
4580.063
4380.594
4529.219
4785.156
4786.969
4460.219
4485.594
4348.969
4381.031
4568.063
4561.375
4817.313
4348.969
4310.563
4379.563
4566.594
4674.226
4616.484
4565.968
3210.194
3243.29
3507.484
3507.484
3302.903
2785.129
2196.226
2222.419
2234.806
2294.419
2447.839
2519.065
2783.258
2785.129
1905.903
2170.097
1784.065
1855.29
1762.581
1822.194
2015.161
1784.065
2048.258
2298.581
2358.194
2370.581
2563.645
2634.871
2756.71
2910.129
2981.355
2993.742
3019.935
3079.548
3081.419
3345.613
3371.806
3404.903
3476.129
3629.548
3689.161
3701.548
3894.613
3896.484
3378.71
3609.806
3538.677
3358
3622.194
3622.194
3441.516
3383.774
3576.839
3841.032
3912.258
4065.677
4039.806
3886.387
3898.774
3693.419
3886.387
3898.774
3397.645
3457.258
3483.452
3554.677
3556.548
3568.935
3429.226
3693.419
3337.29
3207.313
3265.063
3521
3590
3590
3833.938
3764.938
3776.938
4019.438
4206.469
3996.281
3253.063
3509
3566.75
3753.688
3785.75
3367.375
3490.625
3559.625
3746.656
3895.281
3964.281
3989.656
4245.594
4488.094
4520.156
4521.969
4579.719
4591.719
4593.531
4573.469
4573.469
4575.281
4600.656
4787.688
4856.688
5005.313
5017.313
5005.313
4518.719
4667.344
4304.5
4235.594
4422.531
4491.531
4495.531
4496.438
4241.875
4299.625
4096.656
4027.656
4214.688
4216.5
4228.5
4471
4472.813
4498.188
4555.938
4811.875
4960.5
5029.5
4823.125
4636.594
4721.906
4739.156
4607.182
4608.939
4566.636
4598.03
4664.939
4666.697
4448.061
4592.182
4773.545
4598.03
4846.212
4845.485
4870.394
4834.576
4846.212
4939.906
4506.563
4278.781
4521.281
4395.909
4575.515
4600.121
4611.758
4376.152
4266.324
4507.206
4572.147
4712.029
4701.441
4088.882
4023.941
4088.882
4210.559
4212.265
4266.618
4356.471
4409.118
4433
4434.706
4539.412
4423.788
4671.97
4683.606
4685.364
4741.364
4772.455
4784.091
4453.455
4520.364
4701.727
4726.333
4728.091
4784.091
4571.394
4627.394
4652
4653.758
4720.667
4797.879
4808.697
4820.333
4808.697
4990.061
5046.061
5281.212
5348.121
5596.303
5607.939
5609.697
5634.303
5595.303
5597.061
5516.455
5572.455
5753.818
5790.97
5398.647
5453
5464.294
5529.235
5582.882
5693.971
5482.765
5366.765
5378.059
5443
5683.882
5444.706
5456
5480.176
5427.529
5323.706
3574.424
3809.576
3821.212
3877.212
4125.394
3950.031
4098.656
4156.406
4225.406
4481.344
4506.719
4693.75
4719.125
4867.75
5016.375
5046.188
5059.625
5069.25
4815.125
4840.5
4786.75
4973.781
4885.781
4610.906
4272.438
4528.375
4437.5
4481.125
4737.063
4749.063
5005
5017
5204.031
5261.781
5330.781
5007.125
5008.938
5034.313
4830.063
5086
5017
4395.313
4543.938
4730.969
4986.906
5055.906
4904.125
5079.063
5091.063
4591.188
4835.125
4860.5
5009.125
5191
5446.938
5515.938
5573.688
5017
5017
5272.938
5272.938
5284.938
5049.063
5106.813
5005
5017
4761.063
4914.645
4914.645
4914.645
5178.839
4624.161
4695.387
4783.452
4846.032
4872.226
4840.194
4850.129
4612.194
4862.516
4888.71
4890.581
5044
5115.226
5379.419
5266.871
5279.258
4345.645
4609.839
4470.226
4542.484
4613.71
4585.258
4849.452
5099.774
5230.258
5247.71
5335.774
5528.839
5605.548
5618.645
5455.063
5512.813
5755.313
5757.125
5757.125
5757.125
5782.5
5769.125
5757.125
6013.063
5851
5852.813
5921.813
5933.813
6082.438
6269.469
6301.531
6071.031
6015.406
6015.406
5015.375
5027.375
4771.438
5027.375
4796.031
4853.781
4865.781
5108.281
5295.313
5283.313
4933.5
4945.5
4878.313
5095.438
5164.438
5039.375
4771.438
5027.375
4789.688
4847.438
4849.25
4861.25
4828.438
5015.469
5164.094
5221.844
5223.656
5249.031
5281.094
5537.031
5388.406
5629.094
5629.094
5873.031
5885.031
6033.656
5779.531
5792.969
5804.969
5569.094
5581.094
5837.031
5906.031
5537.031
5363.531
5388.906
5212.063
5212.063
5212.063
5399.094
5400.906
5537.031
5511.344
5580.344
5836.281
5951.031
5883.844
5941.594
6128.625
5724.063
4807.156
4783.594
4932.219
5001.219
5188.25
5430.75
5456.125
5468.125
5525.875
5111.688
5123.688
5366.188
5391.563
5449.313
5705.25
5852.063
5763.875
5775.875
6031.813
5775.875
5807.938
5777.688
5715.75
5862.563
5894.625
6150.563
6254.469
6279.844
6348.844
6171.438
5698.781
5467.688
5499.75
5479.688
5666.719
5741.031
5767.75
5768.656
5778.281
5634.273
5869.424
5936.333
6184.515
6196.152
6444.333
6500.333
6681.697
6693.333
6928.485
6444.333
6455.97
6207.788
6269.182
6450.545
6698.727
6933.879
7000.788
6751.313
6776.688
6834.438
6174.781
6174.781
6417.281
6475.031
6476.844
6663.875
6732.875
6053.875
6202.5
5946.563
6202.5
6204.313
6087.75
6343.688
6355.688
6424.688
6573.313
6628.781
6626.969
6745
6033.29
6297.484
6330.581
6342.968
6402.581
6428.774
6423.29
6390.774
6392.645
6452.258
6605.677
6676.903
6689.29
6953.484
6453.097
6486.194
6679.258
6681.129
6452.258
6511.871
6736
6762.194
6764.065
6835.29
6874.935
6551.032
6452.258
6250.625
6506.563
6143.313
6175.375
6175.375
6012.938
5772.25
5784.25
5936.938
6022.25
6031.875
5116.091
5297.455
5060.394
5085
5231.906
5243.906
4829.094
4914.406
4860.656
4921.281
4930.906
4674.969
4732.719
4673.156
4674.969
4700.344
4686.969
4674.969
4829.844
4887.594
4899.594
4931.656
5000.656
4470.719
4482.719
4551.719
4444.406
4417.219
4673.156
4674.969
4684.594
4775.469
4800.844
4846.594
4915.594
5102.625
4713.313
4384.344
4626.844
4684.594
4686.406
4711.781
4967.719
5036.719
5068.781
5311.281
5459.906
4446.813
4446.813
4411.25
4598.281
4796.469
4821.844
4833.844
4902.844
4702.375
4458.438
4483.813
4739.75
4888.375
4890.188
4947.938
5016.938
5260.875
5132.545
5134.303
5315.667
5340.273
5396.273
5407.909
5656.091
5590.212
5646.212
5626.758
5657.848
5422.182
5116.853
5140.735
5152.029
5240.818
5296.818
5440.939
5676.091
5633.788
5737.848
5804.758
5835.848
5837.606
5339.455
5574.606
5750.788
5806.788
5818.424
5973.879
6040.788
6288.97
6537.152
6568.242
6425.438
6331.563
6400.563
6458.313
6460.125
6485.5
6510.875
6568.625
6811.125
6843.188
6855.188
7111.125
7168.875
7124.813
6635.818
6589.697
6591.455
6647.455
6605.606
6630.212
6865.364
7009.485
6523.939
6533.273
6542.606
6488.364
6514.273
6021
6076.273
6100.879
6160.618
6160.618
6225.559
6290.5
6314.382
6542.618
6572.794
5928.618
5930.324
6171.206
6225.559
6280.912
5617.343
5851.343
5606.429
5669.514
5692.714
5745.514
5881.4
5659.686
5712.486
5911
5881.4
5353
5182.086
5182.086
5138.6
5138.6
5140.257
5193.057
5353.086
5339.629
5368.943
5485.382
5713.618
5954.5
5352.412
5363.706
5539.735
5550.324
5306.441
5482.471
5723.353
5777.706
5789
5539.059
5569.235
5450.706
5462
5516.353
5744.588
5273.294
5012.824
5014.529
5255.412
5134.571
5187.371
5210.571
5380.8
5402.343
5437.471
5244.941
5485.824
5516
5655.882
5827.273
5883.273
5831
5739.97
5975.121
5999.727
6011.364
6067.364
6068.242
5929.061
6164.212
6175.848
6200.455
6225.061
6225.061
6460.212
6231.545
6479.727
6546.636
6602.636
6627.242
6808.606
6349.879
6560.424
6615.697
6504.424
6685.788
6741.788
6583.273
6585.03
6667.758
6667.758
6638.424
6819.788
6886.697
7030.818
7086.818
6969
7041.061
7099.848
6677.333
6524.909
6524.909
6363.176
6387.059
6428.118
6199.118
6020.235
6044.118
6285
6349.941
6404.294
6406
6393.353
6549.706
6310.529
6177.559
6187.147
6211.029
6387.059
6604.059
6780.088
6845.029
6417.529
6557.412
6731.735
6733.441
6593.559
6539.206
6387.059
6332.706
6387.059
6351.882
6351.882
6382.059
6622.941
6604.059
6387.059
5999.824
6011.118
5663.676
5448.029
5676.265
5676.265
4768.853
4769.706
4346.441
4273.4
4409.286
4472.371
4694.086
4865.086
5000.971
5064.057
5087.257
5140.057
5374.057
4924
5152.235
5176.118
5177.824
5189.118
5329
5393.941
5556.588
5587.059
5815.294
5880.235
5054.147
5194.029
5219.176
5220.882
5244.765
5485.647
5550.588
5690.471
5918.706
5911.176
5326.382
5328.088
5351.971
5528
5592.941
5538.212
5562.818
5706.939
5487.576
5543.576
5489.333
5500.97
5682.333
5706.939
5851.061
5875.667
5445.879
5512.788
5760.97
5929.212
5862.394
5871.727
5849.909
5862.212
5771.182
5896.545
5400.091
5280.576
5336.576
5403.485
5651.667
5180.394
5324.515
5326.273
5350.879
5362.515
5445.242
5293
5541.182
5722.545
5789.455
5252
5268.061
5334.97
5179.765
4892.618
4916.5
4712.147
4940.382
4951.676
4713.412
4812.743
4812.743
4875.829
4747.657
4576.657
4629.457
4682.257
4818.143
4712.806
4928.361
4929.972
4952.528
4952.528
5084.639
4963.194
5190.694
5242.028
5252.694
5274.861
5451.028
5190.694
5121.861
5121.861
5349.361
5410.694
5481.472
5492.139
5504.028
5349.806
5401.139
5628.639
5844.194
5867.944
5890.5
5932.806
5317.029
5328.629
5269.618
5148.371
5382.371
5435.171
5595.2
5618.4
5647.714
5658.686
5498.257
5499.914
5523.114
5694.114
5596.886
5649.686
4973.486
5207.486
4313.2
4336.4
4558.114
4493.886
4517.086
4458.057
4298.029
4361.114
4595.114
4624.429
3953.771
4176.8
3953.771
3983.086
4006.286
4177.286
4200.486
4177.286
3578.057
3788.8
3554.857
3491.771
3383.857
3554.857
3554.857
3554.857
3690.743
3743.543
3766.743
3768.4
3362.457
3584.171
3887.647
4128.529
4158.706
4170
4193.882
4422.118
4296.364
4477.727
4621.848
4516.088
4570.441
4581.735
4646.676
4887.559
4509.794
4649.676
4497.206
4738.088
4661.941
4890.176
4955.118
5009.471
5020.765
5022.471
5046.353
5186.235
4619.441
4860.324
4890.5
4901.794
4944.853
5185.735
5185.735
4944.853
4944.853
5058.455
5083.061
5094.697
5273.848
5094.697
5094.697
5342.879
5524.242
5171.939
5196.545
5252.545
5319.455
5014.273
5262.455
5510.636
5522.273
5522.273
5770.455
5298.606
5479.97
5455.364
5522.273
5694.844
5161.344
5186.719
5198.719
5237.125
5006.625
5026.688
5282.625
4795.594
4944.219
5186.719
5198.719
4873.031
5128.969
5161.031
5218.781
4930.781
5186.719
5430.656
5186.719
5219.094
4960.5
4972.5
4974.313
5012.719
5012.719
5038.094
5186.719
5442.656
5454.656
5441.219
5198.719
5224.094
5063.469
5212.094
5442.656
5511.656
5485.969
5294.419
5354.032
5089.839
5354.032
5387.129
5413.323
5606.387
5677.613
5679.484
5929.806
6006.516
6016.452
6020.581
6032.968
6032.968
6024.71
6087.29
6087.29
5824.581
5836.968
5824.581
5824.581
5824.581
5850.774
5884.194
5678.839
5943.032
5607.613
5667.226
5931.419
6002.645
6156.065
6406.387
6439.484
6465.677
6478.065
6671.129
6611.839
6603.581
6429.281
6454.656
6697.156
6161.344
6193.406
6380.438
6636.375
5918.844
5873.094
5873.094
6129.031
6198.031
5714.576
5739.485
5739.485
5764.091
5739.485
5795.485
5739.485
5974.636
5716.485
5858.848
5870.485
5881.394
5906
6087.364
5692.818
5665.265
4920
4950.176
5148.235
5389.118
5565.147
5630.088
5633.853
5657.735
5746.088
5733.5
5757.382
5661.794
5685.971
5697.265
5938.147
6003.088
5705.618
5651.265
5797.118
5821
5875.353
5905.529
6146.412
6211.353
5662.559
5890.794
5914.676
5892.5
5540.441
5345.529
5375.706
5515.588
5569.941
5798.176
5863.118
6039.147
6278.324
6418.206
6264.143
6265.8
6436.8
6607.8
6743.686
6965.4
6976.371
6846.6
6909.686
7143.686
7187.686
7240.486
7421.686
7643.4
7814.4
7867.2
7890.4
7953.486
8089.371
8323.371
8376.171
8439.257
8610.257
8831.971
8855.171
8866.143
8867.8
9003.686
8959.686
9130.6
9301.6
9364.686
8841.486
8391.2
8612.914
8846.914
8910
8788.686
8959.686
9012.486
9118.314
8444.229
8371.429
8395.857
8473.857
8692.618
8473.571
8484.543
8620.429
8854.429
8917.514
8125.6
8261.486
7999.167
8214.722
8380.972
8356.028
8237
8042.108
8170.649
7960.919
8008.892
8230.243
8258.243
8285.973
8335.919
8267.054
7936.081
8145.811
8167.757
8022.297
8032.676
7944.622
8165.973
7986.243
8036.189
8013.973
8041.833
8052.5
8215.194
8266.528
8398.639
7978.139
8039.472
8065.694
8115
8281.25
8413.361
8579.611
8590.278
8651.611
8702.944
8731.444
8958.944
9174.5
9176.111
9227.444
9308.222
9523.778
9690.028
9441.25
9442.861
9484.972
9280.083
9280.083
9302.194
9324.75
9333.306
9376.806
9385.861
9352.639
9375.194
9602.694
9654.028
8838.722
9054.278
9220.528
9352.639
9375.194
9168.194
9229.528
9253.278
9468.833
9472.389
9548.222
9498.167
9207.973
9240.784
9222.081
9117.333
8995.889
9024.389
9239.944
9344.861
9572.361
9408.139
9483.806
9512.306
9522.972
9584.306
9572.361
9594.917
9623.417
9674.75
9902.25
9963.583
9987.333
9987.333
10038.667
10058.111
10086.611
10302.167
9726.25
9892.5
9953.833
10003.556
9985.722
9987.333
10119.444
10285.694
10513.194
10256.784
9938.757
9745.405
9764.324
9786.27
9845.946
9717.405
9705.784
9927.135
9717.405
9767.351
8777.973
8416.474
8127.237
8185.342
8310.5
8320.605
8478.026
8056.368
8213.868
8429.395
8478.026
8321.622
8273.649
8277.108
8086.289
7908.263
8033.421
8041.526
7845.179
7871.487
8081.487
8138.103
7587.103
7607.923
7655.308
7655.308
7808.769
7761.385
7939.538
7965.846
8119.231
8140.051
8293.513
8294.487
8141.026
7956.974
8078.923
8088.769
8099.795
7733.821
7790.436
7601.308
7622.128
7744.077
7840.923
7888.308
7889.795
8104.838
8132.568
8154.514
8316.27
8317.838
8446.378
8241
8243.054
8265
8324.676
8347.784
8400.216
8176.162
8028.432
8056.162
8066.541
8126.216
8057.351
8184.324
8234.27
8444
8471.73
8471.73
8473.297
8201.919
8363.676
8347.568
8375.297
8509.324
7999.243
8126.216
7074
7235.757
6864.27
6342.806
6365.639
6573.917
6602.417
6324.25
6086.139
6301.694
6324.25
6325.861
6377.194
6438.528
6570.639
6593.194
6759.444
5996.694
6019.25
6029.917
6257.417
6047.833
5861
5810.333
5838.833
5900.167
5910.833
5933.389
6099.639
6088.972
6302.743
6068.743
6204.629
5820.086
5991.086
6014.286
6015.943
6068.743
6290.457
6265.6
6276.571
6412.457
6441.771
6483.6
6517.371
6466.229
6267.714
5864.057
6098.057
6269.057
6270.714
6269.057
6131.829
5908.8
6131.829
6267.714
6155.029
6131.829
6365.829
5381.559
5118.412
5142.294
5318.324
5458.206
5512.559
5462.471
5156.152
5212.152
5279.061
5527.242
5558.333
5558.333
5793.485
5805.121
5781.909
5533.727
5509.121
5565.121
5589.727
5591.485
5616.091
5760.212
5791.303
5858.212
6106.394
6287.758
6343.758
6347.636
6182.182
6249.091
5934.706
5693.824
5934.706
5936.412
5960.294
6014.647
6079.588
6219.471
6175.676
5999.647
5706.412
5568.235
5708.118
5492.088
5546.441
5576.618
5641.559
5682.529
5706.412
5717
5465.529
5476.824
5676.235
5652.353
5682.529
5530.382
5706.412
5771.353
5735.176
5820.706
5682.529
5693.118
5717
5718.706
5858.588
5888.765
5943.118
6171.353
6175.118
5524.118
4946.735
4970.618
5146.647
5165.529
4965.618
5030.559
5054.441
5194.324
5422.559
5663.441
5688.588
5692.353
5693.206
5718.353
5673.059
5540.286
5534.171
5597.257
5733.143
5965.486
5403.057
5425.8
5425.8
5561.686
5363.171
5329
5339.971
5475.857
5310.371
5481.371
5544.457
5546.114
5598.914
5452.657
5475.857
5403.057
4727.2
4961.2
4990.514
4975.6
4982.914
4598.371
4734.257
4745.229
4916.229
4917.886
4809.778
5025.333
5252.833
5304.167
5191.056
5323.167
5361.944
5371.806
5373.417
5401.917
5629.417
5761.528
5977.083
6143.333
6052.306
5250.472
5301.806
5240.556
5269.056
5484.611
5712.111
5722.778
5784.111
5916.222
5621.4
5493.75
5721.25
5782.583
5505.917
4526.6
4537.571
4566.886
4397.971
4399.629
4462.714
4598.6
4596.943
4492.257
4554.086
4418.2
4395
4418.2
4418.2
4106.686
4117.657
4146.971
4199.771
4201.429
4279.429
4171.514
3745.257
3881.143
3882.8
4053.8
4199.857
4421.571
4557.457
4580.657
4643.743
4654.714
4409.743
3882.8
3935.6
4106.6
4242.486
4265.686
4328.771
4550.486
4579.8
4632.6
4803.6
5037.6
4602
4519.886
4520.714
4564.229
4585.771
4562.571
4573.543
4626.343
4339.543
4573.543
4602.857
3734.114
3968.114
4139.114
4140.771
4193.571
4329.457
4551.171
4580.486
4603.686
4605.343
4658.143
4607
4630.2
4557.4
4534.2
4522.257
4658.143
4659.8
4139.2
4162.4
4225.486
4253.143
4487.143
4708.857
4719.829
4890.829
4487.229
4540.029
4670.657
4545.743
4516.143
4652.029
4528.75
4197.167
4329.278
4279.972
4279.972
4281.583
4342.917
4394.25
4266.371
4402.257
4455.057
4478.257
4362.457
4267.8
4245.429
4381.314
4552.314
4774.029
4826.829
4850.029
4913.114
5147.114
5170.314
5404.314
5467.4
5520.2
5549.514
5720.514
5743.714
5879.6
5690.457
5838.257
5861.457
5287.543
5350.629
5584.629
5720.514
5496.686
5632.571
5803.571
5826.771
5828.429
5891.514
5914.714
5466.429
5232.429
5454.143
5625.143
5637.429
5720.514
5743.714
5634.629
5657.829
5850.229
5958.143
5987.457
6221.457
6148.657
6150.314
6161.286
5977.714
6030.514
6041.486
6070.8
6070.114
5651.886
5675.086
5727.886
5729.543
5900.543
6071.543
5931.389
5942.056
6157.611
6385.111
6517.222
6556
6607.333
6267.167
6123.472
6255.583
6483.083
6517.222
5935.056
5986.389
6201.944
6230.444
6253
6362.556
6423.889
6590.139
6612.694
6614.306
6470.611
6698.111
6749.444
6881.556
6828.167
6828.167
6270.194
6385.111
6407.667
6635.167
6612.611
6673.944
6800.944
6829.444
6840.111
6891.444
6333.778
6500.028
6727.528
6778.861
6801.417
6549.333
6600.667
6662
6828.25
6850.806
6595.944
6369.622
6374.056
6375.667
6385.667
6437
6569.111
6426.611
6536.167
6702.417
6929.917
6931.528
6992.861
7015.417
6443
6286.216
6073.676
5598.056
5825.556
5848.111
6075.611
5848.111
5827.167
5849.722
6015.972
5964.639
5765.917
5993.417
5995.028
6017.583
5950.778
5961.444
5899.444
5910.111
5900.111
5900.111
5961.444
5963.056
5961.444
6127.694
5357.778
5386.278
5601.833
5733.944
5744.611
5972.111
6188.944
5771.722
5903.833
6119.389
6285.639
6324.417
5912.833
5782.333
5519.73
5682.111
5671.444
5466.5
5671.444
4915.778
5082.028
5083.639
5106.194
5157.528
5301.222
5301.222
5157.528
5218.861
5247.361
5269.917
5321.25
5548.75
5573.833
5186.028
5237.361
4920.028
4930.028
5157.528
5385.028
5395.694
5373.083
5505.194
5527.75
5579.083
5745.333
5806.667
6034.167
6032.556
5888.861
6032.556
6034.167
6261.667
6427.917
5806.667
6034.167
6035.778
5784.111
6011.611
6011.611
6034.167
5562.25
5458.917
5520.25
5735.806
5902.056
6034.167
6034.167
6200.417
6211.083
6438.583
6489.25
6216.829
6438.543
6574.429
6375.914
6377.571
6440.571
6206.571
5836.6
6007.6
5809.086
5944.971
5932.686
6143.486
6206.571
6037.229
6060.429
6208.229
6154.457
6183.771
6236.571
6470.571
6235.886
6258.6
6429.6
6502.4
6531.714
6753.429
6542.629
6605.714
6688.8
6582.514
6787.2
6724.2
6945.914
6206.571
6206.571
6206.571
5945.629
5968.829
6104.714
6338.714
6368.029
6420.829
6483.914
6654.914
6665.886
6836.886
6838.543
6689.086
6743.886
6509.886
6203
6338.886
6572.886
6794.6
6965.6
7018.4
6794.686
6562.686
6564.343
6593.657
6604.629
6633.943
6769.829
6793.029
6804
6793.029
6843.743
6277.629
6302.057
6365.143
6294
6216.353
6457.235
6302.057
6302.057
6313.029
6547.029
6325.257
5964.086
6042.086
6052.371
6107.8
6132.229
6200.171
5892.257
5915.457
5744.457
5744.457
5400.371
5400.371
5634.371
5645.343
5533.171
5556.371
5531.514
5246.714
5233.257
5156.914
5084.114
5084.114
5305.829
5539.829
5840.941
5588.765
5390.941
5402.235
5467.176
5653.706
5799.471
5829.647
5829.647
5848.529
5902.882
5884
5853.529
5439.294
5469.471
5523.824
5588.765
5829.647
6005.676
6029.059
6257.294
6397.176
6427.353
6298.765
6070.529
6094.412
5588.765
5829.647
5838.706
5903.647
5914.941
5938.824
6179.706
5867.588
5921.941
5933.235
5998.176
6126.765
6302.794
6304.5
6545.382
6311.686
6341
4801.629
5035.629
4824.829
4995.829
5229.829
5229.829
4997.486
5020.686
5254.686
5317.771
5328.743
5550.457
5686.343
5556.889
5585.389
5717.5
5719.111
5770.444
5831.778
5883.111
6110.611
5854.611
5883.111
5934.444
5936.056
5946.722
6110.611
6038.694
6040.306
6062.861
6124.194
6175.528
6307.639
6368.972
6329.806
6381.139
6391.806
6358.972
6336.139
6336.139
6502.389
6634.5
6695.75
6307.639
5706.278
5757.611
5739.778
5956.611
5979.167
6111.278
6277.528
6279.139
6137.162
5915.811
5758.541
5786.27
5914.811
5916.378
6137.73
6159.243
6218.919
6278.595
6385.189
6407.135
6429.351
6462.568
6484.514
6486.081
5953.541
6003.486
6013.865
6041.595
6262.946
5963.216
5973.595
5885.541
5935.486
5995.162
6156.919
6167.297
6377.027
6505.568
6726.919
6754.649
6883.189
6933.135
7154.486
7156.054
7166.432
7328.189
7537.919
7559.865
7619.541
7621.108
7409.378
7537.919
7597.595
7759.351
7781.297
7669.486
7697.216
7918.568
7928.946
7988.622
8117.162
7931.892
7752.297
7726.135
7735.806
7963.306
7757.306
7780.139
7780.139
7808.639
7831.194
7892.528
7790.139
7396.389
7386.389
7397.056
7563.306
7695.417
7211.194
7272.528
7106.361
6942.027
6943.595
7164.946
7358.568
7386.297
7387.865
7409.811
7619.541
7679.216
7679.216
7888.946
8050.703
8272.054
8261.676
7619.541
7669.486
7727.595
7511.378
7512.946
7641.486
7781.297
7679.216
7531.486
7360.289
7370.395
7419.026
6662.632
6664.158
6652.526
6679.526
6700.895
5705.184
5726.553
5884.053
6009.211
6057.842
5969.421
5654.5
5524
5644.316
5644.316
5801.816
5801.816
5811.921
5838.921
5887.553
5945.658
5654.5
5811.921
5860.553
6037.763
6059.132
6086.132
6087.658
5912.342
5833.289
5891.395
5705.184
5761.763
5919.263
5940.632
5784.658
5833.289
5878.974
5642.079
5689.184
5699.289
5914.816
5916.342
5974.447
5941.27
5811.921
5822.026
5399.711
5615.237
5341.605
5557.132
5615.237
5616.763
5665.395
5529.263
5686.763
5811.921
5492.158
5550.263
5560.368
5587.368
5712.526
5870.026
6027.447
5810.395
5820.5
5822.026
5811.921
5524.789
5551.789
5553.316
5710.816
5926.342
6114.868
5899.342
5926.342
5936.447
5985.079
5947.711
5916.289
5917.816
5966.447
6024.553
6149.711
5876.784
6086.514
6114.243
6086.514
5710.135
5919.865
5947.595
5957.973
6086.514
6146.189
6108.459
6270.135
6329.811
6379.757
6084.583
5947.865
5918.568
5596.324
5556.108
5684.649
5744.324
5965.676
5987.622
5998
6025.73
6187.486
5859.811
5732.605
5781.237
5791.342
6006.868
6016.974
6027.079
5989.974
6016.974
6018.5
5209.263
5219.368
5268
4593.474
4620.474
4630.579
4728.737
4786.842
4366.711
4582.237
4739.737
4761.105
4517.842
4507.737
4517.842
4527.947
4549.316
4706.816
4708.342
4756.974
4815.079
4886.921
4949.5
4928.132
4938.237
4714.132
4902.658
4902.658
4929.658
5085.632
4685.605
4702.5
4918.026
4976.132
4928.132
4931.5
4777.711
4826.342
4884.447
4905.816
5063.316
5267.526
5483.053
5608.211
5733.368
5526.579
5547.947
5390.447
5547.947
5558.053
5559.579
5690.432
5567.684
5625.711
5683.816
5693.921
5695.447
5716.816
5765.447
5795.026
5773.947
5775.474
5802.474
5812.579
5822.579
5986.105
5996.211
5741.526
5144.711
5181.447
5253.289
5304.342
5326.842
5389.421
5382.684
5363.789
5252.564
5252.564
5462.564
5123.667
5110.077
5066.385
5123
5276.462
5475.436
5506.564
5628.513
5838.513
5848.359
5904.974
5906.462
5927.282
6126.256
6248.205
6458.205
6422.41
5726.436
5925.41
6078.872
6126.256
6079.487
6080.974
6101.795
6158.41
5956.923
5868.872
6078.872
6126.256
5536.282
5280.205
5149.65
5175.3
5380.05
5498.95
5545.15
5554.75
5704.375
5623.525
5828.275
6022.275
6042.575
6097.775
6216.675
6366.3
6391.95
6417.6
6472.8
6677.55
6679
6797.9
6844.1
7038.1
7058.4
7078.7
7124.9
6437.325
6642.075
6836.075
6985.7
7058.4
7157
7178.05
7233.25
7253.55
7255
7264.6
7458.6
6853.65
6863.25
6887.45
6770
6761
6806.6
6874.85
7016.923
7077.897
6316.077
6372.692
6393.513
6515.462
6725.462
6924.436
7077.897
7079.692
6928.35
6974.55
6976
6893.1
6923.825
6925.275
6950.925
6920.2
6940.75
6914.5
7119.25
7089.7
7099.3
7079
7197.9
7134.2
7080.45
7126.65
7146.95
7172.6
7322.225
7440.282
7644.684
7565.158
7586.526
7596.632
6572.026
6630.132
6506.5
6722.026
6847.184
6447.289
6434.026
6589.605
6386.395
6462.921
6620.421
6641.789
6643.316
6653.421
6711.526
6927.053
6396.5
6249.605
6251.132
6261.237
6386.395
6444.5
6660.026
6590.605
6386.395
6407.763
6434.763
6650.289
6651.816
6659.921
6785.079
6345.868
6211.757
6285.541
6130.237
6178.868
6205.868
6232.868
6254.237
6255.763
6380.921
6585.132
6633.763
6155.263
6156.789
5864.737
5683.711
5750.763
5772.132
5782.237
5997.763
5995.921
5979.026
5979.026
6006.026
5857.105
5769.789
5711.684
5738.684
5740.211
5838.974
5897.079
6022.237
6237.763
6426.289
6474.921
6485.026
6506.395
6663.895
6665.421
6533.526
6591.632
6254.342
6312.447
6437.605
6486.237
6701.763
6723.132
6724.658
6882.158
6909.158
6957.789
7173.316
6637.474
6695.579
6697.105
6718.474
6922.684
6949.684
6998.316
7155.816
7157.342
7178.711
7205.711
7330.868
7357.868
7357.868
7113.816
7329.342
7330.868
7476.658
7509
7225
7273.632
7295
7305.105
7363.211
7488.368
7487.658
7545.763
7555.868
7604.5
7604.5
7379.5
6790.368
6915.526
6878.789
7094.316
7251.816
7303.868
7330.868
7421.237
6941.474
6972.579
6999.579
7020.947
7178.447
7303.605
7330.868
7035.189
6992.865
6992.865
7003.243
7078.919
7077.351
6856.189
6857.757
6879.703
7049.541
7211.297
7239.027
6948.811
7008.486
6948.892
6998.838
7020.784
7022.351
7032.73
7254.081
7382.622
7158.541
7057.73
6821.838
6792.27
6842.216
6970.757
7008.486
7229.838
7066.579
7087.947
6857.579
7061.789
7119.895
7168.526
7293.684
6851.053
6872.421
6492.763
6650.263
6775.421
6824.053
6845.421
6846.947
6640.079
6623.184
6565.158
6623.263
6748.421
6775.421
6824.053
5218.789
5220.316
5241.684
5290.316
5447.816
5663.342
5673.447
5641.105
5164.568
5115.27
5174.946
5065.763
5114.395
4763.811
4828.081
4836.405
4837.189
4736.895
4952.421
5156.632
5214.737
5010.526
5068.632
5095.632
5144.263
5269.421
5278.816
5436.316
5253.474
5430.684
4895.474
4916.842
4918.368
5075.868
5133.974
5349.5
5474.658
5523.289
5226.053
5253.053
5301.684
5301.684
5037.526
5135.684
5184.316
5211.316
5368.816
5370.342
5391.711
4798.158
4825.158
4799.684
4957.184
4978.553
4988.658
5037.289
5162.447
5005.026
3437.514
3459.459
3487.189
3708.541
3410.162
3410.162
3469.838
3437.514
3231.297
3173.263
3221.895
3347.053
3368.421
3525.842
3371.405
3592.757
3642.703
3653.081
3583.947
3605.316
3762.816
3820.921
3784.184
3909.342
3957.974
4016.079
4220.289
4377.789
4387.895
4389.421
4604.947
4760.526
4781.895
4840
4308.447
4308.447
4357.079
4572.605
4604.947
4066.73
4168.811
4196.541
4417.892
4477.568
4606.108
4656.054
4296.892
4507.865
4448.27
4449.838
4455.622
4617.378
4617.378
4667.324
4405.946
4427.892
4449.838
4449.838
4671.189
4487.568
4649.324
4256.486
4179.459
4196.811
4418.162
4477.838
4429.459
4558
4779.351
4829.297
4991.054
5050.73
5260.459
5288.189
5298.568
5634.083
5685.417
5696.083
5696.083
5569.865
5519.919
5298.568
5298.568
5298.568
5326.568
4960.162
4987.892
5009.838
5171.595
5300.135
5298.568
5519.919
4615.676
4626.054
4648
4809.757
4859.703
5081.054
5082.622
5097.541
5149.973
5214.243
5164.297
5374.027
5535.784
5537.351
5418.632
5428.737
5246.158
5019
5077.026
5098.395
4398.395
4613.921
4818.132
4866.763
4924.868
5050.026
5077.026
5098.395
5077.026
5018.921
5077.026
5104.026
5038.5
5087.132
4861.5
4933.342
5040.684
5165.842
5187.211
5188.737
5198.842
5414.368
5472.474
5676.684
5205.763
4934.868
4944.974
4966.342
5014.974
5230.5
5388
5409.368
5441.711
5467.447
5336.947
5462.105
5436.632
5351.263
5163
5166.368
5238.211
5130.205
5282.974
5237.579
5295.684
5237.579
5258.947
5247.684
5405.184
5609.395
5667.5
5716.132
5931.658
5717.658
5212.105
5237.579
5237.579
5395.079
5286.211
5287.737
5490.421
5647.921
5669.289
5707.816
5577.316
5792.842
6008.368
6144.5
6202.605
6212.711
6214.237
5971.447
5992.816
5971.447
5648.368
5805.868
5600.368
5627.368
5576.526
5792.053
5782.579
5743.421
5764.789
5980.316
6137.816
6262.974
6289.974
6338.605
5733.947
5949.474
5751.947
6082
5945.351
5955.73
6005.676
6043.405
5593.135
5441.757
5469.486
5529.162
5750.514
5912.27
5833.676
5833.676
6043.405
5941.324
6043.405
6065.351
5340.27
5390.216
5146.189
5147.757
5169.703
5180.081
4957.162
5178.514
5156.568
5178.514
5340.27
5178.514
5206.243
4947.432
4946.784
5168.135
5178.514
5200.459
5410.189
5631.541
5691.216
5819.757
5869.703
5892.811
5910.162
5920.541
6049.081
5648.297
5869.649
6079.378
6241.135
6114.162
6114.162
5952.486
6081.027
6102.973
6324.324
6374.27
6385.541
6031.459
6252.811
6263.189
6263.189
6101.514
6109.838
5976.056
5957.056
5823.784
5784.216
5806.162
5807.73
5536.432
5576
5635.676
5657.622
5878.973
6088.703
6250.459
5701.351
5729.081
5857.622
5699.73
5616.541
5676.216
5726.162
5726.162
5947.514
6157.243
6285.784
6447.541
6507.216
5698.162
5698.162
5919.514
5717.081
5938.432
5626.622
5676.568
5643
5676.216
5454.865
5676.216
5804.757
5966.514
5968.081
5995.811
6217.162
6295.757
6457.514
5758.081
5817.757
5867.703
6007.432
6217.162
6218.73
6380.486
6380.486
6238.053
5900.105
6115.632
6173.737
6377.947
6211.053
6269.079
6279.184
6257.763
6473.289
6630.789
6679.421
6706.421
6764.526
6766.053
6776.158
6933.658
7000.711
6901.316
6765.184
6890.342
6890.342
6864.579
7020.158
6332.421
6390.526
6606.053
6654.684
6843.211
6901.316
6901.316
6097.816
6155.921
6177.289
6225.921
6236.026
6451.553
6655.763
6683.026
6259.842
6281.211
6496.737
6654.237
6655.763
6677.132
6512.079
6515.447
6515.447
6536.816
6594.921
6810.447
6859.079
6984.237
7057.289
6935.158
6936.684
6980.184
6990.289
7017.289
7027.395
7074.5
7132.605
7181.237
6965.711
7181.237
7023.737
7239.263
7174.158
7378.368
7360.842
7382.211
7392.316
7419.316
7467.947
7378.368
7389.684
7389.684
7389.684
7547.184
7195.526
7353.026
7363.132
7578.658
7605.658
6269.711
6427.211
6475.842
6601
6816.526
6818.053
6669.538
6516.154
6715.128
6868.59
6748.128
6746.641
6803.179
6925.128
6925.128
6715.128
6551.487
6761.487
6782.308
6783.795
6810.103
6857.487
6658.513
6715.128
6495.282
6705.282
6521.154
6531
6540.846
6561.667
6715.128
6505.128
6715.128
6515.795
6658.154
6705.538
6468.974
6495.282
6505.128
6715.128
6724.974
6781.59
6807.897
6855.282
7065.282
6735.949
6842.282
6852.128
6620.615
6480.75
6135.625
6124.925
6115.325
6124.925
6124.925
6135.625
5956.525
6161.275
6262.282
6272.128
6328.744
5705.282
5915.282
5936.103
5945.949
6073.103
6073.103
5930.744
5978.128
5947.821
6074.282
6084.128
6084.128
6110.436
6157.821
6356.795
6042.436
6052.282
5852.128
6052.282
6052.282
6062.128
5489.846
5611.795
5717.872
5916.846
5973.462
6020.846
6230.846
6262.282
6415.744
6436.564
6063.256
6073.103
6073.103
6082.949
6204.897
6414.897
6416.385
6615.359
6671.974
6518.513
6671.974
6825.436
6947.385
6794
6803.846
7013.846
7040.154
7041.641
7240.615
7077.564
7199.513
7201
7354.462
7441.026
7263.816
7479.342
7489.447
7028.763
7038.868
7065.868
7281.395
7302.763
7360.868
7565.079
7312.447
7516.658
7538.026
7538.026
7586.658
6855.105
6865.211
7022.711
7238.237
7442.447
7509.5
7536.5
7538.026
7298.297
7320.243
7321.811
7332.189
7460.73
7682.081
7741.757
7752.135
7779.865
7908.405
7958.351
7980.297
8190.027
8411.378
8434.486
8494.162
7579.324
7589.703
7368.351
7589.703
7639.649
7822.892
7601.541
7752.919
7754.486
7804.432
7832.162
7993.838
8004.216
8063.892
7983.324
8084.135
7651.486
7661.865
7790.405
7850.081
7851.649
8013.405
8223.135
8245.081
8373.622
8375.189
7932.541
7853.297
8014.973
8224.703
8246.649
8227.73
8389.405
8411.351
8439.081
8598.865
8217.081
8267.027
8466.432
8676.162
8837.919
8839.486
8899.162
8691.974
8702.079
8827.237
8875.868
8016.789
8043.789
8092.421
8083.842
7958.684
8174.211
8184.316
8309.474
8087.737
7795.737
7622.154
7832.154
7888.769
7595.846
7794.821
8004.821
7996.462
8006.308
7969.026
8025.641
8147.59
7605.692
7662.308
7815.769
8025.769
8224.744
8245.564
8271.872
8271.872
7896.462
7753.692
7667.41
7877.41
7924.795
8046.744
8200.205
8256.821
8266.667
7938.872
7753.949
7774.769
7973.744
7691.231
7655.436
7587.231
7613.538
7623.385
7670.769
7869.744
5656.795
5658.282
5684.59
5894.59
6016.538
5918.205
5939.026
6092.487
6214.436
6215.923
6263.308
6385.256
6547.872
6574.179
6253.128
5900.769
5948.154
6147.128
6300.59
6263.308
5767.051
5823.667
5844.487
6043.462
5918.025
6097.125
6106.725
6106.725
5846.175
5892.375
5901.975
6106.725
5437.282
5636.256
5758.205
5784.769
5938.231
5994.846
5416.462
5437.282
5484.667
5416.462
5437.282
5559.231
5615.846
5261.513
5263
5283.821
5437.282
5190.923
5327.526
5170.105
5333.632
5108.632
5060.263
5108.895
5119
5146
5361.526
5382.895
5587.105
5744.605
5960.132
6164.342
6185.711
5723.526
5671.053
5729.158
5777.789
5587.105
5686.5
5707.868
5756.5
5765.974
5587.105
5524.526
5649.684
5807.184
6011.395
5506.053
5577.895
5628.947
5510.923
5558.308
4949.333
4367.079
4346.474
4397.526
4405.632
4463.737
4316.921
4232.538
3824.41
4034.41
3862
3882.821
4081.795
4081.795
4203.744
3972.846
3993.667
4147.128
4203.744
4142.769
4341.744
4368.051
4578.051
4598.872
4655.487
4665.333
3829.821
4039.821
3802.897
3829.205
3839.051
3992.436
4039.821
4238.795
4071.333
4072.821
4072.821
4129.436
4150.256
4272.205
4070.487
4249.821
4039.821
4161.769
4371.769
4381.615
4383.103
4403.923
4451.308
4604.769
4814.769
4824.615
5023.59
5025.077
5045.897
5199.359
5255.974
5303.359
5425.308
5481.923
5472.692
5499
5466.846
5487.667
5489.154
5642.615
5620
5641.923
5698.538
5466.897
5480.487
5490.897
5368.949
5378.795
5395.256
5222.795
5406.487
5160.128
5169.974
5226.59
5368.949
5383.103
5453.275
5248.525
5202.925
5321.825
5367.425
5330.825
5377.025
5581.775
5775.775
5777.225
5926.85
5973.05
5998.7
5803.55
6008.3
6192.7
6238.9
6248.5
6274.15
6294.45
6349.65
6554.4
6574.7
6620.9
6554.4
6462.7
6483
6538.2
6539.65
6658.55
6752.975
6893
6791.6
6996.35
7115.25
7116.7
7119.9
6701.825
6708.075
6912.825
6717.675
6550.675
6560.275
6585.925
6790.675
6984.675
7039.875
6958.775
6912.825
6922.425
6521.15
6530.75
6381.2
6427.4
6453.05
6647.05
6667.35
6466.025
6467.475
6487.775
6358.7
6411.1
6316.4
6148.25
6203.45
6408.2
6433.85
6443.45
6243.975
6428.425
6483.625
6493.225
6539.425
6559.725
6145.5
6146.95
5673.675
5867.675
5986.575
6004.9
6014.5
6069.7
6274.45
6294.75
6340.95
6340.95
6490.575
6609.475
6629.775
6834.525
6889.725
6935.925
6982.125
7176.125
7155.825
7130.175
7139.775
6971.425
6935.925
7129.925
6925.1
6971.3
7026.5
7145.4
7146.85
7296.475
6982.125
6477.175
6661.575
6716.775
6762.975
6912.6
6914.05
6804.75
6772.575
6977.325
6977.325
7171.325
7217.525
6633.775
6576.875
6755.975
6894.775
6915.075
6940.725
6986.925
7126.95
7152.85
7208.05
7412.8
7606.8
7725.7
7391.625
6932.95
7126.95
7126.95
7032.525
7151.425
7161.025
7186.675
7380.675
7426.875
7631.625
7633.075
7782.7
7577.35
7782.1
7807.75
7817.35
7863.55
8104.205
8151.59
8208.205
8253.718
8407.179
8306.051
7863.077
7889.641
7824.231
7977.692
8099.641
8156.256
8166.103
8167.59
7842.256
7643.487
7340.513
7539.487
7549.333
7575.641
7785.641
7842.256
7974.897
7999.718
8001.205
8048.59
7868.821
8078.821
8052.256
8073.077
8272.051
8312.205
7929.179
7728.333
7750.256
7806.872
7656.923
7677.744
7704.051
7751.436
7551.282
7607.897
7806.872
7510.436
7532.359
7731.333
7801.333
7857.949
7679.795
7666.872
7714.256
7913.231
7687.692
7477.692
7534.308
7544.154
7471.641
7441.59
7640.564
7666.872
7820.333
7688.538
7887.513
7890.641
7947.256
8069.205
7986.308
7937.128
7927.897
7793.923
7803.769
7925.718
7982.333
7983.821
8193.821
8193.821
8228.051
8350
8359.846
8513.308
8559.205
8560.692
8617.308
8208.205
8086.256
8286.41
8331.923
8333.41
8486.872
8451.077
8308.718
8318.564
8038.872
8048.718
8069.538
8223
8433
8480.385
8481.872
8434.487
8460.795
8318.436
8309.205
8319.051
8349.359
8339.513
8139.359
8165.667
8339.513
8549.513
8481.872
7794.615
7804.462
7635
7626.85
7776.475
7831.6
7877.8
7879.6
7685.6
7724.75
7433.225
7433.95
7489.15
7496.85
7323.366
7141.927
7276.756
7130.854
7122.073
7123.488
7269.463
7289.268
6980.805
7096.805
7031.927
7047.585
7072.854
7237.098
7192.61
7057.195
7077
7086.366
7106.171
6961.405
7005.405
7005.405
7165.738
7146.405
6679.929
6704.357
6713.5
6766.071
6908.5
6732.762
6785.333
6961
7065.095
7048.976
7050.357
7059.5
6908.5
6952.5
6971.833
7156.595
6722.071
6731.214
6755.643
6940.405
6941.786
7136.786
7279.286
7321.905
6908.5
6952.5
7137.262
7040.69
7060.024
6899.69
6865.071
6917.643
6918.69
6962.69
6987.119
7182.119
7366.881
7419.452
7428.595
6856.024
6875.829
6877.244
7077
7122.073
7222.976
6640.805
6756.805
6956.561
6632.024
6776.585
6723.561
6743.366
6606.756
6596.317
6654.317
6545.829
6546.537
6421.415
6286
6225.024
6015.366
6081.951
6435.85
6482.05
6537.25
6731.25
6756.9
6766.5
6885.4
6728.875
6730.325
6191.15
6109.7
6314.45
6360.65
6165.5
6191.15
6191.15
6340.775
6342.225
6068.35
6166.95
6192.6
6385.15
6534.775
6534.775
6319.59
6518.564
6717.538
6727.385
6774.769
6036.513
6246.513
6255.744
6219.59
6219.59
6232.744
6280.128
6336.744
6340.026
6151.359
6172.179
6219.564
5973.205
6095.154
6096.641
6122.949
6276.41
6323.795
6212.821
6136.872
6146.718
6268.667
6316.051
6390.615
6416.923
6464.308
6520.923
6365.974
6422.59
6576.051
6729.513
6731
6751.821
6761.667
6683.974
6893.974
6950.59
6997.974
6761.667
6648.513
6451.026
6591.897
6560.385
6617
6322.359
6353.179
6400.564
5935.231
6134.205
6344.205
6370.513
6332.974
6389.59
6400.564
6203.077
5913.538
5934.359
5981.744
6191.744
6201.59
6208.256
6209.744
6209.744
6282.41
6339.026
6386.41
6596.41
6621.231
6631.077
6753.026
6497.513
6499
6397.436
6596.41
6653.026
6662.872
6664.359
6685.179
6807.128
6960.59
7007.974
6817.821
6838.641
6960.59
6962.077
6971.923
7180.436
7227.821
7274.59
6976.462
7023.846
7025.333
7030.821
7184.282
7205.103
7090.256
7011.026
7020.872
7016.513
7063.897
7060.359
7213.077
7233.897
7260.205
7470.205
7592.154
7593.641
7747.103
7946.077
7947.564
7968.385
8038.385
7970.079
7970.079
8096.105
7439.395
7466.395
7591.553
7807.079
7828.447
7838.553
8042.763
8043.526
8101.632
8123.263
8133.368
8242.158
7847.128
7903.744
7193.375
7398.125
7399.575
7425.225
7445.525
7595.15
7650.35
7705.55
7751.75
7295.35
7109.95
7130.25
7155.9
7202.1
7321
6997.55
7017.85
7167.475
7339.725
7148.975
6913.5
7118.25
6870.5
7020.125
7027.825
7083.025
6933.878
6948.122
7001.976
7156.659
6459.463
6504.537
6704.293
6850.268
6870.073
6879.439
6924.512
6933.878
6935.293
7019.049
6835.195
6815.146
6834.951
6888.805
7034.78
7079.854
7123.146
6925.927
6971
7170.756
7316.732
7341.756
7343.171
7271.659
7081.268
6958.902
7104.878
7149.951
7151.366
7035.366
7151.366
6935.293
7081.268
7079.854
6589.537
6789.293
6935.268
6989.122
7034.195
7150.195
7223.463
7065.634
7067.049
7256.317
7301.39
7302.805
7322.61
7522.366
7531.024
7584.878
7501.122
7067.756
7112.829
7137.854
7327.122
7380.976
7390.341
7590.098
7590.098
7590.805
7611.659
7669.659
7178.756
7169.976
7195
7248.854
7394.829
7414.634
7416.049
6916.78
7062.756
7178.756
7178.756
7223.829
7277.683
7279.098
7468.366
7488.171
7513.195
7712.951
7722.317
7922.073
7941.878
7950.537
8004.39
8099.537
8096.024
8285.293
8112.452
8156.452
8157.833
8300.333
7846.238
8167.268
8021.366
8037.024
8046.39
7876.537
8065.805
7992.537
8046.39
8246.146
8267
8274.512
8285.61
8232.463
8070.85
8220.475
8070.85
8110
8113.2
8134.575
7961.195
8160.951
8350.22
8359.585
8505.561
8694.829
8894.585
9010.585
8820.476
8864.476
9059.476
9201.976
9203.357
9247.357
9299.929
9324.357
9437.595
9333.5
9047.048
9038.476
9062.905
9156.81
9176.143
9318.643
9304.405
9313.548
9456.048
9030.548
9060.952
9104.952
8649.595
8650.976
8660.119
8704.119
8756.69
8776.024
8733.762
8341.357
8454.595
8649.595
8674.024
8658.738
8771.976
8947.595
8461.786
8604.286
8799.286
8700.786
8649.595
8530.381
8604.452
8226.071
8337.929
8337.857
8381.857
8434.429
8443.571
8310.762
8486.381
8495.524
8539.524
8502.238
8477.81
8530.381
8291.381
8486.381
8486.381
8538.952
8582.952
8584.333
8608.762
8722
8741.333
8926.095
9121.095
9165.095
9189.524
9208.857
9322.095
9487.524
9682.524
9488.905
9349.857
9217.667
9165.095
8970.095
9153.476
9206.048
9215.19
9357.69
9410.262
9454.262
9466.476
9661.476
9856.476
9859.524
9916.143
9804.286
9804.286
9771.048
9741.786
9310.19
9443.548
9098.738
9118.071
9162.071
9304.5
8827.833
9012.595
9021.738
9046.167
9159.405
9055.31
9099.31
9284.071
9336.643
9355.976
9550.976
9575.405
9619.405
9077.619
9121.619
9174.19
9358.952
9152.738
9265.976
9408.476
9409.857
9229.976
8860.024
9055.024
9055.024
8904.024
8476.81
8671.81
8696.238
8705.381
8749.381
8108.524
8132.952
8134.333
8276.833
8329.405
8514.167
8709.167
8718.31
8689.048
8800.905
8985.667
9005
9200
9201.381
8823.333
8847.762
8891.762
8707
8557.524
8601.524
8610.667
8635.095
8687.667
8882.667
8650.071
8834.833
8948.071
8762.214
8904.714
8721.488
8623.767
8762.953
8786.814
8897.419
9087.884
8819.952
8863.952
8839.286
8883.286
9025.786
8919.073
9010.049
9055.122
9035.073
9054.878
9170.878
9360.146
9559.902
9584.927
9638.78
9754.78
9954.537
10008.39
10154.366
10199.439
10200.854
10210.22
10230.024
10106.073
10131.098
10176.171
10259.927
9915
9916.415
9970.268
10015.341
10024.707
10049.732
10165.732
10176.171
10176.171
10375.927
10429.78
10432.902
10189.976
9927.786
9927.786
10103.452
9927.786
9980.357
9981.738
10166.5
10210.5
10405.5
10466.167
10473.929
10088.119
10112.548
10122.786
10265.286
10309.286
10422.524
10389.286
10441.857
10443.238
10143.857
9971.786
9727.738
9780.31
9799.643
9824.071
10009.929
10053.929
10238.69
9947.119
10131.881
10326.881
10379.452
10423.452
10565.952
10679.19
10282.69
10282.69
10161.762
10161.762
10196.619
9818.167
9825.929
9850.357
10035.119
10087.69
10238.69
10433.69
10458.119
10477.452
10530.024
10643.262
10599.5
10545.548
10546.929
9291.69
9344.262
9388.262
9222.833
9193.571
9281.762
9346.762
9399.333
9419.69
9427.024
9436.69
9218.581
9227.512
9026.698
9217.163
8964.837
8964.837
8975.023
9155.488
9179.349
9188.279
8902.14
8953.488
9143.953
9254.558
9255.907
9104.023
9012.302
9122.907
9303.372
9493.837
9545.186
9588.163
9273.619
9367.524
9391.952
9586.952
9606.286
9503.286
9478.619
9346.429
9337.286
9450.143
9494.143
9503.286
9327.619
9327.619
9352.286
9308.286
9459.286
9316.857
9316.857
9360.857
9360.857
9360.857
9474.095
9475.476
9494.81
9689.81
9874.571
9877.619
10072.619
10091.952
10185.857
10328.357
10380.929
10565.69
9954.19
9851.19
9870.524
9894.952
9904.095
9948.095
9949.476
10002.048
9976.667
10089.905
9983.452
9612.381
9725.619
9523.302
9532.233
9612.093
9792.558
9931.744
9955.605
10066.209
10066.209
9722.698
9679.721
9698.605
9837.791
9508.326
9500.233
9551.581
9742.047
9785.023
9733.674
9844.279
9646.605
9665.488
9689.349
9732.326
9733.674
9872.86
9741.651
9623.884
9675.233
9718.209
9579.023
9769.488
9820.837
9844.698
9820.837
9822.186
10002.651
10045.628
10054.558
10245.023
10030.465
9861.209
9912.558
9617.163
9797.628
9816.512
9817.86
9775.442
9557.488
9724.093
9588.047
9631.023
9451.907
9632.372
9683.721
9794.326
9794.326
9845.674
9941.814
10122.279
10131.209
10174.186
9952.907
9638.349
9626.628
9677.977
9741.465
9460.279
9505.395
9481.302
9148.698
9066.86
9247.326
8862.114
8880.568
9066.705
9108.705
9098.977
9149.159
8936.795
9122.932
9146.25
9154.977
9196.977
8428.233
8237.767
8428.233
8248.465
8267.349
8268.698
8277.628
8388.233
8376.884
8428.233
8498.093
8688.558
8799.163
8811.093
8829.977
8206.465
7987.419
8158.953
8182.814
8191.744
8002.907
7963.302
8153.767
8155.116
8198.093
8206.465
8249.442
8268.326
8159.07
8168
8358.465
8234.977
8345.581
8155.116
7965.721
8156.186
8336.651
8302.605
8345.581
8167.047
8168.395
8177.326
8177.326
8228.674
8247.558
8376.674
8167.047
8218.395
8100.209
8124.07
8167.047
8167.047
7964.07
8015.419
8126.023
8316.488
8335.372
8296.023
8476.488
8167.047
8185.93
8376.395
8357.512
8366.442
8409.419
8589.884
8591.233
8642.581
8167.047
8357.512
8185.93
7590.86
7592.209
7772.674
7781.605
7805.465
7916.07
7934.953
7986.302
7952.163
8142.628
8166.488
8175.419
8218.395
8365.884
7752.488
7863.093
7914.442
7923.372
7924.721
7943.605
7658.233
7562.023
7338.814
7314.721
7366.07
7495.186
7538.163
7538.163
7562.023
7570.953
7237.093
7260.953
7371.558
7552.023
7742.488
7538.163
7562.023
7672.628
7853.093
7862.023
7562.023
7403.953
7294.698
7433.884
7544.488
7587.465
7562.023
7641.884
7733.605
7752.488
7932.953
7766.349
7745.535
7884.721
7936.07
7979.047
7997.93
7999.279
8179.744
8008.209
8118.814
7482.561
7473.78
7483.146
7508.171
7562.024
7102.854
7302.61
6686.463
6686.463
6821.293
6774.951
6778.073
6641.119
6660.452
6403.381
6455.952
6465.095
6466.476
6441.81
6274.69
6318.69
6431.929
6104.405
6123.405
6105.452
5954.452
5963.595
6076.833
6096.167
6161.167
6207.357
6276.595
6286.786
6481.786
6455.357
6295.024
6296.405
6126.071
6135.214
6163.357
6358.357
6382.786
6496.024
6680.786
6700.119
6338.707
6392.561
6367.537
6376.902
6187.634
6312.415
6357.488
6127.488
6128.902
6328.659
5928.488
5857.561
5877.366
6021.927
6137.927
6016.214
6025.357
6069.357
6264.357
6053.5
5649.976
5674.405
5859.167
6054.167
6063.31
5991.786
5659.119
5772.357
5967.357
5976.5
6119
6143.429
5343.095
5249.19
5273.619
5317.619
5460.119
5229.857
5010.19
4869.429
5054.19
5010.762
5035.19
5087.762
5263.429
5190.619
5243.19
4942.476
4951.619
4995.619
4819.952
4913.857
5108.857
5161.429
5170.571
5171.952
5215.952
5358.452
5179
5180.381
4963.714
4983.048
5178.048
5187.19
5300.429
5353
5264.19
5210.19
5229.524
5342.762
5253.952
5448.952
5221.571
5230.429
5415.19
5459.19
5468.333
5365.023
5383.907
5494.512
5288.619
4929.952
4901.476
4920.81
4734.31
4786.881
4929.381
4938.524
4734.952
2959.81
2940.238
3058.31
3150.833
3170.167
3214.167
3214.095
3223.238
3242.238
3048.619
3233.381
3143.19
3104.286
3123.619
3318.619
2860.524
2850.286
2869.619
2982.857
3096.095
2607.738
2616.881
2529.167
2548.5
2592.5
2664.024
2665.405
2717.976
2518.929
1734.525
1853.425
2047.425
2073.075
2277.825
1603.225
1807.975
1828.275
1947.175
1972.825
1982.425
2028.625
2222.625
2277.825
1622.075
1668.275
1787.175
1812.825
1814.275
1871.75
1795.775
1457.225
1482.875
1687.625
1806.525
927.175
714.675
740.325
859.225
905.425
925.725
