0.071
0.047
0.073
0.073
0.055
0.062
0.201
0.1
0.045
0.046
0.118
0.076
0.047
0.064
0.141
0.067
0.062
0.036
0.036
0.035
0.118
0.035
0.037
0.033
0.036
0.033
0.038
0.034
0.038
0.034
0.035
0.089
0.035
0.033
0.033
0.039
0.034
0.084
0.076
0.035
0.051
0.034
0.036
0.034
0.035
0.137
0.035
0.035
0.035
0.034
0.035
0.035
0.034
0.088
0.058
0.036
0.035
0.035
0.034
0.034
0.034
0.035
0.034
0.087
0.035
0.035
0.034
0.085
0.035
0.034
0.038
0.083
0.08
0.092
0.042
0.054
0.115
0.045
0.041
0.042
0.141
0.042
0.038
0.035
0.034
0.034
0.037
0.035
0.12
0.035
0.034
0.035
0.034
0.037
0.034
0.113
0.035
0.034
0.033
0.089
0.077
0.094
0.034
0.033
0.036
0.034
0.082
0.034
0.082
0.083
0.127
0.034
0.036
0.087
0.041
0.037
0.033
0.034
0.081
0.034
0.042
0.045
0.059
0.042
0.041
0.042
0.034
0.035
0.035
0.034
0.035
0.034
0.034
0.034
0.036
0.086
0.086
0.034
0.035
0.083
0.034
0.091
0.038
0.035
0.035
0.034
0.083
0.034
0.037
0.035
0.19
0.045
0.045
0.043
0.141
0.114
0.115
0.103
0.035
0.042
0.041
0.038
0.041
0.034
0.082
0.042
0.041
0.042
0.04
0.171
0.119
0.035
0.037
0.035
0.054
0.035
0.135
0.041
0.042
0.112
0.04
0.033
0.034
0.034
0.033
0.033
0.035
0.1
0.117
0.044
0.112
0.13
0.044
0.046
0.133
0.041
0.04
0.036
0.033
0.038
0.034
0.034
0.034
0.035
0.034
0.034
0.036
0.034
0.035
0.083
0.035
0.033
0.034
0.035
0.034
0.034
0.034
0.034
0.036
0.034
0.045
0.04
0.04
0.043
0.04
0.041
0.041
0.035
0.033
0.035
0.093
0.041
0.041
0.057
0.046
0.045
0.041
0.043
0.075
0.042
0.14
0.044
0.127
0.05
0.157
0.049
0.064
0.043
0.041
0.041
0.043
0.043
0.042
0.042
0.041
0.041
0.045
0.042
0.041
0.133
0.043
0.057
0.045
0.041
0.041
0.043
0.055
0.041
0.043
0.043
0.066
0.045
0.124
0.048
0.047
0.073
0.045
0.057
0.041
0.058
0.054
0.045
0.042
0.034
0.036
0.033
0.035
0.124
0.11
0.042
0.114
0.035
0.077
0.125
0.048
0.062
0.036
0.044
0.113
0.139
0.135
0.042
0.033
0.036
0.043
0.039
0.035
0.034
0.051
0.033
0.083
0.04
0.041
0.037
0.034
0.092
0.04
0.041
0.041
0.109
0.041
0.04
0.048
0.064
0.052
0.052
0.047
0.05
0.061
0.035
0.036
0.035
0.035
0.034
0.033
0.036
0.037
0.033
0.035
0.122
0.119
0.052
0.138
0.132
0.078
0.033
0.082
0.034
0.094
0.042
0.043
0.043
0.044
0.121
0.143
0.117
0.048
0.05
0.047
0.041
0.044
0.04
0.039
0.043
0.044
0.041
0.141
0.034
0.069
0.034
0.038
0.034
0.034
0.037
0.034
0.114
0.109
0.047
0.049
0.047
0.05
0.048
0.034
0.048
0.035
0.035
0.037
0.037
0.035
0.036
0.034
0.035
0.043
0.088
0.083
0.09
0.036
0.033
0.034
0.036
0.112
0.033
0.034
0.033
0.034
0.037
0.033
0.034
0.094
0.034
0.034
0.04
0.041
0.034
0.113
0.083
0.084
0.034
0.037
0.035
0.035
0.034
0.034
0.033
0.033
0.082
0.037
0.033
0.09
0.041
0.042
0.041
0.041
0.113
0.034
0.036
0.082
0.101
0.041
0.041
0.04
0.041
0.063
0.042
0.044
0.034
0.042
0.036
0.045
0.034
0.034
0.042
0.043
0.081
0.045
0.044
0.091
0.043
0.036
0.045
0.034
0.091
0.063
0.045
0.121
0.042
0.045
0.042
0.122
0.033
0.034
0.034
0.035
0.094
0.041
0.041
0.041
0.044
0.035
0.035
0.034
0.034
0.034
0.034
0.037
0.035
0.118
0.034
0.033
0.085
0.041
0.041
0.041
0.039
0.041
0.115
0.114
0.041
0.044
0.138
0.113
0.041
0.044
0.041
0.039
0.035
0.115
0.04
0.041
0.04
0.045
0.063
0.035
0.038
0.042
0.041
0.13
0.037
0.034
0.037
0.035
0.088
0.043
0.044
0.041
0.042
0.034
0.095
0.041
0.045
0.044
0.041
0.132
0.053
0.047
0.05
0.049
0.051
0.156
0.057
0.041
0.044
0.04
0.039
0.041
0.038
0.119
0.035
0.041
0.042
0.04
0.044
0.127
0.156
0.146
0.051
0.047
0.046
0.041
0.041
0.136
0.041
0.126
0.116
0.124
0.051
0.045
0.042
0.062
0.053
0.049
0.048
0.047
0.164
0.166
0.054
0.055
0.056
0.042
0.041
0.044
0.041
0.04
0.049
0.035
0.035
0.043
0.041
0.127
0.045
0.04
0.041
0.044
0.041
0.04
0.04
0.046
0.041
0.044
0.121
0.035
0.037
0.034
0.084
0.084
0.079
0.042
0.062
0.034
0.11
0.036
0.042
0.132
0.048
0.035
0.037
0.038
0.033
0.035
0.048
0.051
0.047
0.051
0.048
0.048
0.051
0.153
0.053
0.034
0.084
0.034
0.034
0.036
0.033
0.082
0.035
0.034
0.035
0.033
0.033
0.08
0.058
0.055
0.057
0.034
0.037
0.034
0.033
0.034
0.05
0.041
0.035
0.033
0.034
0.081
0.041
0.04
0.041
0.041
0.111
0.041
0.112
0.041
0.042
0.126
0.048
0.048
0.146
0.058
0.055
0.054
0.057
0.056
0.06
0.055
0.058
0.054
0.173
0.054
0.058
0.183
0.035
0.035
0.034
0.11
0.05
0.139
0.077
0.075
0.079
0.04
0.128
0.046
0.117
0.147
0.054
0.05
0.07
0.083
0.035
0.035
0.08
0.034
0.082
0.11
0.039
0.053
0.054
0.093
0.044
0.059
0.041
0.037
0.033
0.034
0.1
0.094
0.053
0.043
0.31
0.035
0.038
0.038
0.033
0.049
0.048
0.046
0.05
0.051
0.048
0.048
0.049
0.048
0.047
0.05
0.052
0.048
0.076
0.053
0.047
0.052
0.048
0.048
0.05
0.049
0.041
0.046
0.041
0.04
0.057
0.048
0.047
0.048
0.047
0.051
0.058
0.049
0.048
0.047
0.05
0.048
0.052
0.057
0.069
0.05
0.051
0.051
0.049
0.05
0.049
0.048
0.048
0.047
0.047
0.047
0.051
0.146
0.05
0.054
0.051
0.047
0.158
0.047
0.068
0.049
0.171
0.048
0.049
0.035
0.034
0.033
0.034
0.085
0.083
0.121
0.138
0.048
0.041
0.04
0.045
0.04
0.04
0.109
0.048
0.048
0.037
0.035
0.084
0.042
0.041
0.142
0.041
0.107
0.041
0.05
0.048
0.057
0.045
0.041
0.041
0.041
0.041
0.041
0.041
0.042
0.042
0.118
0.04
0.142
0.134
0.045
0.128
0.052
0.034
0.036
0.034
0.049
0.04
0.034
0.045
0.18
0.057
0.054
0.041
0.045
0.04
0.045
0.043
0.04
0.042
0.064
0.052
0.048
0.051
0.048
0.052
0.048
0.093
0.042
0.041
0.042
0.041
0.044
0.04
0.052
0.05
0.048
0.149
0.049
0.052
0.047
0.047
0.05
0.042
0.04
0.041
0.04
0.135
0.128
0.041
0.041
0.044
0.049
0.048
0.073
0.048
0.052
0.052
0.048
0.114
0.04
0.047
0.052
0.044
0.042
0.041
0.041
0.042
0.045
0.041
0.109
0.043
0.049
0.047
0.049
0.047
0.085
0.049
0.051
0.049
0.05
0.049
0.047
0.047
0.076
0.035
0.088
0.046
0.041
0.044
0.04
0.041
0.043
0.041
0.058
0.042
0.042
0.042
0.041
0.057
0.141
0.041
0.04
0.041
0.041
0.041
0.041
0.12
0.091
0.111
0.123
0.051
0.04
0.048
0.05
0.048
0.048
0.048
0.04
0.043
0.041
0.041
0.044
0.041
0.041
0.04
0.05
0.048
0.047
0.05
0.047
0.047
0.047
0.049
0.05
0.05
0.047
0.034
0.034
0.034
0.034
0.052
0.036
0.083
0.107
0.041
0.041
0.178
0.121
0.047
0.047
0.048
0.04
0.135
0.042
0.041
0.052
0.048
0.048
0.042
0.041
0.047
0.047
0.049
0.047
0.048
0.048
0.049
0.047
0.049
0.047
0.047
0.051
0.048
0.051
0.047
0.049
0.05
0.051
0.047
0.048
0.051
0.057
0.05
0.05
0.048
0.047
0.051
0.048
0.041
0.043
0.04
0.04
0.04
0.042
0.041
0.044
0.041
0.04
0.041
0.043
0.04
0.04
0.044
0.042
0.115
0.039
0.04
0.04
0.142
0.14
0.042
0.144
0.107
0.063
0.051
0.051
0.048
0.108
0.052
0.047
0.046
0.12
0.041
0.115
0.05
0.047
0.05
0.048
0.05
0.188
0.09
0.068
0.072
0.135
0.103
0.094
0.095
0.077
0.04
0.066
0.036
0.035
0.037
0.049
0.095
0.115
0.037
0.091
0.035
0.093
0.041
0.041
0.042
0.041
0.041
0.04
0.04
0.138
0.041
0.047
0.178
0.041
0.041
0.043
0.04
0.118
0.231
0.109
0.129
0.128
0.408
0.166
0.171
0.06
0.054
0.06
0.054
0.059
0.054
0.056
0.044
0.114
0.136
0.051
0.047
0.055
0.148
0.057
0.058
0.043
0.044
0.042
0.041
0.048
0.048
0.042
0.041
0.044
0.044
0.04
0.042
0.04
0.044
0.115
0.041
0.046
0.117
0.134
0.048
0.051
0.047
0.035
0.034
0.034
0.036
0.033
0.038
0.035
0.04
0.052
0.149
0.047
0.049
0.047
0.047
0.16
0.161
0.174
0.055
0.057
0.054
0.057
0.054
0.174
0.17
0.064
0.066
0.05
0.058
0.049
0.047
0.049
0.056
0.047
0.05
0.051
0.048
0.047
0.148
0.056
0.054
0.057
0.156
0.048
0.065
0.05
0.049
0.048
0.051
0.052
0.049
0.049
0.048
0.048
0.068
0.052
0.157
0.049
0.052
0.15
0.041
0.121
0.049
0.064
0.063
0.063
0.061
0.064
0.066
0.066
0.041
0.043
0.042
0.042
0.042
0.041
0.041
0.123
0.079
0.042
0.089
0.063
0.053
0.035
0.034
0.097
0.043
0.04
0.044
0.041
0.049
0.048
0.05
0.048
0.051
0.048
0.047
0.048
0.048
0.04
0.047
0.065
0.043
0.048
0.041
0.05
0.053
0.048
0.052
0.049
0.048
0.047
0.153
0.048
0.041
0.147
0.049
0.042
0.047
0.041
0.043
0.047
0.062
0.04
0.146
0.041
0.048
0.173
0.063
0.152
0.041
0.134
0.054
0.041
0.041
0.047
0.045
0.041
0.042
0.058
0.061
0.081
0.048
0.046
0.069
0.047
0.061
0.063
0.064
0.063
0.04
0.135
0.049
0.05
0.047
0.053
0.051
0.042
0.042
0.04
0.052
0.04
0.04
0.044
0.062
0.042
0.041
0.04
0.048
0.051
0.049
0.046
0.138
0.07
0.144
0.061
0.049
0.048
0.064
0.074
0.079
0.212
0.062
0.064
0.069
0.064
0.06
0.059
0.113
0.091
0.072
0.193
0.062
0.042
0.04
0.121
0.047
0.048
0.051
0.049
0.048
0.212
0.06
0.055
0.057
0.052
0.041
0.047
0.067
0.049
0.049
0.051
0.054
0.047
0.05
0.053
0.041
0.039
0.044
0.041
0.088
0.067
0.062
0.061
0.061
0.042
0.068
0.041
0.057
0.041
0.04
0.041
0.081
0.112
0.08
0.091
0.234
0.062
0.05
0.047
0.054
0.048
0.171
0.061
0.148
0.062
0.056
0.05
0.047
0.047
0.056
0.173
0.053
0.054
0.057
0.054
0.064
0.064
0.061
0.062
0.065
0.065
0.057
0.053
0.057
0.06
0.159
0.053
0.052
0.05
0.057
0.046
0.061
0.112
0.116
0.048
0.049
0.165
0.058
0.055
0.055
0.045
0.173
0.049
0.05
0.05
0.048
0.049
0.052
0.049
0.049
0.153
0.056
0.054
0.055
0.057
0.053
0.043
0.054
0.047
0.048
0.065
0.061
0.048
0.049
0.049
0.047
0.051
0.05
0.051
0.043
0.058
0.051
0.068
0.064
0.061
0.062
0.055
0.052
0.048
0.049
0.051
0.055
0.212
0.047
0.068
0.069
0.049
0.041
0.048
0.043
0.055
0.05
0.048
0.601
0.182
0.091
0.066
0.064
0.057
0.051
0.056
0.05
0.045
0.138
0.047
0.05
0.217
0.05
0.068
0.063
0.048
0.169
0.048
0.164
0.048
0.051
0.048
0.05
0.047
0.068
0.062
0.052
0.055
0.055
0.065
0.049
0.05
0.069
0.047
0.051
0.05
0.048
0.128
0.18
0.051
0.06
0.052
0.056
0.052
0.049
0.049
0.053
0.049
0.174
0.056
0.064
0.065
0.063
0.064
0.062
0.065
0.047
0.052
0.048
0.047
0.048
0.047
0.158
0.056
0.053
0.055
0.057
0.056
0.051
0.048
0.056
0.183
0.05
0.05
0.056
0.05
0.173
0.05
0.06
0.056
0.215
0.05
0.052
0.053
0.05
0.048
0.048
0.05
0.049
0.068
0.065
0.067
0.064
0.183
0.064
0.065
0.064
0.063
0.065
0.219
0.073
0.074
0.052
0.086
0.066
0.09
0.056
0.057
0.054
0.059
0.057
0.058
0.063
0.061
0.051
0.049
0.067
0.217
0.052
0.063
0.244
0.08
0.069
0.066
0.067
0.063
0.063
0.078
0.064
0.049
0.065
0.069
0.059
0.062
0.063
0.066
0.076
0.067
0.064
0.208
0.067
0.055
0.054
0.051
0.066
0.254
0.06
0.055
0.078
0.049
0.052
0.05
0.059
0.051
0.05
0.05
0.165
0.057
0.058
0.055
0.055
0.065
0.217
0.071
0.069
0.07
0.071
0.189
0.055
0.067
0.155
0.054
0.056
0.055
0.059
0.054
0.053
0.055
0.064
0.061
0.064
0.061
0.066
0.064
0.069
0.071
0.067
0.07
0.068
0.071
0.068
0.07
0.068
0.071
0.067
0.071
0.067
0.061
0.07
0.121
0.058
0.048
0.057
0.047
0.069
0.069
0.07
0.07
0.07
0.067
0.067
0.07
0.058
0.058
0.055
0.054
0.176
0.159
0.063
0.056
0.064
0.055
0.06
0.062
0.057
0.224
0.118
0.072
0.069
0.071
0.07
0.225
0.068
0.07
0.067
0.069
0.062
0.065
0.064
0.069
0.071
0.067
0.197
0.049
0.053
0.068
0.069
0.151
0.057
0.069
0.235
0.056
0.054
0.071
0.097
0.069
0.054
0.193
0.061
0.064
0.304
0.08
0.078
0.073
0.075
0.076
0.267
0.082
0.065
0.055
0.073
0.061
0.085
0.076
0.059
0.063
0.054
0.056
0.082
0.049
0.069
0.061
0.248
0.082
0.307
0.093
0.088
0.089
0.307
0.049
0.051
0.047
0.05
0.059
0.069
0.15
0.058
0.055
0.056
0.061
0.084
0.063
0.054
0.056
0.054
0.053
0.058
0.054
0.056
0.061
0.053
0.067
0.06
0.06
0.057
0.064
0.061
0.062
0.087
0.063
0.059
0.05
0.053
0.071
0.072
0.07
0.067
0.067
0.069
0.053
0.053
0.058
0.069
0.069
0.068
0.073
0.083
0.297
0.086
0.298
0.082
0.057
0.053
0.085
0.054
0.057
0.054
0.056
0.054
0.054
0.053
0.053
0.054
0.068
0.072
0.072
0.087
0.071
0.081
0.064
0.058
0.061
0.057
0.053
0.055
0.054
0.192
0.053
0.065
0.061
0.061
0.178
0.085
0.061
0.064
0.179
0.063
0.063
0.061
0.173
0.098
0.084
0.069
0.069
0.075
0.073
0.073
0.079
0.089
0.089
0.105
0.086
0.092
0.173
0.076
0.092
0.062
0.062
0.062
0.061
0.061
0.063
0.061
0.061
0.06
0.061
0.205
0.211
0.06
0.064
0.061
0.068
0.067
0.082
0.055
0.069
0.053
0.056
0.054
0.059
0.067
0.062
0.055
0.083
0.055
0.059
0.07
0.067
0.071
0.067
0.265
0.056
0.056
0.056
0.054
0.195
0.067
0.068
0.072
0.067
0.07
0.047
0.069
0.068
0.105
0.199
0.054
0.199
0.073
0.069
0.063
0.061
0.083
0.056
0.048
0.069
0.061
0.061
0.061
0.068
0.072
0.069
0.07
0.067
0.071
0.188
0.071
0.07
0.067
0.068
0.071
0.07
0.244
0.062
0.062
0.061
0.064
0.221
0.071
0.068
0.237
0.197
0.064
0.218
0.068
0.067
0.077
0.221
0.077
0.075
0.074
0.084
0.061
0.086
0.078
0.074
0.075
0.077
0.091
0.075
0.121
0.081
0.087
0.081
0.048
0.07
0.071
0.067
0.068
0.229
0.081
0.069
0.072
0.087
0.072
0.067
0.069
0.047
0.071
0.069
0.083
0.068
0.071
0.066
0.071
0.07
0.068
0.072
0.067
0.069
0.22
0.065
0.055
0.054
0.216
0.055
0.193
0.073
0.066
0.072
0.069
0.07
0.194
0.07
0.069
0.067
0.073
0.068
0.067
0.071
0.069
0.07
0.068
0.07
0.181
0.069
0.07
0.067
0.067
0.071
0.071
0.067
0.067
0.07
0.218
0.067
0.068
0.072
0.067
0.073
0.068
0.071
0.076
0.069
0.08
0.246
0.078
0.079
0.075
0.078
0.286
0.081
0.085
0.066
0.07
0.067
0.072
0.066
0.068
0.067
0.07
0.07
0.069
0.069
0.086
0.08
0.082
0.084
0.081
0.083
0.054
0.057
0.054
0.056
0.058
0.054
0.056
0.053
0.068
0.07
0.07
0.069
0.146
0.092
0.111
0.117
0.067
0.061
0.071
0.064
0.059
0.06
0.068
0.061
0.069
0.069
0.067
0.069
0.085
0.081
0.086
0.082
0.08
0.08
0.081
0.104
0.081
0.07
0.068
0.066
0.07
0.244
0.054
0.075
0.056
0.075
0.077
0.057
0.064
0.071
0.082
0.082
0.071
0.236
0.074
0.073
0.085
0.273
0.086
0.083
0.08
0.072
0.072
0.068
0.07
0.053
0.056
0.056
0.055
0.071
0.07
0.062
0.074
0.067
0.063
0.073
0.068
0.053
0.054
0.068
0.07
0.246
0.207
0.078
0.061
0.065
0.076
0.064
0.073
0.077
0.061
0.237
0.062
0.075
0.071
0.061
0.071
0.083
0.07
0.066
0.072
0.07
0.067
0.082
0.079
0.081
0.071
0.068
0.07
0.069
0.071
0.065
0.07
0.065
0.069
0.087
0.084
0.084
0.08
0.082
0.084
0.083
0.185
0.067
0.07
0.242
0.062
0.084
0.093
0.083
0.084
0.085
0.311
0.051
0.047
0.047
0.047
0.157
0.054
0.072
0.196
0.069
0.072
0.071
0.066
0.069
0.063
0.079
0.068
0.084
0.07
0.066
0.07
0.069
0.07
0.07
0.071
0.072
0.069
0.068
0.071
0.234
0.075
0.078
0.077
0.275
0.081
0.081
0.082
0.083
0.081
0.067
0.085
0.073
0.071
0.068
0.072
0.069
0.071
0.067
0.071
0.069
0.067
0.069
0.069
0.071
0.079
0.069
0.072
0.082
0.074
0.065
0.083
0.076
0.073
0.075
0.075
0.079
0.075
0.08
0.247
0.086
0.087
0.089
0.083
0.085
0.077
0.086
0.072
0.082
0.083
0.085
0.084
0.084
0.064
0.061
0.066
0.065
0.064
0.062
0.065
0.075
0.078
0.079
0.074
0.085
0.075
0.074
0.078
0.296
0.072
0.216
0.114
0.095
0.084
0.125
0.124
0.048
0.344
0.073
0.091
0.065
0.271
0.097
0.363
0.238
0.05
0.047
0.07
0.076
0.079
0.077
0.074
0.077
0.075
0.11
0.079
0.071
0.068
0.072
0.072
0.067
0.061
0.283
0.084
0.084
0.063
0.068
0.086
0.082
0.085
0.068
0.069
0.067
0.071
0.066
0.068
0.071
0.067
0.068
0.067
0.068
0.067
0.084
0.314
0.071
0.068
0.068
0.048
0.074
0.072
0.081
0.09
0.092
0.091
0.088
0.088
0.092
0.087
0.075
0.088
0.077
0.075
0.07
0.061
0.231
0.068
0.07
0.069
0.07
0.066
0.078
0.068
0.085
0.08
0.084
0.08
0.08
0.084
0.081
0.085
0.08
0.07
0.067
0.069
0.085
0.069
0.068
0.066
0.069
0.071
0.068
0.084
0.068
0.084
0.083
0.082
0.107
0.097
0.085
0.085
0.08
0.083
0.068
0.07
0.07
0.069
0.087
0.07
0.072
0.066
0.068
0.071
0.07
0.066
0.069
0.07
0.067
0.07
0.07
0.068
0.07
0.087
0.07
0.069
0.067
0.092
0.086
0.081
0.081
0.085
0.083
0.08
0.083
0.047
0.047
0.051
0.048
0.047
0.048
0.049
0.046
0.048
0.068
0.089
0.079
0.083
0.05
0.118
0.083
0.068
0.091
0.083
0.083
0.052
0.05
0.046
0.047
0.048
0.049
0.156
0.061
0.068
0.056
0.068
0.122
0.094
0.07
0.06
0.054
0.055
0.057
0.056
0.053
0.054
0.185
0.063
0.29
0.082
0.084
0.072
0.068
0.07
0.07
0.071
0.083
0.083
0.069
0.075
0.085
0.067
0.083
0.07
0.086
0.082
0.081
0.084
0.084
0.087
0.071
0.067
0.069
0.111
0.071
0.084
0.087
0.064
0.061
0.082
0.07
0.07
0.068
0.07
0.069
0.072
0.068
0.113
0.243
0.144
0.128
0.072
0.085
0.087
0.123
0.095
0.084
0.071
0.064
0.086
0.067
0.09
0.065
0.061
0.064
0.06
0.063
0.067
0.292
0.076
0.102
0.084
0.077
0.078
0.069
0.071
0.073
0.068
0.067
0.074
0.082
0.084
0.094
0.088
0.09
0.098
0.091
0.086
0.068
0.069
0.08
0.101
0.085
0.083
0.082
0.069
0.069
0.07
0.069
0.073
0.07
0.069
0.07
0.07
0.073
0.07
0.071
0.082
0.071
0.071
0.073
0.07
0.091
0.095
0.093
0.095
0.098
0.092
0.092
0.09
0.094
0.074
0.069
0.074
0.069
0.074
0.07
0.073
0.069
0.073
0.071
0.07
0.062
0.066
0.071
0.093
0.09
0.062
0.062
0.094
0.093
0.09
0.073
0.069
0.087
0.071
0.076
0.079
0.074
0.071
0.074
0.073
0.07
0.072
0.079
0.089
0.089
0.085
0.309
0.097
0.089
0.093
0.095
0.09
0.093
0.261
0.109
0.095
0.378
0.093
0.401
0.094
0.094
0.098
0.093
0.098
0.096
0.092
0.081
0.079
0.081
0.083
0.068
0.086
0.254
0.065
0.083
0.072
0.076
0.099
0.076
0.077
0.083
0.086
0.099
0.078
0.082
0.083
0.081
0.081
0.07
0.073
0.075
0.074
0.071
0.074
0.07
0.075
0.124
0.109
0.096
0.097
0.098
0.098
0.095
0.073
0.077
0.075
0.097
0.074
0.076
0.07
0.076
0.08
0.069
0.075
0.096
0.094
0.103
0.089
0.086
0.084
0.09
0.103
0.086
0.079
0.095
0.078
0.103
0.098
0.096
0.072
0.103
0.073
0.102
0.1
0.102
0.101
0.1
0.074
0.103
0.104
0.118
0.101
0.071
0.07
0.22
0.072
0.074
0.069
0.232
0.107
0.148
0.077
0.244
0.077
0.075
0.116
0.283
0.08
0.077
0.076
0.08
0.088
0.087
0.07
0.094
0.085
0.094
0.067
0.084
0.087
0.086
0.083
0.088
0.086
0.085
0.311
0.096
0.093
0.095
0.093
0.093
0.094
0.093
0.09
0.091
0.093
0.094
0.373
0.104
0.1
0.098
0.081
0.063
0.087
0.081
0.102
0.097
0.101
0.102
0.102
0.101
0.1
0.102
0.07
0.073
0.073
0.426
0.088
0.074
0.064
0.076
0.066
0.06
0.062
0.072
0.063
0.06
0.063
0.232
0.072
0.204
0.071
0.073
0.071
0.073
0.073
0.072
0.074
0.07
0.073
0.069
0.207
0.101
0.081
0.08
0.088
0.081
0.079
0.081
0.077
0.083
0.081
0.081
0.081
0.072
0.073
0.072
0.074
0.099
0.075
0.071
0.11
0.085
0.099
0.093
0.105
0.101
0.103
0.101
0.099
0.102
0.099
0.072
0.073
0.071
0.074
0.07
0.073
0.072
0.075
0.1
0.098
0.103
0.104
0.099
0.086
0.104
0.101
0.086
0.098
0.354
0.102
0.103
0.081
0.112
0.071
0.1
0.137
0.072
0.109
0.108
0.11
0.106
0.11
0.111
0.109
0.083
0.081
0.079
0.074
0.07
0.071
0.072
0.072
0.073
0.073
0.071
0.074
0.074
0.072
0.074
0.145
0.079
0.072
0.081
0.099
0.075
0.075
0.072
0.073
0.075
0.072
0.075
0.07
0.106
0.075
0.072
0.071
0.113
0.074
0.224
0.072
0.076
0.073
0.081
0.071
0.071
0.116
0.118
0.077
0.071
0.075
0.071
0.075
0.074
0.072
0.071
0.072
0.073
0.077
0.077
0.074
0.082
0.069
0.1
0.077
0.091
0.08
0.076
0.078
0.077
0.08
0.073
0.072
0.12
0.097
0.103
0.098
0.098
0.101
0.1
0.075
0.271
0.073
0.073
0.079
0.082
0.079
0.078
0.08
0.079
0.096
0.068
0.104
0.07
0.073
0.067
0.07
0.082
0.068
0.071
0.073
0.071
0.07
0.073
0.069
0.072
0.07
0.088
0.085
0.076
0.069
0.071
0.25
0.077
0.068
0.069
0.071
0.068
0.069
0.072
0.067
0.075
0.08
0.075
0.075
0.076
0.079
0.079
0.068
0.107
0.069
0.07
0.067
0.071
0.068
0.248
0.074
0.071
0.068
0.084
0.071
0.069
0.067
0.07
0.071
0.068
0.097
0.074
0.069
0.071
0.069
0.069
0.072
0.071
0.068
0.069
0.068
0.068
0.078
0.068
0.079
0.075
0.073
0.075
0.079
0.074
0.077
0.098
0.099
0.071
0.069
0.081
0.074
0.076
0.075
0.077
0.077
0.077
0.069
0.067
0.072
0.068
0.079
0.074
0.059
0.063
0.096
0.067
0.187
0.064
0.073
0.06
0.187
0.068
0.243
0.074
0.078
0.075
0.077
0.075
0.098
0.114
0.067
0.06
0.072
0.063
0.063
0.062
0.061
0.061
0.063
0.064
0.204
0.081
0.065
0.062
0.062
0.062
0.061
0.242
0.071
0.097
0.096
0.1
0.101
0.099
0.099
0.131
0.1
0.1
0.07
0.068
0.069
0.071
0.07
0.071
0.065
0.087
0.074
0.076
0.074
0.08
0.078
0.075
0.076
0.077
0.073
0.075
0.074
0.082
0.078
0.076
0.079
0.096
0.098
0.138
0.201
0.1
0.097
0.098
0.097
0.096
0.093
0.073
0.096
0.075
0.078
0.077
0.078
0.074
0.076
0.08
0.076
0.074
0.077
0.076
0.087
0.078
0.074
0.108
0.126
0.106
0.094
0.095
0.097
0.094
0.109
0.128
0.135
0.099
0.099
0.097
0.209
0.07
0.073
0.081
0.066
0.06
0.224
0.077
0.068
0.068
0.071
0.069
0.068
0.077
0.076
0.077
0.076
0.075
0.079
0.085
0.076
0.089
0.09
0.068
0.067
0.073
0.093
0.084
0.067
0.101
0.099
0.074
0.068
0.065
0.064
0.064
0.061
0.062
0.064
0.067
0.063
0.062
0.136
0.129
0.075
0.08
0.075
0.105
0.07
0.079
0.071
0.071
0.079
0.071
0.067
0.072
0.067
0.068
0.069
0.057
0.057
0.069
0.067
0.062
0.061
0.065
0.062
0.098
0.076
0.079
0.061
0.103
0.098
0.099
0.074
0.068
0.069
0.101
0.096
0.097
0.081
0.076
0.078
0.069
0.07
0.069
0.069
0.068
0.071
0.098
0.094
0.099
0.096
0.093
0.094
0.096
0.097
0.1
0.071
0.068
0.069
0.069
0.07
0.068
0.07
0.069
0.07
0.097
0.099
0.066
0.061
0.063
0.064
0.064
0.061
0.064
0.061
0.062
0.07
0.068
0.056
0.059
0.055
0.055
0.072
0.059
0.053
0.056
0.194
0.079
0.076
0.079
0.074
0.083
0.075
0.077
0.074
0.076
0.064
0.06
0.079
0.061
0.065
0.061
0.064
0.065
0.064
0.066
0.062
0.063
0.06
0.063
0.061
0.062
0.061
0.063
0.072
0.07
0.066
0.07
0.071
0.067
0.071
0.069
0.201
0.101
0.096
0.095
0.061
0.064
0.061
0.065
0.062
0.062
0.06
0.221
0.071
0.069
0.071
0.068
0.07
0.072
0.073
0.069
0.098
0.098
0.095
0.095
0.101
0.096
0.097
0.099
0.099
0.061
0.065
0.062
0.063
0.068
0.067
0.056
0.066
0.054
0.056
0.055
0.059
0.069
0.058
0.055
0.056
0.069
0.073
0.069
0.071
0.063
0.063
0.063
0.061
0.064
0.062
0.078
0.095
0.08
0.074
0.078
0.076
0.074
0.076
0.075
0.058
0.072
0.054
0.074
0.072
0.069
0.069
0.07
0.068
0.07
0.088
0.078
0.074
0.077
0.073
0.074
0.078
0.077
0.078
0.062
0.062
0.061
0.061
0.065
0.062
0.078
0.064
0.066
0.109
0.097
0.093
0.097
0.097
0.095
0.091
0.08
0.077
0.079
0.075
0.078
0.076
0.078
0.072
0.069
0.073
0.072
0.068
0.078
0.068
0.069
0.07
0.064
0.062
0.08
0.071
0.07
0.07
0.071
0.068
0.071
0.072
0.086
0.107
0.082
0.085
0.087
0.085
0.084
0.085
0.083
0.056
0.076
0.059
0.057
0.058
0.056
0.057
0.078
0.078
0.086
0.079
0.076
0.089
0.077
0.085
0.085
0.084
0.077
0.077
0.085
0.089
0.087
0.08
0.086
0.09
0.088
0.084
0.085
0.09
0.088
0.086
0.088
0.086
0.058
0.056
0.058
0.056
0.059
0.057
0.057
0.06
0.09
0.086
0.098
0.082
0.088
0.067
0.065
0.061
0.067
0.068
0.062
0.062
0.065
0.076
0.078
0.092
0.085
0.094
0.085
0.082
0.077
0.081
0.068
0.062
0.064
0.062
0.063
0.066
0.082
0.075
0.078
0.078
0.079
0.075
0.08
0.077
0.062
0.08
0.064
0.066
0.062
0.067
0.064
0.066
0.066
0.073
0.073
0.082
0.057
0.056
0.055
0.058
0.054
0.058
0.071
0.091
0.073
0.078
0.079
0.071
0.07
0.071
0.076
0.071
0.072
0.074
0.071
0.07
0.07
0.07
0.089
0.073
0.074
0.072
0.085
0.259
0.117
0.139
0.105
0.111
0.109
0.104
0.375
0.088
0.127
0.081
0.075
0.08
0.104
0.079
0.076
0.08
0.076
0.078
0.081
0.08
0.081
0.07
0.071
0.072
0.071
0.073
0.068
0.064
0.062
0.064
0.063
0.065
0.081
0.065
0.066
0.089
0.086
0.082
0.053
0.049
0.051
0.054
0.05
0.062
0.068
0.056
0.061
0.055
0.056
0.055
0.056
0.059
0.056
0.075
0.068
0.069
0.071
0.07
0.07
0.076
0.072
0.079
0.078
0.08
0.078
0.081
0.079
0.081
0.112
0.086
0.078
0.081
0.082
0.08
0.077
0.082
0.075
0.071
0.076
0.071
0.081
0.075
0.074
0.076
0.068
0.072
0.068
0.071
0.069
0.07
0.064
0.06
0.065
0.066
0.089
0.051
0.073
0.049
0.049
0.07
0.073
0.049
0.053
0.072
0.072
0.05
0.049
0.068
0.062
0.067
0.062
0.077
0.069
0.071
0.074
0.074
0.074
0.073
0.076
0.071
0.072
0.066
0.093
0.071
0.065
0.069
0.064
0.066
0.064
0.066
0.068
0.066
0.067
0.066
0.065
0.065
0.068
0.049
0.053
0.054
0.054
0.05
0.053
0.048
0.049
0.05
0.074
0.072
0.071
0.071
0.071
0.081
0.07
0.071
0.072
0.085
0.072
0.075
0.071
0.065
0.058
0.059
0.075
0.082
0.071
0.072
0.075
0.071
0.075
0.098
0.092
0.058
0.078
0.055
0.082
0.08
0.078
0.059
0.079
0.081
0.056
0.06
0.076
0.081
0.073
0.075
0.075
0.072
0.071
0.087
0.068
0.069
0.072
0.067
0.071
0.086
0.071
0.072
0.07
0.073
0.075
0.077
0.074
0.077
0.072
0.075
0.074
0.075
0.072
0.073
0.072
0.069
0.064
0.065
0.065
0.067
0.064
0.058
0.058
0.059
0.057
0.056
0.06
0.058
0.057
0.062
0.082
0.082
0.083
0.081
0.079
0.086
0.083
0.08
0.081
0.064
0.065
0.064
0.063
0.065
0.061
0.063
0.083
0.082
0.062
0.062
0.063
0.065
0.073
0.07
0.069
0.068
0.07
0.073
0.077
0.072
0.07
0.064
0.062
0.061
0.067
0.076
0.082
0.079
0.082
0.078
0.08
0.077
0.078
0.077
0.077
0.078
0.08
0.079
0.069
0.071
0.064
0.065
0.063
0.063
0.063
0.056
0.055
0.056
0.054
0.075
0.105
0.077
0.071
0.08
0.074
0.074
0.073
0.077
0.05
0.05
0.059
0.053
0.055
0.051
0.05
0.056
0.049
0.062
0.061
0.064
0.059
0.057
0.06
0.057
0.06
0.06
0.074
0.073
0.07
0.074
0.07
0.072
0.072
0.07
0.073
0.072
0.075
0.079
0.076
0.072
0.075
0.073
0.084
0.071
0.071
0.069
0.065
0.067
0.082
0.068
0.063
0.072
0.064
0.064
0.072
0.065
0.064
0.067
0.069
0.065
0.068
0.064
0.065
0.064
0.065
0.063
0.064
0.066
0.081
0.059
0.048
0.049
0.047
0.07
0.068
0.07
0.062
0.062
0.066
0.063
0.063
0.065
0.065
0.074
0.063
0.066
0.063
0.063
0.063
0.062
0.06
0.056
0.066
0.063
0.065
0.065
0.071
0.063
0.063
0.063
0.063
0.058
0.062
0.059
0.061
0.059
0.058
0.068
0.059
0.094
0.064
0.068
0.065
0.068
0.064
0.064
0.064
0.067
0.075
0.062
0.061
0.061
0.064
0.063
0.063
0.06
0.076
0.067
0.063
0.062
0.067
0.063
0.074
0.064
0.061
0.066
0.063
0.082
0.082
0.213
0.189
0.062
0.192
0.078
0.081
0.078
0.079
0.079
0.086
0.079
0.049
0.052
0.077
0.052
0.049
0.079
0.054
0.054
0.082
0.113
0.095
0.062
0.081
0.085
0.327
0.3
0.182
0.182
0.145
0.173
0.074
0.062
0.06
0.062
0.07
0.061
0.098
0.061
0.062
0.063
0.063
0.063
0.061
0.061
0.068
0.061
0.064
0.061
0.06
0.063
0.06
0.064
0.048
0.053
0.047
0.05
0.046
0.049
0.05
0.05
0.062
0.061
0.064
0.062
0.063
0.063
0.061
0.064
0.059
0.064
0.058
0.062
0.06
0.061
0.06
0.065
0.059
0.057
0.064
0.061
0.061
0.064
0.061
0.055
0.056
0.054
0.056
0.055
0.057
0.054
0.055
0.055
0.055
0.059
0.051
0.161
0.048
0.089
0.061
0.061
0.064
0.061
0.065
0.06
0.065
0.047
0.047
0.051
0.061
0.065
0.046
0.048
0.062
0.064
0.061
0.075
0.105
0.063
0.061
0.059
0.061
0.064
0.064
0.066
0.069
0.048
0.059
0.047
0.058
0.056
0.064
0.064
0.056
0.058
0.056
0.062
0.071
0.055
0.057
0.049
0.067
0.064
0.066
0.062
0.061
0.064
0.07
0.056
0.063
0.059
0.056
0.066
0.055
0.056
0.055
0.061
0.064
0.057
0.059
0.051
0.048
0.049
0.048
0.047
0.06
0.055
0.076
0.056
0.058
0.054
0.058
0.056
0.055
0.052
0.048
0.047
0.068
0.063
0.064
0.063
0.066
0.063
0.064
0.084
0.063
0.063
0.066
0.066
0.062
0.08
0.081
0.084
0.08
0.076
0.079
0.053
0.049
0.053
0.049
0.048
0.05
0.057
0.058
0.054
0.063
0.062
0.067
0.062
0.066
0.062
0.065
0.062
0.066
0.062
0.052
0.05
0.049
0.075
0.073
0.064
0.065
0.063
0.062
0.063
0.062
0.077
0.079
0.076
0.086
0.075
0.077
0.078
0.08
0.084
0.049
0.05
0.047
0.053
0.051
0.052
0.052
0.051
0.048
0.05
0.05
0.05
0.055
0.053
0.05
0.049
0.05
0.052
0.051
0.049
0.051
0.049
0.064
0.121
0.08
0.071
0.064
0.066
0.065
0.067
0.063
0.075
0.064
0.066
0.066
0.064
0.064
0.065
0.066
0.064
0.065
0.065
0.074
0.077
0.051
0.049
0.053
0.048
0.048
0.054
0.05
0.065
0.061
0.057
0.058
0.064
0.056
0.06
0.065
0.069
0.064
0.065
0.066
0.064
0.073
0.068
0.065
0.065
0.068
0.063
0.069
0.063
0.086
0.078
0.081
0.079
0.083
0.079
0.08
0.079
0.068
0.063
0.063
0.063
0.07
0.067
0.063
0.066
0.065
0.069
0.066
0.067
0.066
0.069
0.065
0.067
0.073
0.065
0.065
0.068
0.064
0.067
0.064
0.06
0.058
0.068
0.059
0.06
0.06
0.059
0.049
0.065
0.079
0.077
0.066
0.066
0.068
0.088
0.066
0.063
0.068
0.067
0.088
0.063
0.064
0.063
0.067
0.066
0.08
0.062
0.066
0.056
0.06
0.055
0.054
0.056
0.078
0.061
0.058
0.069
0.066
0.066
0.069
0.066
0.067
0.065
0.065
0.066
0.066
0.069
0.07
0.06
0.06
0.062
0.058
0.059
0.057
0.062
0.064
0.065
0.064
0.092
0.068
0.065
0.064
0.064
0.068
0.066
0.066
0.067
0.065
0.066
0.064
0.072
0.057
0.06
0.065
0.081
0.08
0.078
0.092
0.077
0.077
0.08
0.08
0.063
0.065
0.064
0.065
0.064
0.068
0.062
0.063
0.062
0.063
0.088
0.066
0.077
0.064
0.077
0.065
0.059
0.057
0.065
0.065
0.056
0.049
0.05
0.049
0.051
0.053
0.088
0.05
0.051
0.065
0.066
0.068
0.073
0.065
0.064
0.065
0.063
0.065
0.064
0.067
0.057
0.063
0.059
0.074
0.061
0.057
0.058
0.197
0.069
0.074
0.066
0.07
0.065
0.07
0.065
0.055
0.053
0.051
0.05
0.052
0.054
0.053
0.051
0.066
0.077
0.064
0.067
0.063
0.067
0.064
0.08
0.078
0.082
0.092
0.079
0.081
0.058
0.058
0.07
0.056
0.067
0.068
0.064
0.064
0.068
0.064
0.066
0.064
0.053
0.049
0.048
0.068
0.062
0.068
0.065
0.067
0.063
0.063
0.066
0.063
0.097
0.078
0.135
0.078
0.08
0.083
0.08
0.082
0.051
0.067
0.059
0.049
0.066
0.066
0.066
0.066
0.062
0.09
0.066
0.064
0.066
0.058
0.069
0.063
0.067
0.094
0.073
0.05
0.061
0.056
0.051
0.048
0.06
0.057
0.059
0.056
0.056
0.057
0.058
0.068
0.061
0.058
0.061
0.066
0.066
0.066
0.063
0.08
0.079
0.064
0.064
0.064
0.069
0.063
0.05
0.051
0.052
0.051
0.066
0.064
0.065
0.08
0.08
0.053
0.05
0.244
0.11
0.105
0.111
0.065
0.065
0.065
0.1
0.467
0.069
0.069
0.079
0.062
0.065
0.063
0.063
0.052
0.077
0.051
0.067
0.111
0.078
0.064
0.067
0.071
0.065
0.063
0.064
0.064
0.065
0.066
0.065
0.066
0.072
0.066
0.071
0.066
0.062
0.065
0.082
0.078
0.082
0.067
0.064
0.067
0.049
0.053
0.066
0.063
0.065
0.063
0.063
0.069
0.065
0.068
0.066
0.066
0.05
0.054
0.049
0.048
0.05
0.089
0.076
0.052
0.053
0.057
0.059
0.057
0.061
0.065
0.062
0.091
0.101
0.064
0.064
0.06
0.065
0.06
0.08
0.077
0.078
0.076
0.075
0.078
0.075
0.054
0.056
0.076
0.062
0.061
0.06
0.06
0.061
0.062
0.065
0.065
0.061
0.06
0.078
0.059
0.056
0.055
0.057
0.059
0.052
0.055
0.065
0.204
0.061
0.064
0.06
0.064
0.061
0.063
0.062
0.061
0.067
0.065
0.059
0.066
0.063
0.06
0.059
0.065
0.061
0.057
0.055
0.055
0.055
0.075
0.055
0.052
0.054
0.083
0.063
0.064
0.061
0.063
0.061
0.063
0.059
0.055
0.054
0.054
0.061
0.055
0.055
0.054
0.054
0.054
0.061
0.064
0.062
0.059
0.063
0.061
0.06
0.064
0.046
0.05
0.05
0.048
0.048
0.048
0.047
0.048
0.051
0.063
0.064
0.06
0.063
0.062
0.061
0.062
0.062
0.076
0.078
0.077
0.076
0.074
0.078
0.073
0.075
0.062
0.065
0.063
0.062
0.06
0.064
0.059
0.059
0.049
0.048
0.078
0.099
0.047
0.047
0.118
0.073
0.113
0.119
0.088
0.047
0.05
0.048
0.117
0.073
0.077
0.073
0.075
0.061
0.064
0.06
0.062
0.061
0.061
0.059
0.061
0.059
0.064
0.06
0.055
0.054
0.054
0.056
0.053
0.057
0.074
0.077
0.053
0.057
0.054
0.061
0.054
0.056
0.053
0.069
0.063
0.057
0.063
0.117
0.058
0.059
0.055
0.058
0.055
0.056
0.054
0.056
0.075
0.055
0.055
0.094
0.079
0.081
0.077
0.079
0.054
0.085
0.072
0.05
0.053
0.049
0.05
0.052
0.052
0.05
0.051
0.049
0.062
0.049
0.052
0.048
0.049
0.052
0.047
0.048
0.048
0.049
0.048
0.05
0.049
0.048
0.052
0.046
0.048
0.066
0.049
0.062
0.064
0.05
0.066
0.053
0.064
0.067
0.202
0.064
0.067
0.059
0.057
0.057
0.06
0.058
0.061
0.057
0.08
0.069
0.067
0.068
0.064
0.067
0.064
0.069
0.068
0.07
0.063
0.165
0.065
0.063
0.079
0.078
0.08
0.079
0.077
0.08
0.064
0.066
0.071
0.07
0.066
0.068
0.065
0.057
0.06
0.058
0.061
0.058
0.068
0.067
0.065
0.079
0.068
0.065
0.065
0.064
0.065
0.064
0.072
0.065
0.062
0.065
0.068
0.064
0.076
0.069
0.067
0.068
0.07
0.082
0.068
0.084
0.065
0.052
0.053
0.051
0.049
0.063
0.065
0.067
0.065
0.082
0.067
0.067
0.07
0.068
0.069
0.066
0.065
0.068
0.069
0.068
0.068
0.067
0.065
0.065
0.068
0.064
0.065
0.065
0.064
0.051
0.054
0.053
0.051
0.051
0.058
0.057
0.081
0.06
0.059
0.059
0.061
0.066
0.067
0.066
0.066
0.066
0.069
0.064
0.212
0.064
0.065
0.067
0.064
0.064
0.067
0.079
0.066
0.066
0.067
0.067
0.089
0.067
0.098
0.057
0.049
0.057
0.052
0.048
0.059
0.057
0.054
0.059
0.049
0.057
0.051
0.053
0.052
0.052
0.05
0.051
0.05
0.067
0.067
0.067
0.066
0.054
0.052
0.051
0.048
0.051
0.067
0.065
0.063
0.214
0.226
0.064
0.229
0.229
0.074
0.085
0.076
0.073
0.068
0.066
0.066
0.066
0.068
0.066
0.065
0.065
0.066
0.064
0.067
0.062
0.065
0.065
0.067
0.063
0.067
0.063
0.064
0.074
0.064
0.063
0.068
0.065
0.157
0.055
0.058
0.059
0.085
0.082
0.091
0.069
0.275
0.067
0.083
0.055
0.072
0.074
0.072
0.069
0.073
0.07
0.068
0.071
0.075
0.208
0.078
0.076
0.288
0.084
0.081
0.084
0.083
0.081
0.079
0.084
0.08
0.101
0.087
0.081
0.083
0.08
0.067
0.064
0.066
0.066
0.068
0.07
0.067
0.069
0.08
0.085
0.081
0.082
0.051
0.054
0.05
0.052
0.054
0.05
0.051
0.07
0.065
0.068
0.066
0.068
0.068
0.083
0.119
0.099
0.103
0.094
0.104
0.115
0.108
0.109
0.106
0.083
0.073
0.071
0.069
0.069
0.11
0.076
0.065
0.071
0.067
0.068
0.068
0.066
0.122
0.087
0.079
0.081
0.086
0.081
0.085
0.078
0.064
0.058
0.059
0.062
0.054
0.053
0.052
0.074
0.07
0.067
0.068
0.066
0.07
0.066
0.066
0.07
0.068
0.07
0.056
0.051
0.055
0.05
0.055
0.05
0.158
0.215
0.06
0.061
0.059
0.169
0.062
0.203
0.07
0.065
0.07
0.065
0.069
0.243
0.074
0.066
0.067
0.065
0.066
0.069
0.064
0.066
0.061
0.074
0.06
0.058
0.06
0.059
0.064
0.06
0.07
0.068
0.068
0.066
0.069
0.067
0.065
0.065
0.065
0.071
0.068
0.066
0.071
0.059
0.067
0.069
0.058
0.06
0.064
0.057
0.07
0.066
0.069
0.069
0.07
0.07
0.068
0.07
0.07
0.065
0.068
0.066
0.065
0.062
0.057
0.06
0.064
0.058
0.059
0.062
0.07
0.066
0.061
0.066
0.061
0.058
0.059
0.06
0.059
0.063
0.058
0.059
0.065
0.065
0.054
0.06
0.066
0.069
0.066
0.068
0.065
0.066
0.066
0.058
0.06
0.058
0.06
0.058
0.059
0.061
0.059
0.087
0.058
0.051
0.061
0.065
0.061
0.066
0.099
0.057
0.067
0.063
0.065
0.063
0.062
0.078
0.063
0.201
0.064
0.052
0.049
0.054
0.051
0.05
0.055
0.05
0.064
0.069
0.085
0.069
0.051
0.058
0.057
0.055
0.058
0.058
0.057
0.06
0.057
0.06
0.083
0.057
0.057
0.066
0.057
0.061
0.057
0.056
0.059
0.057
0.059
0.057
0.056
0.073
0.064
0.068
0.066
0.063
0.068
0.068
0.215
0.062
0.063
0.061
0.048
0.051
0.062
0.055
0.056
0.061
0.067
0.076
0.069
0.065
0.069
0.067
0.067
0.065
0.057
0.067
0.057
0.055
0.058
0.163
0.082
0.066
0.058
0.069
0.064
0.049
0.063
0.064
0.066
0.063
0.067
0.062
0.067
0.062
0.068
0.064
0.127
0.088
0.056
0.055
0.055
0.059
0.057
0.082
0.05
0.067
0.065
0.064
0.153
0.167
0.076
0.056
0.056
0.057
0.056
0.18
0.195
0.068
0.063
0.064
0.063
0.064
0.065
0.067
0.196
0.065
0.062
0.066
0.079
0.056
0.217
0.066
0.064
0.068
0.065
0.063
0.064
0.063
0.218
0.082
0.081
0.071
0.065
0.066
0.056
0.069
0.064
0.078
0.084
0.079
0.081
0.102
0.082
0.06
0.056
0.058
0.059
0.056
0.057
0.056
0.054
0.06
0.059
0.06
0.056
0.057
0.055
0.078
0.058
0.056
0.064
0.195
0.169
0.209
0.103
0.07
0.208
0.067
0.225
0.075
0.065
0.066
0.064
0.067
0.066
0.067
0.064
0.065
0.072
0.075
0.057
0.085
0.068
0.069
0.065
0.063
0.068
0.228
0.071
0.236
0.071
0.274
0.078
0.064
0.065
0.071
0.065
0.064
0.067
0.068
0.064
0.066
0.079
0.066
0.067
0.063
0.067
0.065
0.068
0.185
0.069
0.065
0.064
0.065
0.067
0.068
0.084
0.065
0.068
0.063
0.067
0.065
0.062
0.064
0.063
0.191
0.067
0.193
0.227
0.067
0.057
0.059
0.229
0.07
0.08
0.08
0.083
0.078
0.078
0.079
0.076
0.08
0.056
0.069
0.071
0.258
0.078
0.076
0.076
0.064
0.079
0.064
0.066
0.061
0.062
0.231
0.064
0.062
0.066
0.067
0.065
0.066
0.063
0.063
0.065
0.063
0.066
0.07
0.061
0.064
0.086
0.084
0.077
0.287
0.32
0.119
0.081
0.063
0.061
0.076
0.062
0.062
0.062
0.081
0.06
0.068
0.064
0.062
0.063
0.061
0.062
0.061
0.063
0.206
0.241
0.071
0.055
0.056
0.06
0.056
0.091
0.055
0.059
0.062
0.192
0.058
0.071
0.067
0.064
0.062
0.066
0.061
0.116
0.08
0.081
0.08
0.077
0.081
0.077
0.078
0.075
0.079
0.079
0.083
0.064
0.078
0.067
0.074
0.074
0.063
0.079
0.074
0.079
0.071
0.064
0.075
0.063
0.062
0.065
0.062
0.067
0.078
0.076
0.081
0.079
0.076
0.077
0.08
0.096
0.073
0.072
0.07
0.071
0.069
0.067
0.064
0.066
0.06
0.066
0.069
0.065
0.061
0.064
0.068
0.061
0.065
0.063
0.07
0.084
0.066
0.078
0.066
0.064
0.081
0.07
0.069
0.064
0.07
0.079
0.078
0.068
0.073
0.063
0.072
0.07
0.071
0.069
0.068
0.061
0.063
0.067
0.066
0.061
0.064
0.063
0.077
0.079
0.09
0.078
0.08
0.08
0.067
0.076
0.067
0.061
0.066
0.063
0.063
0.063
0.087
0.078
0.078
0.066
0.063
0.062
0.068
0.064
0.066
0.063
0.068
0.058
0.065
0.055
0.056
0.076
0.062
0.064
0.069
0.072
0.071
0.076
0.08
0.075
0.092
0.068
0.061
0.069
0.063
0.066
0.062
0.064
0.062
0.066
0.062
0.066
0.071
0.066
0.063
0.088
0.067
0.064
0.068
0.077
0.083
0.068
0.063
0.065
0.072
0.068
0.066
0.064
0.067
0.064
0.068
0.059
0.095
0.069
0.141
0.065
0.085
0.065
0.066
0.083
0.071
0.065
0.065
0.064
0.069
0.064
0.066
0.064
0.067
0.073
0.065
0.068
0.064
0.069
0.084
0.065
0.057
0.061
0.086
0.061
0.077
0.064
0.069
0.066
0.063
0.064
0.069
0.064
0.068
0.064
0.065
0.063
0.066
0.063
0.081
0.062
0.07
0.071
0.082
0.064
0.067
0.057
0.074
0.064
0.067
0.064
0.07
0.064
0.066
0.068
0.064
0.083
0.082
0.081
0.082
0.065
0.075
0.076
0.068
0.072
0.07
0.071
0.069
0.073
0.062
0.068
0.063
0.063
0.077
0.081
0.076
0.063
0.061
0.062
0.085
0.066
0.063
0.063
0.066
0.062
0.085
0.074
0.063
0.061
0.218
0.201
0.086
0.075
0.079
0.079
0.056
0.056
0.055
0.059
0.054
0.058
0.057
0.087
0.08
0.083
0.081
0.078
0.083
0.243
0.198
0.075
0.072
0.074
0.069
0.076
0.068
0.087
0.068
0.068
0.061
0.081
0.06
0.062
0.071
0.061
0.065
0.063
0.062
0.06
0.056
0.06
0.063
0.061
0.054
0.065
0.055
0.064
0.064
0.062
0.071
0.06
0.071
0.067
0.077
0.208
0.065
0.061
0.062
0.065
0.062
0.062
0.059
0.062
0.078
0.079
0.063
0.075
0.093
0.063
0.07
0.071
0.214
0.076
0.072
0.068
0.071
0.067
0.066
0.061
0.06
0.061
0.063
0.06
0.063
0.062
0.064
0.065
0.06
0.063
0.061
0.063
0.065
0.064
0.086
0.066
0.067
0.063
0.062
0.061
0.063
0.06
0.065
0.061
0.063
0.064
0.061
0.063
0.06
0.065
0.068
0.068
0.071
0.068
0.078
0.068
0.079
0.075
0.078
0.074
0.061
0.06
0.065
0.061
0.061
0.084
0.062
0.205
0.061
0.062
0.071
0.069
0.082
0.074
0.076
0.085
0.079
0.078
0.073
0.078
0.077
0.075
0.075
0.08
0.062
0.06
0.064
0.061
0.062
0.065
0.111
0.065
0.055
0.072
0.081
0.07
0.072
0.071
0.068
0.069
0.054
0.057
0.053
0.058
0.057
0.053
0.071
0.062
0.062
0.074
0.061
0.061
0.069
0.067
0.071
0.068
0.08
0.065
0.074
0.065
0.078
0.065
0.065
0.061
0.063
0.062
0.067
0.063
0.062
0.061
0.062
0.061
0.078
0.061
0.077
0.06
0.068
0.227
0.072
0.066
0.072
0.068
0.069
0.078
0.067
0.07
0.067
0.071
0.065
0.072
0.061
0.063
0.069
0.071
0.08
0.091
0.113
0.076
0.073
0.077
0.099
0.078
0.103
0.055
0.055
0.057
0.054
0.057
0.053
0.055
0.08
0.068
0.078
0.077
0.083
0.065
0.064
0.094
0.076
0.065
0.061
0.062
0.063
0.062
0.072
0.062
0.066
0.065
0.06
0.1
0.09
0.07
0.073
0.07
0.101
0.068
0.089
0.249
0.076
0.063
0.063
0.062
0.061
0.063
0.068
0.064
0.063
0.06
0.061
0.063
0.062
0.067
0.081
0.183
0.209
0.112
0.117
0.113
0.099
0.096
0.093
0.095
0.102
0.428
0.106
0.105
0.16
0.12
0.123
0.119
0.099
0.122
0.092
0.113
0.117
0.147
0.078
0.125
0.08
0.06
0.066
0.06
0.217
0.141
0.097
0.098
0.13
0.111
0.091
0.154
0.093
0.093
0.063
0.064
0.213
0.061
0.192
0.066
0.217
0.068
0.066
0.063
0.064
0.063
0.06
0.069
0.275
0.072
0.424
0.079
0.114
0.074
0.077
0.079
0.062
0.216
0.074
0.057
0.056
0.055
0.06
0.058
0.054
0.186
0.063
0.065
0.065
0.204
0.061
0.063
0.063
0.066
0.064
0.068
0.071
0.212
0.061
0.064
0.104
0.082
0.075
0.077
0.074
0.078
0.073
0.074
0.074
0.075
0.077
0.077
0.073
0.079
0.077
0.077
0.074
0.07
0.063
0.258
0.076
0.065
0.063
0.064
0.214
0.067
0.072
0.067
0.068
0.066
0.068
0.071
0.069
0.068
0.072
0.075
0.072
0.08
0.076
0.062
0.078
0.063
0.06
0.061
0.063
0.061
0.063
0.065
0.077
0.068
0.077
0.068
0.251
0.077
0.079
0.077
0.078
0.075
0.075
0.076
0.098
0.075
0.077
0.073
0.068
0.072
0.086
0.074
0.075
0.077
0.071
0.072
0.197
0.062
0.071
0.062
0.08
0.069
0.078
0.241
0.068
0.078
0.073
0.075
0.074
0.075
0.076
0.059
0.075
0.072
0.075
0.061
0.061
0.078
0.075
0.077
0.077
0.076
0.275
0.064
0.06
0.062
0.064
0.061
0.082
0.076
0.066
0.063
0.07
0.074
0.062
0.082
0.147
0.07
0.239
0.212
0.077
0.073
0.074
0.288
0.074
0.073
0.07
0.073
0.263
0.076
0.077
0.078
0.073
0.265
0.078
0.08
0.077
0.094
0.08
0.077
0.08
0.063
0.079
0.08
0.084
0.078
0.069
0.07
0.065
0.063
0.064
0.283
0.072
0.064
0.064
0.08
0.076
0.084
0.091
0.068
0.064
0.062
0.064
0.063
0.064
0.061
0.082
0.064
0.065
0.069
0.078
0.081
0.064
0.095
0.077
0.078
0.081
0.078
0.081
0.077
0.084
0.08
0.079
0.273
0.066
0.081
0.238
0.074
0.235
0.073
0.069
0.078
0.074
0.287
0.083
0.086
0.082
0.085
0.066
0.083
0.085
0.076
0.073
0.069
0.069
0.071
0.074
0.063
0.079
0.069
0.07
0.086
0.072
0.079
0.061
0.085
0.074
0.083
0.103
0.065
0.084
0.085
0.082
0.103
0.088
0.092
0.089
0.089
0.075
0.069
0.072
0.075
0.087
0.071
0.073
0.075
0.089
0.085
0.089
0.086
0.08
0.087
0.078
0.079
0.081
0.064
0.212
0.073
0.071
0.323
0.072
0.259
0.08
0.083
0.094
0.074
0.087
0.074
0.067
0.062
0.064
0.065
0.077
0.084
0.064
0.082
0.095
0.078
0.076
0.081
0.072
0.074
0.071
0.081
0.08
0.082
0.082
0.077
0.066
0.079
0.08
0.065
0.07
0.081
0.067
0.064
0.068
0.171
0.065
0.075
0.067
0.07
0.091
0.064
0.084
0.083
0.076
0.083
0.077
0.081
0.074
0.07
0.075
0.076
0.071
0.075
0.072
0.075
0.092
0.082
0.083
0.081
0.063
0.076
0.072
0.063
0.072
0.08
0.081
0.072
0.086
0.076
0.382
0.079
0.098
0.078
0.08
0.073
0.08
0.062
0.07
0.085
0.218
0.066
0.201
0.068
0.064
0.063
0.066
0.246
0.075
0.075
0.073
0.084
0.076
0.066
0.076
0.072
0.301
0.08
0.098
0.073
0.083
0.097
0.081
0.077
0.077
0.316
0.088
0.09
0.065
0.068
0.066
0.068
0.069
0.066
0.077
0.072
0.074
0.074
0.097
0.095
0.255
0.125
0.22
0.127
0.271
0.09
0.085
0.088
0.088
0.086
0.09
0.085
0.082
0.109
0.087
0.089
0.234
0.088
0.222
0.087
0.088
0.088
0.084
0.109
0.076
0.071
0.074
0.287
0.075
0.074
0.093
0.088
0.087
0.083
0.261
0.092
0.078
0.071
0.077
0.073
0.075
0.073
0.071
0.077
0.072
0.076
0.072
0.074
0.073
0.077
0.075
0.119
0.084
0.085
0.322
0.078
0.089
0.085
0.091
0.085
0.079
0.092
0.079
0.08
0.098
0.078
0.343
0.096
0.087
0.089
0.086
0.084
0.087
0.09
0.087
0.088
0.088
0.085
0.087
0.086
0.08
0.078
0.081
0.077
0.08
0.082
0.081
0.079
0.087
0.086
0.089
0.087
0.086
0.085
0.091
0.079
0.086
0.087
0.081
0.098
0.097
0.096
0.092
0.091
0.096
0.095
0.094
0.075
0.071
0.076
0.087
0.078
0.07
0.075
0.084
0.073
0.075
0.071
0.07
0.074
0.072
0.081
0.095
0.074
0.069
0.074
0.068
0.074
0.071
0.073
0.07
0.077
0.079
0.093
0.116
0.085
0.319
0.091
0.078
0.1
0.075
0.082
0.075
0.084
0.08
0.081
0.076
0.073
0.076
0.274
0.078
0.074
0.076
0.079
0.082
0.084
0.084
0.088
0.084
0.087
0.07
0.079
0.09
0.088
0.08
0.278
0.089
0.085
0.089
0.076
0.079
0.071
0.08
0.08
0.076
0.078
0.075
0.073
0.073
0.079
0.079
0.08
0.071
0.073
0.082
0.082
0.078
0.076
0.079
0.076
0.082
0.077
0.081
0.079
0.077
0.074
0.088
0.079
0.08
0.08
0.085
0.079
0.077
0.311
0.085
0.094
0.086
0.088
0.085
0.316
0.093
0.089
0.108
0.095
0.09
0.097
0.088
0.113
0.093
0.082
0.078
0.092
0.073
0.081
0.078
0.08
0.077
0.08
0.076
0.347
0.096
0.079
0.084
0.076
0.08
0.078
0.08
0.078
0.081
0.071
0.071
0.072
0.076
0.241
0.073
0.088
0.082
0.093
0.09
0.095
0.097
0.095
0.079
0.253
0.088
0.084
0.089
0.084
0.123
0.09
0.086
0.08
0.071
0.092
0.079
0.069
0.074
0.068
0.079
0.078
0.094
0.08
0.078
0.081
0.077
0.079
0.094
0.085
0.078
0.076
0.079
0.076
0.077
0.079
0.083
0.076
0.254
0.081
0.077
0.077
0.079
0.078
0.098
0.078
0.301
0.089
0.087
0.085
0.078
0.08
0.084
0.081
0.08
0.09
0.079
0.079
0.076
0.07
0.078
0.083
0.078
0.085
0.085
0.084
0.085
0.112
0.08
0.077
0.081
0.081
0.08
0.096
0.277
0.086
0.076
0.088
0.087
0.088
0.086
0.085
0.079
0.08
0.079
0.076
0.079
0.078
0.091
0.076
0.069
0.071
0.068
0.071
0.074
0.072
0.068
0.07
0.088
0.087
0.308
0.094
0.093
0.092
0.094
0.083
0.079
0.083
0.079
0.082
0.093
0.072
0.071
0.077
0.075
0.078
0.071
0.075
0.078
0.074
0.075
0.072
0.073
0.072
0.081
0.091
0.076
0.085
0.078
0.095
0.077
0.078
0.094
0.093
0.092
0.092
0.092
0.09
0.093
0.081
0.076
0.081
0.078
0.075
0.078
0.076
0.08
0.077
0.078
0.083
0.085
0.082
0.083
0.084
0.095
0.082
0.079
0.119
0.095
0.093
0.093
0.094
0.102
0.092
0.091
0.086
0.089
0.089
0.088
0.088
0.086
0.09
0.088
0.086
0.097
0.095
0.095
0.09
0.092
0.084
0.078
0.08
0.081
0.078
0.081
0.078
0.072
0.095
0.085
0.071
0.068
0.243
0.094
0.092
0.092
0.089
0.092
0.091
0.107
0.092
0.09
0.094
0.088
0.086
0.087
0.087
0.1
0.09
0.086
0.08
0.077
0.077
0.075
0.081
0.076
0.078
0.079
0.076
0.079
0.079
0.081
0.076
0.08
0.078
0.08
0.081
0.085
0.072
0.07
0.072
0.071
0.071
0.072
0.069
0.07
0.071
0.071
0.087
0.075
0.39
0.092
0.096
0.088
0.208
0.537
0.081
0.115
0.1
0.081
0.076
0.082
0.079
0.075
0.079
0.075
0.082
0.07
0.079
0.08
0.076
0.078
0.075
0.078
0.081
0.08
0.075
0.1
0.074
0.081
0.077
0.079
0.078
0.082
0.099
0.081
0.082
0.09
0.087
0.088
0.106
0.081
0.089
0.085
0.077
0.081
0.096
0.126
0.095
0.089
0.087
0.084
0.083
0.078
0.1
0.075
0.076
0.074
0.074
0.077
0.077
0.094
0.09
0.093
0.091
0.088
0.186
0.13
0.114
0.087
0.117
0.1
0.078
0.083
0.078
0.078
0.081
0.087
0.078
0.084
0.088
0.077
0.076
0.076
0.098
0.081
0.076
0.113
0.077
0.079
0.076
0.079
0.076
0.079
0.086
0.083
0.087
0.085
0.082
0.099
0.089
0.085
0.081
0.076
0.078
0.081
0.082
0.096
0.082
0.097
0.077
0.095
0.083
0.079
0.086
0.082
0.078
0.077
0.266
0.083
0.084
0.078
0.091
0.085
0.089
0.087
0.072
0.067
0.087
0.067
0.077
0.074
0.087
0.08
0.093
0.086
0.095
0.085
0.084
0.126
0.084
0.085
0.082
0.085
0.086
0.1
0.076
0.077
0.078
0.077
0.084
0.088
0.085
0.094
0.086
0.079
0.076
0.098
0.076
0.095
0.093
0.09
0.093
0.121
0.092
0.08
0.078
0.086
0.086
0.094
0.091
0.086
0.072
0.087
0.086
0.089
0.092
0.084
0.081
0.079
0.088
0.086
0.084
0.089
0.089
0.086
0.088
0.087
0.088
0.088
0.087
0.087
0.088
0.085
0.095
0.08
0.07
0.081
0.086
0.104
0.068
0.072
0.083
0.07
0.069
0.111
0.098
0.091
0.118
0.095
0.081
0.081
0.086
0.09
0.117
0.09
0.083
0.105
0.089
0.086
0.092
0.087
0.091
0.09
0.088
0.085
0.087
0.09
0.083
0.078
0.081
0.105
0.084
0.08
0.081
0.078
0.078
0.08
0.079
0.08
0.105
0.079
0.079
0.081
0.09
0.083
0.077
0.077
0.109
0.084
0.086
0.079
0.077
0.078
0.076
0.112
0.078
0.08
0.082
0.115
0.083
0.078
0.084
0.075
0.081
0.091
0.093
0.091
0.086
0.097
0.094
0.08
0.084
0.08
0.079
0.08
0.116
0.089
0.09
0.107
0.088
0.079
0.081
0.079
0.078
0.079
0.078
0.08
0.082
0.094
0.077
0.079
0.09
0.077
0.078
0.08
0.077
0.073
0.068
0.072
0.092
0.074
0.07
0.075
0.07
0.074
0.068
0.074
0.087
0.071
0.073
0.068
0.072
0.068
0.07
0.095
0.098
0.129
0.094
0.095
0.092
0.09
0.089
0.091
0.078
0.076
0.077
0.077
0.08
0.079
0.076
0.097
0.076
0.077
0.078
0.098
0.076
0.077
0.075
0.099
0.09
0.076
0.075
0.078
0.077
0.077
0.079
0.096
0.079
0.076
0.076
0.08
0.077
0.087
0.085
0.086
0.086
0.084
0.083
0.084
0.084
0.09
0.091
0.149
0.095
0.095
0.089
0.089
0.091
0.099
0.093
0.093
0.09
0.088
0.11
0.09
0.088
0.119
0.091
0.064
0.064
0.069
0.064
0.066
0.065
0.102
0.084
0.08
0.086
0.082
0.082
0.097
0.089
0.084
0.073
0.082
0.073
0.07
0.089
0.071
0.069
0.089
0.101
0.087
0.109
0.086
0.089
0.069
0.064
0.063
0.065
0.067
0.067
0.067
0.063
0.068
0.064
0.067
0.067
0.064
0.069
0.069
0.067
0.065
0.068
0.08
0.082
0.096
0.078
0.078
0.082
0.081
0.08
0.088
0.085
0.089
0.091
0.113
0.087
0.088
0.105
0.08
0.082
0.085
0.086
0.085
0.086
0.086
0.107
0.087
0.089
0.091
0.089
0.099
0.087
0.072
0.07
0.082
0.085
0.086
0.085
0.087
0.083
0.091
0.072
0.064
0.066
0.08
0.102
0.077
0.061
0.083
0.328
0.156
0.172
0.167
0.201
0.081
0.078
0.074
0.078
0.069
0.071
0.084
0.083
0.081
0.079
0.089
0.084
0.072
0.071
0.074
0.07
0.073
0.072
0.069
0.063
0.063
0.066
0.064
0.062
0.064
0.064
0.064
0.066
0.063
0.215
0.076
0.072
0.071
0.11
0.084
0.081
0.095
0.078
0.079
0.064
0.065
0.062
0.069
0.064
0.064
0.079
0.074
0.076
0.079
0.077
0.079
0.076
0.08
0.079
0.07
0.07
0.07
0.073
0.074
0.073
0.075
0.078
0.079
0.078
0.08
0.08
0.072
0.073
0.068
0.074
0.07
0.077
0.087
0.079
0.079
0.08
0.075
0.075
0.073
0.095
0.072
0.078
0.075
0.074
0.096
0.081
0.084
0.187
0.076
0.072
0.074
0.075
0.071
0.113
0.073
0.072
0.067
0.067
0.114
0.067
0.066
0.067
0.069
0.079
0.073
0.077
0.069
0.069
0.067
0.084
0.067
0.067
0.061
0.061
0.059
0.06
0.062
0.064
0.059
0.062
0.062
0.07
0.07
0.066
0.067
0.066
0.069
0.063
0.058
0.058
0.059
0.059
0.059
0.067
0.059
0.07
0.066
0.069
0.068
0.068
0.065
0.06
0.062
0.059
0.063
0.059
0.059
0.068
0.069
0.065
0.063
0.064
0.06
0.059
0.061
0.059
0.058
0.059
0.06
0.06
0.062
0.06
0.063
0.063
0.06
0.059
0.068
0.066
0.069
0.067
0.068
0.067
0.07
0.06
0.06
0.16
0.071
0.067
0.085
0.07
0.088
0.084
0.113
0.062
0.061
0.06
0.06
0.06
0.063
0.062
0.062
0.06
0.062
0.069
0.066
0.069
0.069
0.087
0.083
0.07
0.073
0.069
0.069
0.085
0.068
0.066
0.069
0.067
0.102
0.064
0.06
0.062
0.061
0.059
0.063
0.06
0.069
0.066
0.068
0.067
0.069
0.065
0.064
0.067
0.07
0.066
0.065
0.068
0.07
0.068
0.064
0.059
0.061
0.074
0.068
0.067
0.07
0.065
0.07
0.065
0.062
0.061
0.062
0.061
0.06
0.06
0.061
0.06
0.061
0.071
0.096
0.072
0.066
0.069
0.064
0.069
0.066
0.07
0.066
0.069
0.06
0.058
0.062
0.059
0.059
0.06
0.06
0.062
0.062
0.077
0.071
0.076
0.076
0.074
0.077
0.066
0.067
0.066
0.059
0.063
0.06
0.064
0.06
0.062
0.066
0.069
0.066
0.069
0.066
0.069
0.068
0.064
0.052
0.054
0.054
0.06
0.061
0.065
0.062
0.06
0.062
0.059
0.061
0.069
0.07
0.066
0.061
0.06
0.059
0.059
0.059
0.063
0.063
0.061
0.068
0.066
0.068
0.067
0.067
0.068
0.065
0.073
0.07
0.065
0.067
0.075
0.076
0.053
0.078
0.053
0.114
0.073
0.071
0.076
0.053
0.075
0.052
0.055
0.053
0.054
0.053
0.054
0.074
0.077
0.075
0.075
0.073
0.075
0.078
0.074
0.074
0.063
0.059
0.062
0.059
0.062
0.06
0.059
0.062
0.06
0.063
0.08
0.064
0.059
0.066
0.066
0.069
0.067
0.085
0.066
0.07
0.067
0.071
0.068
0.067
0.07
0.067
0.069
0.069
0.07
0.068
0.07
0.091
0.071
0.067
0.071
0.07
0.068
0.07
0.07
0.066
0.069
0.067
0.069
0.072
0.067
0.071
0.067
0.068
0.058
0.055
0.056
0.053
0.06
0.064
0.06
0.064
0.062
0.064
0.061
0.067
0.072
0.067
0.066
0.067
0.071
0.068
0.068
0.068
0.068
0.061
0.063
0.071
0.062
0.063
0.069
0.068
0.067
0.084
0.068
0.07
0.066
0.069
0.068
0.072
0.068
0.071
0.068
0.071
0.067
0.062
0.065
0.062
0.065
0.061
0.062
0.109
0.061
0.06
0.061
0.065
0.064
0.062
0.064
0.089
0.079
0.06
0.064
0.062
0.221
0.062
0.063
0.063
0.063
0.063
0.059
0.198
0.058
0.055
0.059
0.056
0.058
0.056
0.053
0.057
0.055
0.087
0.066
0.074
0.07
0.07
0.061
0.061
0.068
0.071
0.068
0.07
0.071
0.067
0.07
0.067
0.068
0.069
0.077
0.067
0.069
0.076
0.071
0.067
0.071
0.142
0.062
0.061
0.061
0.061
0.064
0.064
0.062
0.061
0.065
0.061
0.082
0.075
0.073
0.078
0.074
0.062
0.061
0.061
0.06
0.063
0.06
0.089
0.062
0.064
0.082
0.068
0.197
0.074
0.066
0.067
0.062
0.063
0.061
0.062
0.065
0.061
0.062
0.065
0.063
0.061
0.079
0.078
0.073
0.078
0.062
0.063
0.065
0.063
0.064
0.06
0.063
0.061
0.064
0.061
0.061
0.063
0.068
0.069
0.07
0.067
0.067
0.067
0.07
0.067
0.071
0.071
0.067
0.07
0.069
0.068
0.068
0.071
0.069
0.067
0.074
0.068
0.067
0.06
0.061
0.063
0.06
0.064
0.061
0.061
0.061
0.064
0.07
0.068
0.068
0.069
0.067
0.068
0.069
0.061
0.061
0.062
0.062
0.06
0.062
0.063
0.061
0.06
0.06
0.059
0.064
0.06
0.173
0.06
0.064
0.062
0.064
0.061
0.061
0.06
0.062
0.076
0.075
0.076
0.077
0.061
0.063
0.075
0.078
0.075
0.077
0.075
0.078
0.073
0.057
0.055
0.057
0.053
0.057
0.054
0.056
0.054
0.16
0.056
0.053
0.167
0.057
0.052
0.061
0.063
0.061
0.063
0.06
0.064
0.06
0.064
0.061
0.07
0.067
0.072
0.067
0.071
0.068
0.068
0.069
0.071
0.069
0.078
0.069
0.07
0.066
0.07
0.068
0.089
0.074
0.067
0.07
0.07
0.066
0.258
0.071
0.069
0.071
0.065
0.072
0.077
0.075
0.074
0.078
0.079
0.077
0.073
0.056
0.057
0.056
0.055
0.058
0.054
0.057
0.11
0.069
0.068
0.069
0.07
0.068
0.068
0.07
0.066
0.07
0.071
0.068
0.064
0.063
0.064
0.066
0.064
0.064
0.063
0.059
0.063
0.061
0.063
0.062
0.064
0.061
0.061
0.064
0.061
0.072
0.066
0.069
0.067
0.068
0.07
0.069
0.067
0.071
0.062
0.06
0.061
0.062
0.062
0.06
0.061
0.064
0.097
0.06
0.064
0.061
0.061
0.061
0.063
0.062
0.061
0.069
0.068
0.071
0.068
0.066
0.068
0.068
0.07
0.068
0.069
0.07
0.069
0.09
0.072
0.068
0.072
0.069
0.071
0.069
0.07
0.068
0.068
0.071
0.073
0.068
0.067
0.067
0.068
0.068
0.069
0.064
0.06
0.064
0.064
0.061
0.062
0.06
0.064
0.166
0.068
0.071
0.069
0.075
0.057
0.074
0.077
0.097
0.073
0.077
0.055
0.058
0.074
0.055
0.078
0.054
0.056
0.061
0.063
0.061
0.064
0.062
0.062
0.08
0.067
0.061
0.063
0.061
0.061
0.067
0.061
0.092
0.158
0.065
0.081
0.097
0.118
0.106
0.142
0.396
0.106
0.107
0.105
0.109
0.107
0.109
0.104
0.101
0.096
0.111
0.107
0.091
0.103
0.107
0.111
0.109
0.096
0.104
0.106
0.093
0.106
0.108
0.107
0.094
0.1
0.094
0.094
0.095
0.097
0.095
0.103
0.102
0.092
0.095
0.094
0.099
0.103
0.103
0.106
0.11
0.14
0.114
0.129
0.104
0.105
0.109
0.109
0.102
0.106
0.102
0.103
0.107
0.126
0.104
0.105
0.107
0.105
0.095
0.1
0.094
0.095
0.094
0.099
0.149
0.063
0.072
0.069
0.069
0.071
0.069
0.07
0.068
0.072
0.067
0.069
0.068
0.068
0.073
0.068
0.068
0.067
0.072
0.068
0.068
0.07
0.07
0.071
0.071
0.066
0.08
0.074
0.062
0.062
0.061
0.064
0.061
0.062
0.064
0.061
0.065
0.059
0.058
0.055
0.085
0.064
0.061
0.063
0.062
0.07
0.07
0.076
0.078
0.076
0.077
0.078
0.064
0.064
0.061
0.061
0.056
0.055
0.056
0.069
0.07
0.069
0.078
0.073
0.076
0.074
0.076
0.076
0.078
0.073
0.065
0.061
0.062
0.064
0.061
0.064
0.054
0.057
0.055
0.055
0.055
0.093
0.071
0.072
0.07
0.068
0.068
0.071
0.068
0.063
0.065
0.061
0.063
0.166
0.093
0.086
0.08
0.093
0.087
0.092
0.086
0.086
0.081
0.08
0.09
0.074
0.066
0.07
0.071
0.064
0.063
0.06
0.06
0.061
0.062
0.06
0.062
0.063
0.062
0.067
0.062
0.066
0.063
0.07
0.076
0.068
0.067
0.062
0.063
0.064
0.063
0.055
0.054
0.056
0.053
0.063
0.065
0.062
0.064
0.054
0.057
0.053
0.058
0.054
0.054
0.057
0.071
0.069
0.071
0.066
0.07
0.066
0.071
0.068
0.071
0.072
0.068
0.072
0.062
0.061
0.069
0.068
0.074
0.068
0.067
0.067
0.065
0.067
0.059
0.072
0.069
0.062
0.068
0.068
0.067
0.069
0.066
0.07
0.067
0.069
0.064
0.06
0.067
0.061
0.062
0.063
0.061
0.061
0.062
0.064
0.06
0.06
0.063
0.064
0.059
0.06
0.061
0.059
0.063
0.059
0.062
0.067
0.068
0.069
0.07
0.068
0.066
0.069
0.065
0.061
0.062
0.064
0.062
0.063
0.06
0.068
0.077
0.066
0.069
0.071
0.069
0.066
0.067
0.069
0.068
0.068
0.066
0.067
0.066
0.07
0.062
0.059
0.062
0.059
0.06
0.062
0.06
0.063
0.061
0.064
0.059
0.084
0.093
0.171
0.154
0.445
0.158
0.17
0.114
0.06
0.079
0.059
0.112
0.075
0.073
0.075
0.077
0.072
0.073
0.074
0.071
0.065
0.065
0.065
0.066
0.067
0.073
0.062
0.059
0.062
0.059
0.06
0.059
0.06
0.06
0.064
0.063
0.06
0.064
0.06
0.061
0.062
0.059
0.069
0.058
0.061
0.059
0.062
0.078
0.066
0.067
0.066
0.063
0.091
0.07
0.067
0.066
0.066
0.069
0.065
0.067
0.067
0.074
0.068
0.054
0.054
0.055
0.052
0.053
0.056
0.078
0.074
0.073
0.074
0.076
0.074
0.07
0.066
0.066
0.068
0.066
0.07
0.068
0.066
0.06
0.06
0.063
0.06
0.061
0.058
0.06
0.063
0.06
0.062
0.059
0.062
0.059
0.06
0.092
0.069
0.067
0.069
0.066
0.068
0.069
0.067
0.163
0.087
0.064
0.07
0.064
0.068
0.07
0.085
0.072
0.068
0.07
0.068
0.055
0.055
0.053
0.068
0.059
0.06
0.059
0.061
0.059
0.061
0.061
0.06
0.069
0.067
0.067
0.066
0.069
0.067
0.068
0.075
0.072
0.075
0.074
0.07
0.066
0.066
0.059
0.062
0.06
0.079
0.06
0.053
0.055
0.052
0.056
0.056
0.076
0.072
0.076
0.073
0.075
0.074
0.075
0.075
0.076
0.071
0.077
0.067
0.069
0.065
0.067
0.066
0.069
0.065
0.07
0.066
0.069
0.065
0.069
0.066
0.068
0.066
0.06
0.058
0.106
0.12
0.062
0.061
0.063
0.109
0.073
0.069
0.065
0.07
0.066
0.065
0.059
0.062
0.058
0.061
0.059
0.061
0.059
0.06
0.06
0.06
0.062
0.059
0.062
0.058
0.07
0.068
0.067
0.065
0.067
0.066
0.069
0.068
0.075
0.074
0.076
0.072
0.107
0.09
0.073
0.075
0.067
0.067
0.067
0.072
0.066
0.074
0.065
0.069
0.068
0.065
0.068
0.068
0.086
0.064
0.123
0.058
0.06
0.061
0.06
0.078
0.062
0.067
0.068
0.069
0.087
0.068
0.066
0.067
0.068
0.068
0.067
0.066
0.067
0.069
0.066
0.068
0.069
0.055
0.053
0.054
0.052
0.053
0.055
0.053
0.061
0.059
0.071
0.065
0.059
0.06
0.058
0.061
0.054
0.053
0.055
0.051
0.07
0.067
0.07
0.067
0.068
0.067
0.07
0.066
0.068
0.066
0.07
0.066
0.067
0.068
0.066
0.068
0.069
0.067
0.066
0.07
0.065
0.068
0.069
0.069
0.067
0.067
0.07
0.068
0.067
0.07
0.065
0.067
0.062
0.065
0.069
0.068
0.068
0.062
0.081
0.063
0.063
0.064
0.059
0.06
0.06
0.059
0.065
0.067
0.066
0.067
0.065
0.063
0.06
0.059
0.059
0.062
0.062
0.059
0.062
0.059
0.063
0.059
0.061
0.062
0.058
0.066
0.066
0.069
0.066
0.073
0.065
0.069
0.065
0.069
0.06
0.194
0.112
0.063
0.065
0.056
0.053
0.056
0.057
0.053
0.077
0.075
0.082
0.073
0.074
0.135
0.066
0.067
0.061
0.063
0.061
0.133
0.059
0.059
0.064
0.069
0.065
0.122
0.066
0.066
0.066
0.066
0.067
0.069
0.072
0.074
0.073
0.074
0.073
0.075
0.073
0.073
0.061
0.06
0.067
0.061
0.073
0.066
0.067
0.059
0.061
0.062
0.074
0.064
0.058
0.064
0.066
0.069
0.059
0.069
0.068
0.065
0.068
0.067
0.068
0.053
0.069
0.068
0.059
0.059
0.061
0.061
0.059
0.058
0.062
0.059
0.068
0.076
0.074
0.077
0.077
0.073
0.073
0.101
0.074
0.231
0.127
0.088
0.161
0.129
0.101
0.545
0.081
0.065
0.06
0.06
0.063
0.063
0.06
0.062
0.059
0.062
0.062
0.06
0.06
0.06
0.059
0.06
0.063
0.063
0.068
0.053
0.06
0.055
0.067
0.069
0.066
0.069
0.065
0.064
0.063
0.06
0.061
0.063
0.06
0.058
0.062
0.059
0.074
0.071
0.075
0.092
0.072
0.064
0.061
0.057
0.053
0.056
0.053
0.067
0.06
0.065
0.076
0.059
0.066
0.06
0.098
0.067
0.07
0.061
0.07
0.074
0.064
0.052
0.075
0.076
0.072
0.074
0.073
0.063
0.06
0.062
0.06
0.061
0.064
0.061
0.059
0.062
0.06
0.06
0.062
0.061
0.061
0.117
0.073
0.059
0.06
0.058
0.062
0.064
0.075
0.074
0.063
0.061
0.075
0.062
0.058
0.06
0.073
0.072
0.064
0.062
0.057
0.059
0.069
0.068
0.052
0.055
0.068
0.057
0.052
0.061
0.067
0.069
0.059
0.066
0.067
0.066
0.075
0.065
0.069
0.065
0.07
0.068
0.062
0.065
0.059
0.06
0.062
0.065
0.068
0.068
0.063
0.068
0.067
0.097
0.062
0.063
0.059
0.076
0.06
0.076
0.066
0.068
0.062
0.058
0.064
0.059
0.06
0.06
0.063
0.082
0.06
0.059
0.07
0.06
0.067
0.066
0.065
0.069
0.065
0.06
0.058
0.202
0.063
0.062
0.06
0.19
0.061
0.066
0.068
0.067
0.066
0.071
0.068
0.069
0.066
0.067
0.068
0.066
0.067
0.067
0.067
0.089
0.069
0.068
0.067
0.071
0.069
0.065
0.063
0.074
0.057
0.176
0.074
0.074
0.088
0.075
0.078
0.077
0.078
0.067
0.079
0.067
0.061
0.069
0.061
0.062
0.063
0.061
0.063
0.065
0.062
0.061
0.063
0.059
0.068
0.068
0.069
0.069
0.068
0.072
0.073
0.068
0.071
0.068
0.07
0.069
0.07
0.071
0.076
0.069
0.07
0.067
0.068
0.069
0.067
0.068
0.07
0.075
0.07
0.072
0.069
0.071
0.069
0.07
0.064
0.067
0.061
0.064
0.064
0.069
0.071
0.071
0.072
0.07
0.069
0.069
0.076
0.072
0.068
0.071
0.061
0.069
0.06
0.069
0.061
0.064
0.075
0.063
0.06
0.061
0.064
0.062
0.077
0.061
0.06
0.06
0.061
0.063
0.064
0.065
0.06
0.062
0.072
0.09
0.063
0.067
0.056
0.058
0.055
0.061
0.056
0.07
0.074
0.07
0.07
0.07
0.21
0.066
0.07
0.061
0.066
0.078
0.068
0.07
0.073
0.07
0.073
0.069
0.079
0.063
0.067
0.062
0.065
0.075
0.064
0.076
0.08
0.077
0.202
0.078
0.08
0.064
0.081
0.062
0.062
0.063
0.064
0.069
0.079
0.063
0.056
0.061
0.071
0.074
0.069
0.074
0.07
0.074
0.074
0.073
0.07
0.072
0.12
0.073
0.071
0.068
0.07
0.074
0.063
0.066
0.068
0.066
0.061
0.066
0.065
0.064
0.064
0.066
0.061
0.073
0.071
0.07
0.073
0.07
0.072
0.071
0.073
0.071
0.084
0.075
0.071
0.059
0.079
0.059
0.059
0.06
0.061
0.057
0.073
0.073
0.079
0.067
0.066
0.076
0.071
0.064
0.216
0.068
0.065
0.204
0.198
0.07
0.064
0.215
0.073
0.073
0.063
0.073
0.073
0.07
0.229
0.073
0.07
0.07
0.086
0.072
0.072
0.072
0.075
0.076
0.066
0.065
0.078
0.073
0.076
0.072
0.072
0.086
0.072
0.07
0.073
0.073
0.066
0.055
0.062
0.064
0.071
0.063
0.08
0.07
0.073
0.056
0.069
0.069
0.072
0.074
0.063
0.062
0.065
0.065
0.063
0.063
0.064
0.097
0.074
0.101
0.242
0.269
0.064
0.074
0.072
0.07
0.071
0.07
0.069
0.074
0.074
0.071
0.074
0.071
0.068
0.072
0.067
0.067
0.073
0.253
0.075
0.072
0.072
0.063
0.067
0.063
0.061
0.057
0.059
0.067
0.072
0.065
0.069
0.078
0.071
0.074
0.072
0.073
0.072
0.075
0.072
0.067
0.066
0.074
0.077
0.072
0.073
0.074
0.074
0.072
0.065
0.067
0.067
0.076
0.065
0.066
0.063
0.066
0.064
0.075
0.075
0.082
0.07
0.064
0.075
0.066
0.08
0.075
0.075
0.074
0.071
0.077
0.073
0.074
0.074
0.075
0.082
0.066
0.067
0.083
0.102
0.065
0.083
0.069
0.065
0.069
0.069
0.067
0.076
0.072
0.075
0.073
0.074
0.073
0.076
0.065
0.076
0.087
0.074
0.078
0.074
0.076
0.095
0.072
0.077
0.084
0.083
0.078
0.074
0.067
0.072
0.061
0.065
0.082
0.126
0.083
0.08
0.082
0.086
0.081
0.08
0.089
0.074
0.074
0.125
0.078
0.057
0.074
0.062
0.085
0.071
0.32
0.075
0.075
0.077
0.075
0.078
0.1
0.082
0.08
0.055
0.079
0.064
0.079
0.077
0.075
0.075
0.056
0.075
0.074
0.071
0.068
0.112
0.077
0.076
0.072
0.32
0.341
0.101
0.085
0.088
0.132
0.089
0.284
0.067
0.069
0.088
0.072
0.07
0.07
0.072
0.067
0.091
0.069
0.069
0.071
0.062
0.069
0.066
0.085
0.068
0.069
0.07
0.071
0.067
0.108
0.07
0.072
0.068
0.077
0.078
0.059
0.067
0.057
0.06
0.054
0.058
0.054
0.055
0.079
0.079
0.074
0.082
0.066
0.061
0.065
0.061
0.061
0.06
0.063
0.071
0.066
0.072
0.068
0.063
0.069
0.091
0.073
0.07
0.067
0.072
0.07
0.061
0.065
0.061
0.09
0.101
0.137
0.083
0.265
0.064
0.219
0.198
0.07
0.058
0.108
0.076
0.066
0.055
0.055
0.187
0.054
0.158
0.163
0.06
0.184
0.061
0.072
0.07
0.072
0.097
0.062
0.062
0.061
0.059
0.071
0.068
0.07
0.068
0.069
0.19
0.071
0.228
0.069
0.065
0.06
0.065
0.068
0.064
0.059
0.081
0.061
0.07
0.088
0.071
0.073
0.073
0.088
0.075
0.072
0.074
0.094
0.073
0.064
0.071
0.069
0.073
0.069
0.07
0.07
0.093
0.072
0.182
0.065
0.091
0.074
0.07
0.07
0.072
0.068
0.07
0.07
0.071
0.212
0.232
0.071
0.071
0.085
0.086
0.077
0.08
0.077
0.076
0.079
0.073
0.075
0.063
0.072
0.069
0.071
0.204
0.069
0.071
0.064
0.091
0.075
0.071
0.068
0.072
0.21
0.071
0.297
0.282
0.074
0.176
0.12
0.117
0.12
0.104
0.098
0.093
0.097
0.099
0.091
0.096
0.094
0.297
0.328
0.105
0.11
0.105
0.105
0.103
0.104
0.104
0.108
0.108
0.109
0.1
0.105
0.114
0.11
0.131
0.108
0.108
0.104
0.107
0.093
0.132
0.117
0.101
0.101
0.104
0.109
0.104
0.127
0.103
0.093
0.11
0.098
0.093
0.098
0.119
0.121
0.11
0.102
0.094
0.096
0.097
0.111
0.097
0.108
0.107
0.105
0.095
0.094
0.114
0.096
0.11
0.105
0.109
0.104
0.108
0.125
0.104
0.129
0.109
0.123
0.103
0.107
0.164
0.127
0.104
0.11
0.105
0.108
0.115
0.107
0.109
0.11
0.096
0.118
0.1
0.095
0.098
0.095
0.096
0.111
0.11
0.33
0.108
0.109
0.106
0.355
0.11
0.107
0.106
0.127
0.112
0.105
0.106
0.105
0.127
0.107
0.107
0.142
0.11
0.104
0.108
0.103
0.109
0.135
0.11
0.105
0.096
0.308
0.401
0.143
0.097
0.095
0.092
0.115
0.096
0.096
0.093
0.096
0.105
0.121
0.092
0.115
0.096
0.103
0.115
0.114
0.102
0.123
0.105
0.11
0.108
0.095
0.104
0.328
0.111
0.123
0.421
0.11
0.121
0.108
0.103
0.137
0.112
0.185
0.103
0.107
0.105
0.109
0.132
0.457
0.122
0.148
0.103
0.105
0.111
0.102
0.127
0.104
0.108
0.104
0.438
0.329
0.098
0.119
0.105
0.121
0.095
0.093
0.095
0.104
0.096
0.109
0.118
0.098
0.101
0.109
0.101
0.401
0.099
0.119
0.105
0.102
0.417
0.101
0.101
0.095
0.096
0.094
0.099
0.112
0.094
0.098
0.093
0.11
0.107
0.094
0.437
0.136
0.117
0.111
0.126
0.127
0.101
0.108
0.136
0.107
0.102
0.129
0.095
0.108
0.103
0.133
0.107
0.141
0.134
0.13
0.125
0.126
0.15
0.132
0.467
0.173
0.155
0.178
0.125
0.098
0.119
0.137
0.105
0.117
0.138
0.103
0.163
0.108
0.111
0.109
0.364
0.106
0.136
0.104
0.106
0.102
0.106
0.106
0.104
0.105
0.103
0.104
0.105
0.127
0.103
0.108
0.106
0.105
0.347
0.106
0.115
0.117
0.165
0.137
0.115
0.115
0.141
0.093
0.121
0.114
0.118
0.144
0.116
0.141
0.12
0.111
0.116
0.122
0.12
0.14
0.115
0.114
0.113
0.117
0.153
0.119
0.125
0.114
0.131
0.128
0.112
0.103
0.105
0.109
0.125
0.093
0.115
0.097
0.333
0.109
0.162
0.125
0.397
0.125
0.133
0.109
0.106
0.106
0.492
0.124
0.107
0.105
0.105
0.105
0.11
0.1
0.102
0.404
0.108
0.095
0.127
0.157
0.109
0.105
0.12
0.119
0.116
0.137
0.112
0.114
0.118
0.154
0.135
0.135
0.118
0.118
0.113
0.12
0.125
0.145
0.135
0.11
0.105
0.125
0.141
0.14
0.134
0.135
0.135
0.137
0.162
0.526
0.17
0.282
0.112
0.123
0.122
0.117
0.66
0.112
0.108
0.09
0.199
0.436
0.079
0.072
0.275
0.088
0.083
0.073
0.082
0.074
0.083
0.104
0.082
0.075
0.076
0.079
0.075
0.077
0.077
0.08
0.061
0.094
0.119
0.075
0.079
0.297
0.086
0.08
0.103
0.081
0.077
0.078
0.082
0.083
0.084
0.087
0.083
0.069
0.07
0.07
0.075
0.07
0.083
0.077
0.076
0.076
0.076
0.076
0.074
0.076
0.078
0.075
0.077
0.077
0.074
0.079
0.07
0.062
0.078
0.069
0.393
0.1
0.099
0.097
0.094
0.097
0.114
0.098
0.098
0.1
0.062
0.061
0.064
0.092
0.063
0.061
0.101
0.223
0.066
0.069
0.072
0.085
0.069
0.07
0.069
0.255
0.075
0.073
0.08
0.105
0.086
0.082
0.083
0.076
0.082
0.1
0.126
0.098
0.075
0.069
0.099
0.074
0.074
0.078
0.071
0.085
0.097
0.068
0.276
0.072
0.071
0.086
0.085
0.069
0.072
0.076
0.079
0.075
0.08
0.079
0.082
0.095
0.076
0.085
0.067
0.069
0.082
0.067
0.088
0.068
0.071
0.066
0.07
0.067
0.068
0.075
0.094
0.075
0.08
0.077
0.068
0.091
0.293
0.271
0.069
0.067
0.068
0.067
0.071
0.068
0.082
0.068
0.07
0.067
0.066
0.084
0.069
0.075
0.086
0.069
0.068
0.112
0.104
0.114
0.072
0.081
0.093
0.071
0.068
0.071
0.076
0.088
0.069
0.086
0.105
0.084
0.081
0.083
0.083
0.083
0.083
0.083
0.086
0.068
0.075
0.072
0.068
0.068
0.069
0.066
0.073
0.069
0.089
0.07
0.071
0.081
0.077
0.067
0.092
0.177
0.07
0.076
0.085
0.084
0.075
0.07
0.069
0.068
0.078
0.069
0.075
0.09
0.077
0.085
0.069
0.069
0.083
0.08
0.083
0.085
0.095
0.069
0.089
0.07
0.066
0.073
0.071
0.081
0.085
0.08
0.076
0.076
0.074
0.078
0.076
0.076
0.094
0.085
0.069
0.091
0.078
0.07
0.081
0.081
0.083
0.093
0.096
0.067
0.238
0.071
0.068
0.077
0.105
0.078
0.07
0.073
0.075
0.091
0.075
0.079
0.067
0.076
0.083
0.25
0.074
0.072
0.075
0.079
0.085
0.066
0.077
0.093
0.088
0.071
0.091
0.092
0.067
0.089
0.072
0.075
0.125
0.09
0.088
0.069
0.264
0.069
0.069
0.096
0.074
0.071
0.078
0.069
0.068
0.074
0.083
0.085
0.069
0.067
0.069
0.07
0.076
0.09
0.067
0.094
0.074
0.068
0.07
0.068
0.078
0.074
0.071
0.069
0.136
0.073
0.076
0.072
0.074
0.082
0.074
0.089
0.072
0.069
0.081
0.071
0.069
0.07
0.066
0.086
0.067
0.069
0.075
0.078
0.075
0.09
0.066
0.088
0.075
0.081
0.082
0.124
0.085
0.084
0.084
0.141
0.294
0.14
0.093
0.081
0.069
0.083
0.078
0.07
0.091
0.081
0.084
0.084
0.079
0.085
0.079
0.078
0.266
0.075
0.083
0.078
0.07
0.114
0.067
0.314
0.078
0.079
0.09
0.076
0.068
0.069
0.069
0.07
0.071
0.074
0.071
0.093
0.095
0.069
0.085
0.087
0.07
0.066
0.071
0.099
0.066
0.087
0.074
0.075
0.085
0.069
0.077
0.081
0.076
0.094
0.078
0.075
0.079
0.077
0.098
0.076
0.098
0.074
0.076
0.078
0.3
0.084
0.076
0.084
0.087
0.078
0.086
0.093
0.08
0.07
0.262
0.155
0.115
0.099
0.078
0.075
0.098
0.079
0.075
0.076
0.077
0.068
0.07
0.071
0.074
0.069
0.089
0.068
0.073
0.087
0.291
0.077
0.074
0.078
0.078
0.077
0.073
0.073
0.075
0.075
0.076
0.076
0.091
0.086
0.085
0.11
0.074
0.078
0.093
0.082
0.079
0.081
0.082
0.1
0.078
0.093
0.076
0.094
0.11
0.097
0.095
0.089
0.092
0.097
0.091
0.084
0.096
0.083
0.078
0.081
0.125
0.091
0.085
0.107
0.122
0.074
0.089
0.084
0.077
0.103
0.093
0.074
0.088
0.08
0.097
0.108
0.088
0.091
0.095
0.087
0.09
0.097
0.107
0.093
0.091
0.087
0.091
0.087
0.08
0.08
0.083
0.076
0.078
0.08
0.079
0.079
0.096
0.219
0.331
0.082
0.079
0.13
0.074
0.088
0.093
0.115
0.409
0.19
0.152
0.118
0.109
0.335
0.092
0.088
0.09
0.086
0.091
0.09
0.076
0.079
0.075
0.07
0.079
0.074
0.343
0.088
0.309
0.079
0.073
0.075
0.074
0.075
0.08
0.073
0.074
0.077
0.084
0.08
0.084
0.081
0.083
0.084
0.081
0.083
0.083
0.077
0.075
0.074
0.257
0.083
0.083
0.086
0.076
0.08
0.068
0.07
0.068
0.072
0.067
0.071
0.067
0.071
0.247
0.091
0.077
0.089
0.075
0.079
0.076
0.078
0.073
0.073
0.074
0.081
0.076
0.078
0.075
0.101
0.071
0.088
0.277
0.075
0.077
0.076
0.07
0.074
0.085
0.067
0.07
0.069
0.069
0.067
0.068
0.071
0.077
0.083
0.091
0.09
0.089
0.094
0.093
0.088
0.087
0.078
0.077
0.075
0.091
0.112
0.1
0.102
0.275
0.083
0.077
0.077
0.078
0.075
0.084
0.096
0.083
0.083
0.079
0.087
0.094
0.093
0.096
0.076
0.079
0.075
0.074
0.078
0.075
0.075
0.08
0.076
0.077
0.074
0.073
0.078
0.075
0.082
0.093
0.078
0.075
0.075
0.09
0.075
0.078
0.091
0.089
0.089
0.092
0.088
0.069
0.077
0.082
0.083
0.076
0.087
0.077
0.079
0.078
0.077
0.073
0.077
0.076
0.078
0.18
0.092
0.092
0.088
0.091
0.075
0.077
0.075
0.077
0.076
0.075
0.089
0.08
0.088
0.083
0.075
0.077
0.079
0.075
0.078
0.078
0.074
0.074
0.076
0.073
0.271
0.281
0.085
0.078
0.077
0.069
0.069
0.069
0.069
0.067
0.068
0.071
0.073
0.078
0.074
0.078
0.078
0.074
0.076
0.082
0.291
0.069
0.078
0.076
0.07
0.125
0.103
0.091
0.074
0.077
0.097
0.077
0.08
0.091
0.082
0.087
0.082
0.074
0.077
0.078
0.077
0.074
0.091
0.091
0.092
0.09
0.102
0.098
0.091
0.077
0.077
0.074
0.229
0.075
0.091
0.09
0.078
0.088
0.091
0.092
0.087
0.087
0.09
0.082
0.085
0.086
0.081
0.082
0.09
0.075
0.09
0.071
0.324
0.088
0.091
0.088
0.09
0.075
0.087
0.268
0.077
0.075
0.077
0.078
0.074
0.078
0.074
0.09
0.089
0.093
0.089
0.389
0.095
0.098
0.071
0.095
0.085
0.088
0.088
0.088
0.303
0.334
0.1
0.092
0.098
0.096
0.076
0.078
0.075
0.078
0.077
0.075
0.082
0.098
0.098
0.094
0.083
0.085
0.091
0.078
0.079
0.092
0.073
0.078
0.074
0.075
0.073
0.119
0.113
0.077
0.073
0.075
0.077
0.078
0.08
0.086
0.076
0.088
0.069
0.078
0.083
0.088
0.09
0.088
0.09
0.091
0.089
0.092
0.09
0.081
0.083
0.082
0.11
0.118
0.078
0.068
0.101
0.07
0.069
0.07
0.087
0.116
0.125
0.08
0.078
0.076
0.247
0.074
0.071
0.07
0.067
0.078
0.122
0.094
0.088
0.088
0.278
0.086
0.081
0.084
0.081
0.125
0.092
0.09
0.092
0.088
0.089
0.089
0.091
0.07
0.078
0.073
0.076
0.079
0.075
0.077
0.077
0.078
0.066
0.072
0.097
0.098
0.179
0.114
0.092
0.079
0.077
0.078
0.078
0.074
0.078
0.076
0.078
0.122
0.075
0.087
0.079
0.078
0.081
0.083
0.083
0.086
0.081
0.085
0.081
0.313
0.07
0.073
0.225
0.066
0.257
0.106
0.131
0.069
0.083
0.094
0.096
0.087
0.094
0.09
0.088
0.093
0.092
0.093
0.09
0.088
0.091
0.093
0.09
0.088
0.576
0.134
0.429
0.152
0.08
0.076
0.095
0.078
0.078
0.079
0.082
0.084
0.078
0.076
0.1
0.102
0.082
0.081
0.086
0.082
0.098
0.087
0.082
0.084
0.093
0.256
0.08
0.094
0.076
0.078
0.288
0.082
0.083
0.098
0.082
0.087
0.092
0.093
0.09
0.109
0.117
0.093
0.091
0.093
0.082
0.094
0.09
0.085
0.093
0.086
0.089
0.087
0.091
0.086
0.112
0.088
0.082
0.084
0.312
0.104
0.291
0.089
0.09
0.09
0.088
0.08
0.095
0.091
0.093
0.323
0.157
0.18
0.089
0.104
0.092
0.099
0.089
0.079
0.086
0.086
0.075
0.077
0.097
0.079
0.094
0.077
0.075
0.077
0.088
0.092
0.091
0.098
0.074
0.077
0.088
0.078
0.093
0.08
0.083
0.082
0.082
0.083
0.09
0.074
0.089
0.076
0.078
0.084
0.078
0.246
0.076
0.075
0.084
0.087
0.089
0.091
0.093
0.092
0.092
0.089
0.091
0.088
0.089
0.093
0.106
0.089
0.094
0.078
0.082
0.089
0.091
0.089
0.087
0.092
0.094
0.1
0.09
0.097
0.076
0.074
0.075
0.077
0.073
0.078
0.077
0.075
0.077
0.074
0.076
0.28
0.085
0.081
0.09
0.076
0.082
0.077
0.076
0.072
0.077
0.096
0.393
0.077
0.104
0.103
0.092
0.091
0.091
0.085
0.088
0.117
0.088
0.092
0.087
0.09
0.075
0.097
0.092
0.229
0.289
0.088
0.086
0.086
0.294
0.092
0.09
0.09
0.088
0.094
0.09
0.089
0.091
0.096
0.091
0.089
0.107
0.083
0.091
0.085
0.082
0.085
0.083
0.084
0.08
0.091
0.087
0.087
0.093
0.092
0.087
0.088
0.379
0.098
0.349
0.103
0.369
0.443
0.118
0.115
0.079
0.076
0.073
0.078
0.093
0.076
0.103
0.104
0.105
0.104
0.103
0.103
0.09
0.112
0.102
0.39
0.404
0.12
0.118
0.117
0.092
0.09
0.118
0.118
0.086
0.091
0.089
0.089
0.091
0.092
0.074
0.083
0.078
0.08
0.09
0.08
0.083
0.086
0.094
0.083
0.082
0.083
0.085
0.083
0.08
0.271
0.081
0.09
0.236
0.134
0.093
0.091
0.134
0.094
0.092
0.362
0.097
0.097
0.097
0.09
0.08
0.082
0.091
0.093
0.078
0.078
0.081
0.127
0.109
0.082
0.336
0.144
0.092
0.092
0.076
0.092
0.35
0.368
0.081
0.389
0.114
0.115
0.114
0.114
0.079
0.077
0.081
0.076
0.082
0.076
0.08
0.113
0.117
0.08
0.091
0.11
0.245
0.112
0.131
0.111
0.081
0.31
0.166
0.109
0.081
0.081
0.083
0.383
0.126
0.083
0.142
0.109
0.083
0.129
0.105
0.082
0.087
0.08
0.123
0.397
0.086
0.083
0.083
0.175
0.111
0.136
0.118
0.081
0.093
0.123
0.127
0.117
0.095
0.1
0.116
0.134
0.091
0.117
0.167
0.109
0.126
0.083
0.084
0.088
0.109
0.182
0.084
0.081
0.084
0.082
0.132
0.083
0.13
0.109
0.094
0.125
0.137
0.133
0.115
0.09
0.116
0.23
0.428
0.461
0.104
0.156
0.111
0.083
0.122
0.115
0.124
0.16
0.124
0.123
0.119
0.131
0.388
0.123
0.096
0.099
0.151
0.122
0.423
0.131
0.157
0.128
0.102
0.104
0.135
0.076
0.098
0.085
0.082
0.078
0.15
0.078
0.122
0.074
0.127
0.084
0.08
0.081
0.085
0.137
0.135
0.079
0.078
0.307
0.123
0.138
0.154
0.13
0.112
0.136
0.082
0.09
0.128
0.155
0.164
0.203
0.121
0.16
0.14
0.172
0.091
0.089
0.136
0.117
0.122
0.082
0.086
0.082
0.083
0.084
0.127
0.084
0.126
0.081
0.123
0.095
0.384
0.083
0.151
0.095
0.126
0.434
0.092
0.09
0.527
0.879
0.13
0.234
0.208
0.465
0.157
0.105
0.085
0.091
0.087
0.133
0.082
0.131
0.131
0.143
0.1
0.38
0.244
0.208
0.733
0.096
0.125
0.561
0.127
0.151
0.153
0.194
0.1
0.093
0.144
0.121
0.088
0.176
0.105
0.147
0.178
0.14
0.156
0.173
0.09
0.128
0.14
0.091
0.165
0.247
0.167
0.148
0.533
0.191
0.159
0.152
0.165
0.155
0.131
0.155
0.131
0.608
0.577
0.143
0.146
0.242
0.145
0.151
0.143
0.136
0.133
0.143
0.152
0.156
0.144
0.148
0.167
0.161
0.167
0.214
0.157
0.183
0.195
0.168
0.185
0.211
0.16
0.137
0.125
0.121
0.599
0.174
0.162
0.131
0.133
0.128
0.13
0.151
0.141
0.14
0.157
0.146
0.168
0.152
0.543
0.251
0.589
0.168
0.591
0.164
0.194
0.187
0.216
0.142
0.145
0.143
0.135
0.153
0.141
0.141
0.155
0.147
0.149
0.14
0.142
0.152
0.148
0.134
0.137
0.133
0.147
0.15
0.18
0.205
0.196
0.206
0.199
0.145
0.133
0.163
0.139
0.144
0.138
0.192
0.196
0.201
0.172
0.126
0.125
0.134
0.133
0.126
0.137
0.129
0.149
0.191
0.199
0.179
0.145
0.16
0.14
0.19
0.141
0.161
0.139
0.156
0.152
0.145
0.168
0.145
0.172
0.129
0.126
0.133
0.145
0.156
0.138
0.192
0.194
0.153
0.2
0.208
0.131
0.586
0.189
0.258
0.13
0.118
0.119
0.146
0.182
0.096
0.095
0.093
0.09
0.089
0.084
0.11
0.093
0.382
0.1
0.108
0.103
0.103
0.097
0.097
0.12
0.106
0.099
0.105
0.106
0.109
0.11
0.114
0.095
0.098
0.097
0.094
0.097
0.118
0.121
0.116
0.114
0.112
0.116
0.097
0.1
0.09
0.11
0.101
0.087
0.099
0.098
0.113
0.118
0.115
0.118
0.197
0.114
0.096
0.096
0.09
0.121
0.096
0.113
0.109
0.102
0.101
0.104
0.103
0.107
0.105
0.104
0.103
0.108
0.122
0.085
0.084
0.169
0.093
0.095
0.126
0.152
0.124
0.123
0.128
0.125
0.167
0.165
0.115
0.132
0.091
0.095
0.124
0.09
0.105
0.105
0.103
0.111
0.124
0.098
0.107
0.098
0.087
0.1
0.365
0.132
0.102
0.102
0.101
0.099
0.101
0.101
0.101
0.101
0.107
0.136
0.114
0.105
0.097
0.092
0.411
0.148
0.136
0.137
0.135
0.091
0.087
0.09
0.086
0.092
0.087
0.094
0.099
0.114
0.094
0.094
0.117
0.144
0.148
0.136
0.143
0.236
0.094
0.097
0.093
0.166
0.093
0.094
0.102
0.096
0.095
0.087
0.095
0.092
0.123
0.132
0.124
0.124
0.121
0.122
0.095
0.09
0.098
0.077
0.08
0.087
0.085
0.085
0.083
0.171
0.141
0.15
0.145
0.166
0.159
0.157
0.132
0.131
0.126
0.124
0.156
0.143
0.139
0.137
0.154
0.156
0.159
0.146
0.18
0.142
0.144
0.149
0.149
0.164
0.152
0.147
0.176
0.149
0.14
0.261
0.147
0.127
0.133
0.15
0.122
0.182
0.215
0.19
0.191
0.183
0.178
0.167
0.131
0.163
0.131
0.144
0.144
0.142
0.168
0.152
0.154
0.158
0.155
0.154
0.316
0.219
0.104
0.103
0.102
0.103
0.133
0.118
0.098
0.097
0.08
0.079
0.077
0.083
0.094
0.101
0.099
0.098
0.094
0.1
0.098
0.12
0.168
0.247
0.088
0.087
0.083
0.084
0.087
0.117
0.116
0.116
0.116
0.098
0.092
0.095
0.095
0.098
0.112
0.101
0.169
0.098
0.101
0.123
0.119
0.117
0.119
0.12
0.122
0.098
0.096
0.09
0.094
0.094
0.119
0.106
0.106
0.124
0.1
0.102
0.105
0.1
0.101
0.101
0.123
0.099
0.096
0.094
0.096
0.102
0.096
0.12
0.108
0.089
0.087
0.085
0.084
0.113
0.125
0.125
0.114
0.118
0.087
0.086
0.083
0.086
0.083
0.082
0.087
0.108
0.105
0.118
0.381
0.209
0.145
0.155
0.141
0.138
0.139
0.14
0.184
0.454
0.077
0.082
0.094
0.112
0.093
0.092
0.089
0.089
0.088
0.117
0.125
0.124
0.121
0.119
0.086
0.092
0.085
0.086
0.084
0.087
0.086
0.083
0.087
0.083
0.086
0.131
0.128
0.124
0.117
0.119
0.081
0.097
0.097
0.109
0.099
0.098
0.146
0.097
0.1
0.1
0.117
0.117
0.116
0.148
0.118
0.118
0.13
0.087
0.17
0.088
0.094
0.098
0.09
0.096
0.158
0.121
0.121
0.122
0.141
0.209
0.203
0.202
0.213
0.214
0.128
0.154
0.123
0.129
0.166
0.158
0.168
0.166
0.157
0.158
0.161
0.134
0.127
0.147
0.151
0.146
0.152
0.148
0.136
0.135
0.17
0.159
0.166
0.16
0.151
0.14
0.151
0.153
0.159
0.164
0.17
0.171
0.158
0.128
0.128
0.129
0.131
0.174
0.174
0.17
0.13
0.127
0.136
0.161
0.134
0.131
0.134
0.139
0.133
0.162
0.138
0.131
0.135
0.133
0.185
0.124
0.127
0.141
0.128
0.148
0.125
0.128
0.125
0.132
0.143
0.14
0.125
0.126
0.122
0.121
0.166
0.147
0.15
0.132
0.126
0.132
0.132
0.183
0.167
0.164
0.191
0.135
0.116
0.118
0.116
0.119
0.117
0.123
0.225
0.219
0.15
0.143
0.127
0.132
0.142
0.263
0.161
0.165
0.153
0.137
0.128
0.127
0.176
0.161
0.166
0.183
0.155
0.16
0.157
0.137
0.179
0.187
0.082
0.109
0.105
0.106
0.102
0.129
0.099
0.119
