33575
46124
62324
65744
82344
85064
94024
107464
113728
117270
122454
130574
137234
141394
144202
144818
147408
149384
185728
209648
226248
231888
234608
242756
256436
267776
273172
275342
277166
282134
282863
285099
288249
288743
290741
296929
320419
336619
354259
358387
361929
367179
375299
380695
384663
385463
386079
387036
387828
388038
411958
415094
417814
426774
440214
444342
449842
452012
456172
462640
468688
471048
473284
476548
477868
478348
479048
479390
479492
485680
490027
508153
510873
519833
523375
528625
534475
536645
539270
540070
540686
543446
546596
549056
549398
535718
511798
503650
487050
485052
482332
476692
471296
469060
465910
463740
463011
462517
457549
421205
409865
408041
444385
468305
484905
490545
493265
501413
515093
526433
531829
533999
535823
540791
541520
543756
546906
547400
549398
544430
533090
516490
480146
477976
477482
471842
469122
460974
458738
434818
429422
427598
424448
410768
410039
408041
444385
468305
484905
490545
493265
501413
515093
526433
531829
533999
535823
540791
541520
543756
546906
547400
549398
564248
581888
585308
588444
602124
615564
623684
628136
634604
637229
640519
642879
646335
647831
649151
649493
663173
678608
691712
695840
707453
713828
719678
723838
726463
727222
727951
729403
732693
733309
736573
739723
740680
741022
753422
766862
779564
785828
791678
792818
798278
804746
807371
808171
812231
814691
816011
816491
816593
816983
816367
813742
811282
805432
801890
796640
787680
784960
784160
783818
781058
776711
758585
756415
753265
747077
753265
757612
775738
778458
787418
790960
796210
802060
804230
806855
807655
808271
811031
814181
816641
816983
842239
854515
858862
875062
878482
896608
910288
919488
924672
926048
934826
941486
945454
945948
947108
947318
945148
944654
942830
940594
904250
898610
896612
888464
885314
884585
860665
855269
852549
841209
824609
810929
805961
842305
866225
882825
888465
891185
899333
913013
924353
929749
931919
933743
938711
939440
941676
944826
945320
947318
944510
936390
902815
900839
898119
881519
875255
871095
867675
865085
861543
856359
847399
846783
840123
823923
811374
797934
831509
844058
860258
863678
880278
882998
891958
905398
911662
915204
920388
928508
935168
939328
942136
942752
945342
947318
946526
941276
940476
936348
932806
927410
919290
895800
891832
874192
868004
851804
851594
850637
850021
856209
879699
895899
913539
917667
921209
926459
934579
939975
943943
944743
945359
946316
947108
947318
980893
993169
1029513
1053433
1056853
1068377
1081337
1094441
1104641
1109093
1113253
1119721
1120337
1123793
1124287
1125244
1126036
1121976
1109274
1108134
1108032
1102572
1102092
1099467
1093617
1080177
1077717
1076397
1075597
1075207
1062807
1056543
1050075
1062475
1075915
1088617
1094881
1100731
1101871
1107331
1113799
1116424
1117224
1121284
1123744
1125064
1125544
1125646
1126036
1108396
1104940
1091260
1087840
1079720
1078224
1075599
1072463
1069173
1068831
1055391
1040541
1034073
1029621
1028301
1025941
1040791
1058431
1061851
1064987
1078667
1092107
1100227
1104679
1111147
1113772
1117062
1119422
1122878
1124374
1125694
1126036
1132224
1148424
1156572
1169532
1178492
1182620
1192820
1204433
1209008
1214858
1218826
1225252
1227844
1230652
1231906
1229736
1218396
1213428
1177084
1160484
1159755
1146075
1140679
1140185
1138361
1135211
1127063
1124827
1122829
1120109
1114469
1090549
1126893
1150813
1167413
1173053
1175773
1183921
1197601
1208941
1214337
1216507
1218331
1223299
1224028
1226264
1229414
1229908
1231906
1265481
1311849
1323373
1337053
1349755
1356019
1365219
1373379
1378775
1384625
1388785
1394833
1395562
1398370
1400449
1402809
1405399
1399549
1396924
1395784
1391724
1391334
1390014
1389534
1377134
1370666
1368206
1355504
1355402
1341962
1341162
1335702
1329438
1341838
1355278
1367980
1374244
1380094
1381234
1386694
1393162
1395787
1396587
1400647
1403107
1404427
1404907
1405009
1405399
1430655
1454145
1466694
1480134
1486398
1489940
1498100
1502675
1509335
1511927
1516151
1518511
1522571
1525721
1526063
1526165
1559740
1606108
1610455
1613875
1619515
1623643
1633843
1643043
1648293
1649645
1655105
1661531
1664156
1666748
1667364
1671424
1674688
1674790
1674818
1672058
1666208
1663748
1660206
1657486
1656870
1656070
1647110
1644485
1638297
1633047
1629897
1625550
1623380
1623038
1604912
1611100
1615447
1633573
1636293
1645253
1648795
1654045
1659895
1662065
1664690
1665490
1666106
1668866
1672016
1674476
1674818
1698308
1702655
1706075
1715035
1726375
1727515
1729685
1732277
1733036
1737260
1739339
1743399
1745859
1747355
1748147
1748489
1748699
1737359
1731963
1731234
1726266
1689922
1673322
1659642
1654002
1630082
1627362
1625364
1623128
1622634
1620810
1618640
1610492
1607342
1603182
1569607
1559407
1547883
1523963
1520507
1519891
1519099
1512631
1499527
1496107
1491655
1491161
1478885
1465925
1429581
1428624
1462199
1487455
1499731
1536075
1572419
1596339
1620259
1644179
1647599
1664199
1684401
1695925
1707449
1713089
1718729
1721449
1729597
1742557
1756237
1769341
1782445
1795147
1805347
1816687
1821139
1822491
1827887
1833347
1835517
1839677
1846145
1847969
1854017
1858985
1859714
1860330
1863786
1866022
1869172
1871762
1872256
1872750
1874246
1876244
1878242
1879199
1880359
1881151
1881541
1881849
1881877
1881397
1868997
1866537
1853835
1853733
1840293
1834443
1831818
1830678
1829358
1822890
1818830
1818440
1817640
1811376
1805916
1818316
1831756
1844458
1850722
1856572
1857712
1863172
1869640
1872265
1873065
1877125
1879585
1880905
1881385
1881487
1881877
1880425
1880083
1876933
1865320
1849885
1845725
1832621
1826771
1823481
1820217
1816089
1809714
1809098
1806473
1805516
1804757
1791077
1790348
1804028
1819463
1832567
1836695
1848308
1854683
1860533
1864693
1867318
1868077
1868806
1870258
1873548
1874164
1877428
1880578
1881535
1881877
1907133
1909853
1918813
1932253
1947688
1953952
1958080
1963476
1969851
1974075
1976435
1979699
1980193
1982653
1983628
1984788
1984998
1985026
1961536
1957189
1955019
1950959
1950200
1946780
1942556
1941764
1939304
1937808
1928848
1917508
1915429
1912837
1912495
1911355
1911145
1934635
1938982
1942402
1951362
1962702
1963842
1966012
1968604
1969363
1973587
1975666
1979726
1982186
1983682
1984474
1984816
1985026
1974826
1968976
1956016
1944403
1940435
1934247
1931439
1927311
1919163
1916571
1907611
1901185
1896610
1895356
1879156
1885344
1901544
1909692
1922652
1931612
1935740
1945940
1957553
1962128
1967978
1971946
1978372
1980964
1983772
1985026
1984684
1967044
1963588
1961228
1959908
1957283
1949163
1934313
1929861
1928365
1925229
1911789
1908499
1902031
1898611
1884931
1899781
1917421
1920841
1923977
1937657
1951097
1959217
1963669
1970137
1972762
1976052
1978412
1981868
1983364
1984684
1985026
1991214
2003490
2039834
2048794
2064229
2069689
2076115
2077939
2082907
2086197
2087451
2090907
2093143
2096407
2098383
2098863
2145231
2161431
2179071
2199273
2211673
2220633
2236068
2241464
2250242
2256710
2259302
2260061
2260677
2264737
2268193
2269168
2270488
2270590
2270618
2265222
2260254
2259525
2256805
2254807
2230887
2222739
2220503
2220009
2183665
2172325
2166685
2153005
2136405
2134235
2132411
2129261
2165605
2189525
2206125
2211765
2214485
2222633
2236313
2247653
2253049
2255219
2257043
2262011
2262740
2264976
2268126
2268620
2270618
2270408
2267816
2263756
2263414
2261335
2237845
2234425
2225465
2214125
2213333
2208986
2206816
2205676
2203216
2202457
2198233
2196737
2220227
2224574
2227994
2236954
2248294
2249434
2251604
2254196
2254955
2259179
2261258
2265318
2267778
2269274
2270066
2270408
2270618
2269661
2264411
2259015
2250895
2250279
2249487
2249277
2243089
2242289
2238321
2234193
2217993
2194503
2176863
2173321
2179509
2202999
2219199
2236839
2240967
2244509
2249759
2257879
2263275
2267243
2268043
2268659
2269616
2270408
2270618
2261840
2255180
2254020
2235894
2231926
2231432
2230056
2217780
2217570
2192314
2187130
2182783
2173583
2157383
2153963
2140283
2165539
2177815
2182162
2198362
2201782
2219908
2233588
2242788
2247972
2249348
2258126
2264786
2268754
2269248
2270408
2270618
2270516
2257814
2255354
2248886
2247566
2246426
2232986
2228926
2228446
2225821
2219971
2207571
2201307
2200917
2200117
2194657
2181217
2173097
2166833
2164025
2163409
2159249
2143049
2126449
2123859
2118675
2115133
2106173
2072598
2065938
2053389
2050669
2047249
2045273
2078848
2091397
2107597
2111017
2127617
2130337
2143777
2152737
2159001
2162543
2167727
2175847
2182507
2186667
2189475
2190091
2192681
2194657
2185697
2180447
2179647
2173797
2171172
2168712
2165992
2162450
2161834
2159074
2154727
2154385
2148197
2130071
2127901
2124751
2130939
2135286
2153412
2156132
2165092
2168634
2173884
2179734
2181904
2184529
2185329
2185945
2188705
2191855
2194315
2194657
2193161
2189101
2180141
2168801
2165381
2163211
2139721
2137129
2135989
2135197
2130973
2130214
2127754
2127544
2123197
2122855
2120776
2144266
2148613
2152033
2160993
2172333
2173473
2175643
2178235
2178994
2183218
2185297
2189357
2191817
2193313
2194105
2194447
2194657
2181697
2175229
2174437
2150517
2146357
2112782
2076438
2066238
2053962
2042438
2038982
2038488
2037531
2036915
2023811
2020391
2015939
2049514
2061790
2098134
2122054
2125474
2136998
2149958
2163062
2173262
2177714
2181874
2188342
2188958
2192414
2192908
2193865
2194657
2181553
2179555
2155635
2149587
2148427
2135725
2124201
2122849
2117209
2116901
2115405
2115015
2112425
2087169
2066967
2061507
2061479
2086735
2110655
2130857
2142381
2148021
2161125
2173827
2175179
2180639
2186687
2189277
2190773
2192771
2193931
2194321
2194629
2194657
2183317
2181493
2173345
2156745
2132825
2127857
2127363
2091019
2077339
2074619
2069223
2067053
2065055
2062819
2059669
2058940
2053300
2089644
2113564
2130164
2135804
2138524
2146672
2160352
2171692
2177088
2179258
2181082
2186050
2186779
2189015
2192165
2192659
2194657
2206933
2221783
2224919
2230169
2235353
2246966
2252816
2256784
2263210
2268178
2272402
2274762
2278218
2280454
2283718
2284418
2284808
2268608
2255648
2254394
2242781
2236355
2226155
2220305
2217713
2213745
2209617
2201469
2195281
2190706
2187898
2178938
2185126
2201326
2209474
2222434
2231394
2235522
2245722
2257335
2261910
2267760
2271728
2278154
2280746
2283554
2284808
2281388
2279309
2278967
2276375
2272028
2269568
2265344
2261284
2252324
2240984
2240192
2239982
2238486
2214996
2213856
2211686
2210927
2234417
2238764
2242184
2251144
2262484
2263624
2265794
2268386
2269145
2273369
2275448
2279508
2281968
2283464
2284256
2284598
2284808
2282183
2279047
2275591
2272171
2258491
2240851
2234383
2220943
2220601
2219105
2217785
2213333
2205213
2190363
2187073
2184713
2199563
2217203
2220623
2223759
2237439
2250879
2258999
2263451
2269919
2272544
2275834
2278194
2281650
2283146
2284466
2284808
2281352
2278216
2265940
2262676
2257426
2252458
2247274
2232424
2232034
2229798
2223948
2221588
2209975
2203549
2199325
2198625
2194657
2206933
2221783
2224919
2230169
2235353
2246966
2252816
2256784
2263210
2268178
2272402
2274762
2278218
2280454
2283718
2284418
2284808
2282183
2278055
2272805
2268745
2265481
2261134
2259782
2259166
2225591
2219165
2208965
2208937
2205517
2202925
2193725
2193623
2187983
2141615
2136155
2169730
2216098
2220445
2223865
2229505
2233633
2243833
2253033
2258283
2259635
2265095
2271521
2274146
2276738
2277354
2281414
2284678
2284780
2284808
2310064
2314411
2317131
2325279
2328821
2334071
2342231
2343607
2344959
2353737
2359587
2363647
2365883
2367881
2368856
2370176
2369966
2367796
2367004
2364412
2340922
2337502
2333155
2331076
2328616
2328274
2316934
2307974
2303750
2299690
2298194
2297054
2296295
2320215
2343705
2348052
2351472
2354192
2356912
2365872
2374832
2380082
2391422
2392798
2393938
2400598
2402768
2404938
2407108
2413534
2416126
2416885
2421109
2423917
2425996
2430056
2433320
2435296
2437756
2440216
2441712
2443032
2443824
2444166
2444268
2444478
2444868
2445258
2431818
2408328
2401668
2398126
2395534
2382985
2378761
2378419
2376059
2350803
2346228
2343078
2339018
2330858
2324594
2324492
2328839
2339039
2348239
2357439
2360981
2369759
2376419
2381879
2384471
2385200
2389260
2391850
2393826
2395146
2395938
2396274
2396376
2350008
2343744
2331042
2328452
2322404
2319596
2305916
2305187
2295987
2284463
2278613
2273217
2265057
2262697
2260618
2227043
2222883
2256458
2290033
2323608
2369976
2382252
2399892
2420094
2431618
2437258
2442898
2451046
2464726
2478406
2493841
2506543
2512807
2519071
2528271
2536431
2547771
2552223
2557619
2563469
2567629
2570254
2576302
2577031
2579839
2581918
2583172
2584426
2586786
2589376
2591966
2592176
2575576
2567428
2565258
2553918
2548950
2543554
2542825
2541001
2538281
2501937
2499701
2499207
2496057
2482377
2480379
2456459
2450819
2487163
2511083
2514503
2531103
2534239
2539879
2542599
2550747
2563707
2576107
2589787
2603467
2617147
2632582
2643922
2648374
2653770
2659620
2665120
2667290
2671450
2673274
2678242
2679042
2679771
2683831
2686067
2688303
2690539
2693689
2694183
2696181
2696881
2696983
2697011
2694775
2690807
2690107
2684923
2679073
2675617
2675227
2663614
2658364
2653396
2641120
2634694
2631430
2627206
2624070
2621710
2606860
2619136
2633986
2648836
2652256
2655392
2669072
2682752
2695856
2705056
2710306
2715490
2727103
2728455
2734830
2740680
2744648
2751074
2753699
2759747
2764715
2769683
2773907
2778131
2780491
2783947
2786183
2789447
2792711
2794031
2794731
2795073
2795463
2795491
2820747
2836947
2840083
2851607
2864309
2875922
2887262
2891837
2898212
2900036
2906084
2911052
2912306
2916366
2919516
2921492
2922449
2923769
2924469
2949725
2962001
2965137
2978817
2992257
3003870
3011990
3017386
3019978
3020707
3023067
3025065
3026385
3026727
3026829
3024369
3023209
3016945
3016917
2991661
2987437
2981062
2980852
2978492
2977517
2962082
2958818
2958324
2952928
2950208
2941248
2937120
2923680
2957255
2982511
2985231
2998671
3007631
3023066
3038501
3051203
3057467
3063731
3067859
3071401
3076797
3083172
3083901
3088125
3090485
3093749
3094243
3096703
3097678
3098653
3099813
3100023
3100051
3099841
3099049
3087709
3086569
3077609
3077267
3074675
3072505
3068158
3063934
3061855
3061096
3058636
3035146
3033650
3030230
3026170
3072538
3078726
3091002
3127346
3141026
3154466
3163426
3173626
3178810
3180162
3185622
3188247
3188976
3190230
3193494
3196084
3198060
3199556
3201554
3202511
3203831
3192307
3188887
3175927
3175311
3151391
3141191
3137031
3100687
3094219
3093427
3092470
3079366
3075910
3071458
3070964
3058688
3025113
3058688
3070964
3107308
3143652
3167572
3170992
3189118
3200642
3212166
3225126
3238086
3251766
3260726
3273830
3284030
3293230
3298414
3302866
3304218
3308378
3312346
3318814
3325282
3325898
3328258
3331714
3332208
3333165
3333957
3334749
3335229
3335331
3333333
3333025
3326977
3303057
3297597
3277395
3264693
3263197
3237941
3237913
3236753
3234163
3233773
3228133
3226781
3213677
3202153
3205289
3217689
3222873
3230993
3232345
3238720
3240544
3246592
3248568
3251028
3252524
3252860
3253070
3234944
3230597
3230255
3227105
3221255
3216005
3209817
3207057
3204432
3201712
3192752
3190582
3189782
3186240
3185624
3183164
3189352
3225696
3230043
3233463
3251589
3269715
3272435
3281395
3291595
3295137
3300387
3306762
3315540
3321390
3323560
3325730
3332156
3334781
3340829
3341629
3345853
3346469
3349229
3352379
3354839
3355796
3356588
3356930
3357032
3357060
3369336
3372056
3380204
3393644
3406346
3415546
3420730
3428890
3434740
3435880
3442306
3443065
3445425
3448881
3451471
3453447
3454943
3455900
3455928
3455538
3451570
3446602
3444366
3437940
3434676
3431220
3428860
3425724
3425024
3419174
3413990
3399140
3387527
3383303
3371027
3365777
3378053
3392903
3397250
3414890
3418026
3421162
3436597
3442861
3449125
3454375
3459625
3464809
3476422
3482797
3488647
3492615
3499083
3505509
3511557
3516525
3517325
3521549
3523909
3527365
3529601
3532865
3533822
3534522
3534624
3535014
3535322
3532032
3518352
3517623
3511773
3510321
3498708
3498092
3497135
3496376
3493751
3489623
3486359
3483209
3476834
3472674
3457239
3444135
3443793
3437943
3427743
3425151
3408951
3395991
3392023
3383063
3378935
3370787
3367979
3361553
3355365
3354111
3349536
3337923
3371498
3377686
3389962
3426306
3438855
3455055
3475257
3483405
3496365
3508765
3522445
3531405
3540365
3555800
3571235
3584339
3597041
3601169
3605297
3615497
3619039
3624289
3635902
3647515
3655675
3660250
3664825
3666177
3667529
3672925
3679300
3685675
3691525
3697375
3703225
3704365
3711025
3716525
3721985
3727445
3731605
3735573
3741999
3744624
3747249
3749841
3750600
3751329
3752781
3754233
3757041
3759120
3762410
3763664
3764280
3764896
3767256
3769616
3773072
3776336
3779486
3782076
3784536
3785493
3785835
3782293
3780057
3771897
3746641
3743921
3742946
3740948
3736601
3732541
3727291
3721441
3720089
3718713
3717393
3708615
3700467
3725723
3730070
3747710
3750430
3753150
3761298
3764840
3770090
3778250
3779626
3780978
3789756
3795606
3801066
3805226
3806026
3808386
3812446
3814682
3816918
3817412
3819410
3820385
3821342
3822502
3823822
3824164
3824192
3836468
3852668
3856088
3874214
3886614
3900054
3905304
3916644
3921096
3926946
3933414
3935650
3937626
3937968
3937996
3935276
3921596
3919360
3916210
3879866
3874470
3869502
3845582
3834242
3833513
3827873
3827379
3819231
3817407
3815409
3798809
3796639
3808915
3845259
3881603
3905523
3918072
3934672
3940312
3943032
3951180
3964860
3971124
3979244
3990584
3995980
4002355
4008205
4010375
4016843
4018667
4023635
4024364
4025816
4027070
4029306
4032570
4035720
4036214
4038674
4041134
4043132
4039842
4036422
4034926
4026806
4011956
4008500
3994820
3988352
3983900
3980764
3979444
3976819
3959179
3956819
3943379
3943037
3989405
4025749
4040599
4058239
4061659
4064795
4082921
4096601
4110281
4123721
4137161
4148774
4156894
4161346
4167814
4170439
4173729
4176089
4179545
4183001
4184497
4185817
4186297
4186639
4187029
4187057
4183089
4182389
4177205
4171355
4168995
4157382
4155146
4150922
4144496
4139528
4134278
4130822
4127558
4127168
4112318
4109182
4096906
4109182
4121458
4136308
4151158
4175078
4187627
4203827
4207247
4210383
4216023
4221663
4231863
4241063
4246313
4251497
4263110
4274450
4275802
4277154
4283004
4286972
4290940
4297408
4303876
4310302
4315270
4316070
4317522
4321746
4322362
4324722
4328782
4332238
4335694
4337930
4341194
4342169
4342869
4343211
4343601
4343991
4344299
4364501
4378181
4387141
4400245
4411585
4412961
4415131
4417723
4423771
4424571
4427861
4430221
4434281
4436517
4437474
4437810
4438118
4434968
4423444
4422190
4419054
4414479
4410419
4404044
4402068
4396020
4394700
4378500
4373532
4348276
4347576
4334874
4333917
4332093
4320753
4309140
4308183
4304215
4286575
4278455
4277839
4277629
4261429
4255241
4249991
4249199
4248399
4244857
4240729
4217239
4211843
4258211
4283467
4287814
4304014
4321654
4338254
4341390
4352914
4358554
4372234
4385674
4398376
4411078
4416328
4427941
4436101
4447441
4452016
4456591
4461043
4466439
4472814
4478664
4479804
4485304
4487474
4493942
4500368
4502192
4504016
4510064
4516112
4521080
4521839
4522568
4524020
4525472
4528280
4529534
4530788
4531404
4532020
4536080
4540140
4543290
4545880
4547856
4548813
4549973
4551293
4551773
4552109
4552445
4553145
4553845
4554187
4554529
4541089
4535589
4529121
4526401
4523137
4520967
4512007
4511527
4508391
4502343
4502241
4501541
4497381
4495021
4492785
4491465
4467545
4463417
4463075
4481201
4483921
4497601
4507801
4519141
4525609
4528201
4533169
4538137
4543105
4543721
4546081
4548057
4550033
4552031
4553006
4554326
4554662
4554764
4555072
4555100
4591444
4611646
4625086
4638190
4650892
4660092
4671705
4679865
4684440
4689940
4696408
4699033
4701625
4702425
4703041
4705017
4706337
4706727
4705473
4700013
4695045
4693069
4691245
4675810
4675330
4672040
4659764
4656500
4647540
4611196
4608960
4602772
4599316
4592890
4605166
4617442
4640932
4644352
4647488
4653128
4666808
4682243
4693856
4697824
4700449
4705417
4706217
4710277
4712513
4715273
4717863
4719839
4720796
4721132
4721342
4721552
4712774
4708714
4692514
4692486
4692384
4686988
4686013
4670578
4669819
4668499
4659539
4656083
4649615
4603247
4600655
4583015
4582399
4562197
4549797
4564647
4588137
4605777
4619457
4634892
4647594
4653858
4657400
4658752
4665127
4671787
4678447
4681072
4683664
4688632
4689432
4690191
4693455
4696605
4697099
4698595
4699755
4699965
4700273
4700581
4675325
4674005
4660325
4648049
4647707
4646978
4644980
4642388
4636992
4633856
4633754
4620314
4617954
4606341
4598221
4623477
4635753
4651953
4655373
4658509
4671469
4683869
4697549
4710989
4724093
4735706
4743826
4749222
4750362
4756788
4759380
4760109
4761561
4763921
4767981
4770217
4772807
4774805
4776125
4776467
4776569
4776075
4750819
4746472
4745096
4738436
4724756
4712480
4703702
4698518
4689318
4688158
4687948
4671748
4668328
4650202
4646234
4679809
4705065
4717341
4732191
4736538
4752738
4756158
4772758
4790884
4802408
4816088
4825288
4830472
4838592
4839968
4841344
4850122
4851262
4857922
4863422
4867390
4873858
4879906
4880635
4881889
4885949
4886443
4887603
4888763
4888973
4885709
4883349
4877499
4865223
4862087
4850474
4845506
4842050
4836866
4836166
4832198
4817348
4812098
4807874
4807484
4801058
4798822
4811098
4825948
4838497
4854697
4858117
4861253
4879379
4888339
4893589
4898773
4903957
4915570
4916946
4922796
4929456
4933424
4939850
4942475
4945067
4950035
4955003
4956455
4960679
4963039
4966495
4968731
4971995
4975259
4975753
4978213
4978913
4979303
4976495
4972953
4964833
4955873
4942433
4937249
4903674
4897410
4895434
4892714
4876114
4863565
4856905
4853485
4852869
4836669
4834079
4829919
4866263
4886465
4897989
4910949
4919909
4935344
4948448
4954712
4964912
4976525
4977901
4979277
4984673
4990173
4994333
4998493
5001118
5003710
5005789
5009079
5011669
5014129
5016589
5008441
5004094
5000034
4994784
4986624
4983904
4975126
4973774
4967924
4966949
4965573
4963575
4961339
4960019
4956477
4931221
4977589
5002845
5039189
5062679
5067026
5085152
5087872
5096020
5109124
5121826
5125368
5130618
5138778
5143230
5144606
5145958
5147310
5156088
5161938
5167788
5168547
5172607
5176667
5180727
5182963
5184939
5186937
5188935
5189910
5191230
5191440
5191748
5182548
5169444
5156004
5150504
5114160
5101458
5100842
5100042
5093574
5081961
5079336
5078016
5075424
5070849
5062689
5042487
5042097
5040121
5076465
5080812
5097412
5100548
5120750
5128898
5142338
5151298
5164402
5177104
5186304
5197917
5209530
5217690
5222265
5227765
5234233
5240659
5243284
5245876
5250844
5251644
5252260
5256320
5258910
5260886
5262206
5262686
5263076
5275352
5279699
5297825
5309349
5322453
5326581
5335359
5342019
5344189
5346781
5351749
5352365
5354725
5356961
5357269
5355033
5353035
5341695
5340966
5335326
5332176
5327208
5313528
5310808
5308638
5303242
5302748
5300924
5292776
5276176
5239832
5215912
5249487
5252907
5269507
5275147
5287547
5301227
5310187
5323291
5328541
5333725
5342503
5348353
5354821
5360869
5361628
5363707
5364043
5364071
5359847
5357611
5354475
5339625
5335657
5329807
5329107
5316831
5314471
5311207
5310817
5299204
5295748
5290498
5285314
5278888
5273920
5307495
5319771
5334621
5337757
5343007
5348191
5359804
5361180
5367030
5368170
5373670
5375840
5379808
5386276
5392702
5397670
5398429
5399881
5404105
5406913
5409273
5412729
5414965
5417725
5420989
5422965
5423665
5424055
5410951
5400751
5396591
5395975
5389507
5377231
5353311
5319736
5306776
5270432
5258908
5258116
5254696
5253739
5253245
5248793
5245337
5278912
5304168
5316444
5352788
5376708
5400628
5404975
5408395
5419919
5422639
5435599
5448703
5458903
5470516
5474968
5479128
5485596
5488188
5493156
5497380
5497996
5498612
5502068
5505524
5508114
5508608
5510104
5511079
5512036
5513196
5513988
5514016
5510048
5503622
5497772
5487572
5484980
5480852
5469239
5456279
5453471
5447283
5442708
5434560
5418360
5417106
5408146
5433402
5439590
5455790
5471990
5489630
5507756
5515904
5528864
5537824
5541952
5552152
5563765
5568340
5572915
5578765
5584265
5588233
5594659
5597251
5603299
5606107
5607361
5609359
5609695
5593495
5592795
5589645
5564389
5562565
5558505
5546892
5535368
5528993
5527017
5523881
5519306
5518052
5505350
5494010
5493053
5487005
5482037
5480717
5505973
5520823
5544313
5560513
5563649
5575173
5580813
5589773
5602475
5606017
5611267
5616451
5628064
5639404
5643979
5645355
5651730
5653554
5656179
5662227
5667195
5668449
5669703
5673763
5676913
5678889
5679846
5680803
5682123
5682823
5683131
5670027
5649825
5638212
5637596
5629436
5616734
5610266
5608290
5603715
5602915
5600323
5599933
5597308
5595988
5590488
5554144
5544944
5531504
5577872
5614216
5634418
5647858
5660962
5673664
5682864
5688114
5699727
5711340
5719500
5724075
5732853
5738353
5744821
5747446
5750038
5752630
5753430
5754159
5756967
5760257
5761511
5762127
5764103
5765060
5766017
5767337
5767679
5767781
5768171
5763824
5763482
5757294
5752044
5751428
5750628
5748168
5742318
5739558
5736838
5718712
5715170
5713000
5710375
5707225
5698265
5704453
5708800
5712220
5730346
5741870
5744590
5752738
5760886
5774326
5783286
5796726
5810166
5814294
5817836
5823086
5834699
5840549
5846399
5848569
5850739
5854899
5859059
5861684
5862484
5866708
5867324
5869684
5872444
5875594
5878054
5879011
5879711
5880053
5880263
5880473
5856553
5856163
5853993
5847567
5865693
5862973
5862583
5865043
5854843
5853523
5856979
5823404
5822028
5818486
5817694
5822041
5812841
5811521
5802743
5800023
5812725
5811925
5807578
5809402
5796442
5793852
5793750
5781474
5775048
5769864
5764896
5759646
5744796
5741340
5740950
5738714
5732864
5728896
5725760
5722496
5710883
5710183
5707823
5703599
5715875
5730725
5733861
5746261
5751511
5756695
5768308
5776468
5782843
5788693
5792661
5796629
5803055
5808023
5808782
5813006
5815366
5818822
5821058
5823294
5826558
5829822
5830316
5830652
5831352
5832052
5832262
5832652
5832680
5830055
5823395
5827847
5807645
5807309
5805139
5791459
5785411
5776451
5775075
5774118
5771526
5760186
5756896
5756588
5754352
5753552
5751192
5738088
5734028
5767603
5782453
5786800
5803000
5821126
5841328
5855008
5863968
5879403
5892507
5905209
5916549
5921001
5925453
5926829
5935607
5936747
5938917
5945343
5947935
5953983
5954783
5959007
5962297
5964657
5968717
5970953
5974217
5977367
5979957
5980451
5981408
5981744
5981954
5982164
5982472
5976004
5971552
5969316
5969288
5968946
5966970
5955630
5952210
5946960
5933520
5921120
5904920
5899070
5886794
5868668
5863700
5875976
5892176
5909816
5913236
5931362
5934082
5946482
5958882
5972322
5977572
5985692
5997032
6008372
6012824
6014176
6019572
6025422
6029390
6035858
6038483
6042707
6044943
6046919
6048239
6048581
6048923
6048951
6040803
6040701
6040673
6037253
6032906
5986538
5983946
5980682
5971482
5965842
5932267
5929642
5923216
5919156
5915028
5909778
5899578
5894118
5893502
5892150
5938518
5962008
5965144
5973292
5986396
5994516
5995892
5997244
6003712
6010180
6016606
6019198
6024166
6025618
6027070
6030360
6031614
6032230
6034990
6035332
6035542
6035570
6032306
6028246
6033706
6031116
6019776
6019674
6019646
6011526
6011424
6006972
6006243
5991393
5988801
5985665
5982529
5981209
5979713
5977715
5965439
5963079
5949399
5945943
5932503
5929083
5911443
5908818
5900698
5887258
5880790
5875394
5875052
5874710
5872350
5871030
5845774
5832094
5820481
5817191
5842447
5854723
5891067
5905917
5920767
5938407
5941827
5944963
5948099
5966225
5971865
5985545
5999225
6012665
6026105
6032369
6042569
6046111
6051295
6062908
6074521
6082641
6090761
6095213
6100609
6106984
6108124
6114784
6120244
6122414
6128882
6135308
6137933
6140558
6143183
6145775
6146504
6147233
6147962
6151252
6152506
6154866
6157226
6161286
6164742
6167332
6169308
6171768
6173264
6174760
6176758
6177733
6179053
6180373
6180715
6181057
6181159
6181369
6181579
6181607
6175967
6173797
6164837
6163583
6158333
6162680
6166648
6162588
6137332
6136357
6133637
6128387
6127067
6118289
6110129
6106587
6098439
6094092
6092094
6090742
6088506
6087130
6081280
6127648
6152904
6159092
6173942
6178289
6181009
6189157
6197305
6210007
6213549
6217091
6220633
6225883
6234043
6245383
6246759
6248111
6256889
6262739
6263879
6269927
6270686
6271415
6275639
6278929
6280183
6284243
6288303
6292363
6295819
6298055
6301319
6304469
6306445
6308443
6309418
6310738
6311080
6311182
6311210
6306758
6306029
6302609
6293409
6279729
6264879
6266199
6232624
6232596
6217161
6223209
6226017
6219357
6201717
6198581
6204769
6241113
6249261
6262701
6275403
6281778
6285938
6289906
6292498
6293257
6294709
6297999
6299253
6302013
6304603
6306601
6307921
6308263
6308473
6303013
6300553
6295053
6293077
6283877
6279425
6289625
6283250
6282914
6286178
6272498
6272288
6258608
6278810
6282970
6282662
6277694
6273566
6264788
6262618
6258271
6255679
6243403
6231879
6231263
6228903
6222243
6220007
6206903
6188777
6168575
6214943
6240199
6246387
6258663
6263010
6279210
6295410
6313536
6333738
6345262
6358222
6371662
6384766
6391030
6395158
6399286
6403414
6412614
6424227
6428802
6430178
6431530
6437905
6446683
6453343
6455513
6458105
6463073
6465881
6466497
6467113
6467729
6470089
6473545
6475781
6476275
6476769
6478089
6478299
6478607
6476371
6473779
6470515
6474643
6479095
6476859
6464459
6463659
6459084
6452616
6450024
6447399
6447009
6434307
6433691
6397347
6383907
6363705
6361729
6350116
6337012
6328852
6327532
6318332
6312832
6310024
6335280
6371624
6386474
6406676
6420116
6433220
6446324
6459026
6471728
6484430
6493630
6505243
6513403
6517978
6523478
6529946
6536372
6538997
6541589
6544181
6544981
6545781
6547233
6550041
6551295
6551911
6554147
6557411
6559387
6560362
6561522
6562842
6563178
6563520
6563910
6564300
6560758
6545323
6557599
6555623
6551563
6545923
6545821
6546621
6542397
6558997
6557743
6554479
6536353
6531169
6529849
6531169
6529849
6529747
6523699
6522999
6516735
6513315
6511339
6519487
6483143
6480423
6476295
6470031
6467671
6467643
6464379
6464169
6455209
6454715
6439280
6432905
6407649
6394209
6393049
6388825
6387850
6382454
6379994
6343650
6337800
6363056
6388312
6400861
6403581
6411729
6424129
6437569
6451009
6459969
6475404
6481668
6487932
6492060
6502260
6512460
6517644
6523040
6528436
6534811
6540311
6545771
6547223
6551447
6552063
6554423
6557183
6560447
6563037
6563531
6564025
6566485
6567460
6568620
6569412
6569622
6569650
6568921
6565465
6561497
6546647
6542423
6542033
6536783
6534423
6531287
6519011
6514043
6511807
6505381
6504681
6499497
6493647
6482034
6478770
6491046
6505896
6522096
6525232
6538192
6551152
6566587
6582022
6586150
6591400
6596584
6608197
6612649
6618499
6619639
6621809
6625777
6632203
6637171
6642139
6646363
6648442
6649696
6652056
6655512
6658968
6661204
6663964
6667228
6667722
6668058
6668758
6669148
6669538
6669928
6656248
6643144
6642169
6640915
6625480
6613204
6612994
6623194
6624646
6624748
6648668
6651804
6664764
6677466
6681008
6687476
6690101
6690901
6691630
6694438
6696517
6700577
6704033
6706493
6708491
6709811
6710201
6676626
6675274
6661834
6675274
6675376
6674024
6672528
6676656
6672496
6675632
6675290
6661610
6673134
6666759
6657799
6651373
6660151
6666199
6660349
6624005
6590430
6572304
6558624
6576750
6579110
6580606
6577981
6575356
6581544
6584808
6585018
6582393
6581664
6580524
6582694
6576319
6570819
6561859
6549310
6549208
6542944
6540354
6537204
6511948
6505573
6504319
6500259
6498435
6493860
6493160
6491840
6489864
6473664
6462051
6450527
6444479
6443522
6432182
6429046
6424078
6411376
6406192
6431448
6447648
6465288
6468424
6486550
6506752
6518276
6520996
6523716
6536418
6548031
6559371
6563946
6570321
6579099
6580923
6586971
6591939
6594747
6598037
6601327
6602581
6604941
6609001
6612151
6614127
6616587
6618585
6619542
6620862
6621562
6622262
6622364
6622672
6622700
6620110
6614650
6605450
6595250
6582974
6574196
6566036
6563576
6579011
6574436
6571976
6568434
6567477
6570627
6560427
6558067
6540427
6534163
6527695
6528855
6527503
6526151
6522695
6520616
6509092
6503908
6457540
6457438
6456481
6453345
6453037
6448877
6448261
6447461
6467663
6468463
6470699
6462579
6449877
6447901
6444481
6446651
6452699
6435059
6429599
6414164
6412340
6421540
6424348
6426708
6428684
6427892
6427550
6421502
6422854
6428704
6416304
6410256
6404796
6417498
6421040
6429200
6426610
6417410
6415331
6412971
6401447
6394979
6388715
6382865
6377469
6371421
6337846
6333686
6330878
6284510
6271808
6258128
6257399
6249239
6282814
6329182
6352672
6365221
6382861
6400987
6412511
6426191
6438893
6445157
6449285
6453413
6462613
6474226
6482386
6483762
6489158
6495008
6500858
6501998
6507458
6511618
6513442
6519490
6520219
6523027
6525106
6527466
6530056
6530550
6530886
6531228
6531256
6522296
6516248
6510998
6509022
6495582
6495192
6483579
6470877
6466302
6459834
6439632
6426528
6425728
6424408
6421783
6385439
6382847
6382231
6376731
6367531
6359371
6395715
6411915
6429555
6432975
6453177
6464701
6477661
6491101
6504205
6516907
6526107
6537720
6545880
6550455
6554907
6560303
6561443
6566943
6569113
6573081
6577049
6583517
6585341
6587165
6589790
6592415
6595007
6595807
6596607
6598686
6599302
6601278
6602235
6603555
6604875
6605085
6605475
6605865
6606255
6606283
6602315
6599955
6633530
6657450
6658150
6653926
6652574
6646199
6645242
6638774
6625814
6626974
6626494
6631678
6634303
6633511
6627323
6640025
6644153
6607809
6607473
6605475
6603115
6602725
6596875
6560531
6546851
6541601
6529988
6525020
6518594
6516358
6512134
6506284
6505584
6503224
6499768
6494584
6491448
6487480
6487090
6472240
6459964
6456700
6481956
6494232
6509082
6526722
6529858
6532994
6541142
6554102
6566502
6580182
6593862
6599112
6604296
6615909
6624069
6632229
6640349
6651689
6660467
6666317
6672167
6676135
6682561
6688987
6693955
6694755
6698979
6701787
6703866
6706226
6708586
6712042
6714278
6717542
6720692
6721649
6722809
6723509
6723851
6724241
6718781
6712517
6710057
6697355
6699353
6697183
6694823
6741191
6739695
6735348
6735320
6734826
6723213
6729873
6729073
6729045
6722670
6725430
6723978
6725298
6722162
6721820
6717852
6721116
6705681
6693405
6683205
6673005
6664857
6653244
6647394
6644586
6631626
6615426
6606466
6600278
6595703
6594449
6590481
6586353
6579927
6577335
6583523
6595799
6619289
6635489
6652089
6660237
6673197
6686157
6699837
6708797
6724232
6728360
6738560
6742102
6753715
6765328
6776668
6781243
6782595
6787991
6796769
6802619
6806587
6813013
6815605
6821653
6825877
6828685
6829939
6831193
6833553
6833581
6828331
6827077
6843277
6844629
6844601
6841881
6847381
6850645
6849845
6848493
6846997
6834721
6829537
6816835
6808675
6805219
6802499
6796073
6795116
6789266
6775826
6767678
6765088
6763112
6761972
6759612
6758853
6758825
6749625
6748465
6760741
6778381
6796507
6808031
6810751
6818899
6832339
6845779
6859219
6871921
6881121
6886305
6897918
6906078
6911928
6913068
6914208
6919668
6926094
6932520
6933279
6934038
6936117
6939407
6941767
6945223
6948487
6951077
6953053
6954549
6955506
6956298
6956326
6947548
6944006
6941770
6940394
6932246
6926396
6925076
6916916
6915941
6890685
6889333
6887335
6883275
6878025
6875305
6870958
6857278
6845002
6838738
6863994
6870182
6882458
6886805
6903405
6920005
6922725
6930873
6943833
6952793
6956335
6961585
6966835
6974995
6976371
6977723
6986501
6992351
6996411
7000471
7002707
7004705
7005680
7006637
7007957
7008059
7002663
7026583
7036783
7037263
7028063
7026711
7020051
7045307
7046036
7029836
7024196
7023888
7020432
7018980
7006580
7007309
6987107
6984871
6981451
6976999
6973543
6970123
6969629
6968672
6964512
6928168
6894593
6870673
6860473
6859857
6846897
6840429
6828153
6815049
6803525
6802733
6801381
6834956
6847232
6883576
6907496
6923696
6927116
6930536
6942060
6955020
6967980
6981084
6991284
7002624
7007076
7011528
7017903
7020073
7024233
7030701
7037169
7043595
7045047
7048337
7048953
7051313
7054769
7058225
7060985
7061479
7062436
7063393
7064185
7064977
7066297
7067617
7067227
7060759
7061375
7057247
7056905
7055453
7052189
7036754
7033604
7030979
7025129
7020969
7007865
7007136
6995523
6981843
6980886
6980270
6979511
6973136
6969846
6967254
6983854
6996254
7009934
7025369
7038473
7042601
7051801
7063414
7067866
7073262
7079637
7085487
7091337
7092477
7097937
7100107
7104267
7106892
7109484
7110243
7111002
7111731
7113183
7116473
7117089
7117705
7119941
7123205
7126355
7128945
7129902
7131222
7131558
7131900
7132002
7130550
7129934
7116494
7115537
7097411
7073921
7086881
7082821
7082513
7079705
7043361
7042221
7034101
7037643
7044111
7043154
7029474
7016034
7012898
7012169
6999893
6999551
6994155
6982542
6968862
6943606
6942286
6934166
6931806
6931704
6929112
6927114
6926139
6951395
6963671
6966807
6980487
6993927
7007367
7017567
7026767
7030309
7041922
7050042
7055438
7060938
7066398
7068222
7070046
7072638
7073367
7074819
7076073
7076689
7079049
7083109
7086373
7088371
7090369
7091689
7093009
7093801
7094281
7094623
7094725
7082023
7080571
7080571
7080235
7079927
7083469
7077829
7076509
7074511
7068323
7065563
7065353
7051913
7051154
7038452
7038110
7034820
7032228
6995884
6994630
6988255
6984095
6975947
6973357
6969389
6967937
6955661
6954209
7000577
7006765
7043109
7057959
7062306
7067946
7076094
7089534
7102638
7115340
7121604
7126854
7138467
7144842
7153620
7155790
7159950
7164110
7168078
7172046
7174638
7175397
7176849
7180139
7181393
7184153
7186743
7187237
7189235
7190555
7191875
7192355
7193055
7193397
7193607
7193635
7191045
7188685
7177161
7172193
7159917
7157325
7144221
7139874
7121748
7119578
7119270
7118654
7114526
7105748
7099088
7096852
7091884
7125459
7131647
7143923
7148270
7151690
7169816
7181340
7192864
7195584
7208688
7212816
7216944
7226144
7232519
7241297
7250075
7256735
7262235
7267735
7269905
7272075
7274667
7279635
7281087
7283895
7284511
7286871
7289231
7291591
7295651
7297887
7300647
7303911
7307061
7310211
7311003
7311703
7312011
7310851
7310092
7315276
7313278
7307638
7297438
7282588
7275928
7273568
7267520
7265544
7265544
7264928
7252652
7267502
7262106
7261626
7255158
7251702
7248438
7244378
7244378
7238003
7229043
7226873
7224637
7213297
7210705
7208345
7207388
7194284
7193976
7193176
7172974
7169684
7165624
7159576
7145896
7144520
7144184
7139216
7157342
7177544
7189068
7200592
7203312
7216992
7225952
7239056
7250396
7254971
7259423
7260799
7262151
7268001
7269141
7271311
7277359
7279951
7280751
7284041
7287331
7289691
7292051
7296111
7298347
7300583
7302559
7303516
7303852
7304062
7304370
7304398
7303782
7308357
7295808
7295780
7293320
7280771
7269431
7253996
7252676
7246016
7228376
7227896
7213046
7211886
7211676
7175332
7173356
7165196
7162604
7157104
7152529
7139827
7130627
7117187
7115867
7109399
7109009
7095905
7093280
7073078
7072278
7060665
7060049
7059555
7059213
7058413
7091988
7125563
7161907
7179547
7199749
7202469
7216149
7229589
7242693
7255395
7268097
7277297
7280839
7286089
7291273
7302886
7311046
7319206
7330546
7335121
7339696
7344148
7345288
7350788
7357256
7359080
7361705
7367753
7370345
7375313
7376113
7378921
7382211
7385501
7388791
7389407
7389901
7391877
7392852
7394172
7394562
7394952
7389984
7371858
7365594
7365252
7359752
7354112
7372238
7392440
7377590
7365977
7362009
7349733
7349343
7346207
7345507
7342243
7335817
7333457
7330001
7324751
7318901
7316665
7311697
7306513
7302289
7299697
7346065
7392433
7398621
7434965
7471309
7476949
7482589
7496029
7500157
7510357
7515541
7520725
7525300
7529875
7535271
7540667
7543292
7545884
7546643
7547372
7550180
7550796
7553032
7555008
7556168
7556558
7556866
7510498
7497058
7493794
7497854
7497518
7493550
7469630
7471709
7465283
7462563
7454443
7457035
7450567
7449808
7434958
7429990
7436416
7424803
7422213
7423170
7409490
7405430
7404730
7404730
7399480
7353112
7357687
7355517
7353693
7350429
7347837
7351379
7357805
7362773
7366229
7366537
7365377
7364402
7361812
7361710
7360910
7369870
7376134
7382509
7383209
7371596
7370342
7369202
7415570
7409102
7404755
7404545
7403816
7401056
7398596
7397980
7394830
7392660
7374534
7373734
7371014
7368389
7359429
7355887
7355545
7350295
7344445
7338257
7333910
7340098
7376442
7382082
7397517
7401059
7402435
7408810
7414310
7420778
7421394
7424154
7426614
7426956
7426984
7424524
7424188
7407988
7404838
7402213
7386013
7382877
7377909
7352653
7341129
7328427
7327470
7315857
7314603
7313283
7311459
7305411
7299036
7297060
7293910
7293210
7289150
7284575
7273235
7298491
7314691
7332331
7335751
7338887
7350411
7356051
7358771
7371473
7377737
7386937
7390479
7395729
7407342
7418682
7430022
7434597
7440972
7442796
7448844
7451436
7456404
7461372
7464180
7465434
7469494
7472644
7475794
7478384
7480360
7481317
7482109
7483429
7484129
7484829
7485171
7482935
7480175
7478799
7481559
7480207
7473832
7469772
7468276
7492196
7497836
7492868
7490243
7488867
7476165
7463061
7439571
7438812
7426536
7432386
7433145
7436409
7434433
7427773
7427563
7419403
7407879
7407669
7423104
7425696
7428986
7429778
7427802
7412367
7407792
7391192
7367702
7355000
7351580
7338476
7362396
7385886
7390233
7406433
7409853
7427979
7440379
7454059
7463019
7475721
7477097
7483523
7485347
7488155
7492215
7495365
7497363
7497705
7494569
7494233
7490813
7487677
7484221
7469371
7466746
7465426
7460974
7454506
7446386
7428746
7426386
7412946
7409656
7409314
7407818
7394138
7388288
7400837
7417037
7433637
7436773
7456975
7468499
7474763
7479338
7484838
7490338
7492508
7496668
7500728
7503992
7507142
7507636
7508130
7510590
7510932
7498532
7492268
7479308
7478168
7474878
7472880
7481040
7485264
7481204
7478579
7467239
7460813
7457271
7452819
7447851
7441425
7475000
7470940
7457980
7457251
7456635
7442955
7444331
7410756
7405572
7399524
7417164
7419524
7414024
7410604
7410296
7416484
7420644
7404444
7386318
7384942
7384600
7378750
7376514
7364238
7358988
7357012
7350544
7346092
7346064
7329864
7316424
7298298
7294878
7282478
7271138
7269686
7269378
7294634
7306910
7321760
7337960
7355600
7359020
7377146
7389546
7402986
7418421
7428621
7433871
7445484
7453604
7464944
7469396
7474792
7480642
7486142
7491602
7495570
7502038
7504663
7507953
7510189
7513339
7515315
7517313
7518270
7518612
7518920
7518948
7500822
7483182
7470078
7468702
7462654
7459234
7462690
7426346
7420706
7407026
7398066
7402413
7400961
7394493
7393141
7392661
7387411
7383351
7384051
7378867
7365187
7363933
7368093
7370091
7353491
7351031
7334431
7334533
7329565
7332701
7328641
7322791
7320712
7318087
7306474
7302314
7300338
7299018
7298218
7295593
7282891
7282275
7268835
7259635
7259245
7251085
7246510
7234897
7232305
7226805
7206603
7200135
7163791
7150687
7187031
7210951
7215298
7218434
7238636
7258838
7266986
7275946
7289386
7302490
7315192
7321456
7330656
7342269
7350429
7355004
7359579
7365079
7370539
7375999
7380159
7386627
7393095
7395720
7398312
7399112
7399841
7401293
7405517
7407596
7410886
7411502
7414262
7416852
7418828
7420324
7421644
7422344
7422446
7422836
7413876
7393674
7391438
7385938
7419513
7434363
7440627
7445811
7446603
7436403
7423854
7412330
7406480
7404504
7404010
7395232
7395022
7378822
7365142
7360795
7357375
7339249
7338755
7326479
7325319
7321351
7296095
7289435
7288059
7278859
7273675
7307250
7332506
7357762
7370038
7374385
7390585
7394005
7397425
7400845
7418971
7437097
7450777
7459977
7465161
7469736
7471112
7476508
7482883
7491661
7497511
7504171
7508331
7512299
7514123
7520171
7520971
7521465
7522625
7523945
7524425
7524767
7524977
7520630
7525880
7521656
7519066
7482722
7479180
7471032
7462254
7458194
7453847
7452471
7451119
7448883
7443033
7417777
7416457
7411207
7410232
7408234
7400074
7397354
7422610
7428798
7433145
7444669
7447389
7455537
7463685
7476645
7480187
7485437
7490621
7495805
7507418
7515578
7516954
7518306
7519658
7528436
7534286
7536456
7540516
7544576
7546812
7549048
7551046
7552021
7552996
7554316
7547848
7545258
7540683
7587051
7612307
7618495
7641985
7645405
7660840
7673542
7678792
7690132
7694584
7695960
7702620
7709088
7713148
7715124
7717584
7718541
7719333
7715913
7714938
7712218
7703258
7699802
7699466
7704862
7702692
7700102
7697642
7681442
7679363
7675203
7687603
7672168
7666668
7662216
7660840
7657704
7691279
7685883
7681536
7676352
7675593
7670625
7683327
7680735
7679239
7684423
7676275
7677435
7674627
7682775
7670375
7636800
7621950
7622709
7621257
7597767
7588989
7542621
7543941
7530837
7537025
7538279
7535687
7529639
7523999
7515039
7514703
7514087
7508237
7507478
7507450
7504690
7510738
7509362
7534618
7538965
7555165
7575367
7581007
7583727
7596687
7610367
7619327
7629527
7630879
7636927
7637686
7640494
7643950
7646540
7647700
7635424
7622320
7615660
7606882
7602754
7597786
7579660
7579044
7578736
7576566
7565042
7562806
7558459
7555867
7553507
7536907
7534547
7540735
7553011
7576501
7580848
7597448
7615574
7635776
7647300
7658824
7661544
7674504
7688184
7701288
7714392
7720656
7724784
7736397
7745175
7751835
7758495
7765155
7770615
7772785
7776945
7783413
7789839
7796265
7798089
7800714
7803339
7805931
7810899
7815123
7817931
7820739
7821355
7823715
7827775
7830011
7831507
7832464
7833256
7833592
7834292
7834992
7835202
7835510
7810254
7806094
7810222
7812814
7812712
7812684
7812474
7810498
7797796
7784356
7781596
7775408
7774649
7771359
7763211
7763001
7761681
7759683
7758429
7755839
7755497
7751529
7747369
7740994
7704650
7703198
7700606
7706794
7719070
7755414
7773540
7781688
7795368
7808808
7821510
7830710
7839910
7846285
7848455
7852615
7856775
7860743
7867169
7869761
7870520
7871972
7874780
7878070
7879324
7879940
7883396
7886156
7889306
7891896
7894486
7897076
7899074
7901072
7901864
7903184
7903526
7903736
7904126
7898876
7900252
7899112
7886410
7874886
7878022
7878050
7869090
7860312
7893887
7940255
7953935
7962895
7969159
7979359
7987519
7992094
7994264
7998424
8000248
8002840
8004292
8008516
8011806
8014166
8017430
8018387
8019547
7985972
7985664
7988472
7976196
7962516
7954396
7951804
7950484
7949755
7947757
7944621
7933008
7919568
7917208
7891952
7886556
7886454
7886112
7883487
7877299
7870924
7867468
7851268
7849948
7848572
7848362
7835402
7815200
7813848
7767480
7764672
7758408
7754280
7753664
7800032
7806220
7821070
7844560
7848907
7865107
7868527
7871947
7892149
7905109
7918069
7931509
7944949
7958053
7964317
7970581
7974709
7978837
7986997
7991572
7996147
7997523
7998875
8000227
8005623
8011998
8020776
8027436
8032896
8035066
8039226
8043386
8049812
8055860
8060828
8061557
8062286
8066510
8069318
8069934
8070550
8074610
8078066
8080064
8081384
8081726
8082068
8082278
8075810
8070310
8067850
8091340
8108980
8129182
8140706
8149906
8154358
8155734
8159894
8163862
8164662
8167470
8170926
8173162
8173162
8173642
8173642
8172942
8168490
8144570
8138144
8131676
8095332
8082228
8079603
8077627
8066014
8061439
8055939
8043237
8034037
8033237
8030645
8029325
8021165
8014697
7994495
7994105
7993489
7980049
8005305
8017581
8053925
8077415
8095055
8098191
8118393
8129917
8138065
8151505
8164609
8177311
8186511
8198124
8206284
8214444
8219019
8224519
8226689
8233157
8235782
8238374
8239174
8241982
8242598
8246054
8248290
8251050
8253026
8253520
8255016
8255973
8257293
8258085
8258565
8258907
8259249
8259639
8259947
8259453
8265501
8265891
8256931
8254339
8247913
8231713
8220100
8218846
8216038
8207890
8201702
8195852
8185652
8181077
8177109
8164149
8160021
8159811
8158854
8165042
8181242
8197842
8205990
8218950
8227910
8227910
8234174
8238302
8248502
8252044
8263657
8271777
8276352
8281748
8287598
8288738
8292706
8299132
8301724
8302524
8303283
8304735
8307543
8308797
8311157
8311157
8313393
8316153
8318913
8319870
8321190
8318470
8317018
8313728
8326004
8326498
8314885
8306737
8304145
8299798
8312074
8314153
8310611
8285355
8289930
8296590
8295430
8294078
8275952
8274632
8263292
8261468
8262443
8262653
8249213
8244989
8244032
8238392
8241152
8237862
8236905
8232745
8186377
8183617
8201743
8206927
8209097
8213321
8213423
8201810
8195435
8193939
8200127
8212403
8214995
8214038
8214010
8200570
8194522
8209372
8217520
8223946
8224705
8213365
8200663
8195695
8194441
8188393
8183818
8182861
8176486
8174510
8173810
8170660
8166600
8154987
8129731
8113531
8102007
8098871
8097551
8095727
8094998
8089814
8136182
8161438
8173714
8189914
8193050
8204574
8217534
8230638
8243340
8247468
8251010
8256260
8267873
8275993
8287333
8291908
8298283
8300107
8306155
8311123
8311923
8313375
8317599
8318853
8322913
8326063
8329213
8331189
8332146
8333466
8334258
8335578
8336278
8336668
8333212
8331214
8326246
8308606
8306016
8292912
8307762
8320464
8313804
8311634
8296199
8290949
8292925
8274799
8268331
8253481
8217137
8208989
8196589
8205789
8203813
8203319
8185679
8184425
8182189
8180737
8134369
8130949
8132401
8132191
8131981
8136205
8128085
8127875
8127773
8109647
8107671
8092821
8090196
8089854
8092990
8108425
8102050
8090437
8087301
8086047
8062557
8061600
8060224
8058054
8037852
8024172
8021936
8021628
8015580
8011520
8009160
8008360
7995256
7991966
7983006
7980414
7969074
7968738
7955298
7947150
7971070
7994560
8014762
8028442
8037402
8050506
8063610
8073810
8079060
8084244
8095584
8100159
8101535
8110313
8112483
8118951
8121543
8127591
8128391
8131681
8134971
8137331
8141391
8143627
8145863
8149127
8151587
8152562
8153519
8153999
8154335
8154437
8154539
8154847
8155155
8151187
8147059
8145919
8146255
8142713
8139171
8105596
8101536
8098272
8064697
8060245
8056085
8052665
8016321
8004797
7998329
7997713
7984609
7981153
7980196
7967920
7967426
7966634
7956434
7943474
7919554
7937194
7957396
7977598
7989998
8003438
8018873
8027033
8032533
8036501
8042969
8045594
8048219
8048978
8050430
8053238
8053854
8056214
8056316
8056344
8052120
8051730
8049140
8048804
8055272
8056072
8057568
8057540
8053380
8051144
8038744
8034292
8030750
8029496
8026346
8020886
8017736
8004296
7979040
7974693
7974351
7973551
7962211
7964931
7960803
7956456
7952232
7952622
7949814
7939614
7935162
7924962
7922154
7913994
7910026
7907401
7904137
7897873
7893905
7888445
7879667
7880009
7878869
7858667
7857347
7851299
7875219
7895421
7894662
7898822
7898122
7894062
7893852
7885704
7891204
7891546
7889376
7880176
7885360
7877240
7876746
7876718
7872266
7871650
7889290
7893258
7892764
7892270
7879310
7862710
7858650
7892225
7845857
7839431
7838055
7837845
7861765
7863117
7866407
7865432
7865222
7860998
7860656
7873358
7882558
7879294
7878952
7866552
7863744
7863716
7862364
7866492
7856292
7851945
7843797
7842822
7841502
7840126
7837406
7833346
7808090
7802840
7800604
7794754
7792756
7791404
7782626
7774466
7770924
7796180
7800527
7804874
7807594
7815742
7819284
7824534
7832694
7840814
7842190
7843542
7852320
7858170
7864830
7865559
7869783
7872591
7876651
7880107
7882343
7884579
7886577
7887552
7888872
7889180
7882754
7870052
7867462
7862278
7882480
7891258
7875058
7874266
7861162
7855662
7819318
7806616
7802041
7781839
7768399
7767079
7764487
7756327
7749859
7749243
7748443
7745818
7743842
7734642
7734252
7722639
7758983
7773833
7797753
7817955
7831395
7844499
7857201
7867401
7876601
7881851
7893464
7901624
7912964
7917539
7918891
7924287
7930662
7936162
7942630
7945255
7947880
7950472
7951272
7952072
7956296
7959104
7959720
7961956
7963932
7966392
7967888
7969208
7970528
7970918
7967654
7963079
7962743
7961489
7943363
7930259
7929119
7925855
7919429
7913929
7912675
7911916
7948260
7972180
7976527
7994167
8010767
8013903
8029338
8038538
8046658
8052508
8053648
8054377
8056456
8057710
8060070
8062306
8063802
8064110
8064138
8062998
8059708
8057116
8051720
8026464
8025735
8025006
8013393
8017845
8014389
8004189
7991487
7989317
8001593
7989317
7985861
8001296
7988594
7979816
7973628
7973134
7973834
7968438
7965813
7963453
7960189
7934933
7934439
7925479
7925269
7922549
7909109
7909081
7904953
7898578
7897418
7892022
7876587
7874127
7873152
7866888
7862664
7847814
7873070
7887920
7905560
7911200
7913920
7926880
7939280
7952720
7961680
7977115
7989817
8002519
8008783
8012911
8018161
8023411
8028661
8034057
8040432
8047092
8051060
8055028
8059252
8059868
8060484
8062844
8065080
8068344
8068838
8069332
8071792
8074252
8076250
8077225
8078200
8079360
8080152
8080362
8080390
8080418
8067869
8054909
8052449
8067299
8091219
8090490
8093780
8089328
8074478
8073224
8057024
8063072
8065832
8065442
8056664
8045140
8029705
8017003
8008855
7998655
8003839
8000703
8000313
7994853
7981413
7984563
7984899
7984871
7982701
7976437
7973845
7973635
7976095
7975120
7973041
7968981
7966356
7965966
7962510
7961781
7959783
7947081
7943945
7942625
7918705
7916245
7913437
7912637
7909095
7896135
7889667
7913587
7917934
7921070
7939196
7941916
7954876
7967578
7971120
7975695
7980270
7984722
7986098
7992473
7994643
8001111
8007579
8009403
8012028
8014620
8015420
8016149
8018957
8021036
8025096
8029156
8032612
8035202
8037662
8039660
8040635
8041795
8043115
8043505
8042009
8025809
8024357
8022905
8037755
8033627
8030907
8036157
8037653
8033525
8031289
8024629
8012353
8011737
8009567
8009259
8007023
8004431
8000303
7991525
7987178
7975654
7957528
7955168
7942064
7937096
7936480
7982848
7995124
7999471
8017111
8034751
8052877
8064401
8076801
8090481
8103585
8116689
8120817
8131017
8132369
8141147
8142287
8148947
8151117
8155277
8157869
8162837
8165645
8166261
8168621
8170857
8174007
8175983
8176477
8176579
8176789
8177097
8175273
8174019
8175471
8157345
8145821
8143651
8149839
8186183
8181215
8180599
8172451
8177026
8175866
8158226
8140100
8128487
8124359
8128706
8103450
8095290
8095080
8093760
8092308
8089500
8089398
8085942
8074418
8072182
8070806
8047316
8029676
8009474
8006666
8006666
8006666
8002214
7993014
7988854
7988374
7987574
7986774
8010264
8022813
8040453
8057053
8077255
8088779
8096927
8107127
8116327
8120779
8122155
8127551
8128691
8134151
8138311
8140936
8143528
8146120
8146920
8147720
8150528
8153336
8153952
8156312
8159768
8162004
8164594
8167054
8169052
8170009
8171169
8172489
8172969
8173449
8174149
8174457
8170329
8170301
8169959
8170169
8168345
8162297
8156837
8154077
8149625
8153972
8151893
8151557
8151455
8164895
8175095
8168907
8168879
8166519
8166177
8129833
8127073
8120885
8118293
8110145
8108891
8095451
8094131
8090163
8083788
8079628
8066926
8063636
8062184
8061425
8059427
8059217
8056627
8053477
8051117
8057305
8063493
8099837
8136181
8140528
8146168
8154316
8166716
8180156
8192858
8205560
8213680
8215056
8221431
8230209
8238987
8243147
8247115
8253541
8256133
8262181
8262940
8264392
8267682
8268936
8271696
8271696
8273672
8273672
8274832
8276152
8276488
8276488
8276698
8275558
8255356
8255014
8249618
8248818
8242770
8242462
8227027
8209387
8206627
8212087
8206237
8204239
8201431
8237775
8241999
8241505
8240153
8236889
8221454
8208014
8205654
8204954
8193614
8177014
8163334
8145694
8146494
8149644
8149672
8147312
8145314
8142164
8138900
8137943
8133815
8120375
8111597
8111495
8093369
8091393
8085543
8073267
8069847
8056407
8045067
8045039
8039789
8027389
8011189
8006737
8004501
8004159
7997691
7993467
7990177
8002453
8014729
8030929
8048569
8051989
8070115
8090317
8102717
8116157
8125357
8128899
8134149
8142269
8153609
8158184
8162636
8168032
8173882
8176052
8180020
8186488
8189113
8194081
8195533
8196787
8200243
8202479
8205743
8207719
8209695
8210487
8211187
8211529
8211631
8211659
8175315
8174925
8170350
8169030
8166405
8146203
8139735
8127033
8113593
8108093
8107293
8099133
8097157
8085544
8072440
8069848
8060648
8060032
8059240
8056880
8040680
8034632
8033932
8030782
8018080
8006740
8005783
7989583
7988329
7976716
7975396
7950140
7945172
7942036
7940212
7935637
7924113
7920053
7913678
7911702
7905514
7893901
7906450
7922650
7934174
7945698
7953846
7961994
7974394
7986794
8000474
8013578
8019842
8026106
8036306
8045506
8049048
8057168
8061743
8063119
8064471
8070846
8079624
8086092
8086821
8088900
8090154
8090770
8091386
8093746
8095982
8099132
8100107
8101427
8101529
8101631
8102021
8102329
8102637
8101497
8100145
8086465
8062545
8066087
8060691
8052531
8039091
8038749
8035459
8036811
8034351
8020671
8017129
8010703
8004235
8001427
7998707
7992857
7967601
7968576
7948374
7945782
7939407
7935439
7933203
7939578
7935610
7926832
7929002
7910876
7887386
7887358
7883902
7879842
7877763
7877373
7892223
7915713
7933353
7949953
7954528
7955904
7960064
7961888
7966112
7968191
7969445
7972901
7975491
7977951
7979447
7980422
7981582
7980853
7968151
7962967
7961713
7960393
7958223
7955598
7942896
7941544
7934884
7940734
7940034
7916544
7914465
7905265
7904105
7891829
7917085
7940575
7958701
7976827
7988351
7993991
8006951
8020391
8025787
8031287
8035447
8041873
8046097
8047351
8050615
8053075
8055073
8056048
8056258
8056286
8051834
8053330
8051954
8050794
8045294
8038826
8022226
8020056
8007096
8012946
7995306
7994146
7991386
7990066
7984606
7983649
7982857
7985617
7982992
7977492
7975413
7988115
7998315
7999044
8001020
7991820
7978860
7996986
8001046
7994620
7994284
7992286
7974160
7982280
7988130
7975170
7962210
7956360
7939760
7951284
7957548
7966748
7966850
7966050
7960002
7951842
7935642
7933282
7921942
7921942
7917814
7915838
7910338
7898725
7894150
7912276
7911940
7899238
7889038
7865118
7864502
7861238
7865690
7865998
7853449
7819874
7819484
7818755
7802555
7794407
7817897
7805497
7792537
7791397
7790077
7789120
7742752
7729312
7725184
7724384
7727534
7721486
7720166
7707766
7701916
7704541
7709509
7709719
7709691
7706271
7705131
7701841
7708216
7706392
7702332
7700880
7696820
7650452
7655952
7659242
7653782
7653302
7606934
7605614
7617890
7618280
7606004
7601429
7588469
7583219
7583219
7595495
7598915
7597775
7595539
7593460
7588276
7611766
7627966
7645606
7649026
7665626
7668762
7674402
7680042
7690242
7698402
7709742
7714317
7718769
7722059
7724295
7727445
7729443
7730418
7731375
7732535
7732871
7733207
7721683
7704043
7708171
7703824
7693624
7685504
7685024
7671584
7667524
7663982
7638726
7633476
7630756
7628758
7627406
7626030
7620180
7612032
7603254
7598907
7590747
7589772
7587536
7586216
7592404
7595540
7613666
7627106
7640210
7646474
7652738
7662938
7671098
7675550
7682210
7684034
7686626
7692674
7696898
7697514
7701574
7704334
7706310
7703046
7694086
7689958
7687366
7681178
7678370
7662170
7656320
7648172
7636559
7631984
7630730
7620530
7614104
7610136
7597176
7594456
7591864
7615354
7638844
7655044
7659619
7660759
7667419
7674079
7676671
7671275
7668467
7663071
7659011
7655469
7655469
7646691
7643401
7638151
7642603
7640013
7638561
7635271
7647547
7665673
7668393
7669889
7666625
7666597
7665277
7664302
7661166
7660374
7658204
7658102
7691677
7696024
7708573
7711709
7724109
7737549
7746509
7758122
7766242
7777582
7778958
7785333
7786133
7786862
7789452
7791912
7792254
7792644
7789188
7771548
7765908
7762618
7796193
7799001
7795711
7780276
7733908
7727533
7761108
7754682
7753542
7749090
7730964
7730348
7750550
7739210
7739108
7736938
7734178
7733386
7730666
7715816
7715116
7714357
7712981
7711529
7675185
7672465
7670105
7669305
7667069
7664899
7664591
7661301
7641099
7627995
7626619
7612939
7606891
7602831
7591491
7591155
7590198
7587606
7578646
7625014
7661358
7677558
7680978
7701180
7721382
7727022
7735170
7748850
7762530
7776210
7785170
7794130
7807234
7813498
7823698
7833898
7843098
7848348
7859688
7861064
7862204
7868864
7871034
7877460
7879284
7881108
7887156
7889748
7892340
7894932
7895732
7897184
7900474
7901728
7904088
7908148
7910384
7913534
7916124
7917620
7918577
7919737
7921057
7921393
7921729
7922037
7921827
7919202
7916482
7912940
7912940
7912181
7906541
7901081
7891881
7891401
7891743
7886775
7875162
7866202
7854678
7870878
7870178
7866210
7862050
7861434
7848330
7861032
7862007
7859247
7822903
7802701
7793501
7797629
7772373
7738798
7735256
7729756
7733884
7728634
7716358
7712902
7704754
7704726
7692024
7682824
7681867
7681108
7679968
7671808
7669088
7662662
7649222
7644038
7641678
7640182
7634332
7631742
7629766
7628446
7626622
7638898
7662818
7675367
7693493
7696213
7704361
7716761
7730201
7743641
7756745
7769447
7782149
7788413
7798613
7807813
7813063
7818247
7829860
7838020
7849360
7853812
7860187
7868965
7877743
7883593
7884733
7885873
7892299
7893058
7896348
7898708
7902164
7905428
7908018
7910608
7912584
7914080
7916078
7917035
7918355
7918691
7919033
7919061
7915519
7912099
7911483
7917858
7919310
7913670
7907295
7906338
7900838
7898030
7903530
7909578
7897965
7879839
7876549
7879699
7870921
7860721
7860021
7859527
7857067
7853525
7849983
7843795
7847763
7846509
7846015
7841887
7848262
7854310
7851160
7841960
7847600
7847628
7831028
7825844
7821269
7815873
7809447
7814022
7820682
7820892
7803252
7800892
7800133
7799825
7787276
7788416
7789216
7783028
7782534
7777959
7761759
7759783
7759441
7753177
7741653
7741653
7749773
7758551
7759167
7754199
7751391
7748101
7742251
7728571
7724443
7722083
7721324
7720982
7717718
7715093
7701989
7698839
7697882
7682447
7670834
7669382
7668766
7662391
7661662
7657502
7651862
7648598
7666724
7679684
7693364
7702324
7717759
7733194
7746298
7750426
7755610
7767223
7773598
7779448
7786108
7791608
7793778
7795948
7800108
7804268
7808428
7812396
7815021
7819989
7820748
7821507
7822236
7823688
7827912
7831202
7831818
7835082
7838232
7840692
7842188
7844186
7845143
7846303
7847003
7847345
7847555
7847765
7847975
7847481
7847139
7829499
7826907
7823757
7821587
7813427
7813085
7801745
7799509
7798133
7788933
7784773
7781965
7781165
7757675
7737473
7735475
7735167
7734687
7730235
7726779
7715255
7697615
7743983
7769239
7792729
7810369
7813789
7833991
7845515
7848235
7850955
7860155
7864607
7865983
7871833
7875993
7882041
7888089
7888889
7891697
7895153
7897389
7899849
7901345
7903343
7904135
7904615
7904951
7905287
7905595
7903005
7897609
7895249
7889399
7883135
7880327
7866647
7865918
7859870
7855710
7846510
7844431
7832907
7786539
7778379
7744804
7732102
7726706
7724882
7758457
7758457
7764645
7776921
7800411
7803547
7803547
7816507
7830187
7830187
7836451
7845651
7845651
7847003
7852399
7857795
7863645
7864785
7865925
7870085
7870085
7870814
7872266
7875074
7877153
7879513
7879513
7881973
7882930
7879510
7874260
7837916
7846694
7843152
7837968
7835208
7834592
7831050
7824862
7824162
7837266
7843116
7842324
7826889
7793314
7788346
7775242
7774626
7772390
7768262
7765670
7754146
7745368
7727242
7726934
7714658
7712298
7705638
7703468
7691855
7687508
7685684
7732052
7744328
7759178
7782668
7787015
7804655
7822781
7834305
7847409
7853673
7857801
7861929
7871129
7880329
7889107
7895767
7902427
7904597
7907189
7909781
7914749
7916201
7917653
7918269
7920629
7922989
7925225
7926385
7926693
7918533
7900893
7898433
7902885
7900125
7885275
7881855
7879495
7891895
7898363
7893179
7846811
7843661
7837397
7839633
7840127
7835675
7833677
7828217
7802961
7797111
7809511
7805451
7790601
7790991
7775556
7771332
7768042
7766066
7752386
7749122
7743622
7743930
7732406
7732098
7727130
7739406
7741998
7740646
7736071
7737028
7734438
7723098
7719962
7715615
7715307
7699872
7694022
7692882
7689746
7687386
7678186
7675950
7659350
7657854
7657826
7657097
7655843
7631923
7595579
7587459
7585380
7583928
7581336
7614911
7651255
7675175
7679522
7696122
7712722
7715858
7729538
7744973
7760408
7766672
7770800
7774928
7784128
7787670
7799283
7807403
7813253
7814393
7815533
7816292
7817021
7819100
7822390
7823644
7824260
7826620
7828856
7830352
7831512
7831820
7831848
7829612
7828883
7822415
7818068
7817678
7822253
7821461
7820732
7816280
7809905
7812141
7806641
7773066
7772758
7763798
7760662
7758070
7757680
7773880
7778848
7776258
7766058
7771698
7767123
7765963
7765204
7757056
7782312
7787280
7790544
7793808
7792851
7789701
7788381
7785091
7776943
7770568
7766408
7730064
7730064
7723876
7723876
7711174
7709722
7708468
7705876
7705117
7705117
7701149
7698389
7684949
7684739
7690927
7697115
7733459
7744983
7756507
7762147
7770295
7783975
7792935
7806375
7819815
7835250
7847952
7857152
7865272
7871647
7880425
7881565
7885725
7889693
7893661
7900087
7902679
7907647
7908406
7909858
7911310
7912762
7914841
7918131
7919385
7922145
7925409
7928559
7931149
7932645
7934643
7936641
7937961
7938303
7938645
7938855
7939065
7938365
7935075
7933251
7917051
7917051
7913595
7912341
7910517
7905942
7903482
7901986
7878496
7874272
7873112
7872137
7854497
7839647
7835487
7832897
7816297
7814218
7839474
7875818
7890668
7914588
7938078
7955718
7972318
7975454
7978590
7990990
7995565
8000961
8005121
8006945
8011913
8016137
8018216
8019470
8022926
8025162
8027752
8030212
8032672
8034168
8036166
8037141
8038116
8039276
8040068
8040376
8020174
8016046
8009782
8008462
8007846
8007636
8001261
7995073
7992265
7976065
7929697
7928345
7924889
7904687
7903311
7890351
7888181
7885821
7879971
7875811
7875811
7881999
7888187
7900736
7916936
7916936
7922576
7922576
7938011
7950713
7956977
7961105
7964647
7969099
7970475
7971827
7977223
7983598
7989973
7992143
7998611
8004659
8007467
8008083
8008699
8012155
8015305
8017765
8020225
8021385
8022177
8023497
8023707
8015587
7991667
7987507
7983347
7976921
7976893
7970629
7965169
7963793
7959569
7956944
7953808
7951572
7951470
7945282
7939822
7934572
7931308
7907388
7901200
7899030
7892766
7890006
7843638
7839063
7833423
7827573
7823226
7820418
7814778
7809278
7797754
7794604
7793108
7792316
7790318
7786258
7782802
7776614
7743039
7742082
7708507
7703932
7701853
7695385
7679950
7665100
7648500
7635798
7610542
7604167
7602913
7584787
7578739
7574579
7569395
7565427
7564947
7559763
7559147
7552721
7551746
7540133
7534949
7533573
7525425
7521265
7519095
7516503
7516401
7515701
7514381
7510253
7509863
7489661
7487663
7483088
7481264
7468304
7462844
7457448
7454312
7450892
7444466
7441046
7440552
7439595
7438836
7438136
7431872
7431113
7429793
7426337
7420073
7407673
7406944
7397984
7394694
7393534
7382010
7381668
7378908
7345333
7341913
7316657
7315857
7309593
7306785
7273210
7261597
7261255
7257095
7254287
7253495
7252879
7250709
7245313
7240738
7236514
7228366
7227886
7227496
7215220
7211160
7198884
7196124
7189464
7180264
7178185
7171525
7170173
7169013
7152813
7143613
7125487
7122067
7108387
7099609
7094425
7082149
7080773
7055517
7055307
7054813
7048153
7044185
7039838
7037078
7034842
7029658
7054914
7067190
7071537
7087737
7091157
7109283
7122963
7132163
7137347
7138723
7147501
7154161
7158129
7158623
7159783
7159993
7158853
7157477
7154669
7148621
7148593
7133743
7110253
7104205
7101969
7098427
7097635
7095637
7094878
7089482
7076042
7063493
7060903
7027328
7015715
7015325
7014983
7001543
7000167
6997707
6996907
6990532
6978132
6974996
6974267
6969920
6958580
6950460
6941500
6935452
6934723
6968298
6972645
6985194
6988330
7000730
7009690
7023130
7034743
7042863
7054203
7055579
7061954
7062754
7063483
7066073
7068533
7068875
7069265
7065845
7064525
7061900
7061100
7047420
7043260
7025134
7007494
6984004
6983524
6981526
6977366
6965842
6965534
6961082
6959706
6958906
6938704
6935248
6926048
6923240
6921004
6944494
6962134
6982336
6993860
7003060
7007512
7008888
7013048
7013848
7016656
7020112
7022348
7024346
7024826
7025134
7021166
7017710
7013486
7008302
7000182
6992062
6991087
6970885
6968295
6965159
6962799
6962305
6944179
6938719
6925615
6913339
6913031
6904883
6904781
6880861
6879409
6867133
6860869
6837379
6836027
6789659
6787299
6783139
6774179
6761219
6758594
6757098
6756996
6756688
6751720
6775210
6778630
6796756
6816958
6822598
6834211
6835563
6836703
6843363
6849411
6854379
6858603
6862663
6865253
6865589
6864137
6859562
6850784
6844316
6836156
6818516
6812252
6805826
6805026
6799776
6796968
6784692
6776532
6763092
6753892
6753584
6741308
6738716
6727192
6718414
6705310
6700963
6700347
6695379
6693019
6674893
6668233
6666063
6661935
6659699
6671975
6676322
6694448
6705972
6719076
6723204
6731982
6738642
6740812
6743404
6748372
6748988
6751348
6753584
6753892
6751656
6728166
6715062
6702102
6690578
6687858
6671658
6660318
6654468
6654440
6649190
6636790
6636448
6629980
6628004
6615728
6597602
6584162
6579710
6576290
6574054
6565276
6577552
6593752
6597172
6615298
6627698
6627698
6632948
6632948
6637400
6643250
6649718
6651954
6653930
6654272
6654300
6638865
6618663
6610515
6610179
6606051
6601704
6598554
6595264
6594874
6592704
6586278
6586068
6573668
6572693
6572351
6571559
6554959
6545759
6528119
6526623
6523081
6520361
6518191
6503341
6502999
6500409
6496185
6483081
6482739
6480660
6479685
6477225
6474635
6470060
6468236
6466982
6463526
6448676
6447516
6430916
6426692
6403202
6401706
6397546
6379906
6394756
6418246
6435886
6452486
6457061
6461221
6463045
6467269
6469348
6470602
6474058
6476648
6479108
6480604
6481579
6482739
6481287
6475787
6473811
6450321
6445746
6440350
6437060
6423620
6423284
6422484
6409380
6406788
6406480
6402420
6396372
6385032
6371352
6369976
6367806
6358846
6356610
6355653
6353293
6333091
6353293
6366973
6375933
6389037
6400377
6401753
6403923
6406515
6412563
6413363
6416653
6419013
6423073
6425309
6426266
6426602
6426910
6422686
6422686
6406486
6404250
6403914
6386274
6385317
6373977
6370841
6360641
6358643
6355353
6331863
6328443
6325293
6324318
6319743
6303143
6294983
6290531
6289371
6284187
6280219
6303709
6319909
6337549
6340969
6357569
6360705
6370905
6379065
6390405
6394980
6399432
6402722
6404958
6408108
6410106
6411081
6412038
6413198
6413534
6410909
6404249
6392725
6389917
6389575
6385447
6373171
6367775
6362275
6359467
6350267
6350239
6346949
6344357
6341549
6340097
6335969
6323267
6318692
6303842
6302522
6301170
6290970
6288210
6284050
6277390
6264286
6261661
6260961
6256901
6256109
6249921
6248964
6242496
6225896
6224400
6217974
6204294
6191334
6191124
6197312
6213912
6226872
6240552
6253656
6260316
6264476
6270944
6277370
6279995
6284055
6285551
6286508
6287300
6288000
6288210
6288210
6276870
6275913
6251993
6239291
6234041
6234013
6230863
6229367
6227369
6225917
6224597
6221837
6217677
6217335
6204633
6203379
6189939
6181791
6178501
6172126
6169534
6165566
6159378
6159168
6122824
6122065
6119475
6104625
6100465
6096241
6090053
6069851
6052211
6044051
6043571
6041111
6035927
6012007
6045582
6054542
6067982
6083417
6096119
6102383
6111583
6119743
6131083
6132223
6138883
6144383
6149843
6152435
6157403
6160859
6162019
6162355
6162663
6159373
6159031
6146329
6139861
6139525
6134275
6133516
6129292
6105372
6085170
6084554
6079304
6074729
6056603
6049943
6032303
6029167
6013732
6011496
5999096
5978894
5972846
5972744
5970508
5969708
5965133
5964333
5961525
5961423
5959253
5943818
5940362
5931162
5928026
5926530
5924294
5923986
5915866
5915137
5899702
5898562
5881962
5876112
5876084
5871737
5847817
5845457
5809113
5807034
5805780
5803320
5839664
5863584
5867931
5884531
5887667
5903102
5912302
5920422
5926272
5927412
5928141
5930220
5931474
5933834
5936070
5937566
5937874
5937902
5934638
5928170
5927195
5914919
5910572
5909196
5903008
5902618
5900258
5899283
5896563
5890188
5890160
5884764
5871324
5868060
5865600
5859336
5855112
5854902
5829646
5829152
5827992
5812557
5808429
5799469
5824725
5827445
5840885
5849845
5865280
5871544
5875672
5881068
5887443
5891667
5894027
5897291
5897785
5900245
5901220
5902380
5902590
5902618
5898166
5896846
5896230
5890980
5888355
5879577
5877117
5859477
5853102
5850294
5843826
5842374
5839782
5838642
5828442
5825682
5820432
5817840
5813872
5809525
5799325
5795357
5795049
5794947
5777307
5776147
5771800
5769564
5768068
5766908
5762684
5760094
5758270
5757110
5748990
5736590
5735238
5733918
5717318
5716982
5716025
5715325
5712517
5704397
5691437
5690117
5686057
5685328
5682192
5679384
5655464
5653385
5646917
5633957
5631959
5628417
5615715
5613090
5612700
5611900
5609440
5605984
5600588
5593928
5617848
5620984
5633944
5646646
5650188
5656656
5659281
5660081
5660810
5663618
5665697
5669757
5673213
5675673
5677671
5678991
5679381
5678581
5645006
5640659
5638034
5623184
5622455
5616815
5610389
5609773
5597373
5593026
5591886
5588430
5584370
5582394
5578426
5573176
5571824
5571614
5570639
5566064
5563474
5545834
5535634
5520784
5514736
5505536
5497388
5485864
5465662
5465354
5462546
5444906
5440746
5440266
5431066
5431038
5427582
5404092
5403292
5401294
5396842
5395466
5393230
5383030
5369590
5367230
5330886
5354376
5372016
5392218
5403742
5412942
5417394
5418770
5422930
5423730
5426538
5429994
5432230
5434228
5434708
5435016
5422467
5421213
5414949
5414149
5414047
5401345
5398985
5396815
5350447
5347855
5339707
5339213
5336753
5334755
5325977
5324601
5323985
5323010
5312810
5310218
5306798
5260430
5257280
5255960
5250710
5244284
5238020
5229060
5227900
5219752
5218256
5217920
5181576
5165376
5164676
5163884
5163884
5200228
5216428
5219848
5227996
5236956
5243220
5253420
5258670
5265096
5267688
5270838
5272334
5273494
5274814
5275150
5262046
5249646
5246926
5246432
5240244
5239628
5239238
5233778
5233676
5227301
5203381
5197117
5182267
5179117
5166717
5160249
5158873
5155331
5150147
5132507
5128347
5124123
5122983
5116935
5105322
5100354
5076864
5075512
5068852
5063212
5045086
5024884
5022294
5018874
5018538
5014478
5001929
4999469
5022959
5026379
5044505
5064707
5070347
5081960
5083312
5084452
5091112
5097160
5102128
5106352
5110412
5113002
5113338
5110188
5110086
5106936
5102484
5099859
5097883
5095804
5085604
5072902
5071582
5069412
5065065
5064675
5063875
5030300
5018687
5018345
5015885
5002445
4996070
4995341
4992205
4979656
4967256
4958296
4955706
4954330
4946210
4934870
4921190
4954765
4959112
4971661
4974797
4987197
5000637
5009597
5021210
5029330
5040670
5042046
5048421
5049221
5049950
5052540
5055000
5055342
5055732
5051672
5045297
5033773
5033437
5030287
4993943
4991967
4991267
4988907
4984779
4973255
4966595
4966287
4948161
4935885
4931538
4929302
4928686
4919908
4917316
4915146
4902042
4897074
4909350
4913697
4931823
4943347
4956451
4960579
4969357
4976017
4978187
4980779
4985747
4986363
4988723
4990959
4991267
4990292
4989500
4987676
4986516
4981941
4980687
4978227
4974067
4950577
4947987
4944531
4943035
4942060
4939981
4935757
4920907
4904307
4886667
4877889
4864785
4879635
4903125
4920765
4937365
4941940
4946100
4947924
4952148
4954227
4955481
4958937
4961527
4963987
4965483
4966458
4967618
4955342
4948967
4937443
4932868
4914742
4914262
4910038
4909828
4901680
4898920
4896684
4896376
4892834
4892105
4888685
4872485
4836141
4834645
4829677
4828537
4819337
4785762
4780302
4767600
4767292
4755952
4749688
4746232
4741264
4727824
4722324
4713364
4705204
4698544
4695952
4680517
4679357
4679021
4712596
4726036
4734996
4750431
4763133
4769397
4778597
4786757
4798097
4799237
4805897
4811397
4816857
4819449
4824417
4827873
4829033
4829369
4829677
4826527
4823935
4814735
4851079
4863628
4866764
4886966
4893230
4897805
4904180
4912958
4915128
4921554
4922283
4926507
4930567
4933027
4934347
4935047
4931505
4917825
4913765
4902241
4896845
4890797
4889543
4889235
4883595
4882243
4877791
4872151
4869343
4849141
4841021
4835171
4826393
4823103
4799613
4794153
4789578
4783314
4781962
4772762
4770170
4768794
4764570
4758930
4750810
4746842
4746814
4744354
4743100
4738876
4737901
4734637
4721197
4708237
4708027
4702631
4700633
4675377
4669877
4665717
4659291
4641165
4629641
4624001
4600511
4625767
4649257
4667383
4678907
4684547
4697507
4710947
4716343
4721843
4726003
4732429
4736653
4737907
4741171
4743631
4745629
4746604
4746814
4746842
4740182
4739874
4733499
4715373
4713921
4708953
4695273
4682997
4681545
4715120
4727669
4743869
4757549
4772984
4786088
4795288
4803448
4807900
4813296
4819671
4823639
4830107
4830866
4831595
4834885
4836883
4836985
4833721
4831096
4829956
4827980
4827364
4817164
4817062
4811212
4797772
4785372
4779108
4770330
4763670
4761846
4759870
4741744
4736104
4731976
4721776
4703650
4689970
4656395
4622820
4613620
4613004
4606740
4603932
4597744
4591369
4591369
4591159
4587031
4587031
4586415
4582959
4582959
4581607
4565407
4564031
4562711
4609079
4615267
4631467
4651669
4664629
4670893
4675021
4676397
4677749
4684124
4686932
4687548
4691004
4692324
4692534
4692144
4679868
4667166
4660791
4659631
4653583
4650863
4644675
4644339
4640919
4632141
4625877
4613175
4608600
4602552
4600554
4587450
4586290
4578170
4576674
4574084
4572588
4571092
4564624
4563172
4562413
4561684
4560984
4560184
4556124
4550076
4549768
4529566
4515886
4515550
4513314
4512357
4510187
4506897
4497937
4496561
4485221
4482629
4480269
4467165
4461665
4453505
4443305
4437455
4457657
4471337
4480297
4493401
4504741
4506117
4508287
4510879
4516927
4517727
4521017
4523377
4527437
4529673
4530630
4530966
4531274
4518998
4518023
4516883
4516673
4516463
4503914
4503704
4497044
4496244
4476042
4469382
4445892
4435692
4431240
4428090
4426930
4410730
4387240
4381740
4375080
4375052
4372692
4372350
4371096
4324728
4311288
4303168
4298716
4298716
4283866
4283476
4281306
4247731
4245495
4236717
4235397
4232261
4229801
4225833
4223241
4222625
4219865
4215413
4215203
4202099
4196849
4185236
4172836
4155196
4151068
4146940
4134540
4129965
4125805
4124665
4120441
4119682
4117090
4093600
4087412
4085588
4082324
4079864
4075896
4069632
4065504
4061052
4057762
4039636
4039300
4037804
4036664
4031024
4018322
4017182
3999056
3982856
3981899
3971699
3948209
3930569
3913969
3897769
3893194
3885034
3881614
3878464
3867124
3866788
3864552
3862554
3861579
3857127
3853837
3852677
3849541
3843277
3866767
3882967
3900607
3904027
3920627
3923763
3933963
3942123
3953463
3958038
3962490
3965780
3968016
3971166
3973164
3974139
3975096
3976256
3976592
3974768
3951278
3939754
3937756
3917554
3913102
3911726
3908270
3890630
3881430
3877270
3874462
3873662
3871426
3871118
3870638
3863978
3887468
3905108
3925310
3936834
3946034
3950486
3951862
3956022
3956822
3959630
3963086
3965322
3967320
3967800
3968108
3963140
3962524
3961732
3949456
3948499
3944371
3940211
3938759
3922559
3917591
3893671
3888275
3887115
3880927
3865492
3860917
3856949
3850574
3844199
3807855
3807361
3802177
3799041
3796451
3776249
3774797
3769401
3763353
3754393
3741993
3741965
3738701
3735281
3723005
3718553
3700427
3700427
3700427
3698191
3697849
3692599
3686749
3670549
3668573
3662105
3658969
3671245
3687445
3690865
3708991
3721391
3734831
3740081
3751421
3755873
3761723
3768191
3770427
3772403
3772745
3772773
3767805
3752370
3746730
3733770
3728270
3704350
3693010
3690931
3685081
3685053
3668453
3666093
3663857
3662603
3647168
3610824
3606477
3606169
3605029
3604300
3595100
3586980
3563060
3559924
3558428
3594772
3618692
3623039
3639639
3642775
3658210
3667410
3675530
3681380
3682520
3683249
3685328
3686582
3688942
3691178
3692674
3692982
3693010
3690931
3690595
3681395
3678935
3670157
3667437
3667095
3665097
3661555
3658835
3658499
3645539
3644564
3643772
3641774
3618284
3605735
3603565
3600275
3597683
3551315
3548855
3535751
3529325
3516623
3504347
3495147
3494388
3491798
3486614
3484254
3482278
3481138
3478418
3470270
3456830
3456802
3455306
3447146
3441296
3437840
3436883
3432659
3431307
3419694
3415634
3414494
3408446
3403478
3396818
3376616
3353126
3352790
3334664
3332074
3326434
3323014
3314854
3308590
3295150
3285950
3279290
3273830
3273494
3270038
3264538
3255578
3252986
3241646
3240486
3227784
3226644
3221676
3206241
3172666
3172358
3170122
3163747
3197322
3209598
3233088
3236508
3254634
3274836
3280476
3283196
3291344
3304784
3318224
3327184
3342619
3355321
3368023
3374287
3383487
3392687
3397871
3409484
3417644
3425804
3437144
3438496
3444346
3445486
3446626
3447766
3454426
3461086
3466586
3472046
3478472
3484520
3487112
3492080
3497048
3497807
3502031
3504391
3508451
3511907
3515363
3517953
3520543
3522519
3524015
3524972
3526132
3526468
3526804
3527112
3527140
3503650
3486010
3484514
3482690
3480230
3479255
3474680
3470456
3469296
3466706
3462546
3445946
3444692
3441236
3439157
3424307
3417647
3416195
3431045
3454535
3472175
3488775
3493350
3497510
3499334
3503558
3505637
3506891
3510347
3512937
3515397
3516893
3517868
3519028
3517888
3515890
3507770
3501920
3500468
3500468
3494420
3490292
3484442
3472829
3471477
3453351
3448383
3443931
3443623
3443413
3442456
3439192
3433144
3428984
3417371
3414221
3412769
3409505
3409163
3408404
3407447
3401072
3398447
3394319
3393590
3379910
3366806
3363516
3348081
3342231
3341615
3325015
3315815
3329495
3344930
3358034
3362162
3373775
3380150
3386000
3390160
3392785
3393544
3394273
3395725
3399015
3399631
3402895
3406045
3407002
3407344
3401704
3386269
3361013
3359873
3358733
3356373
3356065
3343789
3338821
3325717
3323481
3314703
3303179
3302563
3295903
3293733
3275607
3271479
3268887
3264540
3263088
3275364
3279711
3297837
3309361
3322465
3326593
3335371
3342031
3344201
3346793
3351761
3352377
3354737
3356973
3357281
3348321
3323065
3310665
3301465
3287785
3287575
3275299
3268873
3265331
3251891
3251583
3249413
3243149
3229709
3217160
3216770
3213634
3204674
3193061
3190471
3189742
3188366
3185906
3174566
3166446
3162099
3128524
3116124
3109749
3108949
3108607
3105457
3102997
3102655
3077399
3074135
3062611
3061819
3059583
3053115
3049979
3049363
3033928
3030778
3028318
3023350
3017162
3011766
3006126
2992446
2983668
2972144
2959442
2955282
2949018
2943622
2934422
2934422
2934422
2934422
2934422
2920742
2920742
2920742
2917934
2917205
2911355
2877780
2875701
2873341
2863141
2837885
2835165
2832575
2829119
2808917
2802869
2786669
2783861
2783102
2769422
2768262
2766910
2762563
2749603
2743963
2735003
2714801
2714101
2711931
2703153
2698578
2686029
2682893
2676629
2672569
2671840
2665414
2664094
2659870
2657410
2621066
2614691
2639947
2676291
2680638
2693187
2709387
2712523
2732725
2752927
2758567
2761287
2774247
2787927
2796887
2803151
2813351
2817926
2819278
2825653
2834431
2836601
2843027
2849075
2849834
2850563
2854787
2857595
2861655
2865111
2867701
2870161
2871321
2872641
2873341
2864141
2861333
2857877
2853425
2841901
2839665
2822025
2820027
2796537
2795737
2794361
2790201
2789893
2769691
2769211
2792701
2810341
2830543
2842067
2851267
2855719
2857095
2861255
2862055
2864863
2868319
2870555
2872553
2873033
2873341
2870051
2866787
2864963
2860388
2852228
2848004
2834324
2831964
2785596
2775396
2774236
2773279
2771827
2765563
2731988
2727828
2725236
2723066
2756641
2803009
2816689
2822953
2833153
2841313
2845888
2848058
2852218
2854042
2856634
2858086
2862310
2865600
2867960
2871224
2872181
2873341
2873033
2839458
2826756
2820096
2813832
2811240
2802040
2790700
2785240
2784100
2775140
2766980
2766644
2751209
2746241
2745081
2731641
2728185
2722685
2756260
2769700
2778660
2794095
2806797
2813061
2822261
2830421
2841761
2842901
2849561
2855061
2860521
2863113
2868081
2871537
2872697
2873033
2873341
2871262
2869766
2868512
2851912
2850088
2845928
2822438
2821278
2817822
2800182
2785332
2782872
2780282
2779307
2774732
2770508
2785358
2808848
2826488
2843088
2847663
2851823
2853647
2857871
2859950
2861204
2864660
2867250
2869710
2871206
2872181
2873341
2872181
2865521
2865027
2846901
2845525
2836325
2831141
2822363
2810087
2806119
2780863
2767183
2750983
2746636
2746426
2743006
2768262
2780538
2784885
2801085
2804505
2822631
2836311
2845511
2850695
2852071
2860849
2867509
2871477
2871971
2873131
2873341
2867701
2864281
2840791
2834131
2829907
2827317
2821269
2809656
2789454
2788314
2770188
2766128
2765792
2764440
2759472
2757112
2754520
2753563
2753227
2733025
2728965
2728657
2727857
2721809
2712849
2699745
2688405
2686169
2682879
2681503
2679333
2665653
2689143
2692563
2710689
2730891
2751093
2756733
2770413
2779373
2792477
2804090
2815430
2816806
2818158
2819298
2825958
2828128
2834176
2836768
2842816
2847784
2848584
2852808
2856098
2858458
2862518
2866578
2868814
2871404
2872361
2872697
2873033
2873341
2870749
2854549
2851399
2847979
2847643
2811299
2810139
2804889
2798625
2792199
2781999
2773039
2771719
2763571
2763571
2762075
2808443
2844787
2860987
2864407
2872555
2881515
2887779
2897979
2903229
2909655
2912247
2915397
2916893
2918053
2919373
2919709
2943629
2967119
2971466
2980666
2985850
2991350
2996810
2998980
3003140
3009188
3011267
3015327
3018591
3019085
3019427
3019529
3019837
3007135
3000947
2977457
2952201
2946951
2940483
2925048
2924091
2923299
2921323
2916871
2910211
2906791
2895451
2892991
2888931
2914187
2920375
2943865
2947285
2962720
2975422
2980672
2992012
2996464
3003124
3009592
3013652
3015628
3018088
3019045
3019837
3015709
3003433
2996773
2994603
2992367
2989775
2980997
2962871
2962255
2961947
2948843
2946483
2941515
2929991
2925644
2937920
2942267
2960393
2971917
2985021
2989149
2997927
3004587
3006757
3009349
3014317
3014933
3017293
3019529
3019837
3019078
3015788
3013790
3007415
3007313
2994209
2987741
2954166
2950198
2933998
2928602
2914922
2914193
2898758
2889558
2877009
2872557
2864397
2897972
2910521
2926721
2940401
2955836
2968940
2978140
2986300
2990752
2996148
3002523
3006491
3012959
3013718
3014447
3017737
3019735
3019837
3010637
3008277
3006198
2989598
2989570
2989262
2981142
2975292
2973056
2971802
2970662
2955227
2954498
2951362
2915018
2891098
2886751
2885255
2921599
2945519
2949866
2966466
2969602
2985037
2994237
3002357
3008207
3009347
3010076
3012155
3013409
3015769
3018005
3019501
3019809
3019837
3015709
3015681
3012417
3011923
3011713
3008993
3002618
2993658
2980218
2975994
2950738
2949763
2948603
2943207
2940747
2934483
2932123
2916688
2916352
2911900
2903740
2886100
2882964
2880966
2877816
2876859
2866659
2865684
2849484
2825994
2824834
2821414
2816839
2814603
2803263
2786663
2783373
2806863
2823063
2840703
2844123
2860723
2863859
2874059
2882219
2893559
2898134
2902586
2905876
2908112
2911262
2913260
2914235
2915192
2916352
2916688
2913146
2911826
2911097
2908289
2895587
2892451
2879491
2878691
2876066
2852146
2849686
2847688
2844232
2840172
2838093
2837703
2831235
2827779
2821119
2820783
2811823
2811515
2798813
2790653
2785193
2775993
2769729
2764229
2730654
2728062
2726902
2715562
2700127
2695159
2694019
2680579
2678581
2676757
2652837
2640135
2622009
2618859
2615439
2591949
2582989
2578929
2578587
2575779
2574403
2560723
2556376
2549950
2537550
2536850
2523890
2517702
2516206
2512146
2507986
2507194
2494090
2487622
2480962
2474536
2474326
2460646
2459689
2457064
2440464
2446652
2463252
2476212
2489892
2502996
2509656
2513816
2520284
2526710
2529335
2533395
2534891
2535848
2536640
2537340
2537550
2537242
2534434
2529982
2528606
2526370
2522914
2522114
2512914
2495274
2494794
2471304
2459780
2457782
2453622
2433420
2456910
2474550
2494752
2506276
2515476
2519928
2521304
2525464
2526264
2529072
2532528
2534764
2536762
2537242
2537550
2533422
2532102
2525914
2519539
2473171
2472555
2459595
2458219
2451955
2451745
2448289
2446937
2426735
2410535
2407727
2454095
2460283
2476483
2496685
2509645
2515909
2520037
2521413
2522765
2529140
2531948
2532564
2536020
2537340
2537550
2533098
2520822
2508422
2508080
2496740
2490272
2488036
2482186
2482158
2465958
2452518
2447268
2443848
2425722
2423746
2436022
2452222
2455642
2473768
2486168
2499608
2504858
2516198
2520650
2526500
2532968
2535204
2537180
2537522
2537550
2522700
2505060
2481570
2477410
2475331
2474077
2470621
2469125
2464901
2463926
2461336
2458876
2454301
2437701
2436541
2434717
2449567
2473057
2490697
2507297
2511872
2516032
2517856
2522080
2524159
2525413
2528869
2531459
2533919
2535415
2536390
2537550
2536230
2529966
2526830
2518052
2511677
2507617
2503042
2490493
2488033
2483809
2481639
2445295
2438869
2418667
2417938
2417238
2453582
2466131
2469267
2489469
2495733
2500308
2506683
2515461
2517631
2524057
2524786
2529010
2533070
2535530
2536850
2537550
2534130
2516004
2510364
2486874
2475261
2471201
2464541
2444339
2443199
2440609
2435641
2429593
2428241
2424017
2423681
2421445
2408341
2405749
2396971
2390311
2389695
2377419
2365895
2361767
2343641
2341281
2340973
2336626
2334456
2329488
2344338
2360938
2372462
2376590
2384710
2389285
2395945
2402413
2407381
2410671
2414127
2417391
2419389
2420549
2421341
2421677
2416177
2410129
2405782
2405440
2403270
2399210
2397131
2393867
2389707
2384523
2361033
2360539
2336619
2336517
2327317
2327009
2321549
2319551
2313911
2300951
2295555
2292291
2289831
2283405
2283195
2257939
2252439
2248279
2234839
2234811
2223287
2219063
2200937
2177447
2176472
2175218
2200474
2224394
2247884
2271374
2275721
2293847
2305371
2311011
2323971
2337411
2346611
2351795
2357191
2362691
2368191
2373651
2375821
2379981
2384141
2390567
2396615
2400839
2402918
2404172
2408232
2411496
2414760
2415254
2417714
2419712
2420687
2421029
2421131
2421341
2421649
2421677
2410337
2404289
2391185
2389015
2384955
2375995
2375659
2374702
2372110
2351908
2349672
2346382
2344022
2330342
2328966
2328658
2327858
2304368
2292844
2272642
2255002
2254202
2253894
2253414
2249254
2247018
2242566
2239110
2237112
2235736
2232928
2223728
2247218
2264858
2285060
2296584
2305784
2310236
2311612
2315772
2316572
2319380
2322836
2325072
2327070
2327550
2327858
2340258
2353698
2366400
2372664
2378514
2379654
2385114
2391582
2394207
2395007
2399067
2401527
2402847
2403327
2403429
2403819
2397969
2397661
2396521
2396493
2394133
2357789
2349669
2345322
2321402
2318266
2316187
2313951
2313222
2296622
2281187
2279933
2270733
2269237
2305581
2329501
2333848
2350448
2353584
2369019
2378219
2386339
2392189
2393329
2394058
2396137
2397391
2399751
2401987
2403483
2403791
2403819
2402565
2400741
2385891
2381667
2379588
2377128
2372968
2370378
2352738
2336138
2334978
2330403
2306913
2305938
2302482
2300986
2315836
2339326
2356966
2373566
2378141
2382301
2384125
2388349
2390428
2391682
2395138
2397728
2400188
2401684
2402659
2403819
2387619
2387283
2383993
2367393
2362941
2359521
2354946
2346786
2345626
2342490
2340492
2330292
2312652
2311677
2309441
2298101
2294951
2293994
2270504
2293994
2310194
2327834
2331254
2347854
2350990
2361190
2369350
2380690
2385265
2389717
2393007
2395243
2398393
2400391
2401366
2402323
2403483
2403819
2440163
2455013
2475215
2484175
2492335
2496910
2502760
2508260
2514308
2517764
2520000
2522590
2524086
2525246
2525946
2526288
2526678
2526706
2525566
2520382
2514532
2501092
2501064
2494638
2486478
2473776
2471416
2468696
2456420
2447220
2444630
2443871
2442375
2440399
2432251
2431294
2427838
2440114
2442834
2450982
2464422
2477124
2486324
2491508
2499668
2505518
2506658
2513084
2513843
2516203
2519659
2522249
2524225
2525721
2526678
2526706
2525546
2522126
2475758
2474262
2469012
2465862
2455662
2439462
2436870
2428722
2392378
2386114
2385778
2384458
2375498
2369072
2362808
2358748
2358019
2337817
2335357
2328931
2324707
2323387
2317012
2280668
2278498
2273923
2265145
2252596
2249460
2248760
2285104
2297653
2300789
2320991
2327255
2331830
2338205
2346983
2349153
2355579
2356308
2360532
2364592
2367052
2368372
2369072
2362604
2349500
2336951
2331555
2317875
2284300
2276140
2271688
2268398
2268296
2252096
2251337
2244962
2229527
2227529
2218329
2217600
2213632
2247207
2259756
2275956
2289636
2305071
2318175
2327375
2335535
2339987
2345383
2351758
2355726
2362194
2362953
2363682
2366972
2368970
2369072
2364912
2364183
2358333
2357991
2354841
2354225
2347850
2344586
2332973
2328845
2315741
2312451
2298771
2297814
2295189
2279754
2278995
2277543
2291223
2306658
2319762
2323890
2335503
2341878
2347728
2351888
2354513
2355272
2356001
2357453
2360743
2361359
2364623
2367773
2368730
2369072
2394328
2406604
2420044
2424172
2434372
2443572
2448822
2456942
2458318
2459458
2466118
2472166
2474245
2477005
2477705
2478013
2473666
2464466
2464364
2462285
2460115
2456055
2432565
2429301
2428993
2422945
2422603
2422109
2398189
2392729
2387545
2382045
2377885
2401805
2425295
2429642
2438842
2444026
2449526
2454986
2457156
2461316
2467364
2469443
2473503
2476767
2477261
2477603
2477705
2478013
2457811
2448611
2448131
2447331
2435807
2433809
2429649
2427413
2422961
2405321
2405013
2401557
2398749
2397373
2373883
2371907
2359631
2357395
2352145
2345677
2332237
2326387
2310187
2306767
2306739
2288613
2284161
2272821
2272479
2260079
2272355
2288555
2291975
2310101
2322501
2335941
2341191
2352531
2356983
2362833
2369301
2371537
2373513
2373855
2373883
2371423
2357983
2351515
2345665
2344865
2340805
2340325
2337700
2325300
2325198
2323878
2318418
2305716
2304576
2304186
2297922
2310322
2323762
2336464
2342728
2348578
2349718
2355178
2361646
2364271
2365071
2369131
2371591
2372911
2373391
2373493
2373883
2372629
2370805
2368726
2366266
2351416
2349920
2333320
2330730
2327274
2326114
2321539
2317379
2316404
2312180
2294540
2271050
2285900
2309390
2327030
2343630
2348205
2352365
2354189
2358413
2360492
2361746
2365202
2367792
2370252
2371748
2372723
2373883
2399139
2411415
2414551
2428231
2441671
2453284
2461404
2466800
2469392
2470121
2472481
2474479
2475799
2476141
2476243
2474891
2468703
2467327
2463199
2456935
2450560
2430358
2429742
2426286
2426076
2409876
2407068
2394108
2392788
2346420
2392788
2398976
2415176
2435378
2448338
2454602
2458730
2460106
2461458
2467833
2470641
2471257
2474713
2476033
2476243
2464719
2464383
2460255
2458257
2454993
2451703
2450911
2449751
2444783
2440208
2423608
2417140
2409020
2394170
2390714
2384054
2398904
2415504
2427028
2431156
2439276
2443851
2450511
2456979
2461947
2465237
2468693
2471957
2473955
2475115
2475907
2476243
2512587
2527437
2531784
2535204
2551804
2563328
2566870
2574990
2579565
2580917
2587577
2591737
2594362
2596954
2599314
2603374
2605610
2607586
2608561
2600441
2599301
2597222
2588022
2587994
2582144
2545800
2545071
2542835
2518915
2516555
2512208
2496773
2493637
2493329
2492075
2475475
2473979
2467319
2458119
2444439
2440471
2439977
2421851
2405651
2400467
2375211
2373835
2361559
2357212
2356052
2352632
2343854
2343644
2368900
2381176
2417520
2441440
2445787
2450134
2466334
2469754
2486354
2489490
2507616
2521296
2536731
2545931
2555131
2560315
2568435
2569811
2578589
2584439
2585579
2592239
2596207
2596936
2599015
2600269
2602629
2604865
2605359
2606855
2608015
2608225
2608533
2608561
2633817
2640005
2663925
2675449
2681089
2696524
2706724
2714844
2719296
2728074
2734542
2735301
2736753
2740209
2742969
2743761
2744151
2744179
2741943
2740447
2740057
2731097
2730397
2729237
2728895
2725439
2710589
2704541
2704513
2684311
2679736
2673886
2668386
2660226
2623882
2621292
2657636
2672486
2692688
2701648
2709808
2714383
2720233
2725733
2731781
2735237
2737473
2740063
2741559
2742719
2743419
2743761
2744151
2744179
2756728
2774854
2783002
2795402
2807015
2811590
2815750
2821798
2826766
2828218
2828834
2831194
2832690
2834688
2835663
2836455
2836797
2836317
2835177
2821737
2815473
2803073
2800448
2800058
2797598
2793538
2780836
2780036
2773568
2767718
2762258
2762156
2760836
2773236
2786676
2799378
2805642
2811492
2812632
2818092
2824560
2827185
2827985
2832045
2834505
2835825
2836305
2836407
2836797
2816595
2814425
2808050
2803990
2795212
2792752
2788528
2787208
2780944
2774518
2738174
2737474
2724925
2724196
2719621
2716485
2752829
2765378
2768514
2788716
2794980
2799555
2805930
2814708
2816878
2823304
2824033
2828257
2832317
2834777
2836097
2836797
2835637
2834662
2831512
2828376
2826140
2824142
2819690
2816400
2812980
2804820
2781330
2764730
2748530
2743955
2733755
2716115
2715779
2714822
2703482
2726972
2743172
2760812
2764232
2780832
2783968
2794168
2802328
2813668
2818243
2822695
2825985
2828221
2831371
2833369
2834344
2835301
2836461
2836797
2835301
2811811
2794171
2791711
2790551
2785976
2783897
2769047
2765591
2748991
2747167
2745913
2741753
2740778
2736554
2733964
2731728
2720204
2717579
2713232
2709072
2706480
2702420
2699000
2695458
2688798
2673948
2669373
2668021
2659901
2658926
2656950
2654590
2618246
2601646
2637990
2652840
2657187
2660607
2677207
2688731
2692273
2700393
2704968
2706320
2712980
2717140
2719765
2722357
2724717
2728777
2731013
2732989
2733964
2728780
2724433
2718973
2714913
2705713
2705219
2703140
2697092
2673172
2672864
2668704
2666534
2643044
2637544
2637202
2637100
2633836
2657756
2681246
2685593
2694793
2699977
2705477
2710937
2713107
2717267
2723315
2725394
2729454
2732718
2733212
2733554
2733656
2733964
2740152
2752428
2788772
2797732
2813167
2818627
2825053
2826877
2831845
2835135
2836389
2839845
2842081
2845345
2847321
2847801
2894169
2910369
2928009
2948211
2960611
2969571
2985006
2990402
2999180
3005648
3008240
3008999
3009615
3013675
3017131
3018106
3019426
3019528
3019556
3018236
3015876
3004263
3002265
3001536
2989260
2981140
2967460
2954020
2950884
2925628
2920232
2920130
2919788
2917196
2942452
2954728
2957864
2971544
2984984
2996597
3004717
3010113
3012705
3013434
3015794
3017792
3019112
3019454
3019556
3013130
3006470
3005678
3001518
2987838
2974878
2974668
2958068
2957368
2955872
2953247
2940143
2933955
2927487
2926530
2922470
2928658
2945258
2958218
2971898
2985002
2991662
2995822
3002290
3008716
3011341
3015401
3016897
3017854
3018646
3019346
3019556
3018797
3010637
2997533
2993081
2986706
2980238
2974842
2958642
2944962
2941672
2939674
2927125
2926396
2926294
2910859
2901659
2897691
2864116
2897691
2910240
2926440
2940120
2955555
2968659
2977859
2986019
2990471
2995867
3002242
3006210
3012678
3013437
3014166
3017456
3019454
3019556
3001430
2995930
2990290
2988292
2988082
2975122
2971858
2971830
2965404
2940148
2939173
2935013
2932553
2927157
2915633
2902193
2900939
2877449
2873225
2898481
2921971
2940097
2951621
2957261
2970221
2983661
2989057
2994557
2998717
3005143
3005143
3006397
3009661
3012121
3014119
3015094
3015304
3015332
3032972
3036108
3045068
3058172
3063568
3069943
3078721
3085189
3086641
3087895
3090255
3094315
3097579
3100169
3100663
3101983
3102373
3106720
3120160
3135595
3141859
3145401
3157014
3165134
3169586
3170938
3175098
3181566
3185790
3189080
3192536
3195126
3197102
3199562
3201058
3202015
3196765
3193345
3191369
3189133
3189105
3175665
3157539
3141339
3128939
3116663
3116321
3110471
3099131
3094679
3088211
3051867
3048325
3043750
3040330
3039355
3031235
3024575
3022215
3007365
3004773
3002148
2997801
2996449
2992389
2980865
2976705
2974469
2957869
2955893
2955101
2939666
2928142
2923690
2918050
2914594
2906474
2905022
2904994
2879738
2879348
2873160
2849240
2842772
2833994
2833235
2823035
2820275
2845531
2851719
2888063
2902913
2926833
2931180
2934600
2951200
2962724
2974248
2979888
2995323
3005523
3009065
3017185
3025305
3029880
3034332
3035684
3044462
3051122
3055282
3061750
3064375
3066967
3067726
3069178
3071538
3075598
3079054
3081290
3084050
3086026
3087001
3087793
3088183
3088211
3087071
3080807
3080417
3076357
3070897
3070097
3069995
3067370
3064910
3051470
3050150
3037448
3031598
3025130
3024650
3012250
3024650
3038090
3050792
3057056
3062906
3064046
3069506
3075974
3078599
3079399
3083459
3085919
3087239
3087719
3087821
3088211
3086957
3085461
3084732
3076612
3076584
3070734
3061534
3057187
3040587
3040279
3038043
3035964
3033604
2997260
2994124
2992984
2977549
2953629
2989973
3013893
3018240
3034840
3037976
3053411
3062611
3070731
3076581
3077721
3078450
3080529
3081783
3084143
3086379
3087875
3088183
3088211
3087875
3081407
3080615
3072495
3069231
3064263
3063103
3056443
3051868
3037018
3033728
3030272
3026144
3014620
3012622
2996022
3010872
3027472
3038996
3047144
3060104
3073544
3079808
3083936
3093136
3098386
3103570
3115183
3123303
3127878
3136656
3143316
3149976
3156444
3162870
3167838
3169917
3173207
3174461
3177917
3181373
3184133
3187397
3189395
3190555
3191347
3191683
3191711
3185663
3181088
3172128
3151926
3151584
3146084
3145694
3144994
3144966
3143470
3107126
3092276
3089686
3083836
3075676
3073440
3072280
3068824
3105168
3120018
3140220
3149180
3157340
3161915
3167765
3173265
3179313
3182769
3185005
3187595
3189091
3190251
3190951
3191293
3191683
3191711
3185447
3183277
3170728
3170028
3161250
3158114
3157385
3154925
3150350
3143975
3123773
3117347
3113287
3109063
3107743
3071399
3107743
3120292
3123428
3143630
3149894
3154469
3160844
3169622
3171792
3178218
3178947
3183171
3187231
3189691
3191011
3191711
3186251
3185757
3181597
3178333
3173986
3168802
3164742
3164400
3164298
3140378
3134330
3134022
3131852
3129773
3124273
3115073
3091583
3115503
3138993
3143340
3152540
3157724
3163224
3168684
3170854
3175014
3181062
3183141
3187201
3190465
3190959
3191301
3191403
3191711
3216967
3240457
3253006
3266446
3272710
3276252
3284412
3288987
3295647
3298239
3302463
3304823
3308883
3312033
3312375
3312477
3306289
3303481
3290521
3289145
3287825
3281450
3265250
3264634
3263282
3259826
3259616
3239414
3193046
3186782
3182654
3174494
3171204
3153564
3153228
3141888
3139890
3137654
3136494
3113004
3108552
3105402
3102266
3085666
3082246
3077671
3067471
3051271
3050314
3049339
3072829
3089029
3106669
3110089
3126689
3129825
3140025
3148185
3159525
3164100
3168552
3171842
3174078
3177228
3179226
3180201
3181158
3182318
3182654
3181494
3167814
3162174
3156126
3153318
3144358
3140902
3140143
3135796
3115594
3099394
3096674
3095322
3092732
3082532
3057276
3044316
3032703
3029567
3028838
3026840
3024248
3018852
3005412
2991732
2979456
2979114
2976754
2968634
2968532
2967212
2941956
2967212
2979488
2982624
2996304
3009744
3021357
3029477
3034873
3037465
3038194
3040554
3042552
3043872
3044214
3044316
3040256
3033596
3022072
3019480
3015133
2978789
2976164
2973928
2969768
2967408
2965432
2948832
2933982
2930440
2927020
2918900
2917925
2913350
2911998
2948342
2963192
2967539
2970959
2987559
2999083
3002625
3010745
3015320
3016672
3023332
3027492
3030117
3032709
3035069
3039129
3041365
3043341
3044316
3050504
3063053
3074577
3077297
3090257
3103697
3107825
3111367
3112719
3115344
3116103
3116832
3117326
3119786
3120486
3120696
3121086
3112938
3112910
3110190
3109233
3106643
3101459
3098003
3089843
3076403
3074427
3072067
3062867
3050165
3037889
3036749
3030899
3029403
3022977
3022218
3034494
3037214
3045362
3058802
3071504
3080704
3085888
3094048
3099898
3101038
3107464
3108223
3110583
3114039
3116629
3118605
3120101
3121058
3121086
3108686
3095984
3090134
3089654
3089552
3076112
3074792
3072332
3068272
3067882
3061618
3056158
3055358
3052733
3046265
3045125
3038750
3036125
3032835
3019155
3018539
3014379
3013422
2997987
2986374
2985645
2984193
2983851
2980701
2967597
2964333
2960205
2954355
2953596
2967276
2982711
2995815
2999943
3011556
3017931
3023781
3027941
3030566
3031325
3032054
3033506
3036796
3037412
3040676
3043826
3044783
3045125
3040673
3037217
3027017
3003097
3001645
2996005
2995615
2992855
2992096
2983976
2983948
2972424
2963646
2938390
2931922
2931130
2915695
2909507
2904932
2900708
2890508
2889551
2843183
2836919
2833655
2819975
2818151
2809991
2808831
2805541
2803371
2799211
2765636
2763276
2761824
2759232
2784488
2790676
2814596
2826120
2831760
2847195
2857395
2865515
2869967
2878745
2885213
2885972
2887424
2890880
2893640
2894432
2894822
2894850
2891308
2889812
2886356
2883066
2876802
2870334
2854899
2850552
2849595
2837982
2833530
2829306
2826846
2825494
2821334
2807894
2799774
2797798
2795208
2799555
2812995
2828430
2834694
2838236
2849849
2857969
2862421
2863773
2867933
2874401
2878625
2881915
2885371
2887961
2889937
2892397
2893893
2894850
2886730
2883310
2879150
2878175
2871515
2856665
2853123
2850498
2845923
2841576
2837516
2834924
2798580
2796220
2794244
2777644
2775408
2763884
2762532
2798876
2813726
2818073
2821493
2838093
2849617
2853159
2861279
2865854
2867206
2873866
2878026
2880651
2883243
2885603
2889663
2891899
2893875
2894850
2879415
2878275
2877967
2876471
2874392
2872156
2867809
2864673
2856553
2820209
2811009
2787089
2786360
2785106
2779256
2779228
2776868
2760268
2766456
2778856
2794291
2807395
2811847
2816007
2822433
2823162
2823778
2827042
2827536
2829996
2831492
2832449
2833241
2827845
2812410
2803210
2790661
2786209
2779834
2763634
2762875
2760877
2756909
2756807
2750339
2749610
2741450
2727770
2714666
2681091
2677801
2711376
2723925
2740125
2753805
2769240
2782344
2791544
2799704
2804156
2809552
2815927
2819895
2826363
2827122
2827851
2831141
2833139
2833241
2796897
2796507
2791932
2791590
2791562
2788106
2787406
2786246
2780746
2778156
2776660
2770810
2755960
2747000
2726798
2724562
2718514
2710354
2686864
2682517
2673317
2671147
2665963
2660463
2636543
2636201
2634122
2634020
2633712
2630448
2626388
2625894
2621734
2615686
2610226
2646570
2661420
2685340
2708830
2713177
2733379
2742339
2751539
2756723
2764883
2769458
2775308
2780808
2786308
2791768
2793938
2798098
2804146
2810194
2812273
2816333
2819789
2822025
2825289
2827879
2828373
2829869
2831029
2831729
2832071
2832413
2832515
2832905
2833213
2833241
2830105
2829405
2793061
2792332
2783554
2782234
2778010
2773950
2767686
2765516
2763056
2756681
2744132
2737706
2717504
2712929
2749273
2761822
2764958
2785160
2791424
2795999
2802374
2811152
2813322
2819748
2820477
2824701
2828761
2831221
2832541
2833241
2819561
2815593
2815383
2803107
2793907
2785129
2783753
2767553
2742297
2738877
2720751
2720257
2715073
2708413
2707253
2702906
2728162
2740438
2744785
2760985
2764405
2782531
2796211
2805411
2810595
2811971
2820749
2827409
2831377
2831871
2833031
2833241
2816641
2813351
2801827
2797699
2791231
2776381
2772925
2764805
2759837
2759045
2758709
2755445
2753447
2748872
2747712
2741052
2755902
2772502
2784026
2788154
2796274
2800849
2807509
2813977
2818945
2822235
2825691
2828955
2830953
2832113
2832905
2833241
2832747
2821223
2817095
2814375
2813675
2813465
2813075
2799635
2787086
2786357
2783897
2777709
2774167
2773408
2770783
2757823
2756471
2762659
2775208
2786732
2789452
2802412
2815852
2819980
2823522
2824874
2827499
2828258
2828987
2829481
2831941
2832641
2832851
2833241
2820965
2795709
2787589
2787247
2784887
2779491
2778171
2778069
2764389
2761253
2747813
2747084
2744492
2732879
2730881
2756137
2768413
2771549
2785229
2798669
2810282
2818402
2823798
2826390
2827119
2829479
2831477
2832797
2833139
2833241
2830781
2807291
2802041
2776785
2761350
2757290
2750822
2748846
2748054
2735352
2724012
2717352
2713932
2707744
2703292
2702335
2701543
2701153
2675897
2673137
2661613
2655425
2655397
2653945
2650489
2626569
2620929
2612809
2612050
2601850
2597398
2590930
2582152
2566717
2591973
2598161
2622081
2633605
2639245
2654680
2664880
2673000
2677452
2686230
2692698
2693457
2694909
2698365
2701125
2701917
2702307
2702335
2693375
2690239
2689745
2687385
2681010
2674542
2671952
2671562
2666166
2648526
2639748
2626644
2623380
2622126
2620674
2616614
2615294
2632934
2636070
2645030
2658134
2663530
2669905
2678683
2685151
2686603
2687857
2690217
2694277
2697541
2700131
2700625
2701945
2702335
2697760
2682910
2674790
2658190
2655565
2652145
2615801
2612259
2605599
2603007
2600647
2589123
2584776
2582800
2578740
2574580
2573605
2572253
2570017
2606361
2621211
2625558
2628978
2645578
2657102
2660644
2668764
2673339
2674691
2681351
2685511
2688136
2690728
2693088
2697148
2699384
2701360
2702335
2701175
2697755
2696780
2685440
2685104
2667464
2657264
2655266
2639066
2622466
2621509
2619273
2614821
2611685
2603525
2600375
2576885
2573595
2569020
2592510
2608710
2626350
2629770
2646370
2649506
2659706
2667866
2679206
2683781
2688233
2691523
2693759
2696909
2698907
2699882
2700839
2701999
2702335
2699745
2697285
2693743
2682130
2677970
2671706
2669730
2665278
2661054
2647614
2646118
2639650
2631530
2627183
2623893
2622541
2621584
2606149
2602693
2607040
2620480
2635915
2642179
2645721
2657334
2665454
2669906
2671258
2675418
2681886
2686110
2689400
2692856
2695446
2697422
2699882
2701378
2702335
2735910
2769485
2815853
2822041
2826388
2829808
2833228
2853430
2859070
2864710
2872858
2888293
2892421
2902621
2912821
2922021
2927271
2938884
2940236
2941588
2947963
2953423
2959849
2961673
2964298
2966890
2967506
2969866
2973926
2977986
2981250
2984514
2987664
2987766
2987794
2987822
2985230
2984614
2975654
2958014
2911646
2896211
2876009
2875981
2875222
2871162
2862384
2861409
2854941
2838741
2837421
2832025
2819625
2816169
2816067
2802627
2789667
2778143
2774879
2769239
2763739
2763711
2738455
2736457
2736247
2729821
2727361
2726386
2725132
2701642
2696246
2696246
2678120
2673960
2699216
2722706
2740832
2752356
2757996
2770956
2784396
2789792
2795292
2799452
2805878
2810102
2811356
2814620
2817080
2819078
2820053
2820263
2820291
2808678
2806318
2805343
2805001
2786875
2782300
2777332
2775836
2774384
2772386
2759986
2759370
2751222
2738673
2734513
2728465
2727673
2740222
2758348
2766496
2778896
2790509
2795084
2799244
2805292
2810260
2811712
2812328
2814688
2816184
2818182
2819157
2819949
2820291
2815323
2813347
2810083
2803657
2791381
2789145
2752801
2743841
2740551
2725116
2719656
2713468
2711644
2711164
2707708
2706454
2701270
2698006
2697904
2692404
2688057
2664567
2662488
2662146
2661652
2652452
2646992
2640944
2636884
2636576
2634406
2610486
2606326
2630246
2653736
2658083
2667283
2672467
2677967
2683427
2685597
2689757
2695805
2697884
2701944
2705208
2705702
2706044
2706146
2706454
2692774
2686586
2682526
2669422
2666797
2662637
2661680
2655020
2648552
2647056
2630456
2629664
2623238
2623028
2610068
2609368
2606743
2603323
2596663
2581813
2577238
2575886
2559286
2558311
2554769
2552409
2544289
2542053
2505709
2501549
2490025
2485678
2483086
2479026
2477050
2513394
2528244
2532591
2536011
2552611
2564135
2567677
2575797
2580372
2581724
2588384
2592544
2595169
2597761
2600121
2604181
2606417
2608393
2609368
2608668
2602293
2565949
2565220
2563900
2557474
2553250
2533048
2528988
2520210
2518040
2514904
2502355
2499895
2495320
2489056
2525400
2537949
2541085
2561287
2567551
2572126
2578501
2587279
2589449
2595875
2596604
2600828
2604888
2607348
2608668
2609368
2603320
2602930
2597430
2596730
2590880
2589720
2586264
2578104
2541760
2521558
2519322
2514747
2505787
2503197
2501701
2501673
2486823
2486481
2522825
2537675
2557877
2566837
2574997
2579572
2585422
2590922
2596970
2600426
2602662
2605252
2606748
2607908
2608608
2608950
2609340
2609368
2602900
2577644
2572004
2556569
2532649
2531890
2531862
2527410
2526618
2520430
2520040
2518588
2515828
2507708
2498930
2488730
2477206
2473750
2499006
2505194
2529114
2540638
2546278
2561713
2571913
2580033
2584485
2593263
2599731
2600490
2601942
2605398
2608158
2608950
2609340
2609368
2608668
2607909
2606557
2603932
2591383
2588663
2585121
2580993
2578533
2578323
2566799
2566409
2565915
2552955
2552226
2546038
2532598
2538786
2551335
2562859
2565579
2578539
2591979
2596107
2599649
2601001
2603626
2604385
2605114
2605608
2608068
2608768
2608978
2609368
2606776
2606047
2594434
2580754
2578756
2565316
2559920
2559578
2556442
2555122
2542846
2542744
2517488
2515128
2507008
2494608
2493879
2489719
2485267
2479079
2478585
2477793
2464689
2449254
2445990
2445033
2443537
2437111
2436495
2434035
2440223
2452623
2468058
2481162
2485614
2489774
2496200
2496929
2497545
2500809
2501303
2503763
2505259
2506216
2507008
2502948
2497308
2477106
2461671
2458407
2456047
2422472
2412272
2410448
2407028
2400840
2397690
2396338
2396310
2388162
2376549
2370174
2403749
2409937
2413357
2433559
2439199
2447347
2462782
2472982
2484595
2485947
2492322
2494146
2496506
2500566
2503830
2506980
2507008
2540583
2549783
2561396
2572736
2577311
2581763
2583139
2588599
2592567
2594391
2599359
2600159
2601413
2602029
2604389
2600933
2596358
2596022
2592732
2590734
2586606
2570006
2555156
2554364
2542840
2537872
2531404
2524744
2516624
2515464
2512200
2527050
2543650
2555174
2559302
2569502
2579702
2587862
2595982
2600557
2607217
2613877
2620345
2625313
2626113
2626842
2631066
2634356
2637646
2641102
2644366
2646826
2649286
2651284
2652444
2653236
2653572
2653908
2654298
2648902
2648800
2642425
2626225
2592650
2583450
2578998
2572530
2558850
2550690
2549931
2549202
2533767
2529799
2516695
2504146
2502148
2498858
2532433
2538621
2544809
2557085
2569634
2585834
2599514
2614949
2628053
2634317
2644517
2653717
2665330
2673490
2678065
2682517
2687913
2694288
2699788
2703756
2710224
2716692
2718516
2719275
2720004
2723294
2725654
2728918
2731508
2733506
2733608
2725488
2721141
2718905
2716545
2699945
2697320
2693260
2656916
2654324
2642800
2636140
2635165
2631745
2630393
2615543
2610968
2606808
2604832
2601290
2637634
2652484
2667334
2671681
2675101
2691701
2703225
2716905
2720447
2725631
2733751
2741871
2753211
2757786
2759162
2760514
2767174
2771334
2777802
2780427
2783052
2785677
2788269
2790348
2792708
2796768
2799004
2802268
2804858
2806834
2808832
2809807
2810782
2809825
2806535
2802993
2796525
2795173
2792583
2790123
2778510
2763075
2758623
2754399
2750239
2748263
2734823
2733327
2727063
2718943
2714596
2711140
2717328
2723516
2727863
2745503
2748923
2752059
2754779
2768219
2777179
2790619
2806054
2812318
2818582
2822710
2826252
2837865
2845985
2854105
2858557
2859933
2861285
2862425
2869085
2873245
2879713
2882338
2884963
2887588
2888388
2892612
2895902
2899962
2903418
2906682
2909272
2909766
2911742
2914202
2915698
2917696
2918653
2918681
2902081
2900921
2892761
2889471
2888514
2884062
2860572
2858574
2847234
2846259
2844023
2839448
2836028
2818388
2802188
2791988
2791652
2788516
2785366
2810622
2827222
2835370
2850805
2863507
2869771
2877931
2879283
2880635
2886031
2894809
2896979
2899604
2902754
2904074
2904284
2901134
2877644
2873069
2864909
2851469
2845205
2838545
2835003
2830779
2818230
2818128
2817786
2792530
2790170
2786110
2783518
2817093
2842349
2848537
2866177
2882777
2888417
2903852
2908304
2913804
2919852
2920809
2946065
2958341
2970741
2979701
2995136
3007838
3014102
3023302
3027877
3029229
3035604
3044382
3050808
3051537
3053897
3057957
3058932
3059724
3060114
3053926
3038491
3037139
3037111
3033691
3031331
3028067
2994492
2986344
2984520
2978880
2968680
2965530
2953917
2949857
2943482
2923280
2956855
2963043
2999387
3022877
3026297
3044423
3064625
3084827
3090467
3093187
3101335
3109483
3124918
3129046
3139246
3144430
3156043
3164203
3172323
3180443
3181795
3188170
3192330
3194154
3199122
3201482
3203842
3207902
3210138
3213402
3216552
3217344
3217680
3217782
3218172
3218200
3233050
3256970
3273570
3286272
3291456
3303069
3307037
3308861
3311453
3312212
3313664
3314280
3314774
3315731
3316891
3317371
3317581
3317609
3308409
3295707
3283431
3280711
3278121
3269961
3261813
3260856
3259360
3254176
3251816
3249840
3249812
3248672
3242822
3236396
3222956
3222197
3218741
3224929
3237205
3241552
3244272
3252420
3264820
3278260
3291364
3304066
3308194
3317394
3322578
3327762
3335922
3337274
3342670
3348520
3349660
3356086
3356845
3360135
3360751
3363111
3365471
3369531
3372987
3375577
3378167
3380143
3381639
3383135
3384092
3384572
3384600
3384628
3381172
3380380
3372260
3366620
3341364
3340974
3338214
3322779
3316591
3307813
3296289
3286089
3279621
3255701
3251249
3251221
3250462
3249010
3282585
3307841
3314029
3337949
3361439
3379079
3390603
3396243
3411678
3421878
3431078
3434620
3442740
3450860
3455312
3460708
3469486
3478264
3484924
3490384
3494544
3501012
3503637
3506229
3507029
3507788
3509240
3509856
3513312
3516072
3518832
3521982
3522957
3523749
3524449
3525149
3525251
3525641
3525669
3519621
3516357
3512010
3506550
3506208
3501024
3495524
3472034
3471540
3471438
3469359
3460159
3457989
3457681
3453521
3449461
3425541
3449461
3472951
3477298
3482938
3495338
3504298
3517738
3526938
3532122
3536697
3538073
3543469
3548969
3554429
3556599
3560759
3564919
3570967
3571696
3573148
3575227
3578517
3582577
3584813
3588077
3588571
3590067
3591227
3591569
3591671
3591773
3592081
3576646
3575887
3572623
3559519
3558903
3558174
3554884
3541204
3539752
3533902
3531277
3527117
3523967
3519839
3519497
3513122
3512165
3500552
3503688
3509328
3512048
3525728
3539168
3554603
3567707
3571835
3583448
3589823
3598601
3604451
3611111
3616611
3620771
3623396
3624155
3624884
3626336
3629626
3630242
3632602
3635362
3638626
3641776
3643752
3644709
3645051
3645261
3645651
3644892
3631932
3619383
3616923
3613381
3599941
3599212
3598822
3596197
3590009
3589309
3585181
3584971
3584477
3572953
3570233
3568881
3575069
3589919
3594266
3598613
3611162
3622686
3628326
3631046
3644006
3656406
3668806
3681206
3690166
3703606
3716710
3720838
3724380
3729564
3734748
3742908
3744260
3745400
3750900
3753525
3756117
3756876
3757605
3758334
3761142
3763950
3764566
3768022
3768516
3770976
3773436
3774136
3774836
3775046
3775436
3769010
3764435
3763706
3743504
3741044
3739724
3733460
3724682
3722512
3718452
3712077
3708941
3696392
3692168
3655824
3655124
3659471
3675671
3695873
3701123
3707783
3713831
3714560
3716012
3717464
3720614
3721571
3721781
3722171
3701969
3687119
3682544
3674384
3673224
3672834
3672134
3666284
3629940
3628444
3628416
3628074
3625838
3623248
3619792
3614292
3605332
3599284
3635628
3650478
3670680
3679640
3695075
3703235
3711395
3715970
3720545
3726920
3732770
3738270
3740094
3742719
3748767
3751359
3752118
3755574
3757810
3760400
3762376
3763872
3765870
3766827
3767987
3768687
3769387
3769729
3769939
3770149
3770539
3770847
3770875
3768250
3766014
3751164
3747744
3743584
3739237
3737885
3726361
3724385
3723410
3720818
3717276
3712701
3704581
3697921
3693861
3691501
3674901
3638557
3663813
3670001
3682277
3718621
3754965
3769815
3784665
3789012
3793359
3805908
3823548
3826968
3843568
3846704
3858228
3869752
3875392
3884352
3887894
3896014
3907354
3911929
3913281
3919941
3924101
3928069
3929893
3932518
3935143
3937735
3940327
3941086
3941815
3945105
3947465
3951525
3953761
3955997
3957973
3959971
3960946
3961282
3961982
3958718
3957398
3956144
3953008
3948948
3943552
3943058
3929954
3921176
3918586
3909626
3908174
3905814
3899346
3881706
3881316
3874941
3921309
3938949
3942085
3951045
3964149
3970413
3975809
3982184
3990962
3999740
4006208
4006967
4008419
4009673
4012033
4016093
4019357
4022621
4025211
4027801
4028295
4030755
4032075
4032775
4033165
4031911
4025647
4019221
4015765
4002325
3997141
3991891
3989131
3987052
3987024
3978246
3966633
3957433
3950773
3942625
3929665
3963240
4009608
4045952
4064078
4084280
4087000
4089720
4095984
4106184
4114344
4123122
4129782
4134750
4139718
4140477
4144701
4145658
4146450
4146792
4159068
4179270
4190794
4196434
4209394
4212936
4215561
4218153
4219605
4222413
4225703
4226319
4230379
4232969
4233926
4234406
4234714
4233757
4230493
4229877
4223689
4222193
4215767
4214975
4199540
4195088
4190928
4188468
4176068
4175339
4162235
4161741
4167929
4184129
4200729
4206369
4218769
4234204
4247308
4260010
4264462
4265814
4266954
4271114
4277540
4282508
4283237
4283853
4287117
4290381
4293645
4294139
4296115
4298575
4301035
4302531
4304529
4305486
4306278
4306620
4300245
4298421
4295001
4290941
4275506
4255304
4245104
4233491
4227851
4219703
4217343
4214079
4210929
4177354
4176002
4169814
4169786
4203361
4209549
4224399
4239249
4263169
4279369
4282789
4300915
4321117
4326757
4334905
4347305
4362740
4375442
4385642
4395842
4407455
4415615
4420067
4421419
4427794
4434169
4436339
4438163
4440755
4441555
4442355
4446579
4448939
4451299
4455359
4459419
4462179
4465443
4468593
4470089
4470425
4470453
4470481
4470173
4469473
4468333
4464205
4462829
4453629
4450869
4425613
4415413
4403137
4397887
4395808
4382368
4376320
4368200
4361540
4386796
4399072
4401792
4415232
4430667
4436931
4441059
4451259
4460459
4465709
4473829
4475205
4476557
4477697
4484357
4490825
4493417
4499465
4504433
4506512
4507128
4509488
4512944
4515704
4517200
4518360
4519680
4520380
4520722
4520824
4520926
4521234
4518774
4514427
4500987
4499635
4493167
4477732
4476236
4472012
4460399
4455947
4452657
4446393
4445436
4437316
4433774
4431184
4429208
4425048
4421592
4455167
4488742
4512662
4517009
4521356
4538996
4555596
4573722
4579362
4592802
4608237
4621341
4627605
4631147
4642760
4650880
4655332
4656684
4658036
4664696
4670156
4674316
4680784
4681584
4685808
4690032
4692840
4696130
4698490
4701946
4705402
4707992
4709968
4712428
4713924
4714899
4715856
4716648
4717968
4704288
4699104
4689904
4671778
4667431
4664011
4647811
4646435
4634159
4608903
4608409
4607249
4598471
4594503
4594293
4587633
4612889
4625165
4629512
4645712
4649132
4652552
4655972
4674098
4687778
4700480
4709680
4714864
4726204
4730656
4732032
4738407
4744782
4753560
4754700
4755840
4762500
4769160
4775820
4779788
4782380
4785670
4786286
4790346
4793106
4796256
4796750
4798726
4800724
4801884
4802094
4801335
4792557
4791105
4765849
4761397
4754929
4743405
4727970
4704050
4704022
4697834
4689714
4686954
4683498
4673298
4672908
4672116
4666476
4700051
4725307
4731495
4755415
4766939
4772579
4788014
4801118
4811318
4821518
4826702
4838315
4846435
4850887
4859665
4865125
4869285
4875753
4881801
4882560
4884012
4886820
4888899
4891259
4894715
4897475
4900739
4903889
4904681
4905023
4905413
4905441
4904641
4900066
4890866
4888506
4887130
4885876
4884052
4879084
4867471
4833896
4822556
4818104
4817488
4812028
4808060
4841635
4853911
4866311
4872575
4881775
4893388
4904728
4909303
4913755
4915131
4916507
4921967
4924137
4928105
4932073
4936041
4942509
4944333
4949301
4950101
4950901
4951630
4952884
4953500
4954116
4956476
4959066
4960562
4961262
4961290
4957748
4954328
4953353
4941829
4926979
4922404
4886060
4883468
4882116
4879491
4877255
4875279
4871219
4867059
4850459
4842339
4837992
4835632
4828972
4865316
4880166
4884513
4887933
4904533
4921133
4932657
4944181
4957141
4970101
4973643
4977185
4985345
4993465
5004805
5009380
5013955
5015307
5020703
5027363
5034023
5039523
5041693
5045853
5050013
5052638
5055263
5057855
5060663
5063023
5067083
5069319
5071295
5072270
5073227
5074387
5075087
5075189
5075497
5073499
5070209
5062089
5055429
5052165
5037315
5032740
5029284
5012684
5007716
5006924
4995400
4988932
4988596
4987436
4983308
5008564
5020840
5033116
5047966
5064166
5080766
5097366
5113966
5117102
5128626
5140150
5153110
5165510
5174470
5187172
5191300
5195428
5204628
5216241
5224361
5235701
5247041
5251616
5256191
5262566
5269226
5275694
5282120
5288546
5290370
5296418
5301386
5306354
5309644
5310898
5311514
5315574
5319030
5322294
5325558
5328822
5331972
5334562
5336538
5338536
5339493
5340653
5341445
5342765
5344085
5344421
5345121
5340774
5335590
5331430
5325382
5324888
5321624
5321282
5317222
5311722
5288232
5287924
5282464
5273264
5271094
5269015
5268913
5244993
5259843
5283763
5307683
5331173
5335520
5343668
5347796
5356996
5362180
5367364
5368740
5374136
5379532
5385382
5392042
5397542
5403042
5408502
5410672
5412842
5417002
5423050
5425642
5426371
5428450
5429704
5433764
5437028
5437522
5437864
5437966
5438068
5438376
5438684
5435964
5435754
5429566
5428866
5417342
5416848
5414388
5401428
5400076
5386636
5382508
5379883
5367334
5366605
5363063
5362673
5361914
5368102
5374290
5380478
5393027
5396163
5407687
5410407
5423367
5436807
5440935
5451135
5454677
5458219
5462671
5464023
5470683
5472507
5474331
5476956
5481924
5486892
5487651
5488380
5488874
5491334
5492034
5492244
5492634
5510274
5513410
5531536
5535664
5541164
5545132
5551600
5555824
5559114
5561474
5564624
5566600
5569060
5570017
5570809
5571145
5555710
5550070
5529868
5523493
5513293
5501680
5498530
5490382
5488022
5454447
5450387
5448563
5448535
5445271
5443919
5437731
5434311
5467886
5474074
5477494
5497696
5503336
5511484
5524924
5540359
5553061
5563261
5566803
5578416
5579768
5586143
5592803
5594627
5595427
5597506
5599866
5603926
5607986
5611442
5614706
5617856
5618350
5619307
5620099
5620579
5620921
5621131
5621159
5608883
5607908
5605548
5596588
5595236
5582836
5567401
5561026
5560297
5551519
5551129
5546554
5542494
5541702
5535276
5529012
5503756
5491054
5481854
5480502
5477877
5471451
5468031
5463903
5460639
5451439
5451411
5447064
5446962
5441322
5438730
5405155
5399905
5389705
5389089
5342721
5338661
5333201
5320097
5307548
5299388
5296098
5282418
5276043
5272075
5265607
5232032
5226636
5224638
5209203
5200003
5199274
5183074
5182315
5182213
5177761
5211336
5257704
5304072
5329328
5341604
5377948
5392798
5397145
5400565
5420767
5432291
5437931
5446079
5459039
5471439
5480399
5493839
5507279
5522714
5538149
5550851
5557115
5563379
5569643
5573771
5583971
5594171
5603371
5612571
5616113
5621363
5626613
5634773
5642893
5647468
5648844
5650196
5651548
5656944
5663319
5669694
5676069
5684847
5693625
5699125
5704625
5710125
5715585
5722053
5728479
5734905
5736729
5739354
5741946
5742746
5743475
5744927
5747735
5749814
5753104
5756394
5757648
5758902
5759518
5761878
5765938
5769998
5774058
5776294
5779054
5782318
5783293
5784085
5784565
5785045
5785147
5785249
5785459
5785849
5786239
5786267
5782043
5768603
5755643
5750247
5746983
5744523
5740363
5722237
5720983
5715483
5691993
5680469
5674829
5649573
5649363
5642937
5640939
5639964
5639936
5686304
5722648
5758992
5773842
5776978
5785126
5798806
5807766
5820468
5829668
5834852
5846465
5857805
5862380
5867880
5870505
5873097
5873856
5874585
5878809
5880063
5884123
5887387
5887723
5887933
5879773
5870813
5870113
5866657
5846455
5844959
5839109
5836873
5834283
5797939
5796779
5790731
5786156
5786128
5771278
5770936
5770546
5765046
5777322
5781669
5797869
5815995
5836197
5849157
5862597
5868861
5877021
5878397
5883793
5889189
5894689
5895418
5896870
5899678
5902486
5903102
5905862
5909012
5911602
5913098
5914073
5914101
5910681
5906106
5903481
5899421
5863077
5860717
5852597
5851245
5836395
5834159
5831567
5820043
5815883
5799283
5792623
5788276
5787301
5785325
5781783
5796633
5820553
5824900
5841500
5861702
5867342
5870062
5883022
5896462
5911897
5915439
5919891
5921267
5926663
5933323
5939791
5941615
5942374
5944350
5945510
5945900
5992268
6004544
6040888
6052412
6061372
6076807
6080935
6084903
6087711
6091771
6094231
6095188
6095290
6095680
6095708
6092948
6082748
6067313
6055789
6052333
6044213
6042761
6037121
6036731
6032279
6025811
6025019
6024991
6018803
5994883
5986105
5960849
5960090
6006458
6031714
6037902
6050178
6074098
6077234
6088758
6094398
6107358
6119758
6133438
6148873
6159073
6167193
6171768
6176220
6184998
6190498
6194658
6201126
6207594
6209418
6212043
6212843
6213602
6215054
6215670
6219730
6223186
6225946
6229210
6230002
6230702
6231044
6231434
6231824
6231852
6225664
6225048
6222456
6221976
6220524
6200322
6197697
6195107
6183583
6182626
6179336
6175276
6172468
6166828
6163286
6151010
6150702
6137742
6162998
6175274
6211618
6229744
6249946
6261470
6272994
6278634
6291594
6295136
6306749
6313124
6319499
6328277
6333777
6337937
6340562
6343154
6343913
6344642
6345371
6346823
6349631
6352921
6353537
6357597
6360187
6361144
6361624
6361834
6362142
6355482
6353122
6357574
6363034
6361210
6353090
6377010
6375012
6371748
6370372
6367747
6356134
6322559
6312359
6305984
6305956
6285754
6282334
6278274
6275914
6270274
6268450
6267098
6260910
6257760
6254496
6246348
6230913
6224725
6258300
6264488
6287978
6291398
6294818
6315020
6320660
6328808
6344243
6354443
6366056
6367408
6372804
6379179
6380319
6385779
6387603
6388362
6391652
6394012
6398072
6401336
6404486
6407076
6408572
6409892
6410372
6410852
6411160
6411468
6411496
6409498
6405046
6401504
6398214
6391950
6385482
6384130
6383173
6367738
6364282
6352669
6351173
6346826
6333386
6330796
6328820
6320700
6318240
6314016
6309856
6316044
6339964
6344311
6348658
6361207
6373756
6389956
6406156
6419596
6435031
6441295
6444837
6456450
6464570
6469022
6470398
6471750
6478410
6483910
6486080
6488250
6492410
6496570
6503038
6509464
6513688
6516496
6519304
6522594
6526050
6528640
6529134
6531110
6533086
6535546
6537042
6538538
6539495
6539975
6540317
6540419
6540629
6539929
6523729
6512116
6507541
6506221
6505264
6493924
6491948
6490694
6479170
6475110
6449854
6437152
6432184
6430360
6427224
6420849
6417699
6411651
6400038
6425294
6431482
6447682
6450818
6462342
6474742
6488182
6500884
6511084
6522697
6534037
6538612
6543187
6544563
6545915
6552290
6558950
6561120
6565088
6571514
6573338
6575963
6582011
6586979
6588431
6590510
6591764
6594124
6598184
6602244
6605394
6607370
6608327
6609647
6609983
6610683
6610785
6609409
6603221
6602605
6599341
6583906
6577480
6576751
6574291
6573499
6561099
6560605
6556445
6543341
6542384
6540888
6536436
6542624
6554900
6558036
6560756
6573156
6586836
6595796
6611231
6624335
6630599
6641939
6646391
6647743
6656521
6660681
6667107
6673155
6673884
6678108
6678724
6679340
6682604
6685194
6685688
6687664
6690124
6691620
6692577
6693369
6690909
6686849
6670249
6668170
6664042
6675655
6678415
6662980
6662364
6649662
6634812
6610892
6610412
6608960
6608750
6607793
6602609
6590996
6574396
6571804
6569980
6569486
6569458
6565490
6564731
6563571
6588827
6603677
6627597
6644197
6647333
6659733
6672435
6682635
6686177
6691361
6696545
6701729
6706913
6718526
6729866
6734318
6740978
6747638
6751606
6753430
6756022
6756781
6757510
6758962
6759578
6760072
6760566
6761523
6762683
6763163
6763643
6763985
6764195
6764223
6763248
6757060
6744784
6743984
6738344
6774688
6776184
6777141
6777169
6774579
6773227
6779415
6791964
6809604
6821128
6830088
6842790
6852990
6861150
6867000
6872850
6872850
6875020
6875020
6877645
6880237
6885205
6887665
6888622
6889414
6889624
6886360
6880312
6876892
6876556
6873931
6910275
6909546
6904362
6905091
6894891
6877251
6870987
6860787
6854523
6851898
6852690
6848466
6847114
6842539
6862741
6864977
6864020
6863992
6817624
6813656
6802132
6765788
6753512
6751052
6750950
6741990
6741600
6738792
6734664
6719229
6715169
6708981
6700861
6747229
6772485
6784761
6821105
6824241
6835765
6841405
6850365
6865800
6869928
6873470
6878654
6889994
6894446
6898414
6901222
6904512
6908572
6909066
6911526
6913524
6914481
6915181
6915283
6915673
6915701
6915491
6914762
6901802
6901102
6900608
6899256
6887732
6881544
6881154
6880395
6866955
6864235
6860693
6858068
6853940
6841391
6838931
6802587
6802251
6790911
6777231
6783419
6807339
6831259
6843808
6864010
6875534
6878254
6891214
6904174
6917614
6921742
6931942
6941142
6944684
6946036
6951886
6957386
6963854
6966479
6967238
6967997
6968726
6969455
6970184
6970913
6973503
6973997
6976457
6977617
6978317
6978659
6979001
6979211
6979601
6976337
6975197
6973027
6972685
6970606
6966546
6966444
6957244
6953084
6947584
6947276
6923786
6918326
6894406
6890059
6884875
6881611
6881117
6875069
6849813
6896181
6942549
6958749
6976875
6982515
6995475
7010910
7026345
7036545
7041729
7047579
7053429
7060089
7066749
7072797
7073526
7074978
7076232
7077728
7079224
7081222
7081702
7082044
7082254
7078964
7080460
7080796
7075828
7074376
7073760
7071762
7066794
7065819
7061244
7057084
7054724
7042175
7024049
7023707
7011307
6999694
6998902
6992854
6991358
6983210
7029578
7054834
7061022
7073298
7109642
7117790
7130750
7144190
7153150
7168585
7173769
7177929
7182897
7187865
7188624
7189240
7192390
7195540
7196034
7197530
7198505
7199462
7200419
7197959
7194417
7191281
7184621
7161131
7160174
7162150
7160830
7154642
7155258
7147098
7136898
7136508
7130040
7133582
7137038
7130570
7126442
7125826
7123201
7124001
7123201
7105561
7096601
7087823
7081163
7075523
7099013
7078811
7073415
7070790
7073550
7067362
7061862
7061246
7058656
7057856
7051592
7048302
7035902
7048451
7035749
7030353
7030325
7028155
7022759
7029419
7032044
7034280
7026120
7020620
7017900
7015275
7009815
7007355
7004730
6996610
6995158
6992350
6979246
6979975
6984199
6987655
6983495
6980345
6974705
6974315
6969131
6967755
6967055
6966561
6965832
6963072
6946472
6941897
6939177
6931017
6930807
6932159
6937659
6944085
6930981
6916131
6928407
6931127
6922349
6917165
6903725
6900269
6882629
6878177
6877477
6843902
6834942
6809686
6776111
6773751
6770943
6765759
6750324
6747604
6747502
6752962
6756930
6758928
6753428
6752453
6751661
6757121
6754531
6753211
6750075
6749581
6748129
6735025
6731761
6725293
6716515
6714155
6696515
6690140
6681180
6675784
6675394
6671334
6670080
6664684
6701028
6724948
6729295
6741844
6758044
6775684
6778820
6781956
6793480
6805004
6813964
6822924
6836028
6840480
6841856
6847252
6852648
6859023
6865398
6874176
6880026
6885876
6887016
6893484
6895308
6897132
6898956
6900408
6903698
6904952
6907312
6911372
6914828
6917064
6920328
6922918
6924894
6925388
6926884
6928882
6930202
6930592
6922472
6904346
6906806
6898646
6887033
6882581
6871241
6866273
6864449
6863195
6858620
6853160
6852544
6818969
6817593
6816793
6814433
6810465
6801265
6834840
6839187
6851736
6868336
6884936
6888072
6901752
6911952
6921152
6926402
6938015
6949355
6953930
6958505
6962957
6964333
6965709
6966849
6972349
6977809
6981777
6983601
6988569
6989369
6990169
6990898
6992152
6992768
6995128
6996288
6993698
6993596
6993938
6992586
6992106
6978666
6973482
6969322
6994578
6986430
6974030
6974002
6965042
6962582
6947147
6943019
6930743
6919219
6915159
6878815
6878425
6878323
6877366
6873398
6870590
6824222
6824222
6836498
6836498
6851348
6874838
6891438
6902962
6916402
6925362
6940797
6944925
6954125
6959309
6967429
6978769
6987547
6993397
6998897
7002865
7009291
7013515
7016323
7019131
7021939
7024018
7025272
7027632
7031692
7032186
7034646
7035621
7036578
7037535
7038695
7039395
7039497
7039707
7040097
7040125
7032005
7029413
7026123
7020483
7019343
7018183
7014055
7027735
7026239
7023089
7021091
7009567
7006111
6991261
6983141
6981981
6981645
6977070
6960470
6955502
6954710
6951446
6948156
6944028
6937368
6930900
6945750
6963390
6981030
6998670
7015270
7026794
7040474
7053176
7065878
7070006
7075256
7083376
7094716
7099291
7104687
7110537
7117197
7123665
7130133
7131957
7134582
7139550
7144518
7145318
7146770
7150060
7153516
7156780
7158778
7158778
7159938
7160730
7161210
7161546
7161882
7162272
7142070
7140246
7137654
7142106
7136466
7125126
7122501
7120141
7083797
7077137
7076521
7075169
7071109
7067845
7064425
7030850
7015415
6995213
6989573
6981425
6979065
6975915
6965715
6954102
6954074
6952250
6946062
6939687
6916197
6949772
6983347
6989535
6992955
7013157
7024681
7030321
7033041
7041189
7053589
7062549
7077984
7093419
7103619
7115232
7116608
7117960
7124335
7130803
7132627
7134451
7137259
7140549
7142909
7146969
7150233
7153497
7156647
7159797
7160957
7162277
7162667
7162695
7161995
7159759
7159731
7155384
7154409
7145209
7138834
7132408
7119706
7115646
7115256
7102980
7098405
7082970
7076706
7075914
7050658
7041698
7039338
7038609
7029831
7028479
7016079
7012929
7038185
7044373
7056649
7068925
7083775
7098625
7111585
7123985
7132945
7146385
7159825
7175260
7187962
7194226
7203426
7206968
7218308
7222883
7227458
7228810
7235185
7243963
7252741
7259167
7261792
7264384
7265113
7268403
7271693
7274053
7278113
7279088
7280248
7281040
7281382
7281592
7281982
7282372
7269972
7269762
7265415
7249215
7241067
7238831
7237874
7250978
7249002
7246642
7250770
7246423
7242363
7241973
7275548
7321916
7347172
7371092
7388732
7405332
7425534
7431174
7443574
7459009
7470622
7478782
7483234
7483963
7486042
7488502
7489459
7490251
7490641
7487505
7486776
7487112
7480644
7470444
7469652
7468893
7466133
7458013
7453561
7447921
7447531
7436007
7410751
7410723
7409271
7393836
7387648
7384192
7360272
7351494
7349998
7348174
7332739
7332637
7357893
7383149
7389337
7413257
7437177
7440597
7444017
7460617
7472141
7483665
7489305
7504740
7514940
7518482
7526602
7531054
7535506
7540902
7549680
7558458
7563958
7570426
7576852
7582900
7587868
7592836
7593595
7595047
7598503
7601263
7602759
7603919
7604711
7605411
7605753
7606143
7606171
7598011
7595775
7595877
7589217
7582557
7581798
7575534
7574775
7574075
7578203
7577993
7568793
7564446
7559478
7556188
7547410
7544650
7541930
7535504
7529654
7517378
7516619
7511435
7509075
7505619
7492917
7491777
7491749
7490253
7482105
7468665
7459465
7456875
7448715
7447758
7445782
7433382
7466957
7479233
7491509
7495856
7513496
7531622
7549748
7552468
7555188
7563336
7571484
7571484
7585164
7598604
7611306
7617570
7626770
7631954
7640114
7648274
7652849
7657301
7662697
7668547
7674397
7675537
7681037
7686537
7686537
7687296
7689656
7693112
7695872
7698632
7701896
7704486
7706462
7708438
7709934
7710891
7711227
7711927
7712029
7712057
7709465
7709465
7709465
7712885
7729485
7729485
7729485
7729485
7729485
7730861
7730861
7730861
7731355
7731691
7731691
7731901
7732111
7731382
7725882
7716922
7716163
7698037
7701457
7688017
7683857
7681265
7680957
7680747
7664547
7660579
7667239
7665787
7665445
7663993
7660857
7657593
7658393
7657593
7649433
7634583
7637847
7633272
7630812
7630422
7616742
7616013
7600578
7588965
7588623
7584463
7581313
7580554
7577929
7576477
7572349
7569059
7562684
7562068
7558804
7557847
7551997
7538893
7536917
7535597
7531537
7530580
7529880
7525305
7519257
7494001
7481299
7479475
7473100
7469950
7453750
7442226
7430886
7427750
7422782
7421528
7409915
7393715
7391125
7388533
7386557
7411813
7424089
7448009
7464209
7481849
7484985
7503111
7523313
7534837
7546361
7560041
7573481
7588916
7602020
7614722
7627424
7631552
7641752
7653365
7664978
7676591
7684751
7696091
7707431
7718771
7723346
7727921
7732496
7736948
7742344
7748719
7755094
7760944
7766794
7767934
7772094
7776254
7780414
7786882
7788706
7791331
7797379
7802347
7803106
7803865
7804594
7805323
7806775
7810065
7811319
7812573
7813827
7814443
7815059
7819119
7822575
7825839
7828989
7832139
7832633
7834609
7837069
7838026
7838983
7840143
7841463
7842163
7842505
7842607
7842709
7842811
7842082
7835894
7823192
7823192
7799272
7752904
7748557
7746559
7758959
7746559
7744583
7739333
7736973
7728195
7728093
7728093
7728093
7727757
7716233
7712105
7703145
7699085
7699085
7696625
7681190
7680233
7680233
7680205
7680103
7677295
7673327
7661051
7660661
7651883
7698251
7710527
7722803
7759147
7770671
7779631
7795066
7799194
7810534
7815109
7821484
7827334
7832834
7836802
7841770
7842570
7844022
7846830
7849638
7851717
7852333
7856393
7859849
7862309
7864769
7865726
7865828
7866218
7866608
7866916
7866944
7820576
7810376
7807751
7820300
7821029
7821001
7806151
7805194
7800226
7803516
7791240
7791030
7790330
7803290
7802498
7802156
7797932
7799908
7788384
7785664
7788256
7791546
7792706
7789986
7789986
7788634
7790870
7778321
7771946
7771246
7765198
7757038
7755878
7738238
7718036
7709076
7694226
7710426
7708066
7703098
7703098
7717948
7722295
7727935
7736083
7748785
7748785
7750161
7758939
7759668
7761120
7764384
7765704
7766046
7766256
7766256
7741000
7735360
7748800
7744576
7708232
7705772
7705156
7701096
7714776
7717136
7717034
7716275
7714299
7709952
7706410
7702250
7688810
7687458
7685460
7682870
7681913
7678623
7674399
7658964
7655508
7654012
7649560
7637947
7635487
7629223
7622755
7614635
7620823
7627011
7663355
7667702
7672049
7681009
7694449
7709884
7716148
7722412
7725954
7731138
7736322
7747935
7756055
7760630
7765082
7766434
7771830
7775990
7782458
7788884
7793108
7796398
7800458
7803914
7806150
7808740
7810716
7813176
7814672
7815629
7815839
7816229
7803527
7802727
7826217
7841652
7817732
7812272
7808730
7807278
7794318
7774116
7771524
7759248
7753608
7752992
7752684
7741160
7737870
7736913
7734288
7730228
7727420
7724830
7724350
7736626
7749175
7769377
7789579
7801103
7806743
7819703
7832663
7841623
7845165
7850415
7862028
7868688
7871313
7873905
7875357
7878165
7881455
7882071
7886131
7889281
7891871
7894461
7895418
7895898
7896598
7896906
7895766
7889502
7888886
7855311
7853991
7866267
7876467
7873875
7855749
7855749
7837623
7853058
7851562
7848298
7861000
7863170
7863970
7864180
7859728
7853464
7851466
7851124
7848404
7849780
7848284
7847144
7843016
7831492
7828772
7826147
7824795
7824585
7823885
7823391
7822632
7809192
7803004
7799462
7797002
7784042
7783313
7782923
7770374
7803949
7810137
7824987
7839837
7863327
7867674
7880223
7896423
7907947
7910667
7923627
7937067
7941195
7945323
7954523
7958065
7961607
7962959
7965584
7970552
7971352
7972111
7972840
7973456
7976606
7979196
7979690
7980184
7982644
7984642
7985342
7985552
7985942
7983182
7949607
7951777
7949698
7937298
7933842
7934571
7930347
7924299
7930487
7933112
7935704
7929044
7926454
7923190
7922233
7920913
7917763
7912123
7907776
7903716
7890756
7890420
7906620
7900980
7892832
7886644
7876444
7874620
7871356
7868996
7862621
7851008
7850980
7847560
7813985
7793783
7792431
7788371
7785221
7769786
7759586
7756322
7752194
7743234
7740426
7694058
7691598
7655254
7654297
7653907
7649847
7638323
7626047
7610612
7606644
7606542
7606514
7606514
7652882
7678138
7684326
7696602
7732946
7756436
7774076
7777496
7795622
7795622
7807146
7812786
7815506
7823654
7832614
7848049
7848049
7852177
7862377
7865919
7871169
7876353
7887966
7896126
7904246
7908821
7910173
7916548
7925326
7926466
7930626
7934594
7938562
7945030
7951456
7951456
7952185
7953637
7956445
7959253
7961332
7962586
7964946
7969006
7969006
7972462
7975726
7978876
7982026
7982026
7984616
7987206
7989796
7991772
7992266
7994726
7997186
7998161
7999118
7999460
7999562
7999952
7999980
8000008
7998656
7994496
8006109
8012769
8016225
8014873
8002171
8001961
7984321
7978133
7975541
7966581
7958421
7953453
7952661
7942461
7936611
7925087
7925087
7922462
7909913
7909913
7907453
7905283
7911471
7924020
7941660
7959300
7975900
7979036
7990560
7998708
7998708
8007668
8020772
8033474
8043674
8053874
8063074
8066616
8070158
8078318
8084693
8084693
8084693
8090543
8090543
8090543
8096043
8101503
8103673
8105843
8112311
8118737
8121362
8123954
8128922
8129681
8131917
8131917
8134377
8135169
8135649
8135859
8123157
8108307
8107607
8100947
8094479
8083139
8076764
8075964
8075164
8074207
8077627
8074477
8061373
8077573
8081733
8065133
8047493
8035969
8002394
8001254
7998494
7997878
8000598
8001974
8002310
7996850
7980250
7979634
7976370
7973910
7967722
7963562
7962833
7950433
7948937
7947980
7932545
7931753
7918649
7914197
7913703
7907277
7913465
7925865
7939305
7954740
7967844
7971386
7976636
7981820
7989940
7998060
8002635
8007087
8009257
8013417
8019885
8026311
8028936
8029665
8031117
8032371
8033625
8034241
8037697
8040961
8041455
8043915
8045411
8046368
8047160
8047640
8048120
8048222
8048530
8033095
8021755
8034457
8034457
8043235
8033035
8030865
8027601
8052857
8048889
8043493
8031093
8040053
8042223
8034063
8038123
8036147
8031179
8026727
8023437
8018253
7994333
7995587
7999043
7998941
7993091
8008526
8006166
8006138
8003968
8027458
8044058
8045015
8032739
8031947
8037797
8034989
8034289
8045813
8034200
8030780
8033240
8026976
8010376
8015876
8009216
8002556
8027812
8033452
8039500
8038340
8031872
8044272
8047422
8041922
8041820
8035394
8034419
8049854
8051350
8048060
8045468
8042660
8038532
8036534
8031034
8035486
8036626
8036968
8030780
8029526
8026934
8063278
8060470
8054206
8050146
8096514
8108038
8112198
8118246
8115438
8114958
8101854
8099684
8098430
8094270
8060695
8059199
8046239
8066441
8069249
8071485
8068029
8056689
8051189
8045689
8039314
8042856
8048252
8028050
8032502
8029082
8027258
8025434
8017286
8014926
8008738
8000590
7989066
7982598
7957342
7957314
7951126
7942348
7939588
7931468
7919944
7919185
7895265
7879830
7875378
7874586
7868946
7868556
7865100
7854900
7853448
7847073
7835733
7825533
7825533
7831721
7846571
7870491
7883040
7900680
7900680
7906320
7906320
7916520
7928133
7936253
7947593
7952045
7957441
7966219
7972879
7978339
7984807
7991275
7997701
7998460
7999912
8004136
8006215
8009671
8012431
8015695
8016670
8017462
8017942
8018284
8018284
8018312
8018340
8018032
8008832
8008622
7996346
7995186
7991218
7973092
7963892
7947692
7947198
7943778
7942402
7938055
7931395
7926211
7900955
7892177
7891967
7878287
7924655
7949911
7975167
7981355
7993631
8005907
8010254
8026454
8044094
8047514
8065640
8071280
8084960
8098640
8107600
8123035
8127163
8137363
8146563
8151747
8163087
8164463
8173241
8182019
8183159
8184299
8190959
8194927
8201395
8201889
8202864
8204024
8204234
8204262
8195062
8188636
8187260
8186006
8183381
8180756
8180276
8165426
8177702
8177702
8161102
8145667
8134054
8121352
8123588
8122212
8120388
8115420
8102460
8100000
8099898
8087622
8083494
8082537
8046193
8043385
8039417
7993049
7977614
7966090
7962030
7961640
7961612
7952652
7939692
7939350
7934166
7928770
7975138
7987414
7999690
8036034
8047558
8059958
8068918
8077878
8093313
8106015
8118717
8122845
8134185
8138153
8139605
8142413
8145221
8149281
8152737
8154973
8157433
8158390
8158732
8158834
8159224
8159252
8159280
8155220
8142944
8166434
8168604
8156204
8152940
8146280
8143520
8134560
8133240
8133630
8129662
8128933
8125391
8158966
8158009
8151349
8104981
8104673
8101131
8112744
8112015
8105640
8109182
8111774
8113270
8114430
8109034
8100886
8100270
8097678
8093103
8093597
8093933
8091763
8055419
8049155
8040195
8028855
8022807
8019657
8018957
8017133
8015879
7999679
7986977
7982402
7978342
7974282
7973325
7968357
7943101
7939965
7928441
7922066
7920090
7918770
7907157
7932413
7948613
7951749
7969875
7981399
7990359
8003061
8014674
8026014
8037354
8041929
8046504
8047880
8054255
8056079
8062127
8064719
8067311
8073359
8078327
8079086
8082376
8083630
8087690
8090840
8092816
8093773
8094730
8095522
8096842
8097542
8061198
8057908
8061876
8056376
8054924
8049528
8045400
8033124
8027728
8027112
8026770
8028024
8022524
8019934
8013559
8010017
8010325
7992199
7975599
7965399
7983039
7982247
7968807
7955367
7959591
7956327
7940892
7953594
7960062
7946382
7945623
7942081
7939273
7934926
7932118
7911916
7912675
7912675
7912675
7912465
7912465
7895865
7895865
7894489
7894153
7894153
7890733
7890733
7890733
7890733
7890239
7890239
7883579
7874801
7869833
7876021
7888297
7912217
7935707
7939127
7955727
7958447
7971407
7985087
8000522
8010722
8019922
8031535
8031535
8032911
8039286
8043254
8047222
8052190
8057158
8059918
8063182
8066332
8069482
8069976
8070312
8071012
8071222
8071432
8035088
8021648
8017196
8018450
8017650
8053994
8050538
8050148
8048069
8048549
8048521
8048041
8062891
8062789
8050513
8062789
8059653
8035733
8030233
8030023
8027303
8038827
8045295
8030445
8023785
8012172
8012172
8009812
8009812
7999612
7991464
7991436
7988016
7988016
7988016
7981641
7981641
7976001
7969813
7968461
7968461
7965197
7998772
8004960
8008380
8028582
8034222
8042370
8057805
8068005
8078205
8083455
8095068
8106681
8111256
8112632
8113984
8120359
8126209
8126209
8128033
8130658
8131417
8134707
8137067
8141127
8144391
8147541
8150691
8150719
8137279
8129159
8127707
8125628
8126882
8124646
8124618
8114418
8110071
8107479
8102229
8098169
8094905
8092280
8090928
8086800
8081340
8074914
8071494
8070878
8024510
8018870
7985295
7976095
7975993
7971769
7965301
7971489
7977677
8014021
8025545
8037069
8039789
8052749
8065149
8078253
8083503
8089878
8091018
8097066
8102034
8102793
8103409
8104025
8108085
8110083
8110185
8110575
8110965
8110993
8064625
8048425
8040265
8038289
8044664
8038400
8037048
8036256
8029830
8020870
8008168
7995892
7994917
7979482
7970704
7966129
7965739
7953339
7950979
7925723
7919348
7910148
7909419
7905359
7900109
7879907
7879697
7878201
7903457
7928713
7940989
7953265
7956401
7974527
7982675
7995075
8004035
8019470
8032172
8044874
8051138
8055266
8064466
8073666
8085006
8089581
8090933
8092285
8098660
8107438
8114098
8120566
8126992
8133418
8134177
8134906
8136358
8140582
8143872
8145126
8145742
8148102
8150462
8154522
8158582
8160818
8163578
8166338
8168314
8170290
8171265
8172057
8172757
8173099
8173099
8173407
8173715
8169263
8166673
8179777
8180734
8171774
8171384
8170427
8166459
8166357
8150922
8148114
8144054
8131778
8120254
8116126
8113666
8077322
8030954
8030926
8077294
8089570
8125914
8140764
8164684
8176208
8185168
8200603
8204731
8212891
8221011
8225463
8226815
8227955
8233455
8237423
8240231
8244291
8246751
8249211
8250707
8252705
8253662
8253764
8254154
8254182
8252806
8252312
8246672
8231822
8243346
8252306
8239604
8238804
8237428
8231968
8227000
8193425
8182085
8180831
8178471
8173896
8169928
8165476
8156276
8144663
8144047
8142223
8175798
8199288
8211837
8229477
8232897
8244421
8253621
8265234
8276574
8281149
8285601
8286977
8292437
8294607
8298575
8305043
8306867
8311835
8316803
8317603
8320411
8323219
8324473
8325089
8327449
8330905
8331399
8333375
8334167
8333367
8319927
8316791
8301941
8301605
8296209
8292945
8288817
8288817
8282349
8277381
8260781
8249257
8245801
8230951
8226376
8223112
8216452
8213162
8212370
8204250
8203090
8202754
8236329
8236329
8248878
8254518
8267478
8267478
8271606
8271606
8279726
8284301
8290676
8290676
8290676
8294836
8294836
8296090
8297065
8298022
8298124
8298334
8251966
8248424
8248034
8249858
8255906
8255177
8249993
8251991
8239031
8227507
8226253
8238955
8226253
8226043
8224591
8207991
8207963
8184043
8180075
8179595
8178638
8178144
8175552
8170368
8169752
8168993
8157380
8155556
8140706
8139546
8134046
8148896
8172816
8189016
8205616
8211256
8224696
8237398
8247598
8256798
8261982
8267166
8278779
8283231
8287199
8293667
8295491
8298083
8304131
8306723
8307482
8308934
8309550
8310166
8310660
8311635
8312592
8313752
8314912
8315392
8315734
8315944
8316154
8316364
8316754
8316782
8316810
8316081
8315465
8309965
8333885
8339345
8334770
8334011
8333282
8330132
8324672
8320325
8315750
8319810
8317986
8334586
8352712
8358352
8366500
8376700
8385900
8397240
8401815
8406267
8410427
8412251
8413051
8416201
8418661
8419636
8420336
8420678
8420888
8420786
8419986
8413722
8411746
8410394
8374050
8370760
8366700
8367429
8363269
8357769
8357559
8356207
8353747
8353047
8346859
8346100
8341972
8339252
8338523
8338133
8337639
8324679
8313155
8306687
8304062
8291513
8287971
8274531
8286055
8299735
8313415
8328850
8335114
8345314
8346690
8348066
8354441
8356611
8360771
8367239
8369063
8372353
8373607
8377667
8381727
8384487
8387751
8390211
8392671
8393007
8392278
8385810
8381358
8380401
8376177
8369913
8363445
8359285
8357933
8349813
8348317
8336704
8334244
8330954
8327412
8323065
8319609
8317633
8315043
8299608
8286168
8319743
8323163
8331311
8344991
8358431
8367631
8378971
8382939
8384763
8387388
8392356
8393085
8394537
8398761
8400997
8403757
8405253
8406573
8407053
8406711
8393751
8392776
8381163
8379787
8367238
8359078
8357702
8360992
8358232
8357532
8353472
8365748
8389668
8377392
8374584
8374482
8371857
8386707
8386227
8394347
8398407
8385447
8379072
8380392
8375817
8373841
8372521
8378569
8378089
8377330
8376170
8377546
8372150
8370654
8354054
8365578
8366718
8363298
8359074
8335584
8332824
8333318
8333010
8326350
8308224
8294544
8294064
8291256
8293335
8279655
8278159
8286307
8281123
8244779
8229344
8217068
8208108
8207718
8161350
8158890
8147366
8143238
8143210
8143108
8142151
8139343
8135375
8131315
8177683
8189959
8226303
8230650
8233786
8236922
8248446
8254086
8256806
8265766
8274726
8283686
8299121
8303249
8312449
8317633
8328973
8335348
8341198
8342338
8346306
8352354
8355162
8358452
8362512
8365662
8368812
8371272
8372229
8373389
8373491
8373881
8374271
8374299
8373963
8367303
8347101
8343559
8337919
8337425
8333365
8332408
8331792
8329202
8316242
8315762
8315454
8314002
8302478
8290202
8287394
8284769
8281479
8278887
8265447
8290703
8302979
8320619
8323755
8343957
8355481
8361121
8374081
8384281
8387823
8393219
8397187
8399812
8402404
8403856
8408080
8410888
8414178
8415432
8416048
8416664
8420724
8424784
8428240
8430476
8433236
8435826
8437802
8438296
8440272
8441768
8442725
8443517
8443997
8444305
8438845
8438455
8435319
8435109
8434767
8440163
8427763
8415214
8399014
8392826
8390747
8389790
8371664
8371322
8379470
8381446
8372246
8346990
8352386
8361164
8360822
8355182
8343842
8339874
8339380
8337928
8333768
8331178
8330968
8330011
8342287
8358887
8367007
8368503
8368605
8367109
8330765
8330271
8324771
8324042
8322546
8319410
8318034
8309256
8309228
8309228
8302760
8302760
8298308
8298308
8295548
8271628
8265988
8259800
8259041
8255585
8245385
8244593
8236473
8235021
8235021
8229837
8229137
8275505
8279852
8296452
8302092
8307732
8315892
8324052
8332172
8338832
8344292
8346462
8352888
8356152
8358128
8358338
8357722
8353270
8333068
8316868
8310680
8312132
8311790
8311482
8305107
8294907
8289057
8286887
8275363
8272771
8272561
8271307
8253667
8241118
8238658
8232232
8227264
8224639
8216479
8203777
8202985
8197525
8188565
8182377
8188565
8201114
8218754
8222174
8233698
8245222
8253370
8262330
8275032
8279160
8289360
8297520
8308860
8314710
8320170
8322340
8326500
8332926
8335551
8338143
8343111
8344563
8345179
8348329
8350789
8351746
8352538
8353238
8353448
8347260
8343718
8337454
8342914
8338462
8329502
8319302
8299100
8298341
8296517
8293367
8286899
8273459
8269299
8256339
8247561
8250281
8263961
8251561
8245093
8238718
8235582
8232992
8215352
8214098
8212778
8212284
8203506
8198110
8185006
8181742
8179382
8170422
8168970
8164910
8164520
8155560
8180816
8217160
8232010
8249650
8266250
8269386
8272106
8285786
8294746
8294746
8307850
8320552
8333254
8344867
8353027
8358423
8363819
8370194
8378972
8384822
8390322
8395782
8402250
8404074
8405526
8406780
8409140
8413200
8416464
8419054
8421644
8422138
8423458
8424250
8424950
8425340
8400084
8399590
8388250
8375974
8372432
8370262
8376112
8380272
8384240
8389208
8382548
8381789
8379164
8381884
8382584
8381825
8378689
8376519
8371123
8368533
8367804
8366452
8351017
8348657
8344597
8336449
8330809
8330781
8324593
8321443
8318023
8284448
8283096
8272896
8269632
8267808
8256195
8249820
8229618
8214183
8237673
8243313
8252513
8257909
8263409
8267569
8269567
8270359
8270149
8257189
8254469
8258011
8259363
8259573
8258197
8253013
8249863
8247887
8246567
8240192
8234144
8208888
8207064
8194362
8189394
8185334
8180759
8169419
8168165
8165029
8153505
8152805
8141192
8124992
8124035
8149291
8165491
8168627
8171763
8183287
8194811
8210246
8222948
8229212
8238412
8250025
8261365
8265940
8272315
8278975
8280799
8286847
8289439
8294407
8295166
8296420
8300480
8303630
8305606
8306100
8308560
8309517
8310837
8311537
8311639
8312029
8288109
8286133
8285653
8274313
8264113
8262617
8262275
8262275
8260779
8248379
8236766
8241218
8217298
8210872
8209712
8208216
8207076
8194527
8192167
8189997
8183571
8179224
8132856
8129720
8128763
8122715
8121986
8116486
8116006
8110156
8122432
8131210
8124550
8122552
8121936
8115888
8124008
8125384
8118724
8102524
8087089
8076889
8072729
8066354
8041098
8040369
8035185
7998841
7997389
7988611
7992031
7992790
7992061
7990063
7987438
7963518
7963176
7950216
7958336
7956338
7944062
7907718
7905258
7911446
7912942
7913899
7914109
7908259
7901599
7914148
7907722
7903270
7900006
7899512
7886408
7883948
7871548
7870052
7869436
7868479
7867750
7863590
7857402
7856610
7841175
7840785
7804441
7800313
7788789
7776513
7767553
7767525
7721157
7720200
7717392
7713424
7710964
7695529
7691469
7691367
7681167
7679343
7712918
7759286
7765474
7777750
7814094
7837584
7853784
7870384
7873520
7885044
7896568
7904716
7917116
7926076
7941511
7956946
7970050
7982752
7986880
7995000
7999452
8000592
8004752
8008720
8012688
8019114
8025540
8030508
8031237
8034045
8036853
8037469
8038085
8042145
8046205
8049469
8052733
8053227
8053721
8056181
8058641
8061101
8062597
8063554
8064511
8065468
8066260
8066740
8066842
8067232
8067622
8068012
8068012
8068040
8068068
8066572
8062348
8058380
8046856
8041888
8043340
8045316
8042726
8017470
8017470
8025630
8029790
8029454
8025912
8022456
8021664
8017212
7970844
7965660
7964520
7966690
7969840
7969812
7965465
7964736
7961280
7974240
7979424
7985892
7984752
7960832
7968992
7969751
7972511
7969791
7968631
7967902
7965666
7963306
7961930
7960955
7965179
7957059
7954467
7949217
7947393
7941543
7943622
7940332
7937042
7936085
7920650
7914182
7901782
7893634
7888134
7886310
7881735
7872535
7868083
7849957
7844317
7839133
7838791
7838091
7832451
7831651
7830676
7830466
7827316
7810716
7802568
7800108
7789908
7785748
7832116
7857372
7863560
7899904
7916504
7933104
7951230
7971432
7991634
7997274
8005422
8020857
8036292
8046492
8055692
8064892
8076232
8080807
8085382
8089834
8094286
8100136
8105596
8107766
8111926
8116086
8122554
8124378
8130426
8136474
8137274
8138074
8138803
8140057
8143207
8143701
8146161
8147136
8148111
8149086
8149566
8150266
8150608
8150818
8150846
8125590
8124615
8108015
8107805
8113445
8067077
8058117
8055309
8046531
8047907
8053367
8052638
8046788
8023298
8017448
8035088
8041556
8039580
8033730
8021028
7997108
7993958
8014160
8001458
7999460
7998844
8007622
7984132
7981372
7977148
7978600
7975975
7973739
7970603
7965635
7958975
7958275
7952879
7948911
7933476
7923276
7920126
7903526
7890566
7890356
7889656
7889320
7865830
7841910
7840534
7840040
7837320
7833900
7867475
7901050
7915900
7939820
7963310
7967657
7971077
7987677
8007879
8010599
8023559
8038994
8043122
8053322
8058506
8059882
8064042
8068010
8074478
8080946
8083571
8084371
8086450
8089714
8092864
8095454
8095948
8096740
8097076
8097776
8097986
8098196
8083346
8076920
8065580
8062038
8068302
8072270
8072606
8068259
8064803
8052254
8035654
8037652
8038042
8036218
8032928
8030168
8028089
8014409
8020259
8022429
8026397
7992822
7977387
7976587
7975211
7986735
7992235
7982035
7981235
7977971
7995611
7989185
7988849
7988149
7987939
7983487
7983823
7971274
7966090
7947964
7931364
7926912
7890568
7886440
7885640
7874300
7858100
7862447
7874996
7878132
7883772
7897452
7898409
7898745
7881105
7878645
7872381
7871061
7859537
7854037
7807669
7807567
7792132
7792104
7789644
7785584
7773308
7770500
7766532
7762404
7761447
7749923
7749923
7713579
7704619
7698193
7731768
7778136
7803392
7815668
7852012
7856359
7867883
7880843
7889803
7905238
7920673
7924801
7926177
7930145
7932770
7935395
7936195
7939003
7943063
7947123
7950579
7953843
7957107
7959567
7961063
7962020
7963180
7963660
7963762
7963972
7964362
7964390
7960422
7958446
7940320
7934820
7930692
7924224
7921764
7918628
7918292
7900652
7896428
7895636
7893276
7892319
7889169
7885879
7879411
7870211
7895467
7919387
7931936
7949576
7967216
7970352
7988478
8001582
8005710
8009838
8020038
8024490
8033268
8038768
8042736
8049204
8049933
8054157
8057447
8059807
8063263
8066413
8068389
8070849
8071806
8072763
8073555
8073891
8073919
8068069
8063101
8057601
8024026
8012502
8009366
7995926
7982246
7978118
7976864
7976864
7976522
7971947
7983287
7977891
7976439
7961589
7960429
7960039
7956749
7958747
7957251
7952676
7932474
7931994
7929274
7935700
7938292
7926016
7921669
7920415
7924475
7925635
7922485
7910961
7898685
7895265
7892457
7893617
7892265
7894241
7888391
7885127
7883303
7881305
7868201
7869697
7869307
7866547
7854271
7845493
7840033
7822393
7823553
7808703
7807543
7793863
7780423
7783143
7774983
7774641
7769181
7751541
7740017
7734767
7737359
7719719
7717483
7693563
7675437
7675335
7672615
7672405
7685365
7694325
7699509
7700484
7691706
7688416
7688314
7700863
7688587
7685045
7683593
7683593
7682636
7666036
7660640
7654790
7653414
7665690
7666665
7663209
7662819
7662019
7668394
7665104
7653764
7648264
7648162
7647772
7643197
7638622
7647582
7647480
7638520
7638418
7633450
7644974
7651238
7652590
7649782
7646362
7644538
7641730
7628770
7628798
7623830
7623336
7620711
7612551
7611594
7611594
7607142
7605888
7607048
7600860
7594596
7594260
7619516
7625704
7662048
7670196
7683636
7696338
7702713
7706873
7710841
7713433
7714192
7715644
7718934
7720188
7722948
7725538
7727536
7728856
7729198
7729408
7721260
7720644
7719484
7708144
7702644
7727900
7721525
7717178
7707978
7705618
7704826
7696048
7695319
7670063
7663799
7651097
7649745
7634310
7625350
7621290
7614864
7613889
7601613
7601613
7597038
7590663
7578263
7578263
7590539
7602815
7639159
7643506
7661146
7666786
7672426
7675146
7687546
7696506
7705466
7720901
7733603
7739867
7743995
7753195
7764808
7769383
7773835
7775187
7781562
7790340
7794308
7798276
7804702
7810750
7811479
7813839
7813839
7815837
7816812
7817604
7817946
7817946
7817974
7812790
7799350
7799350
7824606
7788262
7784998
7780546
7775578
7778868
7766592
7765432
7760857
7758881
7745201
7741745
7732785
7736913
7742163
7730823
7727403
7728657
7724497
7712884
7712390
7712000
7706604
7705875
7729365
7745965
7757305
7760569
7761063
7755015
7754707
7736581
7731081
7725897
7725168
7742808
7717552
7714962
7714346
7719742
7723802
7719642
7702002
7704810
7698622
7689422
7689086
7688286
7686116
7686458
7680032
7679303
7665863
7664487
7649052
7634202
7634202
7628014
7627314
7632498
7612296
7611596
7586340
7585200
7579350
7570390
7570288
7567828
7563768
7563378
7551102
7535667
7532859
7528891
7524763
7513239
7476895
7430527
7430499
7429542
7426950
7431297
7449423
7469625
7489827
7495467
7505667
7514445
7517070
7523118
7525710
7530678
7531437
7533435
7535433
7536753
7537089
7537431
7537089
7535113
7531977
7520453
7514078
7510928
7506868
7501900
7476644
7475944
7463242
7461418
7460098
7455523
7443910
7427710
7426753
7415413
7414159
7408111
7407352
7402777
7449145
7474401
7489251
7505451
7508587
7520111
7533071
7545773
7549315
7552857
7558041
7569654
7580994
7585569
7591944
7597794
7603644
7610304
7612128
7614753
7620801
7625769
7630737
7631537
7632989
7634243
7638303
7641453
7643429
7645405
7645899
7646393
7647350
7648670
7649370
7649580
7631454
7627394
7620968
7608419
7607803
7609779
7605327
7600077
7589877
7636245
7636861
7639621
7627221
7618261
7612865
7604705
7604705
7596557
7590707
7589211
7586851
7577651
7565375
7562785
7562026
7556842
7556814
7554838
7541398
7537942
7536985
7534265
7521563
7520423
7532699
7544975
7549322
7565522
7568658
7571378
7579526
7587674
7601114
7614554
7627256
7633520
7642720
7647904
7656064
7664184
7670034
7671174
7676674
7682134
7688560
7693528
7694328
7695087
7697895
7700255
7704315
7707771
7710007
7712597
7714573
7716069
7718067
7719024
7719504
7719532
7717534
7713187
7689267
7695117
7686969
7674693
7668843
7666253
7659593
7653125
7657285
7661253
7658661
7652001
7640661
7639501
7626799
7624439
7623823
7623023
7618055
7616801
7611341
7602141
7598173
7593721
7592345
7581005
7569392
7564817
7531242
7529418
7526958
7524598
7508398
7528600
7534240
7540504
7544046
7549230
7554626
7557218
7558670
7561934
7562428
7538938
7525498
7512538
7497103
7490635
7487179
7475566
7452076
7436641
7430791
7430032
7427407
7423279
7420129
7419787
7406683
7405231
7393618
7392661
7389397
7386107
7372427
7368267
7361892
7361276
7360547
7359387
7353199
7348624
7347865
7353505
7367185
7382620
7398055
7411159
7415287
7418829
7424079
7435692
7437068
7443443
7449293
7453453
7456078
7456837
7457596
7458325
7459777
7462585
7465875
7466491
7469755
7472905
7473862
7475182
7475882
7476224
7476326
7476634
7476942
7472367
7447111
7444941
7481285
7501487
7514927
7528031
7540733
7549933
7561546
7569706
7574281
7575657
7581157
7587625
7590250
7592842
7593642
7594258
7596234
7597554
7597944
7585242
7583266
7581890
7577438
7574288
7571828
7555228
7554886
7550311
7546343
7546133
7536933
7535958
7530318
7529618
7519418
7511270
7507110
7488984
7488184
7486360
7502560
7518760
7522180
7538780
7556906
7575032
7595234
7600874
7609022
7621982
7635086
7647788
7657988
7667188
7676388
7680963
7685415
7691790
7695950
7697774
7702742
7707710
7708510
7709239
7711999
7715149
7717609
7718584
7719284
7719984
7720326
7720536
7716994
7714915
7701235
7695839
7682399
7681442
7679206
7675664
7667544
7662294
7658838
7670451
7670479
7670479
7661279
7660322
7640120
7639504
7636214
7634762
7634454
7628814
7626006
7623416
7620791
7616731
7605207
7592931
7590339
7577379
7576899
7573357
7598613
7622533
7635082
7651682
7671884
7674604
7682752
7695454
7701718
7711918
7722118
7727302
7738915
7750255
7755715
7757885
7760345
7762343
7763318
7763626
7763934
7761855
7775295
7787997
7775295
7759095
7755553
7755553
7755861
7752711
7749169
7753137
7750547
7750547
7737443
7730975
7730975
7739123
7732463
7720850
7704650
7703921
7716321
7716321
7711746
7701546
7702998
7699708
7695548
7682588
7694864
7697584
7706544
7711728
7716180
7717532
7722928
7731706
7732846
7738346
7744394
7749362
7750162
7752398
7755662
7757638
7757974
7758316
7758344
7750184
7749392
7731752
7726784
7720358
7714508
7701959
7699789
7697164
7694572
7694362
7685402
7679214
7669014
7657490
7652030
7649570
7636868
7636658
7636322
7633172
7630936
7637124
7643312
7655588
7679078
7691627
7707827
7725467
7745669
7757193
7768717
7777677
7790379
7794507
7804707
7813907
7822067
7827917
7833767
7839227
7841397
7845557
7851983
7853807
7856432
7859024
7863992
7864792
7867252
7868044
7869364
7869700
7869910
7870300
7846810
7845670
7840170
7822530
7819380
7830904
7831861
7819312
7811192
7809022
7807570
7807076
7806768
7783278
7819622
7818368
7817888
7817408
7812012
7805544
7790694
7790214
7788044
7781856
7771656
7769066
7768586
7781135
7779881
7777905
7772445
7778820
7777680
7775090
7771826
7762866
7757682
7773117
7779381
7762781
7760611
7752451
7751476
7717901
7719725
7721804
7706954
7701986
7701776
7698640
7682440
7670164
7666708
7656508
7653883
7641483
7626048
7620652
7619398
7623850
7629898
7625738
7623502
7619374
7643294
7661420
7662377
7637121
7625781
7616821
7614013
7613213
7609757
7624607
7648527
7652874
7656294
7672894
7675614
7688574
7700974
7714654
7728094
7738294
7744669
7747261
7748020
7748749
7750828
7754118
7757574
7760838
7761998
7762790
7762448
7759298
7758498
7757523
7742088
7747338
7751562
7750110
7746654
7742594
7733634
7727259
7726869
7741719
7738999
7736829
7690461
7672821
7669401
7678361
7691465
7695689
7697665
7695429
7692621
7669131
7668637
7672057
7685161
7691629
7692245
7691288
7688024
7675322
7670975
7669599
7668870
7660722
7660722
7651944
7646304
7645962
7644642
7643190
7642980
7642980
7628130
7628130
7625410
7625410
7625410
7671778
7677966
7692816
7697163
7713363
7716499
7734625
7740265
7742985
7751133
7764813
7777515
7788855
7793307
7794683
7803461
7810121
7816169
7816969
7817698
7819150
7821910
7825174
7827764
7828258
7829578
7829920
7830130
7830520
7828441
7828441
7822591
7820355
7836955
7828177
7824887
7820759
7837359
7846559
7851743
7855711
7855921
7902289
7918489
7921909
7930057
7942759
7952959
7962159
7970937
7972077
7977577
7981801
7985257
7987493
7990757
7991714
7990460
7985276
7979228
7976078
7989182
7985022
7982397
7979937
7973277
7972137
7973297
7961684
7961656
7944016
7944016
7928581
7926121
7922579
7904939
7907529
7907427
7895903
7891451
7896701
7876499
7864886
7864886
7869233
7861113
7848153
7824663
7824327
7820359
7796439
7793719
7777119
7776625
7773475
7758040
7756664
7756454
7753034
7752334
7742134
7729432
7765776
7789696
7813186
7816606
7833206
7835926
7848886
7864321
7868449
7878649
7883833
7891993
7896568
7897944
7906722
7910690
7913282
7915361
7918511
7919005
7921465
7922422
7922758
7923458
7923668
7923668
7918168
7901568
7888866
7882491
7874331
7871706
7871090
7858388
7853813
7851221
7842021
7840045
7839655
7826551
7825751
7824431
7788087
7782587
7770974
7764506
7744304
7730864
7767208
7791128
7808768
7828970
7841930
7854890
7868330
7881434
7894136
7903336
7908586
7913836
7925449
7933609
7938184
7944844
7950344
7956812
7959437
7962062
7964654
7965454
7966254
7966870
7970326
7973590
7976854
7979444
7981420
7983396
7984716
7986036
7986246
7986456
7986456
7986764
7981514
7981172
7980864
7978628
7969850
7965398
7961856
7982058
7987908
7979130
7980626
7977818
7966294
7965337
7963841
7951441
7948177
7947683
7941495
7939035
7923600
7919148
7918532
7914372
7907946
7907154
7894050
7893321
7889353
7922928
7929116
7941392
7964882
7977282
7989682
8002082
8017517
8030621
8043725
8049989
8056253
8060705
8067365
8069535
8073695
8080121
8080121
8080850
8081579
8082308
8085116
8088406
8089022
8093082
8096346
8096840
8099300
8100796
8101753
8102545
8102573
8056205
8043805
8045125
8043985
8038345
8031877
8020264
8014216
8038136
8051240
8054000
8050710
8057085
8055709
8042029
8037805
8034263
8080631
8085083
8070233
8057684
8052500
8052472
8039770
8039290
8037838
8026225
8025268
8008668
8008052
8005460
8005250
7990400
7989641
7989147
7987987
7964067
7962243
7958275
7964463
7979313
7979313
7979313
7991862
7995282
8011882
8023406
8036108
8040236
8043778
8043778
8055391
8056767
8063427
8067395
8071363
8073187
8075011
8077603
8078362
8079091
8079820
8081272
8084080
8084696
8088756
8089250
8090225
8091182
8092342
8092822
8093032
8093060
8092085
8079809
8085659
8086359
8074083
8072587
8036243
8034989
8022029
8010689
8034609
8025409
8020441
7986866
7986074
7976874
7980416
7980108
7978656
7978320
7965618
7964859
7959359
7959331
7946629
7935016
7921336
7920994
7922346
7931124
7934580
7935555
7934395
7923055
7917805
7917189
7908229
7908127
7904671
7893331
7892572
7882372
7918716
7942636
7946983
7949703
7957851
7969191
7970567
7971919
7977379
7982839
7985009
7987634
7989994
7992754
7996018
7997994
7998969
7999926
8000316
7994268
7986120
7973016
7981176
7978584
7975164
7975658
7962218
7960898
7958308
7950160
7946870
7944110
7937735
7933575
7932816
7920114
7918860
7918518
7917066
7913098
7911100
7874756
7872164
7865976
7865766
7865664
7863204
7869392
7905736
7920586
7935436
7959356
7982846
7985566
7993714
8006114
8019554
8032994
8045696
8058398
8064773
8073551
8077711
8081871
8086031
8089999
8092591
8093350
8094079
8095531
8098821
8100075
8104135
8107591
8110351
8112941
8114437
8116435
8117392
8118712
8119504
8120824
8121304
8121640
8121982
8122192
8117224
8111036
8108316
8101941
8102557
8096131
8078005
8071537
8070778
8076418
8076754
8064478
8064136
8057668
8055076
8053936
8044976
8044360
8040136
8039344
8039316
8044816
8042818
8027968
8023840
8019780
8017544
8023732
8041372
8028268
8027311
8026817
8009177
8003537
8002397
7999637
7996877
7979237
7979209
7987357
7982905
7982695
7973495
7965347
7965005
7960430
7959730
7949530
7943890
7942066
7939606
7923006
7919856
7915696
7914896
7896770
7895795
7895315
7870059
7886659
7903259
7921385
7927025
7935173
7945373
7954573
7963773
7972973
7982173
7987357
7995477
8000052
8004504
8005880
8007232
8008584
8013980
8015120
8019280
8021104
8023696
8024496
8025948
8027400
8030550
8033700
8035676
8038136
8039111
8039811
8040511
8041211
8041553
8041763
8042153
8041659
8032881
8032671
8028324
8027164
8020504
8016536
8015160
7989904
7976224
7958098
7952914
7943714
7931438
7928018
7911818
7900294
7898296
7897136
7893076
7887028
7883892
7882638
7880814
7879857
7879157
7874582
7849326
7837802
7836482
7831514
7828364
7821989
7805789
7794449
7782836
7770134
7768158
7793414
7805690
7842034
7878378
7882725
7895274
7911474
7914894
7918314
7936440
7954566
7957286
7970246
7983206
7996886
8003150
8012350
8017534
8025654
8027030
8035808
8036948
8043608
8047768
8051736
8058204
8064252
8065011
8067090
8069169
8072459
8073713
8077773
8081833
8085097
8088247
8091397
8091891
8094351
8095511
8095991
8096691
8097033
8097243
8097551
8079425
8079215
8080469
8080469
8079017
8072642
8079017
8081377
8070037
8068685
8062217
8059067
8046107
8044731
8041467
8054427
8053173
8051919
8018344
8016368
8015393
8013897
8026857
8038197
8038997
8026448
8012768
8001244
7998094
7985545
7985155
7985155
7991815
7994965
7983441
7978866
7975576
7967456
7955932
7932012
7925964
7921904
7912704
7912494
7910324
7894124
7891364
7882164
7884140
7870460
7867196
7862972
7861718
7856468
7853876
7829956
7828504
7825744
7789400
7783136
7776761
7776425
7776733
7764457
7761997
7753877
7751879
7753255
7752947
7749811
7739611
7736321
7712831
7724171
7728139
7723979
7722003
7721244
7717116
7717116
7720252
7721392
7696136
7683736
7683708
7677520
7682704
7672504
7669696
7667872
7663297
7662538
7661922
7660668
7660326
7660942
7656367
7651399
7645351
7635151
7609895
7603235
7600475
7587035
7577835
7565559
7564419
7559169
7557793
7557485
7553357
7551278
7550578
7542458
7536410
7534050
7520610
7545866
7552054
7575974
7599464
7615664
7627188
7632828
7641788
7651988
7661188
7669308
7675968
7679936
7683904
7686529
7689121
7694089
7694889
7696143
7697639
7698614
7698922
7697426
7691051
7690661
7699621
7700115
7695955
7691987
7691987
7685939
7691579
7700539
7713241
7714561
7708093
7707136
7683216
7683216
7675056
7638712
7636120
7634144
7629569
7628769
7616067
7615451
7609951
7608631
7602163
7588723
7577110
7564006
7561381
7561381
7552181
7531979
7530003
7518479
7518479
7552054
7577310
7613654
7637574
7641921
7658121
7676247
7696449
7708849
7722289
7735729
7749169
7762273
7774975
7787677
7800379
7806643
7810771
7820971
7830171
7833713
7838897
7850510
7862123
7870283
7874858
7879433
7884829
7890225
7899003
7904853
7905993
7911493
7916953
7920921
7927389
7933857
7940325
7946751
7948575
7951200
7953825
7956417
7957217
7958017
7958817
7959433
7960049
7964109
7967565
7970325
7973589
7974083
7976059
7978519
7980979
7982299
7983619
7984939
7985419
7985761
7985863
7986253
7986643
7986951
7975611
7971643
7972259
7970883
7969387
7966627
7964803
7961653
7964245
7964739
7928395
7922020
7915552
7914232
7911642
7911148
7908012
7904748
7887108
7881712
7869436
7867076
7863016
7861762
7852984
7844024
7830920
7830530
7829078
7824854
7823502
7846992
7860096
7863638
7875251
7883371
7891491
7899611
7904186
7906778
7909370
7910624
7914080
7917536
7920296
7923056
7926320
7927816
7928026
7922176
7919551
7914583
7914373
7922521
7934134
7922794
7914674
7909034
7902566
7900396
7892248
7886060
7885850
7881790
7848215
7843763
7843763
7880107
7877647
7876918
7874942
7868516
7881620
7889740
7878216
7874796
7870572
7862412
7850136
7864986
7849551
7848935
7842275
7835849
7834497
7828122
7825762
7816984
7816984
7816984
7804584
7791882
7790907
7775472
7774743
7765783
7759519
7759519
7758727
7757935
7748735
7744160
7731884
7727432
7752688
7758876
7771152
7783552
7795952
7804912
7818352
7833787
7846891
7859593
7872295
7878559
7887759
7892943
7897518
7898870
7900222
7901574
7906970
7913345
7919720
7928498
7933958
7940384
7946810
7952858
7953587
7956395
7959203
7961563
7963923
7967983
7970743
7971718
7972510
7972900
7973290
7973680
7970390
7969896
7956456
7951272
7947982
7954450
7958510
7959302
7959092
7953696
7953306
7943106
7954446
7955403
7954428
7958488
7952020
7951320
7950363
7948867
7936591
7931407
7931305
7934455
7928407
7914727
7911463
7910209
7925644
7933764
7937732
7937942
7937942
7932302
7929152
7925092
7943218
7941898
7936438
7928290
7925482
7924342
7919374
7918894
7914834
7903310
7886710
7884120
7882144
7880168
7903658
7908005
7911425
7920385
7931725
7932865
7935035
7937627
7938386
7942610
7944689
7948749
7951209
7952705
7953497
7953839
7954049
7942709
7936241
7935625
7934371
7927945
7918985
7924835
7924106
7920138
7920867
7922363
7918016
7905314
7904614
7900554
7934129
7931537
7918835
7913195
7929395
7937555
7938530
7923680
7922304
7919544
7914084
7912260
7906800
7918324
7919776
7915808
7917304
7908526
7906550
7901366
7889090
7886370
7885570
7880602
7880574
7875074
7874732
7869336
7869000
7862952
7860716
7856264
7855124
7846164
7842900
7841548
7832348
7829628
7841904
7856754
7861101
7864237
7866957
7875105
7884065
7890329
7895513
7903673
7908125
7909477
7914873
7923651
7924791
7931451
7936951
7943419
7949887
7956313
7962361
7968409
7973377
7974177
7974936
7977015
7979094
7982550
7984786
7988050
7991314
7993290
7995288
7995768
7996104
7996446
7996474
7993849
7985729
7983753
7996455
7997155
7990495
7944127
7943427
7942107
7933959
7932507
7931131
7931341
7907851
7906355
7904903
7899507
7907667
7899547
7898755
7882155
7879919
7871141
7862181
7858725
7822381
7824551
7813027
7807387
7806893
7819169
7820309
7817717
7816958
7812898
7809762
7807042
7789402
7785982
7768342
7762492
7752292
7749700
7747240
7740814
7734626
7723102
7722310
7713350
7711180
7703020
7698052
7692592
7679890
7677265
7664716
7664506
7710874
7757242
7763430
7769618
7784468
7797017
7809566
7827206
7845332
7856856
7862496
7865216
7878656
7887616
7900318
7910518
7920718
7929918
7938078
7942653
7948503
7953963
7956133
7958303
7964771
7971197
7973822
7976414
7981382
7982182
7983634
7987694
7989930
7992166
7994626
7996624
7997416
7997626
7998016
7994880
7981200
7975560
7972968
7969678
7968919
7954069
7951349
7947893
7944629
7938254
7937094
7933674
7919994
7906554
7905597
7888997
7884650
7860730
7859938
7859209
7857130
7844730
7850918
7857106
7893450
7929794
7944644
7959494
7983414
7987761
8005401
8008821
8025421
8031061
8036701
8039421
8042141
8054541
8068221
8081661
8094765
8107467
8113731
8118915
8125290
8130750
8134910
8138878
8141470
8142229
8142958
8145037
8148327
8150687
8154143
8156379
8159643
8162793
8163287
8164262
8165422
8166214
8166424
8159998
8150798
8150039
8146903
8141053
8124453
8136729
8150409
8142249
8141633
8141633
8137473
8131098
8126938
8110338
8107878
8102418
8135993
8147517
8158857
8158959
8152911
8146647
8146257
8151653
8151653
8149829
8147109
8141259
8135863
8147476
8151444
8146260
8137060
8131560
8128968
8115528
8102424
8082222
8073022
8070397
8069781
8057079
8056279
8051704
8045236
8043260
8031647
8031257
8029937
8021777
7985433
7985223
7977103
7971603
7971603
7995093
8007642
8020191
8040393
8054073
8063033
8063033
8076137
8088839
8092967
8102167
8113780
8113780
8118355
8119731
8126106
8134884
8140384
8146852
8149477
8152069
8152869
8154321
8155575
8156191
8156807
8159397
8159891
8161867
8163843
8165819
8167315
8167315
8167651
8167861
8167861
8167161
8165082
8160630
8142504
8134356
8128716
8125566
8108966
8104806
8103831
8093631
8093421
8091597
8082397
8079937
8079137
8074562
8074220
8073520
8060560
8057018
8057018
8069567
8086167
8102767
8120893
8132417
8138057
8146205
8158907
8169107
8178307
8182882
8187334
8192834
8196994
8201154
8202978
8203778
8206138
8209594
8212744
8215204
8216179
8217339
8218039
8218381
8218591
8209813
8209319
8208159
8206335
8197557
8196757
8180557
8168944
8168602
8168294
8161826
8149124
8145860
8120604
8119988
8117528
8112344
8111024
8106677
8081421
8077361
8076221
8101477
8124967
8148457
8152804
8169004
8185204
8193352
8206312
8219752
8232454
8241654
8246838
8258451
8267229
8273079
8274219
8280687
8282511
8283311
8285390
8286644
8287260
8287876
8291140
8294290
8296750
8298748
8300068
8300410
8300718
8285283
8277135
8276335
8289439
8292981
8292981
8292006
8287659
8286867
8281227
8269703
8261555
8259319
8251159
8247031
8250181
8244541
8244331
8245491
8240031
8230831
8219491
8218762
8218372
8218372
8220732
8221892
8216042
8214546
8215998
8202318
8190042
8166552
8164382
8161662
8169782
8175632
8177992
8178472
8153216
8140256
8139556
8139062
8135642
8135306
8133930
8110440
8093840
8083640
8079672
8055752
8052602
8037167
8036957
8034237
8058157
8081647
8105137
8108557
8111977
8128577
8148779
8151499
8164459
8179894
8192596
8202796
8206338
8211588
8223201
8224577
8230952
8236412
8240380
8246806
8250096
8254156
8257420
8260570
8263160
8263654
8264446
8264782
8265482
8265824
8266166
8266376
8260980
8257830
8249670
8238330
8233362
8230098
8226130
8217970
8217170
8201735
8189033
8197153
8193025
8187841
8186489
8189625
8192385
8177535
8173188
8171018
8150816
8145420
8138952
8142372
8142714
8140254
8138878
8138384
8138356
8136358
8129698
8116258
8115916
8112626
8106251
8103491
8097303
8089155
8086565
8085245
8085035
8083583
8082824
8046480
8042512
8038352
8035760
8023058
8021804
8019806
8025994
8038270
8074614
8078961
8082097
8085233
8103359
8121485
8141687
8144407
8152555
8166235
8179675
8192377
8202577
8207761
8219101
8230441
8231793
8238168
8244543
8248703
8252671
8254495
8257120
8259712
8260471
8261923
8265213
8266467
8269227
8271987
8274577
8276575
8277735
8279055
8279755
8280455
8280797
8281007
8281217
8273097
8257662
8251474
8249498
8248706
8242518
8246578
8244499
8227899
8233083
8220381
8200179
8182539
8157283
8162783
8164607
8167757
8167757
8162789
8154669
8151249
8149995
8141035
8138865
8134518
8132058
8131848
8129769
8127177
8126037
8124541
8123782
8100292
8096232
8095440
8084100
8079876
8079534
8059332
8082822
8087169
8091516
8094936
8111536
8128136
8131272
8136912
8142552
8151512
8160472
8173174
8178358
8178358
8183754
8190129
8195979
8201829
8202969
8204109
8209609
8215109
8220569
8222739
8229207
8231799
8232558
8232558
8235366
8237445
8241505
8244655
8247115
8249575
8251071
8252567
8253524
8254316
8254658
8254868
8255078
8254319
8253362
8289706
8294956
8291820
8290845
8279232
8273732
8275108
8274628
8270468
8266016
8262866
8260696
8257936
8257546
8257518
8256378
8222803
8211279
8208015
8204047
8200783
8200681
8194213
8190053
8195021
8192429
8186381
8182961
8166761
8184887
8190347
8189618
8183150
8181774
8177550
8174960
8138616
8138616
8144076
8146884
8135544
8132919
8126655
8113953
8113851
8113461
8100021
8093553
8081153
8079833
8078693
8073233
8072433
8066583
8063958
8059898
8059418
8056958
8103326
8149694
8149694
8162243
8165379
8177779
8191219
8203921
8210185
8215435
8220685
8226081
8231931
8233071
8238531
8244999
8251425
8254050
8254850
8258140
8262200
8265656
8267892
8270352
8271848
8273168
8273648
8273750
8274140
8269688
8269298
8265238
8266590
8267349
8266733
8265281
8252732
8252252
8218677
8210517
8205057
8200897
8200687
8216887
8216551
8212583
8206535
8203727
8203233
8200641
8199684
8196964
8191464
8191128
8189632
8164376
8169560
8177680
8181840
8182456
8181976
8179351
8173711
8160607
8174047
8169887
8169497
8170256
8170985
8171321
8166974
8163838
8162386
8157811
8145411
8144917
8142457
8136269
8135312
8122208
8120712
8114286
8098851
8098235
8094075
8093346
8090082
8089290
8084838
8091026
8127370
8142220
8154620
8168060
8183495
8196599
8209301
8219501
8228701
8240314
8244766
8246118
8252778
8256938
8260906
8267374
8273800
8280226
8285194
8285923
8286539
8289299
8292563
8295827
8296321
8298781
8301241
8302737
8303694
8304486
8304828
8258460
8270860
8272114
8257264
8255912
8244388
8243228
8243200
8248700
8252860
8250781
8249285
8247115
8246315
8237355
8231307
8237157
8239749
8226789
8220939
8220939
8218347
8212847
8206379
8205763
8201188
8188084
8188084
8188084
8176471
8175671
8155469
8152844
8140142
8140142
8130942
8128966
8128966
8165310
8189230
8205430
8222030
8242232
8262434
8268074
8281034
8281034
8294138
8306840
8306840
8316040
8321224
8321224
8321224
8329384
8333959
8342737
8349397
8354897
8361365
8363189
8365814
8368406
8369206
8373430
8376238
8376854
8379214
8381574
8385030
8387266
8389242
8391218
8391712
8392669
8393829
8393829
8394529
8394919
8394919
8395227
8358883
8353633
8358601
8358107
8362167
8349891
8343627
8339567
8333927
8300352
8298354
8298144
8297169
8279529
8277531
8277531
8277531
8273079
8268732
8257208
8251358
8249982
8247357
8222101
8213323
8208976
8197363
8196043
8179843
8179535
8166833
8166217
8162953
8160493
8160151
8159351
8152883
8151059
8145875
8171131
8175478
8179825
8196025
8213665
8216801
8229503
8233045
8238229
8249842
8258620
8265088
8266912
8268736
8269536
8270265
8273073
8275881
8278689
8280768
8282022
8282638
8286094
8289358
8291948
8293924
8294418
8294912
8297372
8298164
8299484
8299826
8300036
8300426
8300734
8300762
8294294
8297014
8281579
8272801
8272459
8260183
8293758
8273556
8269428
8268268
8274532
8275786
8274626
8268158
8276318
8273510
8264732
8263478
8262318
8249769
8249433
8246169
8225967
8225010
8219160
8218770
8208570
8212794
8206134
8193585
8189238
8187240
8192740
8196196
8197171
8193907
8190771
8165515
8119147
8114800
8109832
8104648
8090968
8087512
8083060
8065420
8048820
8038620
8037645
8035669
8032127
8034297
8032218
8023258
8022118
8021326
8021326
8017906
8013846
8013087
8010627
8009131
7985641
7981294
7981294
7978702
7976532
7976322
7975980
8009555
8009555
8033045
8037392
8041739
8054288
8057708
8074308
8090908
8094044
8107004
8115964
8127304
8133154
8134294
8136464
8139056
8141648
8147696
8148455
8152679
8155487
8157566
8159645
8160899
8164959
8165453
8167913
8170373
8171869
8172661
8173003
8173213
8173423
8169363
8156814
8156786
8153978
8152838
8147338
8134636
8131180
8127760
8117560
8071192
8067928
8059150
8051002
8046778
8044542
8035342
8034385
8018185
8000545
8046913
8070833
8087033
8090453
8098601
8112281
8112281
8124983
8135183
8144383
8153161
8154301
8160961
8166461
8171921
8174513
8175272
8176724
8180948
8180948
8183756
8185010
8188466
8190702
8193966
8196556
8198052
8199009
8200169
8200869
8200897
8182771
8181971
8178821
8169621
8168646
8163006
8158554
8157854
8149706
8147246
8147036
8142461
8138301
8128101
8127759
8111159
8109335
8105879
8091029
8079689
8104945
8117221
8133821
8151947
8157587
8165735
8179415
8189615
8198815
8203390
8207842
8213238
8222016
8228676
8232836
8234660
8235460
8238268
8241558
8244848
8246102
8249252
8251228
8253688
8255184
8256159
8256859
8257201
8257543
8257753
8257963
8252113
8251771
8227851
8222883
8197627
8193659
8194001
8188817
8182391
8181897
8179177
8175117
8171575
8125207
8130175
8132173
8132201
8098626
8085666
8086458
8084460
8083701
8078305
8072665
8066617
8048977
8047601
8044311
8040183
8031223
8027255
8020991
8018366
8005664
8013784
7998349
7973093
7964133
7989389
7978049
7969271
7957658
7939532
7936772
7934602
7968177
7970537
7960337
7955369
7950185
7961525
7966493
7965173
7959989
7943789
7937414
7932018
7929782
7921004
7920662
7920634
7915666
7906706
7906370
7903650
7902850
7900874
7899734
7887458
7881410
7878146
7872646
7868194
7866842
7861658
7856198
7848050
7873306
7885582
7909502
7929704
7949906
7952626
7966306
7975266
7984226
7997330
8000872
8006056
8010508
8014960
8016312
8021708
8030486
8031626
8037126
8041094
8042918
8048966
8051558
8056526
8057326
8059562
8062826
8064802
8065962
8066298
8066640
8066742
8067132
8067160
8066950
8061100
8067475
8070739
8071531
8071503
8051301
8049325
8025835
8025106
8012830
8008255
8007865
7992430
7986166
7979740
7954484
7953509
7941109
7934734
7932374
7928314
7927522
7926170
7916970
7908010
7899232
7896607
7883905
7909161
7921437
7957781
7981701
8001903
8013427
8026387
8039347
8051747
8060707
8076142
8088844
8095108
8104308
8113508
8122708
8126250
8130825
8135277
8136629
8142025
8147421
8153796
8162574
8169000
8169729
8172537
8173153
8173769
8176129
8180189
8182165
8183140
8183932
8184322
8184630
8184938
8164736
8162738
8151125
8138165
8142512
8141712
8141712
8141712
8141712
8135244
8126044
8123452
8087108
8074004
8068504
8068504
8068504
8063929
8061953
8041751
8041751
8041135
8038510
8030362
8006442
8005066
8003906
8000642
7997222
7990847
7988255
7983908
7983179
7968329
7967537
7964817
7962738
7949058
7925138
7921848
7909448
7905992
7905233
7891793
7875193
7911537
7926387
7941237
7965157
7988647
7992994
8009194
8025394
8043034
8060674
8064094
8067514
8084114
8100714
8103850
8121976
8140102
8160304
8163024
8175424
8189104
8202544
8215984
8229088
8241790
8254492
8263692
8272892
8276434
8281684
8293297
8301457
8309577
8320917
8325492
8329944
8336319
8342169
8347669
8353129
8359597
8361421
8364046
8366671
8369263
8371855
8374447
8375247
8376047
8376847
8377606
8378365
8379094
8379823
8381902
8385192
8386446
8387062
8387678
8391134
8394398
8394892
8396868
8398844
8399819
8400979
8401771
8403091
8403571
8404271
8404661
8404969
8404997
8394797
8393637
8393143
8381619
8361417
8361075
8359623
8365473
8359833
8354583
8350455
8342307
8339715
8339379
8338579
8334232
8333616
8333308
8308052
8307950
8295248
8296040
8296376
8293784
8290648
8288672
8301221
8317421
8335061
8338211
8338313
8336315
8335979
8323430
8320710
8324000
8328060
8331516
8330196
8329806
8327346
8321082
8319762
8319003
8335203
8343323
8347291
8351351
8352511
8352017
8345642
8342378
8342070
8325870
8321523
8315055
8314439
8302826
8297642
8288864
8287040
8285720
8285378
8260122
8259322
8256862
8244160
8277735
8324103
8349359
8353706
8369906
8386506
8404632
8417032
8425992
8438694
8451396
8456580
8468193
8476313
8480888
8487263
8496041
8501501
8503671
8505841
8512309
8514133
8516725
8517525
8518977
8523201
8524455
8525071
8528527
8531287
8534551
8537011
8537968
8539288
8540608
8540950
8541258
8537994
8534026
8517826
8512186
8536106
8544266
8544966
8531526
8531218
8530910
8515475
8514675
8509175
8503535
8485895
8476935
8464233
8464023
8458173
8457381
8447181
8440993
8432833
8430663
8419139
8412713
8410253
8404793
8402168
8397200
8384651
8382059
8370535
8369835
8376023
8388572
8404772
8413732
8426434
8437774
8440010
8441170
8441506
8442206
8442206
8428766
8420646
8404046
8403552
8402577
8399035
8386759
8361503
8358083
8345123
8321203
8321819
8321019
8314755
8308287
8305827
8305725
8293023
8291703
8286243
8273843
8271218
8265368
8264888
8264498
8263358
8249918
8245858
8245830
8236630
8282998
8287345
8290065
8303025
8315425
8327825
8327825
8340527
8353229
8359493
8360845
8366695
8367835
8373295
8379763
8382388
8384980
8389948
8390748
8391507
8392236
8396460
8400520
8403976
8407240
8409700
8412160
8413117
8414437
8415757
8416237
8416339
8416339
8416339
8416311
8414487
8414487
8414277
8413117
8400415
8399656
8398204
8386591
8386591
8386111
8385154
8384660
8380692
8380076
8363476
8360884
8357342
8337140
8336381
8335061
8334719
8332721
8329961
8327371
8324081
8323871
8321279
8315091
8313639
8300199
8263855
8255707
8251739
8247579
8234877
8228502
8227248
8220588
8266956
8292212
8298400
8310676
8347020
8383364
8399564
8417204
8434844
8438264
8458466
8469990
8478138
8491098
8504538
8513498
8526200
8538902
8551604
8564306
8570570
8578690
8580066
8586441
8587581
8593081
8595251
8599411
8603379
8605203
8607828
8610453
8613045
8619093
8619852
8620611
8622063
8623515
8625594
8628884
8632174
8633428
8637488
8641548
8645004
8647764
8650354
8652944
8655534
8657532
8658489
8659809
8661129
8661465
8661807
8662017
8662227
8662437
8660439
8657679
8656979
8654743
8649347
8645187
8639727
8630767
8627959
8621695
8621215
8618625
8617173
8637375
8639545
8631397
8617957
8615597
8613621
8601345
8588643
8587686
8586190
8576990
8574400
8567974
8562790
8560070
8560042
8556586
8550736
8549596
8541436
8540677
8522551
8534827
8558747
8564387
8567107
8575255
8588695
8602135
8611095
8620055
8635490
8648192
8657392
8662642
8667826
8675986
8680561
8685013
8689465
8695315
8696455
8698625
8705051
8707676
8710268
8711027
8715251
8717330
8720620
8723910
8724526
8726886
8730342
8733492
8736082
8738058
8739554
8740511
8741468
8742628
8742970
8743180
8743208
8739788
8729588
8720628
8709288
8708496
8707737
8692302
8668812
8664752
8663256
8650296
8646876
8646666
8644587
8641995
8641785
8637817
8614327
8612951
8596351
8595211
8594511
8592341
8592005
8587658
8585198
8561278
8558128
8557634
8557292
8553068
8550348
8548524
8573780
8599036
8622956
8646446
8646446
8650793
8654213
8657633
8674233
8679873
8682593
8682593
8691553
8700513
8713953
8729388
8729388
8742492
8748756
8758956
8770569
8778729
8786849
8798189
8802764
8807339
8811791
8816243
8817619
8823994
8830369
8831509
8833679
8835849
8839817
8842442
8845034
8845793
8846552
8850776
8855000
8857079
8859158
8863218
8866674
8869824
8870318
8872294
8874754
8876250
8877746
8878538
8878874
8879574
8880274
8880616
8880826
8881036
8881426
8876242
8875442
8863166
8868416
8856016
8843467
8838499
8825395
8825395
8837671
8835079
8821975
8816725
8807525
8807217
8794257
8809107
8832597
8836944
8816742
8793252
8795422
8790238
8789281
8788552
8752208
8748944
8725454
8721230
8703104
8690402
8674202
8689052
8704487
8712647
8721425
8715575
8709387
8708658
8705368
8692264
8689639
8674204
8668354
8667595
8664445
8658070
8653942
8652985
8648825
8648209
8634529
8631265
8630923
8619310
8617858
8616698
8650273
8665123
8678803
8678803
8694238
8694238
8698366
8698366
8706526
8714646
8719221
8725596
8725596
8731096
8735256
8741682
8743506
8746131
8746890
8747619
8749071
8751879
8755169
8755785
8759049
8759049
8760545
8761502
8762822
8763522
8763522
8763214
8759054
8754086
8740982
8726132
8719868
8734718
8730750
8728160
8725440
8724064
8719489
8723941
8725393
8725183
8713570
8716290
8712322
8707975
8705999
8704623
8701903
8665559
8665169
8653829
8648369
8624449
8621824
8618560
8617603
8615243
8614268
8611508
8609338
8607986
8607986
8607986
8612333
8628933
8631653
8644355
8657057
8667257
8677457
8677457
8678833
8680185
8685685
8691145
8696605
8698775
8702935
8709403
8712028
8718076
8718835
8721195
8723955
8727219
8729809
8731785
8732760
8733717
8734509
8734851
8734851
8730723
8714123
8710987
8704723
8704415
8687815
8671615
8696871
8696171
8694347
8687687
8688644
8687844
8677644
8674884
8672714
8659034
8654906
8660090
8660570
8655320
8653868
8649644
8636684
8619044
8612780
8606592
8600217
8576297
8571845
8578313
8563463
8550914
8548289
8547332
8529206
8525146
8521690
8517562
8535688
8537512
8531137
8526562
8490218
8487593
8475980
8475590
8473614
8472294
8452092
8438652
8429452
8426860
8421360
8420560
8407456
8399296
8398680
8385978
8379510
8378553
8375097
8421465
8457809
8472659
8490299
8493719
8513921
8526881
8539841
8553521
8567201
8580641
8593745
8606447
8619149
8628349
8639962
8648122
8652697
8654073
8659469
8666129
8672789
8678289
8684757
8687382
8689974
8690774
8691503
8692955
8693571
8695807
8697783
8698277
8699597
8700917
8701307
8701697
8702005
8702313
8696673
8696463
8694003
8692179
8681979
8677404
8676429
8675729
8659129
8658329
8653877
8649717
8641569
8641227
8632027
8613901
8610751
8586831
8586031
8586003
8592191
8604740
8620940
8637540
8655666
8661306
8664026
8672174
8685854
8699294
8705558
8715758
8724958
8730142
8741755
8746330
8750905
8755357
8759809
8760949
8763119
8767279
8773747
8775571
8776371
8779635
8782785
8785245
8786741
8788739
8789714
8790050
8790750
8791092
8791434
8791644
8791952
8783804
8770700
8767158
8767158
8768982
8767158
8762706
8750306
8751281
8749905
8736465
8752665
8753365
8749205
8743955
8730851
8730151
8724103
8730478
8724628
8724134
8719787
8717811
8711343
8736599
8735870
8729822
8713622
8716214
8716522
8715026
8691106
8687842
8681578
8680324
8667364
8666012
8652908
8676398
8680745
8684165
8693125
8699173
8692985
8690906
8686454
8679794
8671634
8670282
8675742
8663342
8659922
8650722
8650106
8648027
8641839
8640519
8620317
8616257
8622683
8620707
8619750
8636350
8633086
8626618
8621434
8618170
8601970
8600650
8600034
8587332
8585508
8584708
8559452
8559110
8550332
8538719
8534372
8531912
8531604
8525340
8525340
8571708
8596964
8596964
8601311
8605658
8621858
8639498
8642218
8655322
8668024
8674288
8683488
8688672
8700285
8709063
8714913
8718881
8725349
8727173
8728997
8729797
8730413
8734473
8737737
8740197
8741154
8742474
8742816
8743158
8743466
8738282
8737523
8729363
8729055
8729549
8728849
8726389
8680021
8677301
8671841
8662641
8650241
8651561
8642783
8634663
8633311
8646415
8622925
8610649
8609509
8606053
8569709
8568980
8565438
8563078
8561102
8557812
8553752
8577672
8591352
8592512
8558937
8557797
8574397
8589832
8589622
8566132
8557172
8556380
8555621
8554481
8550257
8548761
8546682
8543262
8539202
8536610
8525270
8524928
8520581
8518411
8515951
8492461
8477611
8523979
8523979
8560323
8583813
8588160
8600709
8618349
8621769
8624905
8633053
8641201
8650161
8655345
8666685
8678025
8679165
8680305
8682475
8685067
8687659
8690251
8691010
8695234
8698042
8700121
8704181
8706941
8709531
8711991
8713487
8714279
8714621
8714723
8714933
8715143
8715451
8712301
8710981
8707561
8706586
8705857
8717381
8717689
8709541
8708812
8707558
8720518
8731858
8727698
8726246
8689902
8689110
8693170
8669250
8669040
8666232
8659857
8661209
8658401
8655111
8654495
8654285
8638085
8647045
8634085
8633605
8645218
8647843
8639723
8637131
8629011
8629770
8625710
8620460
8619731
8618756
8607143
8601503
8614052
8614388
8611798
8595198
8593878
8584678
8609934
8609598
8602938
8596890
8591040
8590698
8602222
8617657
8619033
8622297
8615637
8614317
8602793
8599373
8600102
8601077
8594651
8594157
8585379
8560123
8556859
8555539
8509171
8508442
8508232
8496892
8496550
8483848
8468998
8460220
8458844
8458454
8454107
8448467
8447015
8438867
8430089
8430089
8444939
8449286
8460810
8466450
8474598
8488278
8503713
8519148
8531850
8543190
8544566
8553344
8554484
8557076
8559668
8560397
8561126
8562578
8565386
8567465
8570755
8573515
8576275
8579035
8582299
8584759
8586079
8586559
8586895
8587237
8587447
8587447
8583479
8580719
8577959
8583459
8579007
8566607
8565991
8563531
8562802
8547367
8546575
8540149
8533961
8530697
8530203
8517099
8515603
8511443
8510486
8535742
8572086
8596006
8609110
8621812
8626996
8638336
8642788
8648184
8653580
8662358
8668208
8669348
8671518
8677944
8681234
8682488
8682968
8683304
8681225
8680917
8679465
8678490
8672850
8663890
8666698
8654149
8651429
8633303
8629761
8626305
8622337
8621537
8608577
8606217
8602057
8601577
8598985
8601155
8599803
8615238
8608812
8602437
8597862
8594406
8582882
8616457
8631307
8636275
8636275
8638865
8637369
8622519
8609817
8604317
8629573
8626309
8613205
8600245
8596789
8591393
8591003
8589627
8586867
8568741
8574789
8580837
8577687
8571219
8567159
8564567
8559383
8556623
8569023
8582703
8586245
8582185
8579049
8572861
8572471
8536127
8526927
8521427
8508323
8501855
8490242
8485667
8472227
8469635
8467010
8454308
8452332
8451012
8430810
8422650
8422034
8421234
8420534
8416406
8413946
8460314
8496658
8533002
8545551
8563191
8583393
8596833
8610273
8623377
8636481
8649585
8662287
8671487
8680687
8684229
8695842
8707455
8715615
8723775
8728350
8734200
8740860
8746360
8751820
8757280
8763748
8766373
8768965
8769765
8770381
8773141
8775117
8776437
8777757
8777859
8778249
8777457
8774321
8767853
8764703
8762243
8744117
8740149
8739192
8737216
8736880
8732752
8730392
8727102
8722878
8717378
8699738
8705926
8729846
8753336
8767016
8777216
8788556
8790726
8794694
8801162
8801162
8801498
8796102
8789442
8792592
8787408
8787072
8784447
8784447
8778183
8765481
8760021
8747621
8747621
8747141
8746001
8743541
8739481
8733631
8732831
8731511
8731409
8724941
8722316
8718348
8730624
8746824
8759224
8759224
8771926
8778190
8787390
8799003
8810616
8818736
8824586
8825726
8831186
8836646
8843114
8849582
8856008
8858633
8859433
8861512
8863872
8867932
8870692
8873152
8874472
8874952
8875288
8875630
8875732
8876122
8876122
8872972
8869822
8871174
8872428
8864308
8858848
8858232
8867192
8867984
8865176
8864966
8855766
8856108
8838468
8825766
8813064
8826744
8835944
8830760
8815910
8791990
8787930
8787622
8787622
8787650
8782254
8778712
8770592
8757632
8755553
8758973
8722629
8721375
8715979
8704639
8717743
8719063
8695573
8692309
8688853
8684506
8671066
8668474
8667314
8663894
8663102
8661023
8657733
8633813
8627438
8626709
8625950
8609350
8595670
8580820
8578100
8565700
8564560
8570748
8585598
8609518
8633438
8637785
8655425
8658845
8662265
8678865
8684505
8687225
8689945
8692665
8705065
8717465
8731145
8744585
8748127
8759740
8771080
8777455
8784115
8790583
8793175
8799223
8800023
8800782
8801511
8803590
8806880
8810170
8813460
8816916
8820180
8822770
8823930
8825250
8826042
8826252
8826280
8817320
8812352
8806956
8804980
8804952
8799768
8794268
8793926
8785148
8784008
8779556
8778204
8777868
8775148
8769100
8756824
8753560
8751324
8750524
8747932
8747140
8738362
8729162
8711036
8709660
8704476
8700129
8698969
8685289
8681869
8665669
8661701
8636445
8636235
8629575
8617299
8616805
8616595
8641851
8654127
8666403
8678679
8715023
8738513
8742860
8759060
8775260
8778680
8782100
8785236
8803362
8821488
8841690
8844410
8857370
8871050
8884730
8898410
8907370
8916330
8929434
8942136
8952336
8961536
8961536
8961536
8969696
8981036
8985488
8986864
8988216
8993612
8999008
9007786
9007786
9013636
9014776
9021436
9026936
9030904
9030904
9035872
9040840
9041640
9042369
9046593
9049883
9051137
9051753
9053989
9056225
9059489
9062753
9065903
9067879
9068373
9068373
9069533
9070693
9071029
9071365
9071365
9071575
9071603
9061403
9050063
9045488
9039020
9062510
9063670
9061500
9059524
9048184
9046186
9044690
9041882
9033722
9051362
9051704
9038264
9036768
9049872
9052042
9046402
9045922
9044668
9044174
9035214
9060470
9068590
9062402
9016034
9007914
9010084
8986164
8971314
8971006
8967742
8967400
8964940
8948740
8937127
8932780
8907524
8898746
8886044
8884220
8883420
8882100
8881484
8876300
8869832
8895088
8899435
8915635
8918355
8930755
8939715
8952819
8965521
8969649
8974833
8986446
8987798
8996576
9002036
9007496
9009666
9013826
9017794
9024262
9030730
9037198
9039022
9043990
9044790
9047598
9048214
9052274
9052274
9055538
9058802
9061262
9062582
9063902
9064382
9064724
9065032
9028688
9027929
9023961
9022509
9019917
9015757
9009382
9006792
9005472
9005262
9004920
8998732
8996734
8983294
8970592
8969338
8961190
8958430
8955140
8949500
8948884
8955072
8955072
8991416
9006266
9018815
9039017
9044657
9050297
9058445
9071405
9083805
9083805
9092765
9101725
9117160
9129862
9129862
9131002
9135162
9139322
9143290
9145114
9147706
9152674
9153433
9154162
9155614
9158904
9160158
9162394
9165154
9168304
9168304
9170894
9172892
9172892
9173849
9175169
9175169
9175271
9175481
9171513
9166545
9160281
9180483
9172335
9167760
9156147
9156763
9143323
9135175
9131911
9123751
9122399
9120903
9087328
9111248
9101048
9092088
9079812
9061686
9052486
9049726
9049516
9046366
9036166
9035466
9033642
9015516
8998916
8994341
8989889
8988914
8980766
8971566
8970766
8968306
8962666
8962324
8958164
8945060
8943608
8937140
8949689
8967329
8983929
9002055
9022257
9027897
9036045
9048445
9052573
9062773
9071973
9077157
9081732
9086184
9087560
9091720
9095880
9099848
9101672
9102472
9105762
9106378
9109528
9112678
9115138
9116113
9116813
9117155
9117365
9117155
9116363
9092873
9088649
9079689
9079347
9078207
9066867
9064788
9060441
9058271
9057512
9055052
9053556
9050964
9046904
9043484
9037436
9037046
9060536
9064883
9081083
9084503
9087923
9106049
9126251
9138651
9147611
9160313
9169513
9173055
9178305
9189645
9190785
9196245
9198415
9202383
9204207
9206799
9207599
9208358
9212582
9216806
9219614
9221693
9225753
9229017
9231477
9232973
9234971
9235763
9236555
9236891
9237227
9237569
9237779
9231311
9197736
9194586
9194092
9185972
9183380
9182580
9181880
9195560
9191432
9187464
9180996
9178636
9187836
9189188
9188231
9151887
9151497
9151003
9149627
9147391
9143423
9155699
9155699
9158835
9158835
9158835
9170448
9176298
9176298
9176298
9181266
9181266
9183626
9183626
9185862
9189126
9190101
9190101
9190101
9185754
9180254
9174066
9162542
9154422
9144222
9130542
9115107
9103767
9105937
9093235
9056891
9043787
9031387
9067731
9081411
9092751
9098211
9099531
9099741
9096605
9087827
9062571
9060211
9047811
9041547
9032587
9028527
9022152
9021177
9020448
9020058
9007782
8998582
8983147
8976721
8975929
8974577
8961875
8957300
8957300
8957300
8969576
8986176
8988896
8988896
8997856
8997856
8997856
8997856
8997856
9008056
9008056
9012631
9013983
9015335
9015335
9015335
9021995
9026155
9030123
9030123
9032715
9033444
9036734
9039094
9039094
9041854
9043350
9045348
9045348
9046305
9047262
9047262
9047962
9048064
9048064
9048092
9046640
9038492
9037733
9035373
9040833
9039337
9033149
9020189
9017829
9024489
9026313
9030537
9019013
9012587
9012587
9009167
9008467
9005747
9005253
9005253
8995053
8995053
8991903
8967983
8967773
8967437
8963469
8946869
8945493
8942773
8989141
8989141
9003991
9027911
9051401
9054821
9071421
9088021
9091157
9102681
9105401
9108121
9121081
9136516
9146716
9146716
9148092
9152060
9154685
9159653
9160382
9160998
9164148
9164642
9166618
9167098
9167434
9168134
9168476
9168686
9168896
9169106
9163058
9157418
9153358
9178614
9191014
9185554
9149210
9137597
9135237
9135027
9128652
9128036
9122186
9128374
9114934
9105734
9102584
9089480
9073280
9086720
9087214
9085762
9052187
9048645
9048645
9084989
9108909
9110049
9097500
9097164
9079038
9064188
9081828
9068148
9067173
9063205
9060969
9065129
9067208
9066233
9060983
9060254
9055679
9049211
9048411
9028209
9015507
9010007
8996903
8960559
8959239
8947626
8939466
8936841
8936451
8935835
8926635
8924043
8910603
8908627
8914815
8927091
8963435
8999779
9023699
9047619
9067821
9081261
9094365
9107067
9113331
9119595
9129795
9138995
9144179
9155792
9163952
9168527
9169879
9175379
9177549
9181709
9188177
9194603
9196427
9199052
9201644
9206612
9211580
9216548
9217348
9218107
9218866
9219625
9220879
9221495
9224759
9227909
9229885
9231205
9231685
9232075
9232383
9229247
9222983
9217587
9229987
9227908
9216384
9224544
9224050
9215890
9215890
9192400
9204676
9208096
9211232
9193592
9193202
9198662
9197522
9184973
9182803
9181451
9184871
9178211
9203467
9194689
9185729
9185519
9190769
9187619
9184811
9179171
9184139
9180683
9175223
9172073
9175209
9179269
9172894
9169438
9169096
9172516
9176740
9168620
9168620
9167828
9167618
9162158
9160079
9148739
9146503
9146401
9142054
9129778
9125718
9122998
9112798
9104020
9100564
9097144
9088996
9085732
9076532
9030164
9030164
9024664
9008464
9007324
9006367
9004131
8991429
8985003
8972301
8969151
8965091
9011459
9027659
9031079
9042603
9048243
9050963
9059111
9072791
9085493
9095693
9104893
9113053
9118449
9127227
9128367
9133867
9135319
9139543
9141622
9141622
9143858
9147122
9147616
9148110
9149067
9149859
9151179
9151281
9151309
9148173
9147033
9144954
9143700
9141110
9135470
9131928
9126744
9135704
9120854
9120512
9074144
9078596
9084096
9080960
9077670
9064566
9089822
9107462
9124062
9144264
9152384
9153184
9154636
9138436
9129236
9130490
9124022
9119862
9118702
9122122
9122851
9126141
9119766
9119066
9113216
9111720
9099018
9097020
9092860
9090270
9088918
9086920
9081736
9077768
9076608
9073152
9077280
9077896
9071708
9065240
9064540
9069936
9064752
9064136
9063828
9038572
9037772
9021572
9018308
9006695
9005375
8992673
8986205
8983745
8974967
8970620
8970278
8968454
8959254
8958454
8956630
8956630
8960977
8977177
8994817
8998237
9001373
9009521
9017669
9017669
9031349
9044051
9044051
9050315
9054443
9059627
9064811
9076424
9077800
9083196
9091974
9094144
9098112
9104580
9106404
9106404
9107204
9107820
9111084
9113544
9114704
9116024
9116366
9116366
9116674
9113538
9112378
9111762
9111268
9123970
9124586
9111884
9108464
9095762
9101950
9104670
9117070
9130750
9134292
9139792
9142417
9147385
9148185
9152409
9154999
9157459
9158416
9159208
9160000
9160336
9160546
9160854
9160644
9159268
9154300
9166576
9169996
9168500
9162650
9159514
9159514
9159514
9159514
9157278
9145665
9145665
9145665
9142401
9130125
9130125
9130125
9130125
9125157
9125157
9122797
9110095
9110095
9110095
9122371
9137221
9161141
9161141
9164561
9167697
9167697
9176657
9189761
9195011
9200195
9211808
9219928
9219928
9225324
9225324
9231174
9235142
9241568
9244160
9249128
9253352
9255712
9259168
9261404
9263640
9266904
9267879
9268359
9269059
9269059
9269449
9267473
9255860
9252710
9256770
9257727
9254967
9252888
9252678
9250086
9247916
9247157
9242810
9238750
9215260
9211036
9202076
9198656
9196196
9195056
9183716
9182924
9182582
9181086
9157596
9157596
9181086
9193635
9211275
9214695
9226219
9239323
9243451
9251611
9252963
9258423
9258423
9264471
9265230
9267820
9267820
9268777
9263137
9252937
9240388
9239134
9239470
9224620
9216500
9203951
9198101
9211541
9215083
9210115
9196675
9191491
9190039
9183664
9177814
9154324
9167284
9179684
9184934
9179294
9177318
9163878
9161902
9159310
9159310
9171859
9180007
9178847
9172421
9171167
9171661
9173659
9173659
9170203
9167578
9166418
9162071
9165491
9179171
9181763
9176263
9175123
9169873
9151747
9167182
9171634
9175794
9174837
9168987
9152387
9158855
9149895
9148071
9127869
9122619
9142821
9136971
9130707
9118307
9112457
9099755
9098615
9093155
9092355
9085887
9085887
9085887
9085785
9085305
9083985
9081525
9078900
9074840
9072080
9105655
9139230
9164486
9179336
9199538
9204788
9216401
9220976
9226476
9228646
9230816
9234976
9236472
9237447
9238404
9230284
9206794
9206314
9206314
9200918
9194258
9198833
9197876
9184196
9182700
9183400
9171124
9124756
9104554
9100586
9089246
9085982
9080732
9078012
9078812
9075270
9075060
9069664
9069664
9069664
9089866
9101390
9107030
9107030
9107030
9108382
9108382
9108382
9109834
9109834
9111330
9111330
9112490
9112490
9112798
9112826
9110106
9103680
9108027
9071683
9068393
9064973
9064973
9053360
9053018
9048794
9032194
9029434
9028675
9028647
9028647
9025191
9022055
9003929
9003313
9002059
8955691
8951631
8935031
8924831
8922241
8931441
8935665
8938955
8936719
8931535
8929075
8923891
8918391
8913816
8912496
8910520
8874176
8868676
8855236
8848768
8847968
8847578
8834474
8831882
8822682
8820057
8811897
8800284
8799668
8779466
8766764
8779040
8815384
8839304
8862794
8878994
8881714
8894674
8907074
8907074
8912042
8916102
8917077
8917419
8917521
8917623
8917833
8912373
8908213
8907484
8905124
8896964
8910068
8916443
8916233
8910773
8908949
8907974
8889848
8885273
8868673
8864513
8861363
8860563
8856111
8846911
8841271
8833123
8832423
8829963
8829621
8819421
8816613
8814789
8802240
8835815
8882183
8906103
8929593
8946193
8964319
8982445
8988085
8996233
9006433
9015633
9020208
9024660
9026012
9028182
9032342
9034166
9036758
9039350
9040150
9040879
9041608
9045832
9049288
9052438
9054898
9055873
9056573
9056915
9057125
9057433
9057461
9057489
9051989
9033863
9029703
9029493
9025146
9043272
9048240
9045780
9045752
9021832
9016332
9009672
9009672
9009462
9009462
9009126
9006890
8986688
8981292
8978156
8994756
8978156
8975348
8985548
8976770
8960570
8957978
8970680
8968704
9002279
9048647
9064847
9085049
9087769
9100873
9111073
9119233
9123201
9129627
9130427
9134651
9135905
9138141
9139116
9140276
9140378
9140686
9127984
9125986
9124732
9122653
9121399
9121371
9134811
9138939
9122339
9116839
9117175
9116416
9111448
9111140
9097700
9093476
9091116
9137484
9140904
9138928
9138928
9136120
9135910
9129646
9138606
9150219
9152389
9151135
9149639
9145292
9148428
9153824
9153482
9152988
9147138
9138360
9133176
9134552
9131288
9127998
9127269
9124005
9100085
9097493
9093146
9080746
9067306
9052456
9051697
9048977
9042602
9040523
9037067
9035907
9019307
9005627
9004835
9001415
9013691
9028541
9052461
9056808
9074448
9077868
9094468
9097604
9100324
9112724
9125124
9138804
9152244
9158508
9159884
9166259
9167399
9174059
9179559
9186027
9188652
9191244
9192003
9192732
9195540
9197619
9200909
9202163
9202779
9205139
9208595
9211859
9212816
9213976
9214768
9210800
9210800
9210041
9208721
9208511
9200363
9198911
9195621
9192861
9192861
9192861
9186673
9185419
9172717
9170125
9170125
9170125
9165965
9165965
9165575
9165233
9165233
9201577
9216427
9232627
9245027
9257427
9271107
9279227
9283802
9285178
9291028
9292168
9293308
9298768
9302928
9309354
9315780
9320748
9322827
9326091
9329355
9332505
9334965
9335922
9336132
9334636
9331500
9327532
9322282
9317314
9316614
9313350
9312960
9308736
9303552
9301192
9288916
9283066
9271453
9269217
9254367
9247941
9244485
9278060
9290336
9326680
9341530
9344666
9356190
9371625
9381825
9387075
9392259
9403872
9412032
9416607
9421059
9429837
9435687
9441147
9445115
9451541
9456509
9457309
9458109
9462333
9464693
9468149
9470385
9473145
9476409
9477729
9478429
9478819
9476359
9473069
9469933
9460973
9460244
9459544
9484800
9486176
9487316
9450972
9450478
9436798
9424398
9416278
9413470
9377126
9363446
9350897
9348818
9323562
9369930
9366666
9357888
9355428
9353604
9337404
9336604
9333340
9332020
9325552
9313939
9309592
9304408
9304066
9303450
9303142
9303142
9290440
9286472
9286472
9322816
9359160
9364344
9369528
9375903
9379871
9386339
9391307
9393283
9395259
9396755
9398075
9398867
9399077
9365502
9365502
9365474
9361022
9360222
9358870
9358870
9356634
9356634
9353370
9341094
9338374
9332978
9332978
9332978
9324018
9322878
9322542
9317042
9312074
9311766
9299064
9305252
9317528
9341018
9358658
9362078
9378678
9384318
9387038
9395998
9401182
9409342
9417502
9421954
9423306
9428702
9437480
9443330
9444470
9449970
9455430
9461478
9466446
9467246
9468005
9469457
9470909
9472361
9474597
9476833
9479069
9481829
9485093
9488357
9490333
9492793
9493585
9493921
9494621
9495321
9495663
9496005
9496033
9495691
9494339
9504539
9509935
9509235
9505011
9504703
9504703
9504703
9516979
9530083
9530812
9533172
9534147
9534455
9531647
9527195
9521147
9495891
9493083
9492467
9501667
9508042
9511332
9513308
9501784
9477864
9475056
9468396
9460236
9473916
9473124
9456924
9436722
9423762
9423268
9421444
9421444
9420715
9418125
9417645
9418997
9419789
9386214
9384238
9380948
9379694
9374726
9379976
9378152
9379976
9373316
9372062
9355462
9378952
9376360
9358720
9345616
9339241
9323041
9313841
9313739
9313349
9300389
9299630
9281504
9278048
9261848
9285768
9252193
9246733
9223243
9221791
9220631
9216179
9212637
9196037
9195062
9181382
9173262
9170670
9161710
9157258
9156301
9157441
9162409
9154289
9152053
9150893
9150893
9153483
9141207
9136983
9133693
9122353
9122847
9124845
9122085
9109125
9085205
9091055
9087635
9086315
9068675
9052475
9039515
9055715
9058979
9054755
9049787
9041667
8995299
8995641
8994941
8983601
8981011
8981039
8980247
8977527
8976570
8963610
8962234
8959514
8955546
8932056
8931356
8931020
8927870
8927376
8927166
8903246
8899826
8889626
8873026
8857591
8856215
8843666
8843666
8848013
8851149
8862673
8865393
8871657
8877921
8879273
8880413
8882583
8886743
8890903
8896951
8897710
8898439
8900799
8904255
8907405
8910555
8912553
8912581
8906206
8888080
8886920
8863000
8861548
8873948
8876184
8872728
8870558
8866498
8863234
8872194
8887629
8891789
8887729
8887113
8884305
8883811
8889451
8895715
8892295
8891503
8888878
8889268
8888476
8885886
8885886
8885886
8883166
8880541
8879584
8878232
8878232
8876856
8871396
8869226
8866466
8864106
8863131
8858784
8858784
8858574
8855310
8853334
8851164
8851164
8851164
8887508
8887508
8891855
8908455
8911591
8931793
8934513
8940777
8940777
8942153
8943529
8944881
8951256
8951256
8952396
8953536
8960196
8965656
8967826
8970451
8970451
8973259
8976067
8978427
8980787
8983147
8985907
8989171
8991147
8992122
8993079
8994036
8995356
8995692
8995902
8995902
8996210
8995451
8994131
8987867
8983292
8992070
8993390
8992038
8989446
8988746
8971106
8947186
8942734
8939278
8935822
8933230
8956720
8951324
8938622
8925920
8905718
8888078
8893718
8895070
8892900
8888676
8873826
8873826
8875178
8863654
8859307
8858548
8852080
8851464
8826208
8822752
8806152
8809572
8817732
8826510
8827302
8828002
8807800
8807492
8804342
8801717
8786867
8786765
8786149
8760893
8760683
8751723
8750964
8750264
8748028
8744572
8729722
8726586
8722362
8718394
8718004
8711578
8699302
8693452
8688268
8676655
8671405
8669045
8665781
8660813
8644213
8690581
8702857
8717707
8720843
8741045
8752569
8758209
8760929
8765057
8770307
8775491
8787104
8795224
8803344
8807919
8809295
8814691
8820541
8821681
8822821
8829481
8833449
8839875
8842500
8847468
8851692
8855916
8859206
8860460
8861714
8864074
8867530
8869766
8872526
8875790
8876765
8877465
8878165
8878267
8878657
8878685
8863250
8862860
8857610
8873045
8877173
8875003
8858803
8858461
8857504
8844544
8843048
8841224
8833104
8830644
8822484
8819892
8819398
8815942
8813863
8839119
8862609
8874133
8879773
8892877
8889741
8876301
8873711
8840136
8836594
8835894
8847418
8852814
8857782
8860590
8862950
8867010
8869600
8869628
8857079
8840879
8843049
8843665
8837815
8817613
8813645
8809193
8807741
8804199
8778943
8775793
8773623
8764663
8772811
8748891
8747731
8746235
8745899
8736699
8734339
8726179
8720539
8712379
8714458
8714952
8668584
8663084
8657834
8657218
8657218
8657218
8656489
8655137
8655137
8652777
8652777
8652777
8652777
8652777
8652777
8652777
8652777
8652777
8652777
8652777
8652777
8652777
8648202
8644042
8643706
8643706
8649894
8649894
8649894
8649894
8655144
8666757
8668133
8674508
8675648
8676448
8677177
8680467
8680467
8683057
8683393
8683421
8680613
8660411
8655443
8649017
8643621
8637981
8634831
8634489
8630329
8621129
8620329
8610129
8601981
8599521
8597697
8596722
8596512
8591937
8575337
8574637
8570185
8552059
8569699
8573119
8589719
8606319
8624445
8630085
8638233
8651193
8664633
8680068
8695503
8705703
8715903
8725103
8734303
8742423
8746998
8751450
8755610
8757434
8759258
8760058
8762137
8762753
8765903
8768493
8768987
8771447
8772422
8773214
8773914
8774256
8774598
8774808
8759373
8752998
8748938
8730812
8732636
8731836
8731446
8730746
8728121
8725951
8721376
8712416
8696981
8692921
8709121
8708321
8683065
8680895
8668193
8673833
8674633
8674969
8662420
8661661
8652461
8641121
8634857
8639204
8652308
8654387
8641987
8635612
8630152
8624902
8622926
8637776
8646976
8641126
8640784
8628082
8631232
8629912
8623864
8623836
8608986
8600826
8592706
8579266
8561626
8549226
8548497
8547337
8583681
8591801
8592295
8583517
8570413
8569438
8567359
8551159
8548989
8538789
8535499
8523223
8520631
8516056
8498416
8497459
8485846
8483870
8490058
8503018
8507470
8497270
8493980
8507084
8505830
8504690
8518370
8505410
8480154
8492554
8480278
8474230
8473922
8469698
8465246
8453633
8435993
8448269
8457229
8461453
8462153
8455493
8432003
8431303
8429479
8429269
8416309
8411962
8416186
8403484
8398909
8392721
8386295
8385959
8376999
8397201
8396859
8390391
8389691
8395955
8397407
8394782
8369526
8367447
8333872
8328412
8323960
8318320
8312924
8307074
8298114
8309638
8305670
8299406
8263062
8286552
8287904
8285184
8278996
8273496
8298752
8312432
8296997
8292650
8279546
8278226
8269266
8254416
8250356
8256782
8257541
8258333
8252833
8239153
8236433
8236125
8234985
8234028
8221326
8208624
8204172
8157804
8156428
8138788
8132524
8130700
8154190
8151382
8146930
8133250
8132293
8130123
8127403
8124113
8126873
8090529
8090035
8086615
8085295
8085085
8084749
8082751
8085511
8088775
8088985
8080865
8077409
8072225
8059949
8059190
8049990
8047400
8044680
8043723
8031021
8017581
8009421
8002995
8001855
8000359
8000331
7997971
7995995
7987847
7981997
7968557
7965932
7951082
7963358
7975634
7978354
7986502
7999462
7999462
8012566
8025670
8038372
8047572
8052756
8060916
8066766
8067906
8069046
8074506
8080974
8087400
8092368
8093127
8097351
8098605
8100965
8103325
8106781
8109371
8111961
8113937
8115433
8116390
8117347
8118139
8118349
8118377
8115569
8110109
8105534
8119214
8117718
8106194
8101010
8100620
8096652
8091468
8086218
8081250
8078890
8072464
8060851
8060461
8058225
8057525
8054389
8050165
8035315
8032051
8026201
8022745
8010469
8056837
8063025
8069213
8081489
8096339
8111189
8123738
8126874
8138398
8141118
8153820
8157362
8162612
8167796
8179409
8187529
8193379
8197347
8203773
8208741
8209470
8210922
8215146
8216400
8217016
8219376
8222832
8225068
8228332
8229289
8229989
8230379
8225804
8225324
8229899
8223524
8208674
8206082
8202818
8190116
8173516
8166856
8166548
8163788
8168363
8156839
8156839
8173039
8174535
8150615
8104247
8120447
8125022
8125781
8129071
8128342
8127583
8126824
8126824
8123534
8119374
8119374
8119374
8118645
8118645
8104965
8101701
8100744
8100128
8093753
8089625
8089625
8089625
8088173
8085548
8131916
8157172
8174812
8178232
8196358
8210038
8223718
8239153
8252257
8256385
8260513
8272126
8283466
8294806
8299258
8305633
8311483
8315643
8322069
8324694
8325494
8326253
8326982
8328434
8330513
8333803
8334419
8337683
8340833
8342809
8344785
8347245
8348741
8350739
8351696
8352176
8352518
8352728
8353118
8341778
8341284
8341182
8339928
8338476
8332008
8329248
8365592
8366732
8369492
8368763
8365627
8364835
8376175
8374351
8362827
8349147
8337534
8337198
8334962
8347238
8352488
8353104
8353584
8336984
8331800
8345480
8354440
8349256
8350576
8345076
8336116
8333524
8287156
8280730
8280250
8262124
8215756
8212466
8210642
8193002
8189460
8192596
8195732
8204932
8192383
8178703
8181993
8181993
8156737
8144035
8141443
8138723
8137964
8137172
8130797
8127507
8112657
8088737
8084390
8081126
8067446
8050846
8049686
8048957
8045537
8033137
8031058
8027602
8014162
8006014
8020864
8044784
8049131
8061680
8074229
8077649
8094249
8110849
8113569
8121717
8134117
8147797
8161477
8161477
8174581
8179765
8186140
8194918
8196058
8198650
8201242
8202001
8202730
8204809
8208099
8208099
8210859
8214123
8217273
8219863
8221023
8221815
8222123
8208683
8197343
8195519
8196971
8197928
8198030
8197722
8194458
8202618
8200026
8194566
8178366
8167026
8183226
8146882
8145907
8144587
8131627
8136877
8128729
8124382
8121622
8120170
8116750
8123014
8109910
8107831
8108590
8093155
8086687
8086687
8080837
8075441
8070045
8044789
8042619
8027184
8013504
7997304
7993244
7977809
7977501
7965888
7963652
7963316
7960026
7948686
7933251
7933149
7923949
7913749
7931875
7938535
7929335
7926875
7917915
7913568
7867200
7861152
7860393
7854753
7848093
7824603
7826963
7814414
7790494
7754150
7754122
7753814
7751222
7751222
7751194
7751194
7730992
7730992
7725352
7725352
7725352
7713828
7713828
7713828
7713520
7712360
7712360
7711008
7709512
7709512
7709512
7755880
7781136
7781136
7793412
7817332
7834972
7852612
7869212
7869212
7869212
7889414
7900938
7912462
7918102
7931782
7944886
7957588
7967788
7969140
7970280
7975740
7979900
7985948
7989238
7990492
7990492
7990492
7993082
7993082
7994578
7996576
7997736
7997946
7998336
7998644
7998672
7997320
7988542
7976266
7970870
7965370
7962650
7953690
7947642
7946502
7946160
7940976
7940640
7935672
7931220
7931192
7930392
7928156
7924892
7922916
7917948
7916788
7916446
7915471
7961839
7968027
7980303
7983723
7986443
7995403
8008507
8014771
8019955
8024407
8025759
8031155
8036551
8045329
8046469
8051969
8054594
8060642
8066690
8071658
8072458
8073187
8075266
8077502
8080766
8082742
8084062
8084398
8084740
8084768
8083628
8079660
8062020
8050407
8054535
8058503
8060327
8063477
8038221
8035596
8035116
8031696
8030556
8025372
8026824
8024464
8021656
8003530
8002390
8002884
7999342
7995118
7983505
7982153
7984389
7984697
7984725
7971621
7958517
7944837
7942247
7941905
7939735
7930775
7930385
7944065
7944167
7933967
7917767
7909619
7896917
7893653
7884453
7878953
7832585
7831445
7828025
7825789
7825789
7817011
7816054
7811830
7798870
7845238
7881582
7905072
7909419
7925619
7929039
7937187
7950867
7964307
7977009
7989711
8002413
8012613
8021813
8021813
8030591
8031731
8037231
8039856
8044080
8046159
8046775
8050231
8052467
8055731
8057707
8060167
8061124
8061916
8062616
8062274
8057306
8059130
8056960
8055608
8047460
8041820
8041120
8036545
8034085
8033110
8016510
8016168
8005968
8005758
7996558
7994734
7991584
7987424
7982972
7982172
7964046
7987536
7999936
8013040
8018290
8019642
8025038
8026178
8031638
8033090
8035326
8037916
8039412
8040908
8041865
8043025
8036837
8030789
8027499
8051419
8049421
8036872
8036872
8023192
8010792
8002672
7989568
7989232
7991992
7978888
7978552
7976382
7976484
7973348
7958498
7953314
7941701
7936451
7934215
7929991
7917715
7914451
7914061
7913361
7907511
7901085
7897629
7895269
7890301
7886333
7873933
7871697
7847777
7847161
7833481
7830721
7842997
7857847
7881337
7893886
7897306
7900442
7912842
7925946
7935146
7940396
7945580
7957193
7961768
7966220
7967572
7973422
7975592
7979560
7985986
7990954
7995922
8000146
8000762
8003122
8007182
8010638
8012874
8016138
8019288
8022438
8022932
8023426
8024383
8025083
8025185
8025575
8019725
8007023
8001563
7990223
7984763
7972061
7959101
7955837
7952701
7952701
7999069
8004319
8005048
8006368
8002948
7998496
7995206
7992486
7986298
7970098
7958485
7934565
7934775
7919340
7918998
7916238
7900038
7903302
7900152
7898073
7889295
7885327
7877167
7889567
7895067
7881387
7878123
7880715
7867755
7862787
7857327
7854737
7854008
7853279
7866383
7868843
7862375
7860999
7859745
7853895
7848255
7846935
7861785
7856817
7843137
7841817
7824177
7812837
7806369
7804545
7801953
7778033
7776681
7770633
7767091
7757891
7769415
7770174
7766884
7766674
7749034
7735930
7735828
7739796
7741875
7742369
7743326
7742072
7727222
7724414
7720286
7720076
7737716
7742966
7743695
7746055
7746083
7739615
7737445
7737109
7726909
7750399
7762799
7761824
7759848
7757128
7753978
7753498
7748038
7735762
7723362
7720737
7705887
7700703
7700703
7705953
7706447
7706475
7703667
7701843
7684203
7650628
7630426
7606936
7623136
7623895
7623895
7608460
7611052
7605802
7603212
7603002
7599034
7586634
7582474
7568794
7566202
7571452
7574077
7553875
7550725
7564405
7546279
7544109
7542969
7539819
7573394
7582172
7584797
7575837
7572417
7566957
7565797
7583437
7558181
7547981
7547365
7543205
7530656
7535840
7527680
7527338
7542188
7542682
7542066
7536606
7530180
7517904
7481560
7483536
7485032
7485989
7449645
7443457
7431057
7432553
7424433
7421013
7384669
7381909
7380589
7377299
7373331
7372539
7360263
7343663
7328813
7336973
7336973
7313053
7292851
7289701
7288349
7281689
7276505
7253015
7239911
7235687
7241875
7258075
7266223
7274371
7287331
7296291
7300419
7310619
7322232
7326807
7332657
7336625
7343051
7345643
7348451
7351741
7352995
7353337
7353439
7353103
7352767
7358407
7362375
7361646
7360689
7355229
7371829
7359429
7352961
7352345
7343145
7338985
7333345
7332388
7330564
7330564
7325314
7326454
7317676
7316947
7308799
7305535
7290685
7285045
7283669
7279322
7279322
7277870
7266530
7265210
7265210
7265000
7264658
7251956
7247896
7244476
7280820
7298460
7316586
7330266
7335516
7343636
7349096
7353256
7357224
7359048
7361673
7364298
7369266
7372556
7373172
7376436
7379026
7379362
7379390
7376254
7375525
7374365
7368969
7368169
7401744
7403742
7402390
7389990
7377714
7368754
7381030
7394134
7392136
7391800
7398460
7352092
7351135
7327645
7325475
7336999
7343659
7339531
7326829
7329454
7333514
7330794
7317690
7301490
7296522
7296494
7285154
7279106
7272842
7270122
7271474
7276442
7275122
7271858
7269050
7263590
7227246
7224110
7219142
7206593
7218993
7224493
7225285
7221865
7217518
7217024
7207824
7206664
7197886
7191226
7187258
7169132
7143876
7143876
7130196
7129986
7113786
7101510
7100134
7099342
7085902
7085902
7098178
7122098
7126445
7142645
7146065
7149485
7167611
7173251
7186931
7197131
7206331
7209873
7215057
7216433
7217785
7226563
7233223
7237191
7237950
7242174
7245464
7247700
7250460
7253724
7254218
7255378
7255588
7252868
7243908
7237248
7242708
7237740
7231552
7211350
7207190
7202222
7198680
7197426
7161082
7158492
7158492
7155228
7143615
7141379
7136195
7133835
7127409
7123185
7122485
7119029
7113779
7108811
7096535
7096145
7090295
7086327
7083191
7068341
7059381
7071657
7071657
7089297
7092433
7095569
7100819
7100819
7112432
7120552
7126402
7130562
7134530
7134530
7139498
7139498
7143722
7146082
7146082
7148318
7151078
7154342
7154836
7155793
7156493
7156493
7156883
7157273
7154009
7150041
7133441
7129217
7116941
7115621
7114921
7114129
7114101
7110811
7123087
7131235
7146670
7150798
7154340
7158915
7161505
7163001
7163001
7162242
7160890
7135634
7139762
7130562
7129587
7120627
7137227
7143653
7143755
7135635
7115433
7112143
7110767
7104107
7078851
7078051
7103307
7102691
7097231
7088031
7079071
7077719
7090421
7095671
7092911
7089491
7087493
7062237
7062937
7054789
7054789
7053293
7062493
7060323
7056903
7039263
7039263
7038463
7024783
7024783
7030033
7030990
7031092
7030612
7015177
7014418
7010876
7006716
6989076
6977552
6975576
6975884
6975884
6962204
6961044
6959724
6964692
6964076
6950636
6950636
6946476
6960156
6962746
6964242
6963762
6961683
6963919
6963919
6959859
6966327
6961077
6960769
6955269
6955269
6947121
6934721
6933921
6913719
6913239
6899559
6895335
6890883
6890781
6878505
6878607
6870447
6865872
6859608
6854212
6854002
6851832
6852972
6855597
6856213
6843813
6843319
6840183
6839043
6824193
6816033
6816033
6782458
6785266
6783890
6785342
6781922
6780098
6775523
6765323
6761195
6761195
6737275
6736475
6718835
6707311
6710601
6711081
6704655
6680735
6679283
6685658
6686000
6684746
6682667
6706587
6706559
6706065
6721500
6675132
6674373
6669405
6672947
6677171
6679250
6683310
6683804
6678304
6674176
6670016
6667296
6665844
6662424
6665966
6661806
6656622
6656594
6655637
6619293
6619083
6614955
6606835
6590235
6570033
6569539
6563491
6563491
6560899
6558307
6546031
6542063
6536423
6531027
6526967
6539669
6536249
6530853
6529357
6529021
6529021
6534661
6532491
6531039
6531996
6528540
6504620
6484418
6483689
6482897
6482897
6468047
6467288
6453608
6453608
6452448
6449856
6446436
6422516
6419796
6415449
6413370
6410080
6393480
6381080
6377816
6371441
6357761
6356804
6390379
6396019
6401659
6407923
6417123
6425243
6425243
6426619
6427759
6434419
6436243
6438322
6441778
6444014
6446774
6449364
6449858
6450815
6450843
6437403
6437403
6437403
6437403
6452838
6451863
6449273
6444023
6469279
6481555
6484691
6498371
6511811
6523424
6531544
6536940
6539532
6540261
6542621
6544619
6545939
6546281
6546383
6544213
6531813
6523653
6521655
6488080
6488080
6492427
6480903
6467943
6461475
6472999
6472042
6458938
6458938
6463513
6462137
6462035
6458615
6458121
6451857
6451065
6439452
6439452
6434202
6434202
6430938
6426970
6421120
6421120
6417984
6417984
6415624
6410656
6409956
6409956
6397680
6397680
6395444
6395444
6395444
6407720
6422570
6446490
6462690
6465826
6468546
6473796
6479046
6484230
6495843
6495843
6504621
6510471
6514439
6520865
6525833
6530801
6531530
6535754
6536370
6538730
6541090
6544546
6546782
6550046
6551021
6551721
6552063
6552453
6552761
6552061
6551959
6549367
6549367
6565567
6577967
6587167
6590709
6590709
6592061
6600839
6606689
6610657
6616705
6619297
6622587
6625737
6625947
6626255
6618107
6618107
6617378
6616649
6616649
6583074
6574296
6556170
6558762
6562986
6564962
6562726
6561350
6557930
6564118
6575458
6575458
6572322
6525954
6532218
6529458
6523998
6510318
6513774
6512799
6500097
6474841
6469445
6433101
6446061
6441609
6428505
6425241
6423071
6414911
6414152
6426854
6431078
6418376
6417676
6400036
6381910
6381808
6371608
6338033
6334743
6333291
6334611
6322998
6299508
6287232
6281836
6276652
6275852
6272588
6267088
6262636
6259916
6259580
6258228
6255992
6247214
6241166
6239190
6238050
6238022
6229062
6224094
6223752
6211203
6257571
6269847
6282123
6296973
6313173
6315893
6318613
6331573
6340533
6350733
6355917
6360492
6364944
6366296
6371692
6380470
6381610
6387110
6391270
6393862
6399910
6404878
6405678
6408968
6411204
6413440
6415676
6418940
6420916
6422412
6423204
6423540
6423876
6424218
6424560
6424588
6422418
6398928
6362584
6359864
6357628
6354208
6352888
6350128
6345676
6334152
6327777
6322527
6322219
6322219
6298729
6286180
6283030
6278683
6279658
6267258
6260790
6255822
6254682
6238082
6234022
6210102
6208962
6183706
6185026
6184267
6183475
6178015
6172515
6149025
6153372
6166074
6166410
6165794
6141874
6141664
6137536
6183904
6200104
6217744
6237946
6250346
6259306
6274741
6280137
6288915
6295383
6297975
6298734
6299350
6303410
6306866
6307841
6309161
6309263
6309291
6304716
6302356
6293156
6292848
6291352
6282392
6292592
6298967
6296888
6296159
6294783
6248415
6246055
6240595
6239219
6231099
6247699
6247357
6247015
6245695
6233419
6232619
6231827
6244787
6246107
6241139
6236171
6233579
6218729
6213269
6208301
6206949
6193989
6187521
6186069
6179409
6162809
6161669
6160694
6156470
6152246
6152218
6152218
6176138
6176754
6170904
6167484
6166527
6165175
6163799
6163799
6159452
6158477
6155213
6149753
6146993
6144368
6142392
6140222
6137862
6137862
6137862
6131436
6095092
6092372
6128716
6165060
6188980
6193327
6197674
6200394
6213834
6217376
6228716
6230092
6231444
6236840
6242690
6248150
6250320
6252945
6255537
6261585
6262385
6265193
6267553
6270313
6273577
6275553
6276047
6277022
6277979
6278315
6278705
6279095
6279095
6273699
6272970
6267574
6261934
6261205
6251005
6241805
6205461
6208751
6206126
6215326
6199126
6186022
6185812
6193972
6191164
6187744
6163824
6166184
6164014
6158374
6164014
6157750
6154942
6148282
6148254
6145446
6131766
6129530
6129530
6127532
6125296
6120328
6119528
6118799
6116339
6108179
6087977
6082337
6069937
6046017
6045627
6041175
6015919
6013840
5967472
5933897
5933105
5916505
5898865
5883430
5871817
5860204
5852044
5839644
5823044
5807609
5784119
5784091
5780123
5780123
5763923
5763587
5757212
5753948
5730458
5729501
5727141
5724005
5687661
5675261
5670686
5667550
5661175
5655991
5649803
5644553
5640329
5628716
5622866
5619730
5619030
5614062
5599212
5592786
5590426
5586970
5583706
5571430
5567462
5562278
5560042
5559652
5546548
5543258
5555534
5570384
5573520
5578770
5583954
5595567
5601417
5605385
5611811
5616779
5621003
5623363
5626819
5629055
5632319
5633019
5633409
5629062
5623212
5621236
5617076
5599436
5599408
5579206
5577208
5576818
5563714
5557666
5555076
5543552
5538092
5514172
5508532
5483276
5482968
5481472
5468770
5467418
5466258
5464282
5461562
5443922
5442668
5437484
5435508
5423984
5411584
5397904
5395444
5389069
5382409
5381057
5378697
5374569
5372209
5359933
5358679
5342479
5336839
5336139
5336111
5334759
5333802
5330666
5324240
5323100
5317250
5314890
5310730
5308140
5302092
5302092
5297932
5287732
5285142
5279892
5275732
5273272
5270008
5261848
5259769
5248245
5247453
5241265
5239813
5239813
5237989
5221389
5220895
5215927
5212777
5211401
5195966
5195207
5193383
5193075
5177640
5169520
5168728
5162464
5154344
5151584
5151248
5150632
5142472
5130859
5129719
5126429
5126087
5125358
5123279
5114319
5113983
5112663
5109243
5096843
5095703
5092439
5092411
5089819
5085244
5079056
5070096
5061948
5056098
5045898
5032938
5026512
5022384
5019576
5018322
5006709
5002741
4986541
4992729
5008929
5017077
5017077
5026037
5030165
5040365
5051978
5056553
5062403
5066371
5066371
5068963
5071771
5073025
5071885
5069165
5064818
5064476
5063336
5063336
5049896
5046746
5046252
5026050
5024910
5023558
5014780
5011972
5011972
5011944
5011450
5006998
5005678
5002528
4999938
4997768
4991393
4977713
4971449
4970309
4964045
4963245
4947045
4936845
4936086
4935294
4934594
4934384
4928120
4907918
4907118
4903662
4890558
4884294
4880070
4879370
4873730
4860626
4860626
4842986
4836798
4835658
4835164
4827016
4814314
4808814
4800036
4753668
4750212
4734012
4723812
4714612
4711348
4707124
4698976
4697836
4696879
4694643
4691223
4689847
4687849
4675573
4674873
4666095
4665138
4664522
4663146
4616778
4593288
4578438
4577738
4573770
4567344
4563120
4557270
4554134
4542521
4540285
4539895
4527619
4512769
4507801
4502551
4499095
4496735
4491551
4488287
4487495
4486043
4498319
4513169
4516305
4521555
4526739
4538352
4544202
4548170
4554596
4559564
4563788
4566148
4569604
4571840
4575104
4575804
4576194
4573604
4548348
4523092
4509412
4500212
4499822
4498370
4474880
4465920
4463295
4460159
4452039
4451703
4450728
4448368
4448368
4447016
4442888
4434768
4429128
4424904
4424904
4420936
4414888
4411598
4411290
4395090
4393738
4393738
4390196
4390196
4384800
4375600
4375390
4372798
4364020
4360870
4348470
4339270
4364526
4380726
4393126
4402326
4405868
4417208
4418560
4427338
4431306
4437354
4439946
4443236
4446386
4446596
4446904
4443614
4440854
4437434
4424732
4409297
4391657
4390865
4377905
4376553
4371157
4369159
4365739
4359313
4359211
4355151
4331661
4327086
4325007
4313483
4312163
4306767
4306038
4303446
4291833
4291731
4289733
4289391
4264135
4256015
4252879
4251625
4237945
4235585
4222145
4209869
4209869
4222145
4225281
4238961
4238961
4250574
4258694
4264090
4266682
4267411
4269771
4271769
4273089
4273431
4273533
4271709
4260185
4244750
4236630
4234170
4228530
4227034
4213354
4201830
4190490
4188994
4188784
4176508
4165168
4164368
4150688
4149548
4146958
4146958
4144198
4137772
4131584
4131584
4131584
4085216
4085006
4079756
4066796
4053836
4041560
4033400
4013198
4011944
3999395
3985715
3983125
3982168
3976708
3972484
3968356
3966904
3930560
3929831
3920871
3918111
3905007
3903031
3889927
3873727
3870591
3866463
3866463
3861495
3860241
3858162
3851694
3843546
3828696
3815592
3813356
3808904
3803404
3803376
3800112
3799776
3793728
3792376
3786980
3778020
3777678
3776878
3774158
3773018
3764240
3762264
3757080
3744804
3739836
3739220
3751496
3754216
3763176
3768360
3772812
3774164
3779560
3788338
3789478
3794978
3801026
3805994
3806794
3809030
3812294
3814270
3814606
3814948
3814976
3811686
3805498
3805396
3799348
3785668
3774144
3767880
3765644
3762380
3759660
3756510
3710142
3708063
3707106
3704870
3704170
3698320
3683470
3678502
3673318
3672928
3670568
3665318
3661350
3658086
3645810
3642674
3639218
3636982
3632758
3621145
3614719
3613762
3595636
3559292
3558152
3552902
3552902
3547652
3544362
3527762
3527146
3520882
3516307
3511123
3497683
3486343
3485863
3485104
3481684
3481294
3469018
3465476
3456698
3456390
3451815
3450363
3445911
3442761
3396393
3394033
3393931
3389356
3395544
3407820
3444164
3453124
3468559
3474019
3480445
3482269
3487237
3490527
3491781
3495237
3497473
3500737
3502713
3503193
3498618
3492430
3490260
3487500
3486741
3482581
3482581
3481261
3476914
3471518
3455318
3455108
3455108
3442004
3440864
3436640
3435288
3433968
3425808
3423832
3418648
3417152
3414562
3412202
3412202
3411443
3410486
3409346
3400146
3394296
3394268
3381992
3379272
3371124
3367668
3354966
3348540
3360816
3363536
3371684
3385124
3397826
3407026
3412210
3420370
3426220
3427360
3433786
3434545
3436905
3440361
3442951
3444927
3446423
3447380
3447408
3422152
3404512
3404032
3402536
3393336
3392176
3389040
3352696
3350071
3348095
3345503
3331823
3327371
3323951
3321872
3321172
3318022
3317920
3315944
3269576
3268817
3268088
3254408
3242795
3241838
3237678
3234388
3233659
3232207
3231448
3225598
3222448
3216073
3215731
3215115
3199680
3196416
3183312
3169632
3165504
3162879
3176559
3191994
3205098
3209226
3220839
3227214
3233064
3237224
3239849
3240608
3241337
3242789
3246079
3246695
3249959
3253109
3254066
3254408
3253792
3252296
3238616
3215126
3212666
3209376
3209068
3206443
3190243
3187783
3185423
3172874
3170795
3170795
3170066
3168714
3166124
3149924
3143264
3142770
3141813
3139989
3116499
3115707
3110457
3109203
3105939
3105445
3092896
3090136
3072496
3072496
3055896
3009528
3009034
2996634
2995494
3029069
3054325
3069175
3073522
3079162
3092122
3105802
3119242
3122784
3130904
3135356
3140324
3141124
3145184
3147420
3148580
3149372
3148232
3135832
3135832
3123130
3110730
3097626
3074136
3074108
3068858
3055754
3055418
3050450
3045200
3042050
3036654
3036160
3029500
3028543
3024575
3000655
2999698
2997073
2997045
2997017
2992957
2975317
2961637
2949361
2945393
2942768
2931244
2913118
2900416
2900388
2890188
2884728
2871624
2869800
2869590
2867614
2866118
2866118
2865624
2862999
2862897
2861445
2848341
2847725
2842475
2841155
2828755
2824531
2818343
2818035
2815410
2812690
2812480
2811688
2809098
2805556
2804599
2802139
2797171
2796835
2791335
2786085
2782025
2779433
2785621
2788341
2800741
2804283
2809783
2812408
2817376
2821600
2824190
2826650
2827607
2828399
2828735
2828945
2829253
2828494
2825230
2821262
2819910
2814270
2809302
2800102
2794918
2790758
2785258
2772709
2771752
2771023
2769883
2755033
2738433
2725329
2724835
2724625
2720657
2720555
2719598
2719388
2710188
2708836
2702788
2702480
2690080
2681302
2665102
2653762
2650472
2646504
2643912
2618656
2615506
2611964
2575620
2600876
2617076
2629476
2638676
2642218
2653558
2654910
2663688
2667656
2673704
2676296
2679586
2682736
2682946
2683254
2683254
2668404
2660284
2647884
2646388
2622898
2619762
2618805
2618463
2604783
2601493
2598203
2592703
2559128
2546728
2546728
2544138
2541548
2538006
2525730
2516952
2505428
2504812
2504053
2498413
2493163
2490538
2466618
2463198
2462808
2446208
2445068
2444452
2432928
2427678
2421252
2420862
2403222
2399062
2380936
2363296
2360704
2358079
2355271
2351303
2342343
2326143
2326143
2323551
2317701
2311513
2311513
2306938
2305684
2301556
2289943
2279743
2271595
2277783
2293983
2302131
2315091
2324051
2328179
2338379
2349992
2354567
2360417
2364385
2370811
2373403
2376211
2377465
2369345
2366055
2391311
2414801
2427350
2440790
2447054
2450596
2458756
2463331
2469991
2472583
2476807
2479167
2483227
2486377
2486719
2486821
2478661
2453405
2446937
2445585
2441457
2407882
2401222
2399902
2399902
2396766
2396664
2388544
2385952
2385610
2384881
2382521
2370908
2368910
2355230
2355230
2349834
2337558
2362814
2375090
2378226
2391906
2405346
2416959
2425079
2430475
2433067
2433796
2436156
2438154
2439474
2439816
2439918
2437920
2432460
2429196
2426436
2426334
2416134
2415434
2413610
2412114
2406654
2401686
2398144
2394854
2386706
2382646
2379886
2379392
2370192
2366064
2350629
2342509
2338285
2337328
2331688
2331660
2317980
2317486
2316992
2310617
2309121
2307745
2303170
2298202
2295966
2295864
2295072
2286924
2271489
2267947
2265322
2263946
2254746
2241066
2228790
2227630
2218852
2215432
2208772
2192572
2192572
2174446
2173952
2169605
2169395
2164211
2160243
2185499
2197775
2202122
2218322
2221742
2239868
2253548
2262748
2267932
2269308
2278086
2284746
2288714
2289208
2290368
2290578
2272938
2272630
2272288
2271808
2267584
2264128
2251168
2248932
2242668
2238444
2238108
2238006
2236866
2228088
2221900
2219924
2196004
2183728
2182276
2173076
2170997
2169501
2156799
2144523
2143723
2138327
2137187
2136845
2127885
2125909
2120941
2118221
2117885
2117857
2111809
2110457
2108221
2102721
2097537
2088759
2084307
2081043
2078453
2065751
2063161
2096736
2101083
2113632
2116768
2129168
2138128
2151568
2163181
2171301
2182641
2184017
2190392
2191192
2191921
2194511
2196971
2197313
2197703
2194895
2170975
2170000
2164360
2162124
2159532
2158803
2156724
2144022
2141262
2138902
2137526
2137136
2134416
2130069
2106149
2105192
2102432
2100072
2096808
2060464
2058488
2055863
2050403
2049428
2048076
2036736
2034566
2031110
2015675
2015675
2002715
2002373
2001398
1997856
1992888
1946520
1929920
1924070
1919723
1917487
1893567
1888992
1887672
1887672
1887672
1881408
1880451
1865601
1865601
1865601
1863777
1863469
1863127
1858552
1857936
1824361
1817701
1804999
1802191
1785991
1780351
1774711
1768336
1765616
1752176
1750856
1739516
1739516
1733666
1722142
1717982
1713758
1708508
1707892
1707398
1704678
1700331
1696107
1695315
1679115
1676523
1672555
1669265
1666115
1662573
1651233
1642033
1641725
1616469
1604069
1602717
1602507
1596459
1587681
1579521
1604777
1620977
1633377
1642577
1646119
1657459
1658811
1667589
1671557
1677605
1680197
1683487
1686637
1686847
1687155
1672305
1668245
1655285
1651743
1618168
1610048
1604408
1579152
1574805
1561365
1556397
1551945
1551153
1537473
1536673
1535513
1533277
1529987
1528667
1562242
1587498
1602348
1606695
1612335
1625295
1638975
1652415
1655957
1664077
1668529
1673497
1674297
1678357
1680593
1681753
1682545
1679953
1677593
1667393
1651193
1641993
1639401
1637165
1600821
1600021
1599685
1599295
1594948
1584748
1571788
1571452
1567910
1561862
1556466
1553176
1527920
1525560
1523562
1522833
1509393
1509291
1497678
1494542
1494200
1486080
1472400
1467004
1454728
1453408
1450816
1441856
1439264
1419062
1418087
1409309
1391669
1388213
1387454
1341086
1339766
1323566
1317098
1313038
1307642
1295242
1294626
1279191
1279089
1279061
1304317
1316593
1319729
1333409
1346849
1358462
1366582
1371978
1374570
1375299
1377659
1379657
1380977
1381319
1381421
1372461
1366611
1362483
1357908
1347708
1341520
1338928
1330780
1317820
1315012
1313758
1302145
1295719
1291751
1275551
1281739
1297939
1306087
1319047
1328007
1332135
1342335
1353948
1358523
1364373
1368341
1374767
1377359
1380167
1381421
1372461
1364341
1362965
1350565
1349765
1346629
1340254
1339912
1328299
1323952
1312612
1300063
1266488
1266098
1252658
1251929
1249469
1246879
1280454
1284801
1297350
1300486
1312886
1326326
1335286
1346899
1355019
1366359
1367735
1374110
1374910
1375639
1378229
1380689
1381031
1381421
1378271
1377963
1373995
1348739
1345449
1329249
1320049
1317457
1308679
1296279
1290231
1290021
1286479
1275139
1273787
1299043
1315243
1327643
1336843
1340385
1351725
1353077
1361855
1365823
1368415
1374463
1377753
1380903
1381113
1381421
1427789
1433977
1451617
1463141
1473341
1478737
1484587
1485387
1489611
1492419
1494498
1497788
1498282
1499074
1499410
1493770
1468514
1463546
1461310
1447630
1432780
1419820
1419020
1415478
1381903
1380743
1372623
1368171
1364111
1363319
1358972
1345532
1379107
1404363
1419213
1423560
1429200
1442160
1455840
1469280
1472822
1480942
1485394
1490362
1491162
1495222
1497458
1498618
1499410
1532985
1549185
1561585
1566835
1571410
1576910
1579080
1581672
1583124
1585203
1588353
1589328
1590120
1590600
1591300
1603576
1607923
1626049
1637573
1650677
1654805
1663583
1670243
1672413
1675005
1679973
1680589
1682949
1685185
1685493
1682901
1679765
1674369
1660929
1647249
1645251
1644522
1642162
1642060
1616804
1616462
1608342
1596066
1594746
1583133
1570431
1567711
1561285
1560145
1559188
1557692
1552508
1552480
1544320
1532044
1522844
1509404
1507428
1505068
1496920
1496161
1493571
1487721
1484265
1496541
1499261
1507409
1520849
1533551
1542751
1547935
1556095
1561945
1563085
1569511
1570270
1572630
1576086
1578676
1580652
1582148
1583105
1583133
1579983
1577358
1565745
1562481
1561029
1556901
1551051
1550435
1536755
1533465
1533123
1528963
1513528
1512769
1506394
1505665
1504708
1491604
1505284
1520719
1533823
1537951
1549564
1555939
1561789
1565949
1568574
1569333
1570062
1571514
1574804
1575420
1578684
1581834
1582791
1583133
1578786
1545211
1531771
1520431
1507882
1499762
1487362
1485986
1474373
1467998
1467198
1464062
1463720
1462991
1454031
1451571
1451181
1448591
1482166
1486513
1499062
1502198
1514598
1523558
1536998
1548611
1556731
1568071
1569447
1575822
1576622
1577351
1579941
1582401
1582743
1583133
1579869
1570909
1569655
1569175
1556899
1551931
1548475
1533040
1496696
1494460
1491170
1484982
1483006
1481182
1475722
1469296
1492786
1496206
1514332
1534534
1540174
1551787
1553139
1554279
1560939
1566987
1571955
1576179
1580239
1582829
1583165
1578941
1532573
1532079
1525891
1508251
1507915
1502519
1499711
1496421
1486221
1485429
1484629
1478779
1467255
1465176
1511544
1517732
1535372
1546896
1557096
1562492
1568342
1569142
1573366
1576174
1578253
1581543
1582037
1582829
1583165
1579197
1553941
1547893
1538693
1535403
1534051
1525273
1524965
1512565
1496365
1496155
1493005
1490413
1486871
1475531
1500787
1516987
1529387
1538587
1542129
1553469
1554821
1563599
1567567
1573615
1576207
1579497
1582647
1582857
1583165
1570205
1560005
1554155
1546007
1543415
1527215
1515602
1511474
1506899
1505645
1501677
1495251
1489063
1486255
1477295
1483483
1499683
1507831
1520791
1529751
1533879
1544079
1555692
1560267
1566117
1570085
1576511
1579103
1581911
1583165
1576901
1551645
1538205
1533981
1530439
1527847
1525487
1525145
1518485
1505936
1501876
1478386
1478284
1473709
1470559
1462399
1448719
1432519
1407263
1403295
1402801
1384675
1383515
1379168
1378958
1373774
1361498
1360122
1350922
1344262
1340842
1332064
1357320
1369596
1373943
1390143
1393563
1411689
1425369
1434569
1439753
1441129
1449907
1456567
1460535
1461029
1462189
1462399
1457431
1455261
1443737
1443429
1434651
1434035
1415909
1413317
1400213
1387937
1385577
1381230
1374570
1372334
1368206
1380482
1384829
1402955
1414479
1427583
1431711
1440489
1447149
1449319
1451911
1456879
1457495
1459855
1462091
1462399
1456759
1455959
1442279
1438737
1405162
1391722
1387375
1379255
1364405
1351445
1350653
1348417
1343965
1338997
1313741
1309681
1308521
1342096
1367352
1382202
1386549
1392189
1405149
1418829
1432269
1435811
1443931
1448383
1453351
1454151
1458211
1460447
1461607
1462399
1444759
1441469
1440975
1440183
1439383
1433195
1431116
1425720
1425384
1419534
1416726
1405202
1395002
1390778
1344410
1390778
1396966
1414606
1426130
1436330
1441726
1447576
1448376
1452600
1455408
1457487
1460777
1461271
1462063
1462399
1455739
1452319
1428829
1423189
1411576
1407352
1389226
1388890
1382842
1380252
1378900
1358698
1354638
1349670
1348530
1372020
1375440
1393566
1413768
1419408
1431021
1432373
1433513
1440173
1446221
1451189
1455413
1459473
1462063
1462399
1451059
1450330
1442210
1440834
1431874
1425499
1412059
1411669
1378094
1365694
1362558
1362216
1349667
1347207
1335594
1333004
1328657
1327857
1327549
1327339
1315999
1309951
1307359
1294959
1285759
1282469
1278501
1275351
1266573
1241317
1225117
1223765
1220223
1245479
1261679
1274079
1283279
1286821
1298161
1299513
1308291
1312259
1318307
1320899
1324189
1327339
1327549
1327857
1353113
1365662
1383302
1386722
1403322
1408962
1411682
1424642
1437746
1450448
1459648
1464832
1468800
1474848
1478112
1480088
1480568
1480904
1480932
1480624
1473964
1471604
1467257
1464665
1455887
1437761
1437145
1434975
1422699
1420463
1415495
1411367
1399843
1386739
1399015
1403362
1421488
1433012
1446116
1450244
1459022
1465682
1467852
1470444
1475412
1476028
1478388
1480624
1480932
1478340
1471914
1455714
1444101
1438251
1434123
1423923
1415775
1411200
1402240
1400986
1394798
1381838
1379030
1375062
1381250
1397450
1405598
1418558
1427518
1431646
1441846
1453459
1458034
1463884
1467852
1474278
1476870
1479678
1480932
1480438
1477630
1471780
1470980
1470188
1452548
1447152
1446816
1444737
1438549
1435259
1425059
1413535
1409311
1362943
1409311
1415499
1433139
1444663
1454863
1460259
1466109
1466909
1471133
1473941
1476020
1479310
1479804
1480596
1480932
1480722
1478002
1475542
1475206
1474414
1470872
1466648
1464058
1463101
1457601
1454976
1442576
1442268
1437300
1431112
1437300
1440020
1452420
1455962
1461462
1464087
1469055
1473279
1475869
1478329
1479286
1480078
1480414
1480624
1480932
1480140
1475793
1467673
1463613
1438357
1424677
1411717
1378142
1374600
1368960
1368160
1365924
1351074
1346106
1332666
1331506
1327054
1360629
1385885
1400735
1405082
1410722
1423682
1437362
1450802
1454344
1462464
1466916
1471884
1472684
1476744
1478980
1480140
1480932
1480596
1479456
1472796
1452594
1451242
1446274
1440226
1437636
1433576
1415450
1412030
1388540
1382900
1371287
1367063
1390553
1393973
1412099
1432301
1437941
1449554
1450906
1452046
1458706
1464754
1469722
1473946
1478006
1480596
1480932
1476357
1474278
1471128
1454928
1452758
1452058
1451578
1450786
1448194
1446742
1441242
1407667
1406692
1394292
1389042
1422617
1438817
1451217
1456467
1461042
1466542
1468712
1471304
1472756
1474835
1477985
1478960
1479752
1480232
1480932
1478340
1469140
1463092
1437836
1434546
1431004
1418604
1414636
1403296
1400146
1398794
1398584
1398276
1389498
1373298
1398554
1414754
1427154
1436354
1439896
1451236
1452588
1461366
1465334
1471382
1473974
1477264
1480414
1480624
1480932
1514507
1560875
1565222
1568642
1574282
1578410
1588610
1597810
1603060
1604412
1609872
1616298
1618923
1621515
1622131
1626191
1629455
1629557
1629585
1629091
1611451
1599927
1589727
1583539
1537171
1531775
1530983
1528904
1523054
1519764
1515540
1514740
1511932
1511596
1557964
1564152
1581792
1593316
1603516
1608912
1614762
1615562
1619786
1622594
1624673
1627963
1628457
1629249
1629585
1617309
1604205
1586079
1583487
1571963
1569727
1569419
1565291
1564675
1558015
1549237
1544269
1542099
1539739
1535392
1547668
1552015
1570141
1581665
1594769
1598897
1607675
1614335
1616505
1619097
1624065
1624681
1627041
1629277
1629585
1627225
1622041
1621084
1614658
1613518
1607668
1604948
1603452
1601476
1588774
1580614
1578024
1574568
1562292
1553092
1544944
1531504
1531476
1530717
1542993
1545713
1553861
1567301
1580003
1589203
1594387
1602547
1608397
1609537
1615963
1616722
1619082
1622538
1625128
1627104
1628600
1629557
1629585
1641985
1655425
1668127
1674391
1680241
1681381
1686841
1693309
1695934
1696734
1700794
1703254
1704574
1705054
1705156
1705546
1704817
1691137
1684762
1681472
1675622
1675006
1659571
1656307
1643203
1631590
1630633
1629181
1625021
1620893
1618268
1617509
1617167
1614017
1627697
1643132
1656236
1660364
1671977
1678352
1684202
1688362
1690987
1691746
1692475
1693927
1697217
1697833
1701097
1704247
1705204
1705546
1693933
1688293
1687957
1683897
1677849
1675259
1651769
1646801
1645661
1642241
1622039
1615379
1614027
1609803
1591677
1615167
1618587
1636713
1656915
1662555
1674168
1675520
1676660
1683320
1689368
1694336
1698560
1702620
1705210
1705546
1696586
1680386
1673960
1663760
1660952
1656824
1643864
1639896
1633708
1631116
1626541
1620691
1612543
1600930
1599676
1605864
1622064
1630212
1643172
1652132
1656260
1666460
1678073
1682648
1688498
1692466
1698892
1701484
1704292
1705546
1696768
1690720
1690510
1686968
1686660
1661404
1650064
1633864
1630714
1629362
1626770
1614370
1605170
1601880
1597912
1592272
1558697
1557537
1549417
1545357
1544565
1519309
1514962
1502002
1498460
1497660
1483980
1469130
1464678
1451238
1446270
1444034
1477609
1502865
1528121
1542971
1547318
1563518
1569158
1582118
1594518
1608198
1621638
1630838
1634380
1637922
1646042
1657382
1661834
1663186
1671964
1675932
1678524
1684572
1689540
1690340
1693630
1697690
1699926
1703076
1704236
1705028
1705238
1705546
1704754
1701946
1696096
1694017
1693681
1676041
1665841
1660445
1654257
1650033
1646743
1600375
1588851
1588051
1587557
1633925
1640113
1657753
1669277
1679477
1684873
1690723
1691523
1695747
1698555
1700634
1703924
1704418
1705210
1705546
1702954
1700718
1682592
1680422
1676294
1673934
1673318
1668971
1656695
1650035
1636931
1625407
1616629
1616321
1611353
1623629
1627976
1646102
1657626
1670730
1674858
1683636
1690296
1692466
1695058
1700026
1700642
1703002
1705238
1705546
1698886
1682686
1682192
1681032
1671832
1646576
1645200
1636422
1632075
1619799
1615831
1597705
1584025
1578841
1575421
1575211
1600467
1612743
1617090
1633290
1636710
1654836
1668516
1677716
1682900
1684276
1693054
1699714
1703682
1704176
1705336
1705546
1700086
1693822
1693022
1691702
1685234
1685132
1684652
1672252
1659550
1656925
1651075
1637635
1637245
1633185
1630725
1629585
1641985
1655425
1668127
1674391
1680241
1681381
1686841
1693309
1695934
1696734
1700794
1703254
1704574
1705054
1705156
1705546
1729036
1746676
1766878
1778402
1787602
1792054
1793430
1797590
1798390
1801198
1804654
1806890
1808888
1809368
1809676
1805452
1799404
1781278
1774618
1774282
1769314
1766724
1761084
1757664
1737462
1725849
1724497
1720437
1696947
1695807
1685607
1682317
1681823
1675635
1669785
1664389
1646749
1645957
1634433
1588065
1587729
1583505
1580697
1579897
1577818
1624186
1630374
1648014
1659538
1669738
1675134
1680984
1681784
1686008
1688816
1690895
1694185
1694679
1695471
1695807
1679607
1676065
1672775
1671423
1659023
1633767
1631175
1630867
1622089
1616041
1612073
1611863
1602663
1599513
1588173
1624517
1644719
1658159
1671263
1683965
1693165
1704778
1712938
1717513
1723013
1729481
1732106
1734698
1735498
1736114
1738090
1739410
1739800
1735453
1734653
1729685
1724045
1690470
1676790
1668670
1664218
1651258
1647716
1634276
1633484
1629424
1627188
1601932
1587082
1585922
1619497
1644753
1659603
1663950
1669590
1682550
1696230
1709670
1713212
1721332
1725784
1730752
1731552
1735612
1737848
1739008
1739800
1739100
1738125
1737333
1735163
1733084
1728509
1725359
1709159
1703659
1698409
1696957
1663382
1660790
1660310
1647910
1681485
1697685
1710085
1715335
1719910
1725410
1727580
1730172
1731624
1733703
1736853
1737828
1738620
1739100
1739800
1773375
1785924
1802124
1805544
1822144
1824864
1838304
1847264
1853528
1857070
1862254
1870374
1877034
1881194
1884002
1884618
1887208
1889184
1882758
1876570
1864957
1856809
1854001
1841041
1824841
1820713
1818121
1807921
1798961
1794386
1793132
1787282
1783314
1782174
1775910
1775430
1769970
1767345
1763285
1750885
1750085
1744235
1744133
1742813
1742423
1739963
1727261
1713821
1707353
1719753
1733193
1745895
1752159
1758009
1759149
1764609
1771077
1773702
1774502
1778562
1781022
1782342
1782822
1782924
1783314
1771790
1766822
1766206
1748080
1745488
1743128
1730852
1717748
1715578
1708918
1706682
1697904
1693776
1693468
1689121
1701397
1705744
1723870
1735394
1748498
1752626
1761404
1768064
1770234
1772826
1777794
1778410
1780770
1783006
1783314
1781078
1780770
1760568
1757112
1752660
1749852
1748476
1744316
1743836
1743036
1731512
1713872
1711874
1702674
1679184
1702674
1720314
1740516
1752040
1761240
1765692
1767068
1771228
1772028
1774836
1778292
1780528
1782526
1783006
1783314
1765674
1759824
1755600
1754808
1748620
1743224
1731700
1721500
1719421
1716131
1669763
1668963
1668627
1668133
1665325
1711693
1717881
1735521
1747045
1757245
1762641
1768491
1769291
1773515
1776323
1778402
1781692
1782186
1782978
1783314
1774114
1773498
1760058
1757466
1749306
1729104
1723604
1723214
1721238
1718613
1682269
1680949
1669336
1662868
1658293
1657493
1644389
1631687
1668031
1688233
1701673
1714777
1727479
1736679
1748292
1756452
1761027
1766527
1772995
1775620
1778212
1779012
1779628
1781604
1782924
1783314
1783286
1777646
1773586
1773484
1772132
1768712
1765448
1755248
1754632
1708264
1674689
1670561
1666214
1660964
1658339
1649139
1642713
1637253
1634661
1668236
1714604
1718951
1722371
1728011
1732139
1742339
1751539
1756789
1758141
1763601
1770027
1772652
1775244
1775860
1779920
1783184
1783286
1783314
1782154
1761952
1757728
1755492
1755184
1754209
1720634
1704434
1691330
1690076
1689974
1643606
1639638
1633212
1625052
1622332
1621532
1611332
1610192
1603928
1598078
1597278
1593218
1587758
1575056
1572596
1566128
1564808
1562183
1561793
1561691
1549291
1548811
1535371
1547771
1561211
1573913
1580177
1586027
1587167
1592627
1599095
1601720
1602520
1606580
1609040
1610360
1610840
1610942
1611332
1608740
1606115
1604795
1596635
1583195
1573995
1573605
1560903
1556328
1555528
1554912
1543299
1541323
1528219
1521751
1485407
1479907
1459705
1496049
1516251
1529691
1542795
1555497
1564697
1576310
1584470
1589045
1594545
1601013
1603638
1606230
1607030
1607646
1609622
1610942
1611332
1607204
1598426
1586150
1585534
1567408
1554304
1549336
1546744
1544574
1542338
1537991
1535631
1524107
1517447
1517139
1529415
1533762
1551888
1563412
1576516
1580644
1589422
1596082
1598252
1600844
1605812
1606428
1608788
1611024
1611332
1607172
1589532
1566042
1545840
1536640
1533832
1533352
1531354
1526902
1526102
1525794
1524418
1520962
1509438
1507202
1530692
1548332
1568534
1580058
1589258
1593710
1595086
1599246
1600046
1602854
1606310
1608546
1610544
1611024
1611332
1636588
1640935
1657135
1677337
1682977
1685697
1698657
1712337
1721297
1731497
1732849
1738897
1739656
1742464
1745920
1748510
1749670
1716095
1701245
1697703
1696911
1696111
1690471
1677031
1664071
1662911
1649231
1644263
1639916
1635464
1627344
1602088
1598028
1595792
1589942
1580742
1579246
1578487
1565785
1565757
1563781
1561191
1554765
1546605
1541421
1527981
1526841
1524481
1512205
1511248
1508528
1500380
1496924
1509200
1511920
1520068
1533508
1546210
1555410
1560594
1568754
1574604
1575744
1582170
1582929
1585289
1588745
1591335
1593311
1594807
1595764
1595792
1595456
1590060
1589260
1571620
1568330
1556806
1550618
1549826
1543976
1543482
1533282
1531203
1526979
1524171
1477803
1524171
1530359
1547999
1559523
1569723
1575119
1580969
1581769
1585993
1588801
1590880
1594170
1594664
1595456
1595792
1594340
1590212
1589255
1577642
1564538
1561274
1560932
1560173
1557023
1550648
1536968
1531118
1527828
1512393
1509768
1509152
1504992
1504263
1517943
1533378
1546482
1550610
1562223
1568598
1574448
1578608
1581233
1581992
1582721
1584173
1587463
1588079
1591343
1594493
1595450
1595792
1594992
1574790
1572814
1560112
1559496
1553028
1543828
1543438
1537938
1524498
1488154
1476541
1473916
1472596
1470004
1465429
1452325
1444165
1480509
1500711
1514151
1527255
1539957
1549157
1560770
1568930
1573505
1579005
1585473
1588098
1590690
1591490
1592106
1594082
1595402
1595792
1608068
1624268
1641908
1660034
1672994
1686674
1692938
1703138
1711298
1712674
1716642
1719267
1720719
1723983
1726443
1728441
1729416
1730576
1730912
1718210
1716890
1711430
1705580
1705100
1691660
1685192
1672792
1670332
1667707
1666567
1666465
1660201
1659811
1655751
1654951
1651495
1649259
1648951
1647575
1629935
1629455
1620255
1619455
1617457
1605933
1582443
1562241
1557789
1554981
1550821
1587165
1610655
1628295
1631431
1649557
1669759
1681283
1689431
1698391
1711831
1720791
1729991
1733533
1737985
1739361
1740713
1746213
1751673
1755833
1762301
1767269
1772237
1773037
1777261
1781485
1784293
1787749
1789985
1790479
1792477
1794475
1794955
1795057
1795365
1795673
1785473
1780077
1775853
1772563
1771763
1754123
1753787
1750979
1745129
1744337
1697969
1691781
1691287
1689208
1677684
1724052
1749308
1774564
1780752
1817096
1834736
1846260
1858962
1869162
1873737
1879133
1884983
1890483
1896909
1902957
1903757
1907981
1910789
1912868
1916158
1916652
1919112
1919904
1920240
1920268
1908655
1906679
1870335
1867743
1862243
1849139
1848523
1842055
1833895
1820455
1817830
1816510
1811935
1802735
1801935
1781733
1781343
1768641
1804985
1841329
1861531
1873931
1887611
1901051
1914155
1926857
1937057
1946257
1957870
1966030
1970605
1976105
1982573
1984397
1987022
1989614
1990414
1991030
1994180
1996156
1998132
1998924
2000244
2000724
2000826
2001216
1989692
1977416
1973288
1964510
1959542
1959234
1952574
1949982
1936878
1934642
1916516
1914346
1913730
1909383
1907023
1919299
1923646
1926782
1944908
1956432
1969536
1973664
1977206
1988546
1992998
2001776
2008436
2010606
2014574
2017166
2022134
2022750
2025110
2027346
2028506
2028814
2052734
2055870
2058590
2072030
2080990
2085118
2090618
2092788
2096948
2103416
2109464
2111824
2114060
2117324
2118644
2119124
2119824
2120166
2120268
2104068
2103858
2099511
2098351
2084671
2072395
2067211
2041955
2041461
2037493
2019367
2010167
2001389
1997969
1991309
1989933
2015189
2027465
2031812
2048012
2051432
2068032
2071168
2089294
2102974
2113174
2122374
2127558
2128934
2137712
2146490
2153150
2155320
2159288
2160088
2160582
2161742
2162902
2163694
2163904
2164294
2161704
2161368
2148968
2142780
2139238
2136518
2135561
2130593
2130285
2127825
2122325
2121533
2117309
2114684
2114474
2148049
2151185
2169311
2172031
2184431
2189681
2196149
2202575
2205200
2206000
2210224
2210840
2213076
2215836
2219100
2219594
2221592
2221694
2221796
2234345
2252471
2260619
2273019
2284632
2289207
2293367
2299415
2304383
2305835
2306451
2308811
2310307
2312305
2313280
2314072
2314414
2313439
2312647
2312167
2309017
2292817
2259242
2256650
2252075
2239675
2237596
2235426
2234726
2233274
2227774
2222524
2256099
2302467
2327723
2343923
2361563
2364983
2376507
2382147
2394547
2409982
2425417
2429545
2434795
2439370
2444870
2447040
2451200
2457668
2460260
2465228
2465987
2466716
2468168
2470247
2473537
2474153
2477303
2477797
2479773
2480748
2481540
2482020
2482720
2516295
2522483
2546403
2562603
2570751
2584431
2597871
2607071
2610613
2615188
2616564
2622939
2628439
2630609
2634577
2635193
2638343
2640319
2642317
2641701
2640901
2636326
2627126
2621626
2585282
2571842
2558738
2552270
2532068
2529443
2528123
2516510
2516120
2514144
2505984
2503392
2490690
2515946
2552290
2575780
2588329
2605969
2609389
2625989
2646191
2658591
2672031
2685135
2697837
2707037
2718650
2726810
2731385
2737760
2743260
2748720
2752688
2759156
2761781
2764373
2765173
2766625
2767241
2771301
2773277
2774069
2775389
2775779
2776087
2793727
2796863
2817065
2830025
2842425
2855865
2864825
2866177
2872552
2881330
2887798
2894224
2896048
2902096
2907064
2907793
2910383
2911879
2912221
2936141
2939277
2952237
2964939
2968481
2974949
2977574
2978374
2979103
2981911
2983990
2988050
2991506
2993966
2995964
2997284
2997674
2995595
2992305
2986909
2986573
2983765
2979541
2978749
2968549
2950909
2939385
2938891
2932703
2886335
2880485
2879685
2903605
2927525
2930661
2946096
2961531
2965659
2975859
2979401
2984651
2993429
2996693
2995893
2995413
2990961
2988153
2978953
2975497
2973499
2971263
2953623
2930133
2909931
2908555
2904395
2904087
2892563
2928907
2952397
2970037
2987677
3007879
3019403
3031803
3042003
3051203
3060403
3063945
3075558
3080010
3081386
3082738
3088134
3092294
3098720
3099520
3102328
3105784
3108020
3110610
3113200
3115198
3117196
3118356
3118836
3119316
3119652
3119960
3153535
3162495
3175935
3191370
3204072
3210336
3219536
3227696
3239036
3240176
3246836
3252336
3257796
3260388
3265356
3268812
3269972
3270308
3270616
3268640
3256091
3249431
3233231
3219791
3214607
3212017
3208475
3207859
3204439
3170864
3168144
3163984
3147384
3144576
3138312
3129352
3121232
3154807
3167356
3183556
3186976
3203576
3206712
3209432
3217580
3231020
3239980
3252682
3258946
3263074
3266616
3271866
3277050
3285170
3289745
3296120
3302780
3306940
3313366
3317590
3320398
3322477
3323093
3323709
3325945
3328535
3330511
3329895
3323235
3319107
3316515
3304991
3292715
3290355
3277251
3275015
3274707
3269739
3265392
3263222
3254444
3236318
3269893
3282169
3318513
3333363
3337710
3353910
3372036
3392238
3403762
3409402
3422506
3435208
3439336
3444586
3449038
3457816
3464476
3466646
3470806
3477232
3479824
3484792
3485592
3486321
3490545
3491161
3493521
3495757
3498517
3501277
3502437
3502745
3502355
3501035
3500419
3487717
3481249
3469636
3468836
3459636
3423292
3421316
3407876
3402376
3389272
3386680
3384055
3375895
3371320
3351118
3387462
3410952
3415299
3432939
3453141
3466581
3479685
3492387
3502587
3511787
3523400
3531560
3539720
3544295
3549795
3556263
3558888
3561480
3562280
3562896
3564872
3565366
3567342
3568317
3569109
3570429
3570531
3570921
3568329
3561861
3548421
3535719
3522615
3513415
3512799
3504639
3468295
3462795
3461995
3459370
3458980
3438778
3427165
3422590
3421270
3419294
3455638
3459985
3476185
3492785
3510911
3531113
3542637
3550785
3564225
3577329
3590031
3600231
3609431
3612973
3624586
3632746
3637321
3642821
3648321
3654789
3657414
3660006
3662598
3663398
3664014
3666374
3670434
3672670
3675430
3677406
3679382
3680702
3680804
3681194
3672234
3671926
3665266
3661810
3650470
3650134
3648994
3646402
3638242
3625540
3620572
3607132
3601632
3592432
3586168
3580708
3547133
3545973
3530538
3564113
3589369
3613289
3630929
3644369
3657809
3666769
3682204
3694906
3701170
3710370
3718530
3729870
3741210
3742350
3749010
3754510
3760010
3765510
3770970
3775130
3779098
3781690
3787738
3792706
3793506
3794235
3797043
3800333
3800949
3801565
3803925
3806285
3808645
3812705
3816161
3817136
3818111
3819068
3820228
3821548
3821884
3822192
3846112
3869602
3873949
3877369
3895495
3907895
3921575
3930535
3943237
3944613
3951039
3952863
3955671
3959731
3962881
3964879
3965221
3961061
3940859
3938861
3934409
3934101
3930645
3921445
3897955
3895147
3894667
3892431
3880907
3880107
3862467
3861091
3894666
3918156
3935796
3955998
3967522
3980224
3989424
4000764
4005216
4006592
4015370
4016510
4020670
4021470
4024278
4027086
4030542
4032778
4035928
4037424
4039422
4041420
4041900
4042242
4042550
4039958
4037333
4003758
3957390
3951930
3947802
3942552
3932352
3931736
3926096
3919670
3916250
3912190
3907843
3907815
3898615
3898513
3897161
3893897
3900085
3906349
3912613
3916741
3925941
3934101
3939497
3943465
3949513
3955561
3957797
3959117
3959459
3959487
3951327
3950991
3937311
3935935
3923659
3917395
3914131
3896005
3879805
3875837
3874862
3872237
3854597
3841637
3839177
3838017
3836565
3826365
3824367
3836643
3852843
3870483
3888609
3900133
3913093
3926773
3933037
3943237
3951397
3952773
3954125
3955477
3956617
3960585
3963210
3965802
3967254
3968706
3971970
3974430
3976428
3978426
3979401
3980561
3980897
3981597
3981939
3982149
3969045
3956496
3953232
3952896
3947256
3934296
3928248
3924828
3922852
3910150
3909670
3892030
3875430
3872710
3868742
3843486
3838302
3829102
3829074
3854330
3869180
3881729
3894278
3910478
3928118
3931538
3948138
3959662
3965302
3968022
3980982
3989942
3998902
4012006
4025110
4037812
4050514
4059714
4064964
4070214
4075398
4080582
4086957
4093617
4099077
4103045
4104869
4110917
4115885
4119175
4119791
4122027
4124263
4127527
4129503
4129983
4130319
4130529
4130739
4130767
4128597
4126005
4121037
4102911
4094133
4093825
4087165
4084805
4072529
4068401
4066165
4065549
4052445
4048098
4036574
4048850
4053197
4071323
4089449
4100973
4114077
4126779
4130907
4139685
4146345
4151845
4154015
4158175
4164601
4167226
4169818
4174786
4177594
4178210
4180570
4184630
4186866
4189102
4189410
4189438
4177825
4176505
4175705
4167545
4165569
4129225
4122757
4122367
4119775
4115200
4101760
4092560
4079456
4059254
4053754
4053138
4040436
4037811
4071386
4096642
4102830
4139174
4159376
4170900
4173620
4176340
4184488
4197448
4210888
4223992
4236694
4240822
4250022
4261635
4269795
4274370
4275722
4281222
4287690
4294116
4296741
4299333
4300133
4304357
4304973
4305589
4309045
4311021
4312341
4312677
4313067
4300791
4294365
4288515
4287375
4273935
4265775
4263415
4250713
4249756
4240556
4237100
4234510
4229326
4229298
4227322
4224602
4223843
4215695
4214199
4226475
4262819
4265539
4273687
4287127
4300567
4313269
4325971
4335171
4344371
4349555
4357715
4362167
4370945
4376795
4377935
4384361
4386953
4387753
4388512
4390872
4394328
4396918
4399508
4400002
4401978
4403474
4404431
4405751
4406059
4406087
4389887
4380687
4378689
4375539
4374163
4369588
4366046
4365430
4341510
4327830
4325854
4317706
4304266
4302096
4298128
4291753
4286253
4280065
4246490
4280065
4326433
4332621
4356541
4372741
4376161
4384309
4397989
4411429
4415557
4425757
4434957
4444157
4447699
4452883
4461043
4465618
4470193
4471569
4477944
4484319
4490169
4495669
4501129
4503299
4507267
4512235
4512994
4513723
4515175
4515791
4518941
4522091
4524067
4525563
4527561
4528721
4529063
4528334
4512899
4509635
4509019
4497406
4494256
4490966
4490624
4476944
4475492
4469642
4465514
4459139
4446035
4441875
4440918
4438293
4437534
4471109
4517477
4529753
4537901
4551581
4565261
4580696
4593800
4600064
4604192
4614392
4617934
4629547
4637707
4642282
4643658
4650033
4658811
4664661
4666831
4669001
4673161
4677321
4679145
4681770
4684362
4685121
4685850
4687302
4688754
4692978
4696268
4699558
4700174
4702534
4706594
4710654
4714110
4717374
4720638
4723788
4724763
4725720
4726677
4727837
4729157
4729637
4729979
4763554
4787474
4791821
4812023
4824423
4830687
4840887
4852500
4860660
4864820
4865620
4866114
4868112
4869087
4869395
4868043
4864907
4864805
4872965
4869509
4858169
4855577
4847417
4841957
4841649
4832449
4823489
4817225
4801790
4768215
4754775
4749275
4744307
4743167
4742007
4729305
4722645
4722309
4755884
4762072
4774621
4777757
4786717
4800157
4815592
4828294
4834558
4843758
4852958
4864571
4876184
4884344
4892464
4903804
4904944
4911604
4917104
4922564
4928990
4931582
4936550
4937279
4941339
4944795
4948251
4950227
4952225
4953385
4953721
4954029
4950893
4949397
4940437
4938613
4932187
4918747
4916157
4915815
4909440
4897040
4888262
4868060
4866708
4860660
4855692
4838052
4825092
4824363
4817895
4835535
4838671
4858873
4871833
4884233
4897673
4906633
4915833
4919375
4922917
4934530
4938982
4940358
4941710
4948085
4956863
4963523
4969991
4976417
4982843
4984667
4986491
4992539
4997507
4998266
4998995
4999611
5002201
5003697
5004489
5004831
4995871
4989823
4964567
4964259
4959291
4950331
4965766
4947640
4946848
4933168
4919728
4914228
4902888
4906308
4917832
4925992
4922856
4920620
4912472
4937728
4974072
4986621
4989757
5009959
5016223
5020798
5027173
5035951
5038121
5044547
5045276
5049500
5053560
5056020
5057340
5058040
5047840
5045380
5044764
5041500
5039502
5042638
5051598
5045130
5019874
5014624
5016600
5013792
5002268
4978778
4961138
4960338
4960030
4939828
4939348
4935188
4933812
4931576
4928120
4923668
4914468
4912470
4924746
4948236
4960785
4978425
4981561
5001763
5013287
5018927
5027075
5040035
5053475
5063675
5072875
5082075
5087325
5095445
5103565
5108140
5112592
5113968
5116138
5120298
5124266
5130734
5137160
5139785
5140585
5141314
5144122
5147578
5149814
5152404
5154402
5154882
5155190
5153366
5152976
5143776
5135616
5130116
5128140
5127340
5113900
5077556
5074964
5054762
5042060
5041444
5036869
5025256
5012152
5005684
5004364
5001739
5038083
5055723
5073363
5076783
5090223
5105658
5115858
5121042
5126226
5127602
5128954
5134804
5141272
5147698
5148457
5148951
5149053
5149155
5144931
5141389
5136421
5138397
5125695
5125215
5124415
5142055
5147305
5145307
5138839
5142967
5138392
5144767
5140543
5143833
5127233
5122781
5128031
5129351
5120573
5120471
5117335
5125483
5129025
5133600
5135960
5099616
5096466
5089998
5090727
5054383
5048883
5048389
5047895
5041469
5038333
5034109
5031389
5029413
5033865
5033893
5031723
5030748
5018348
5016269
5015789
5013197
4996997
4996297
4994845
4989345
4984770
4983978
4978728
4975578
4942003
4941211
4938451
4972026
5008370
5020919
5037119
5053319
5058959
5071919
5084319
5094519
5099769
5104344
5108919
5113371
5118767
5127545
5136323
5142983
5148483
5150653
5152477
5155102
5157694
5160286
5161738
5163817
5164433
5167583
5170043
5171018
5171993
5173153
5173945
5174425
5174761
5175097
5175797
5165597
5129253
5125711
5130163
5117763
5117373
5116879
5111419
5112376
5112348
5096913
5143281
5131757
5098182
5094214
5076088
5067310
5062342
5049238
5046646
5035122
5032762
5032454
5025794
5023558
5019211
5018595
5016425
5004149
5000021
5011545
5023069
5031217
5043617
5052577
5065681
5072341
5078389
5080468
5081084
5085144
5088408
5089568
5084108
5082948
5081788
5078368
5077609
5075439
5098929
5098827
5081187
5077767
5073799
5076559
5075759
5101015
5115865
5103465
5078209
5078107
5075482
5076622
5074646
5073486
5055360
5043084
5037900
5031240
5017560
5017350
5016856
5013436
5004236
4988036
4984068
4982692
4973914
4969567
4944311
4969567
4981843
4994119
4998466
5002813
5019013
5022433
5040559
5048707
5062387
5071587
5076771
5078147
5086925
5093585
5099085
5104585
5110045
5114013
5117981
5118710
5122934
5125170
5127930
5128424
5129381
5130541
5131701
5132037
5132737
5132947
5126521
5108395
5083139
5084963
5083511
5070071
5068931
5060771
5049431
5042771
5042435
5033475
5032315
4998740
4993280
4980578
4975610
4960175
4956719
4947519
4944927
4939427
4933163
4932855
4915215
4948790
4985134
5001734
5021936
5035616
5049056
5058016
5073451
5086153
5098855
5111557
5117821
5127021
5132205
5140365
5151705
5156157
5162532
5163672
5170332
5175832
5181332
5186792
5192252
5194844
5199812
5204780
5208840
5212296
5214272
5216270
5217430
5217766
5218102
5218802
5219110
5218494
5203059
5202330
5197362
5209911
5210013
5163645
5158005
5159325
5155265
5152675
5151883
5135283
5131155
5134445
5122045
5098125
5094835
5104035
5092422
5107272
5123872
5144074
5155598
5161238
5167502
5171630
5180830
5184372
5193150
5194290
5200758
5205726
5206526
5209334
5211694
5213190
5213670
5209510
5185590
5189132
5152788
5140239
5137103
5130728
5128138
5124596
5111894
5111165
5109167
5085247
5083927
5081302
5077242
5075163
5068695
5065559
5065169
5062709
5049749
5046941
5043485
5042685
5036259
5060179
5072728
5085277
5088697
5105297
5108433
5121393
5135073
5147775
5154039
5157581
5162033
5168408
5173868
5180336
5182961
5183761
5184520
5185249
5189473
5192281
5194360
5198420
5201876
5203852
5206312
5208310
5209285
5210605
5211925
5212625
5212967
5213357
5213385
5212891
5206516
5206036
5205307
5203228
5202920
5192720
5193512
5188262
5164772
5164156
5160614
5150414
5163374
5171494
5171522
5167070
5165718
5212086
5200562
5198564
5197764
5174274
5154072
5153764
5149312
5147076
5146596
5143140
5140332
5131132
5129756
5125596
5107956
5104820
5151188
5174678
5198168
5215808
5236010
5247534
5256734
5261984
5266559
5271011
5272387
5277847
5280017
5284177
5288337
5289137
5291945
5295235
5298691
5300927
5302925
5303405
5304105
5304413
5270838
5267574
5273424
5257989
5257014
5251764
5250604
5214260
5205482
5201354
5205514
5204354
5228274
5231730
5219028
5219787
5217027
5201592
5192392
5182192
5174044
5156404
5152276
5146880
5143338
5149526
5153978
5151980
5151188
5146841
5134139
5128499
5127699
5142549
5144785
5144449
5138401
5137785
5137443
5135947
5133587
5125439
5112890
5112098
5093972
5089004
5088029
5083869
5071469
5059856
5055281
5053283
5051831
5085406
5110662
5116850
5131700
5144249
5162375
5165095
5173243
5185643
5198345
5208545
5218745
5230358
5234933
5236309
5241705
5247205
5249375
5253535
5257503
5260095
5266143
5271111
5272563
5275853
5276469
5277085
5279445
5280941
5282939
5283914
5284889
5285681
5286023
5286051
5281891
5261689
5249289
5244039
5267529
5271657
5278083
5271657
5251455
5248995
5236446
5235746
5199402
5192976
5192247
5187672
5186352
5179977
5177807
5173583
5167319
5158541
5154481
5151345
5149109
5185453
5189800
5202349
5205485
5225687
5231951
5241151
5246335
5257948
5266068
5270643
5271995
5278370
5287148
5292998
5295168
5301594
5302323
5303052
5307276
5310566
5313856
5317916
5320152
5322742
5325202
5326522
5326858
5327558
5328258
5328286
5321860
5317636
5294146
5291386
5276536
5268376
5262112
5255452
5244112
5235152
5234816
5229316
5213881
5204681
5203541
5202381
5196921
5191953
5188497
5188189
5175487
5172895
5159455
5125880
5117720
5115744
5162112
5165532
5185734
5198694
5211094
5220054
5229014
5238214
5246374
5257714
5264182
5266542
5269692
5272152
5272632
5273332
5273674
5273884
5269660
5269558
5264983
5247343
5231143
5222995
5220235
5220133
5219517
5216097
5199497
5196907
5190643
5178094
5174552
5170392
5136817
5131633
5122673
5106473
5099813
5097837
5095029
5086909
5073469
5070749
5104324
5119174
5142664
5155213
5171413
5174833
5191433
5211635
5217275
5219995
5233435
5242395
5248659
5252201
5257385
5265505
5274283
5280943
5285103
5286927
5289735
5292543
5294622
5295238
5295854
5298444
5300420
5300522
5300830
5301138
5301166
5301194
5287514
5283546
5277171
5276555
5274385
5270843
5264655
5255455
5247307
5245331
5243333
5241957
5228517
5223942
5200022
5166447
5160947
5144747
5141597
5175172
5221540
5227728
5242578
5266498
5282698
5299298
5307446
5320406
5334086
5347526
5360630
5373734
5382934
5386476
5390018
5395202
5399777
5401153
5407528
5413028
5418488
5420658
5422828
5426988
5431148
5435116
5440084
5440843
5441459
5442075
5442691
5444927
5448077
5450053
5452051
5453371
5447107
5443139
5442803
5440178
5422052
5404412
5396252
5394876
5381196
5379744
5367468
5357268
5354808
5351544
5349546
5333346
5332186
5331211
5318251
5330527
5366871
5381721
5394270
5410470
5428110
5446236
5459196
5472876
5481836
5488100
5498300
5507500
5512750
5520910
5525485
5526861
5535639
5542299
5546267
5548892
5551484
5552936
5554190
5556550
5559814
5562964
5566114
5568574
5570572
5571547
5572707
5573043
5570683
5569726
5565666
5560166
5557806
5541206
5537664
5531616
5513976
5512480
5511751
5505376
5496598
5494008
5480568
5468168
5466344
5453384
5446916
5445564
5436604
5433468
5413266
5406840
5406498
5401530
5398938
5422858
5427205
5439754
5457394
5460530
5480732
5488880
5501840
5514240
5527680
5536640
5542904
5554244
5555596
5561971
5568346
5577124
5585902
5591362
5596822
5603290
5609716
5611540
5614132
5620180
5622772
5627740
5628540
5629269
5629998
5633288
5636578
5639168
5640664
5642160
5642860
5643202
5643544
5643646
5618390
5616030
5615688
5602248
5596200
5595471
5608020
5605212
5593872
5595848
5596238
5590738
5588378
5592602
5574962
5578382
5575574
5565374
5563398
5567745
5572929
5572129
5569893
5567657
5566337
5565995
5547869
5545871
5529671
5525511
5526831
5525856
5513154
5506966
5508106
5505870
5500410
5525666
5528816
5526224
5513522
5549866
5558826
5559526
5525951
5525251
5521091
5520783
5503143
5500907
5498909
5495453
5483929
5463727
5460919
5451719
5447267
5446787
5445411
5444611
5421121
5457465
5480955
5498595
5518797
5530321
5545756
5558458
5567658
5572110
5573486
5582264
5583404
5585574
5589734
5590534
5591263
5594071
5597527
5599763
5601761
5602241
5602549
5602577
5598230
5580104
5583646
5577382
5571986
5567858
5561810
5560650
5559298
5558539
5544859
5524657
5521849
5511649
5502689
5477433
5471793
5458833
5454486
5451766
5448310
5445720
5429520
5454776
5480032
5484379
5500579
5520781
5526421
5529141
5542101
5555781
5564741
5574941
5585141
5593261
5594613
5601081
5607129
5607929
5608729
5609488
5613712
5616520
5617774
5621230
5623820
5624980
5625316
5625624
5625652
5625680
5624705
5618279
5616827
5614202
5613586
5611350
5626785
5631360
5633820
5621271
5609931
5586011
5619586
5622176
5624152
5622656
5614496
5605296
5601072
5594808
5597400
5589252
5588636
5582588
5581268
5569744
5565776
5565748
5556788
5552820
5552204
5546954
5549546
5533346
5527846
5521186
5521158
5517098
5516604
5541860
5554136
5557272
5570952
5584392
5596005
5604125
5609521
5611691
5618159
5620751
5621480
5623840
5625838
5627158
5627500
5627602
5624312
5609462
5603414
5600264
5601716
5600576
5594388
5591796
5579094
5577742
5568964
5563464
5566884
5570944
5569804
5567214
5566878
5568854
5559654
5558679
5557359
5544399
5547159
5543099
5536724
5573068
5572726
5569270
5567950
5567740
5531396
5527940
5525220
5529795
5524611
5515651
5521839
5558183
5582103
5590251
5603691
5616393
5622768
5626928
5630896
5633488
5634247
5635699
5638989
5640243
5643003
5645593
5647591
5648911
5649253
5649463
5649673
5636233
5635474
5633476
5638660
5635852
5624328
5619360
5607836
5602376
5589272
5589062
5584094
5577906
5577696
5576320
5569945
5568593
5566595
5554046
5541344
5529731
5524547
5524937
5523113
5520877
5524013
5527981
5531271
5527143
5518365
5515645
5513821
5525345
5538785
5527172
5526556
5526248
5530408
5533864
5534206
5525006
5522836
5518676
5507152
5505800
5500550
5499098
5495808
5505008
5509168
5509196
5505654
5480398
5478422
5475002
5470550
5476738
5492173
5498437
5497277
5491427
5487367
5502217
5493017
5492258
5495394
5494778
5488352
5489052
5473617
5455977
5457297
5453841
5450299
5416724
5404448
5394248
5389673
5388353
5375804
5375075
5372615
5363837
5359613
5357443
5351017
5346957
5310613
5304238
5301102
5300402
5294138
5273936
5310280
5325130
5329477
5342026
5354575
5357711
5360847
5381049
5401251
5409399
5415663
5425863
5430438
5434890
5440286
5446661
5455439
5460899
5466359
5468529
5474955
5477547
5483595
5484324
5488548
5490908
5494968
5497558
5499534
5501994
5502969
5504289
5504769
5505469
5506169
5490734
5482574
5473374
5471878
5465452
5460877
5470077
5472247
5454607
5455366
5456066
5409698
5403272
5402480
5394320
5391184
5390455
5382307
5385727
5398687
5414122
5415498
5415806
5412264
5411535
5411193
5408043
5403983
5395863
5398671
5385231
5384431
5381295
5372095
5372824
5364676
5364648
5359464
5358324
5350164
5337462
5331612
5328156
5325566
5323206
5321230
5318510
5305070
5303574
5302617
5290341
5283915
5283156
5273956
5286232
5322576
5326923
5331270
5347870
5353510
5356230
5364378
5372526
5384926
5398366
5411806
5427241
5440345
5453047
5462247
5467497
5472681
5480841
5486691
5487831
5488971
5490111
5496537
5502963
5505588
5508213
5514261
5515020
5515779
5516508
5520732
5523092
5525452
5528908
5531498
5533474
5534970
5536466
5537423
5537903
5538383
5538593
5538621
5534493
5526333
5518185
5515595
5507475
5499355
5497185
5497083
5501535
5493387
5489419
5453075
5451699
5442921
5441545
5428105
5427625
5423173
5411560
5398456
5398114
5393986
5387611
5381761
5381002
5365567
5362303
5361574
5347894
5347278
5343988
5343031
5338871
5337419
5334269
5331644
5365219
5411587
5423863
5460207
5464554
5481154
5494114
5507074
5520754
5534434
5549869
5562973
5567101
5570643
5582256
5588631
5595006
5600856
5605016
5606840
5609465
5615513
5621561
5622361
5623120
5623849
5625301
5629525
5633749
5637039
5638293
5638909
5642173
5645323
5647913
5648870
5650030
5650372
5650680
5644305
5639055
5633871
5631895
5626255
5637868
5639122
5627598
5609958
5589756
5588956
5585500
5581340
5579964
5577728
5577248
5575250
5574942
5572134
5548644
5544192
5534992
5547268
5564908
5583034
5588674
5601074
5610034
5625469
5629597
5634847
5636199
5644977
5650437
5653893
5656129
5657625
5659623
5660783
5654315
5641355
5642155
5635729
5625529
5621987
5630947
5635007
5636983
5624707
5621571
5614911
5619071
5612645
5612543
5611814
5624090
5628437
5629412
5628252
5624832
5622240
5621448
5620473
5586898
5581648
5579569
5574069
5570919
5554719
5552549
5547974
5546522
5534122
5533642
5532942
5556432
5570112
5583792
5595132
5600592
5604560
5610608
5615576
5617655
5618271
5621031
5623491
5624987
5626307
5626615
5624639
5624303
5599047
5598318
5594258
5590968
5590209
5578596
5579090
5567566
5566406
5566900
5549260
5536711
5524311
5540511
5543647
5561773
5575453
5588155
5599495
5604955
5609923
5612731
5616791
5618767
5619927
5620719
5622039
5622249
5613289
5607439
5600779
5589255
5584680
5590076
5585624
5580440
5579088
5570128
5564878
5518510
5515090
5509840
5506576
5500936
5514040
5516848
5503888
5503272
5505632
5503272
5493072
5490612
5486037
5491005
5482857
5480097
5474597
5471972
5448482
5443086
5441007
5428458
5415354
5427903
5391559
5390859
5389884
5389548
5407188
5406694
5405554
5399086
5397766
5392266
5391930
5389694
5396354
5392226
5355882
5351307
5354067
5345289
5342697
5333919
5332095
5315895
5317035
5317377
5304675
5317779
5315154
5307006
5302554
5295894
5290710
5337078
5353278
5370918
5391120
5403520
5412480
5427915
5433311
5442089
5448557
5451149
5451908
5452524
5456584
5460040
5461015
5462335
5462437
5462465
5458013
5457671
5452275
5427019
5414743
5411607
5410287
5398674
5396676
5388556
5387827
5387725
5385365
5371925
5358245
5355653
5380909
5393185
5429529
5432665
5446345
5459785
5468745
5472287
5483900
5492020
5493372
5498768
5504268
5506893
5509485
5510214
5514438
5515054
5517414
5519774
5521772
5523092
5523434
5523536
5521712
5521096
5519098
5552673
5555823
5556798
5545274
5543298
5547750
5553210
5553182
5549122
5548912
5544944
5532242
5525867
5524547
5521955
5513807
5509647
5508195
5507436
5506182
5503592
5503250
5499960
5497962
5491774
5489014
5452670
5439230
5445418
5451606
5487950
5496098
5504246
5517686
5531126
5543828
5554028
5559212
5564396
5576009
5580584
5581936
5588311
5594161
5598321
5602289
5608757
5611349
5612108
5613560
5615012
5617091
5620381
5621635
5622251
5625011
5627601
5629599
5630574
5631894
5632374
5633074
5633416
5633758
5633968
5633996
5627621
5625645
5620145
5613957
5613341
5611171
5607629
5605631
5597483
5592908
5583708
5582332
5568892
5552692
5528772
5495197
5491229
5488079
5474399
5473670
5463470
5497045
5503233
5527153
5551073
5563622
5579822
5596022
5612622
5624146
5632294
5645974
5654934
5668374
5677574
5681116
5684658
5689842
5694417
5695793
5697145
5702541
5708916
5714766
5715906
5721406
5723576
5727544
5731512
5734137
5736729
5737345
5737961
5740197
5742957
5746107
5748697
5750673
5752671
5753371
5728115
5715566
5711342
5720542
5719585
5713537
5713201
5714577
5710609
5697907
5706867
5706969
5706012
5704516
5698141
5685181
5678713
5673745
5671921
5668785
5656385
5655033
5646073
5640025
5631247
5624821
5611381
5593741
5573539
5570949
5570220
5569878
5574225
5591865
5595001
5598137
5618339
5631299
5643699
5652659
5666099
5676299
5679841
5685025
5689600
5690976
5692328
5698703
5705078
5713856
5719316
5725784
5732210
5734034
5740082
5745050
5750018
5750747
5752826
5755416
5757392
5758888
5759863
5761183
5761525
5749249
5735569
5730601
5734761
5730414
5726872
5712022
5712979
5696379
5695679
5691104
5685644
5673095
5671775
5665400
5662640
5658416
5657716
5656556
5665334
5670302
5666142
5656942
5652490
5686065
5691565
5687437
5687335
5686635
5689095
5689197
5665277
5659817
5654317
5648857
5648829
5643579
5639519
5635067
5636419
5641919
5621717
5618427
5620425
5615457
5601777
5614881
5610913
5594713
5569457
5560679
5555495
5554119
5540439
5528163
5518963
5500837
5500343
5493683
5489336
5489126
5485706
5484546
5461056
5507424
5532680
5538868
5551144
5555491
5571691
5575111
5591711
5609837
5623517
5632717
5637901
5642353
5646805
5648181
5656959
5663619
5670279
5674247
5680715
5684939
5685555
5687915
5688409
5689384
5690544
5690754
5684379
5676259
5675530
5673532
5660830
5659510
5658710
5656250
5654171
5650715
5648090
5624170
5620110
5616568
5613760
5607292
5604156
5603766
5590806
5614726
5638646
5651195
5654331
5672457
5692659
5712861
5725821
5739501
5752203
5764905
5771169
5774711
5786051
5794829
5800679
5807147
5809772
5810572
5811331
5812060
5812789
5815597
5817676
5821736
5825192
5827652
5829650
5830970
5831762
5832554
5832944
5833334
5833724
5833752
5828292
5822104
5809555
5808796
5811946
5797096
5795098
5784898
5783923
5766283
5748157
5739997
5737537
5733569
5732193
5728929
5716653
5703693
5703357
5689677
5687052
5685600
5669400
5668240
5661976
5657816
5670092
5686292
5703932
5720532
5738658
5741378
5754338
5768018
5783453
5789717
5799917
5805101
5813261
5814637
5820137
5825597
5829565
5836033
5838658
5840110
5842918
5845278
5848542
5850518
5852978
5854976
5855951
5857111
5857447
5857783
5858173
5845213
5841923
5840603
5840575
5846425
5847565
5850325
5803957
5802982
5811760
5816728
5820952
5820924
5817634
5823274
5821104
5816976
5816247
5799647
5793459
5790169
5789959
5792038
5791338
5787278
5778500
5777180
5764631
5744429
5742259
5737684
5733460
5732731
5730271
5693927
5687552
5681288
5678152
5671726
5662526
5698870
5722790
5735339
5747888
5751024
5771226
5791428
5811630
5824734
5830998
5842338
5846913
5853288
5862066
5864236
5866406
5872874
5879300
5881925
5882654
5886878
5890168
5893458
5897518
5900278
5902738
5904736
5906056
5906536
5907236
5907936
5907144
5906444
5905828
5902408
5899258
5924514
5941114
5926264
5925922
5923686
5921710
5875342
5873172
5866908
5861058
5855662
5889237
5901786
5917986
5931666
5947101
5960205
5969405
5977565
5982017
5987413
5993788
5997756
6004224
6004983
6005712
6007791
6011081
6013079
6013181
5989691
5989663
5987839
5982655
5981680
5978872
5975330
5980830
5934462
5932292
5931533
5922573
5909871
5886381
5881131
5880515
5870315
5870287
5850085
5838472
5825923
5827899
5807697
5809867
5809387
5806667
5802699
5802363
5811563
5805137
5795937
5749569
5746149
5746121
5741669
5746016
5720760
5714910
5714110
5701150
5717750
5684175
5671071
5667615
5661147
5655647
5654295
5662455
5664431
5663111
5661857
5698201
5711161
5719939
5726599
5726907
5726599
5724007
5713807
5698957
5697581
5701549
5696365
5690101
5707741
5727943
5733583
5741731
5754691
5770126
5774254
5785867
5787219
5793645
5799693
5800493
5803949
5806185
5806679
5807999
5808479
5808689
5807193
5802846
5787996
5783836
5781244
5768140
5767798
5767098
5778711
5787489
5787797
5787038
5783748
5747404
5743057
5761183
5770383
5757983
5755747
5746547
5761397
5761295
5752517
5752209
5752909
5744789
5741499
5753899
5753509
5748934
5744774
5741624
5736440
5735120
5748224
5740064
5737474
5731099
5731579
5730963
5722003
5719543
5719441
5731990
5732326
5731597
5726137
5717989
5681645
5665045
5681245
5668543
5665953
5659578
5656288
5655034
5641594
5641252
5638660
5637340
5635888
5635129
5631161
5623013
5622803
5620043
5583699
5581701
5575513
5571353
5562393
5551053
5557241
5563429
5575705
5612049
5626899
5630319
5638467
5651427
5660387
5673827
5686529
5691779
5703392
5707844
5709196
5715571
5719731
5723699
5726291
5727050
5728502
5731792
5733046
5734300
5738360
5741120
5743710
5746300
5748298
5749618
5750098
5750440
5750650
5750860
5750888
5748528
5745108
5742748
5736280
5734960
5726840
5723704
5723602
5710162
5697886
5672630
5670270
5656590
5656248
5644635
5643906
5638510
5636512
5633920
5620960
5646216
5658492
5682412
5700052
5703188
5723390
5726110
5734258
5747938
5761378
5776813
5780941
5790141
5801754
5809874
5815270
5817862
5818591
5820951
5822949
5823906
5825226
5825568
5825670
5820210
5819481
5819173
5817175
5796973
5763398
5757134
5752974
5752174
5747827
5736214
5735239
5727079
5714679
5690759
5680559
5680065
5673405
5706980
5730900
5735247
5755449
5767849
5783284
5796388
5802652
5812852
5822052
5825594
5830844
5842457
5850617
5858737
5860113
5866488
5872863
5879238
5888016
5889156
5893316
5895140
5895940
5898748
5902038
5904398
5904892
5906890
5907865
5908173
5908481
5899703
5912405
5911705
5915765
5916101
5910461
5909845
5907609
5902149
5898999
5907959
5916119
5912969
5904191
5913151
5911072
5908482
5911074
5910738
5900538
5876618
5876590
5890270
5890750
5878048
5894648
5898708
5890588
5889334
5901610
5892832
5877982
5877282
5886482
5887622
5885030
5882860
5877892
5877092
5861657
5854997
5838797
5826248
5817288
5800688
5792568
5758993
5755451
5752731
5739291
5738675
5736085
5732665
5726401
5722241
5720265
5715081
5712273
5758641
5783897
5807817
5812164
5829804
5850006
5863446
5876148
5887761
5895921
5896721
5898173
5899148
5899176
5862832
5860856
5858880
5856710
5856368
5852144
5854769
5853629
5851037
5850729
5851209
5839869
5827320
5829318
5826858
5823568
5819221
5815679
5813087
5800538
5797118
5794358
5800406
5795831
5793239
5788055
5783831
5782379
5758459
5749499
5715924
5715896
5700461
5675205
5649949
5648809
5648009
5647981
5635581
5634965
5634623
5632625
5624477
5619902
5607353
5606378
5601410
5600618
5589005
5587553
5586057
5567931
5561883
5559523
5555363
5543839
5539779
5533311
5528736
5522472
5518504
5518114
5512718
5508266
5505674
5490824
5484776
5481640
5472862
5470692
5434348
5429773
5423347
5403145
5399085
5396625
5395925
5389661
5386525
5382301
5381572
5369023
5362648
5361328
5358703
5395047
5407596
5410732
5430934
5437198
5441773
5448148
5456926
5459096
5465522
5466251
5470475
5474535
5476995
5478315
5479015
5477639
5469491
5435916
5433746
5427558
5422058
5408618
5392418
5387843
5385845
5376645
5373495
5369953
5369337
5365369
5358994
5357018
5343338
5319418
5318689
5315553
5309178
5296778
5283338
5282996
5262794
5261298
5254872
5253520
5244560
5231600
5213960
5210824
5205856
5205127
5199079
5197255
5194665
5185887
5179419
5212994
5219182
5243102
5259302
5276942
5280078
5300280
5308428
5321388
5333788
5347468
5360908
5374348
5383308
5392508
5396050
5400625
5402001
5403353
5409728
5416103
5424881
5430381
5432551
5436519
5442987
5449413
5451237
5457285
5462253
5462982
5463598
5466748
5469338
5471314
5472810
5474808
5475150
5474940
5472964
5471588
5468780
5432436
5417001
5400401
5395151
5392981
5391529
5389169
5381009
5379849
5346274
5341699
5338435
5328235
5324945
5323121
5318897
5272529
5270359
5266199
5252519
5251562
5248970
5242706
5234558
5268133
5314501
5328181
5334445
5344645
5352805
5357380
5359550
5363710
5365534
5368126
5369578
5373802
5377092
5379452
5382716
5383673
5384833
5384133
5375173
5354971
5342422
5338294
5337952
5334496
5298152
5297942
5284982
5270132
5269652
5265492
5252052
5247600
5241412
5237065
5231017
5218741
5215285
5205085
5202495
5201355
5200596
5185161
5167521
5165545
5161385
5157038
5154413
5150066
5136386
5135686
5133326
5131502
5130182
5129042
5124882
5101392
5088432
5082972
5067537
5033962
5033162
5029742
5027382
5021742
5019282
5016522
5013232
5008885
5004538
5004058
5002804
4999668
4993242
4990652
4977212
4968012
4952577
4951961
4947901
4941853
4939877
4939397
4937161
4923721
4920961
4912813
4911361
4908071
4906751
4902783
4902573
4902231
4900977
4894789
4892791
4890199
4883824
4871122
4868532
4864372
4863613
4827269
4833457
4869801
4877949
4891389
4904091
4910466
4914626
4918594
4921186
4921945
4923397
4926687
4927941
4930701
4933291
4935289
4936609
4936951
4937161
4932937
4931441
4930466
4913866
4901590
4896130
4886930
4873250
4873222
4871968
4871474
4858514
4854290
4851482
4850723
4849403
4840625
4839650
4838154
4830006
4829306
4823258
4811645
4806249
4800853
4799533
4791413
4788821
4785685
4783325
4783223
4769543
4756103
4755374
4743098
4741100
4740758
4729145
4703889
4702393
4696933
4683253
4708509
4720785
4723921
4737601
4751041
4762654
4770774
4776170
4778762
4779491
4781851
4783849
4785169
4785511
4785613
4779238
4778509
4773009
4768849
4767529
4743609
4739481
4737311
4734951
4721511
4721409
4720929
4718209
4714945
4712709
4703749
4703407
4696939
4690891
4687755
4687055
4674655
4669687
4664437
4661677
4652717
4649175
4648867
4643407
4649595
4661871
4698215
4707175
4722610
4728070
4734496
4736320
4741288
4744578
4745832
4749288
4751524
4754788
4756764
4757244
4744695
4738647
4738167
4737957
4720317
4713891
4693689
4692889
4679929
4678609
4663174
4657534
4654078
4651842
4640229
4636101
4634749
4634255
4626107
4579739
4566635
4584275
4604477
4610117
4618265
4631225
4646660
4650788
4662401
4663753
4670179
4676227
4677027
4680483
4682719
4683213
4684533
4685013
4685223
4684063
4682903
4678679
4673179
4660075
4648735
4630609
4624561
4624253
4611551
4610594
4602434
4600074
4594224
4593084
4590364
4576924
4571740
4570981
4568391
4566895
4557695
4557667
4549519
4546063
4533787
4531811
4525385
4537661
4540381
4548529
4561969
4574671
4583871
4589055
4597215
4603065
4604205
4610631
4611390
4613750
4617206
4619796
4621772
4623268
4624225
4624253
4622901
4610501
4609701
4592061
4590063
4588711
4576435
4572467
4563507
4557867
4555788
4519444
4514869
4498669
4492294
4486898
4486796
4483506
4470402
4454967
4442418
4441659
4433499
4419819
4419090
4385515
4381547
4375079
4365879
4363881
4359429
4393004
4405553
4421753
4435433
4450868
4463972
4473172
4481332
4485784
4491180
4497555
4501523
4507991
4508750
4509479
4512769
4514767
4514869
4503345
4503003
4491390
4484922
4481632
4481016
4479564
4465884
4465125
4462500
4447065
4443915
4443573
4431960
4425585
4412481
4411524
4405674
4404945
4400785
4397521
4393393
4407073
4422508
4435612
4439740
4451353
4457728
4463578
4467738
4470363
4471122
4471851
4473303
4476593
4477209
4480473
4483623
4484580
4484922
4483470
4477095
4476120
4473760
4437416
4433874
4432554
4419114
4402914
4401939
4401603
4391403
4378443
4376445
4373181
4355541
4353081
4346817
4345365
4341397
4340021
4327745
4309619
4295939
4279739
4277114
4275954
4267794
4266819
4279095
4295295
4312935
4331061
4344021
4357701
4363965
4374165
4382325
4383701
4387669
4390294
4391746
4395010
4397470
4399468
4400443
4401603
4401939
4392739
4387771
4386395
4386087
4373538
4371459
4365609
4361385
4356933
4355793
4355093
4349633
4349139
4325219
4324739
4320771
4344691
4368181
4372528
4381728
4386912
4392412
4397872
4400042
4404202
4410250
4412329
4416389
4419653
4420147
4420489
4420591
4420899
4419759
4418407
4415815
4415713
4413353
4411377
4411349
4408199
4403015
4398047
4393472
4390712
4377608
4372148
4338573
4334226
4333610
4326950
4321982
4313834
4305056
4301920
4296736
4292512
4282312
4278152
4277452
4268674
4268646
4267854
4265134
4263782
4261192
4297536
4315176
4323324
4336284
4348684
4362124
4365666
4367836
4369660
4372252
4377220
4377979
4378708
4379962
4380937
4378939
4365259
4363883
4354923
4350576
4327086
4324278
4311576
4307516
4305692
4305350
4298924
4275004
4262604
4259454
4241328
4237908
4191540
4188915
4187563
4183111
4164985
4161443
4159207
4153811
4148627
4137287
4136897
4120297
4100095
4098016
4095656
4094280
4088780
4083596
4069916
4067291
4066949
4060761
4059804
4047255
4046865
4046249
4042025
4041050
4040434
4027330
4027228
4018268
4017539
4016399
4010549
4007007
3996807
3993657
3991297
3990322
3970120
3961160
3958024
3934104
3931644
3931254
3927194
3925115
3922490
3920492
3914024
3913224
3909768
3909039
3906231
3904911
3891951
3879249
3875707
3869239
3868539
3862071
3855807
3853637
3853157
3851837
3849377
3845153
3838727
3836557
3830293
3810091
3809362
3805302
3796524
3793388
3788813
3752469
3746094
3733545
3732845
3730869
3767213
3779762
3782898
3803100
3809364
3813939
3820314
3829092
3831262
3837688
3838417
3842641
3846701
3849161
3850481
3851181
3844993
3832291
3826791
3809151
3805695
3790260
3743892
3739832
3733364
3724586
3712186
3711427
3710811
3694611
3685651
3684331
3683356
3677960
3677932
3677830
3675238
3655036
3653038
3650959
3645109
3611534
3611198
3604538
3591434
3588974
3583124
3580954
3557034
3551850
3531648
3527196
3523906
3523114
3520489
3519873
3517875
3505173
3501013
3494825
3493571
3490979
3487689
3486237
3483477
3483135
3446791
3444201
3443991
3437616
3433648
3420208
3418888
3410740
3409981
3416169
3452513
3460661
3474101
3486803
3493178
3497338
3501306
3503898
3504657
3506109
3509399
3510653
3513413
3516003
3518001
3519321
3519663
3519873
3514373
3497773
3497014
3490546
3477997
3472537
3472147
3456712
3453992
3452016
3442816
3429856
3429828
3426564
3426084
3408444
3403260
3390558
3386590
3383170
3377122
3364573
3364237
3351133
3325877
3309277
3303637
3298669
3293485
3292991
3276791
3267591
3264171
3255393
3251425
3226169
3208043
3203696
3202320
3202110
3195450
3194290
3182014
3168334
3148132
3173388
3185664
3190011
3206211
3209631
3227757
3241437
3250637
3255821
3257197
3265975
3272635
3276603
3277097
3278257
3278467
3269689
3261529
3258239
3255479
3238879
3233239
3230431
3228433
3216033
3203073
3201753
3176497
3175768
3175426
3173428
3173326
3167930
3154250
3151890
3140277
3137141
3124865
3122273
3114153
3100713
3097953
3089175
3077835
3075859
3050603
3034003
3024803
3022724
3010175
2986255
2985775
2970925
2954725
2934523
2930555
2929203
2922735
2920911
2911951
2905576
2899150
2893102
2879662
2874694
2865916
2862780
2861284
2848884
2847532
2844942
2827302
2826573
2806371
2806029
2793069
2789779
2807419
2810555
2830757
2843717
2856117
2869557
2878517
2879869
2886244
2895022
2901490
2907916
2909740
2915788
2920756
2921485
2924075
2925571
2925913
2921853
2908749
2899971
2895624
2895288
2888913
2872313
2870489
2861289
2855789
2849601
2816026
2799826
2797850
2794308
2780628
2780012
2778014
2754094
2750126
2746976
2744806
2731366
2726791
2718643
2712268
2710892
2744467
2750655
2774575
2790775
2798923
2812603
2826043
2835243
2838785
2843360
2844736
2851111
2856611
2858781
2862749
2863365
2866515
2868491
2870489
2864989
2860537
2860229
2856101
2819757
2817781
2808821
2808485
2808005
2798805
2782205
2781065
2780365
2771405
2770029
2768775
2755671
2751611
2742833
2740243
2740033
2730833
2724458
2722460
2721485
2712285
2711791
2687871
2683524
2679464
2674004
2669844
2669536
2667366
2661318
2655818
2655476
2652212
2650133
2644949
2644847
2621357
2645277
2668767
2673114
2682314
2687498
2692998
2698458
2700628
2704788
2710836
2712915
2716975
2720239
2720733
2721075
2721177
2721485
2709872
2709392
2700192
2692072
2691764
2666508
2666480
2662938
2642736
2636310
2635816
2630176
2629696
2616736
2599096
2597776
2596424
2588276
2588066
2587266
2583138
2567703
2556090
2550042
2547806
2544350
2561990
2582192
2587832
2595980
2608940
2624375
2628503
2640116
2641468
2647894
2653942
2654742
2658198
2660434
2660928
2662248
2662728
2662938
2661486
2649210
2631570
2624910
2611950
2603802
2585676
2572974
2563774
2550094
2547502
2501134
2500177
2492017
2477167
2476859
2467899
2467099
2464379
2459129
2435209
2432401
2418961
2415541
2391621
2386371
2382024
2368344
2358144
2332888
2331536
2325488
2322680
2317040
2304080
2300624
2299865
2298705
2282505
2262303
2259583
2250623
2248033
2230393
2230365
2223990
2217942
2206329
2205189
2193576
2189516
2183328
2175168
2159733
2144298
2132022
2129662
2127037
2114335
2109988
2089786
2087026
2086684
2084686
2078311
2077552
2064850
2058662
2045222
2043770
2041178
2037018
2000674
1992526
1992316
1988348
1985058
1982468
1981214
1979894
1973426
1971428
1955228
1947068
1933964
1927589
1927487
1926758
1923468
1919016
1885441
1871761
1866365
1850930
1841730
1829181
1828422
1824454
1823974
1857549
1870098
1886298
1899978
1915413
1928517
1937717
1945877
1950329
1955725
1962100
1966068
1972536
1973295
1974024
1977314
1979312
1979414
1978094
1941750
1937526
1924977
1921841
1919381
1912955
1892753
1890583
1886008
1879744
1870966
1870266
1866206
1865477
1859102
1895446
1907995
1911131
1931333
1937597
1942172
1948547
1957325
1959495
1965921
1966650
1970874
1974934
1977394
1978714
1979414
1977918
1966394
1951544
1945076
1935876
1935396
1918796
1913156
1906892
1903350
1902210
1901410
1892632
1872430
1869622
1867262
1882112
1898712
1918914
1930438
1936078
1942342
1951542
1955084
1963862
1965002
1971470
1972270
1975078
1977438
1978934
1979414
1961774
1961438
1949162
1938962
1934994
1932996
1932021
1919061
1916601
1902921
1901469
1895205
1877079
1875703
1867543
1866383
1863758
1847558
1844294
1856570
1872770
1890410
1908536
1921496
1935176
1941440
1951640
1959800
1961176
1965144
1967769
1969221
1972485
1974945
1976943
1977918
1979078
1979414
1979106
1973606
1969446
1967367
1963020
1939100
1938606
1938264
1936094
1932034
1928770
1928668
1923484
1899994
1890794
1884746
1879286
1903206
1926696
1931043
1940243
1945427
1950927
1956387
1958557
1962717
1968765
1970844
1974904
1978168
1978662
1979004
1979106
1979414
1966712
1963576
1945450
1942642
1941482
1936022
1931054
1919714
1903514
1902722
1901402
1887722
1883662
1881686
1881476
1897676
1900812
1918938
1932618
1945320
1956660
1962120
1967088
1969896
1973956
1975932
1977092
1978412
1979204
1979414
1975286
1968860
1967540
1952105
1950753
1944705
1943905
1938265
1925305
1905103
1902867
1902373
1890760
1887304
1879156
1878946
1878466
1860826
1878466
1898668
1904308
1912456
1925416
1940851
1944979
1956592
1957944
1964370
1970418
1971218
1974674
1976910
1977404
1978724
1979204
1979414
1967014
1964424
1950984
1949632
1940672
1939176
1932708
1915068
1910100
1909371
1900593
1887633
1881258
1880916
1860714
1854288
1848240
1845104
1843280
1860920
1864056
1884258
1897218
1909618
1923058
1932018
1933370
1939745
1948523
1954991
1961417
1963241
1969289
1974257
1974986
1977576
1979072
1979414
1945839
1929639
1929023
1922835
1898915
1892540
1879100
1873600
1859920
1857922
1854772
1845572
1844196
1840228
1832080
1829910
1826368
1824392
1819817
1853392
1859580
1883500
1899700
1907848
1921528
1934968
1944168
1947710
1952285
1953661
1960036
1965536
1967706
1971674
1972290
1975440
1977416
1979414
1978274
1964834
1964075
1955915
1953555
1947129
1941279
1939783
1927507
1918307
1918279
1917322
1914732
1912756
1900054
1896598
1891414
1888694
1880546
1892822
1895542
1903690
1917130
1929832
1939032
1944216
1952376
1958226
1959366
1965792
1966551
1968911
1972367
1974957
1976933
1978429
1979386
1979414
1976789
1972661
1968501
1962126
1958862
1958520
1945416
1944800
1943843
1937993
1926380
1923230
1919940
1918488
1917729
1902294
1901565
1887885
1901565
1917000
1930104
1934232
1945845
1952220
1958070
1962230
1964855
1965614
1966343
1967795
1971085
1971701
1974965
1978115
1979072
1979414
1975190
1973870
1965092
1958666
1957937
1921593
1919423
1899221
1892957
1888897
1876348
1875648
1869273
1866137
1863677
1859102
1895446
1907995
1911131
1931333
1937597
1942172
1948547
1957325
1959495
1965921
1966650
1970874
1974934
1977394
1978714
1979414
1978934
1976958
1961523
1959287
1953827
1952003
1945577
1940609
1939355
1936091
1932635
1923675
1920385
1884041
1871765
1865577
1864602
1852989
1852189
1851695
1841495
1837335
1837027
1803452
1791052
1782892
1778545
1758343
1734423
1728159
1726161
1720977
1716917
1711417
1711075
1687585
1687483
1663563
1659216
1653756
1649596
1646332
1637132
1631084
1629005
1626835
1626527
1626033
1649953
1673443
1677790
1686990
1692174
1697674
1703134
1705304
1709464
1715512
1717591
1721651
1724915
1725409
1725751
1725853
1726161
1720765
1687190
1686431
1673882
1670592
1656912
1650444
1642284
1642182
1626747
1617547
1615549
1611581
1595381
1590929
1590200
1577096
1570721
1604296
1616845
1633045
1646725
1662160
1675264
1684464
1692624
1697076
1702472
1708847
1712815
1719283
1720042
1720771
1724061
1726059
1726161
1717383
1713036
1712826
1711666
1695466
1681786
1681292
1669016
1665048
1663672
1660252
1655068
1636942
1627742
1602486
1595826
1621082
1633358
1637705
1653905
1657325
1675451
1689131
1698331
1703515
1704891
1713669
1720329
1724297
1724791
1725951
1726161
1718013
1711965
1711755
1710955
1705315
1685113
1672153
1668697
1662271
1661791
1660471
1658235
1654107
1652755
1641142
1640648
1623008
1607573
1625213
1645415
1651055
1659203
1672163
1687598
1691726
1703339
1704691
1711117
1717165
1717965
1721421
1723657
1724151
1725471
1725951
1726161
1712481
1709217
1706592
1693632
1692657
1674531
1658331
1656955
1655795
1654343
1644143
1637879
1620239
1617779
1609619
1607621
1607285
1603317
1591041
1603317
1619517
1637157
1655283
1668243
1681923
1688187
1698387
1706547
1707923
1711891
1714516
1715968
1719232
1721692
1723690
1724665
1725825
1726161
1719897
1715837
1711613
1710293
1709593
1700815
1698645
1694070
1693341
1673139
1660590
1657454
1651028
1648568
1612224
1605849
1603259
1590859
1577899
1572931
1564153
1563424
1556956
1547996
1530356
1528860
1527508
1507306
1500931
1499107
1498765
1492717
1486291
1472851
1469715
1487355
1490491
1510693
1523653
1536053
1549493
1558453
1559805
1566180
1574958
1581426
1587852
1589676
1595724
1600692
1601421
1604011
1605507
1605849
1599661
1595086
1591936
1589938
1585970
1583994
1580452
1546877
1522957
1520787
1519411
1503211
1502595
1489155
1475475
1466275
1458127
1452627
1446252
1444998
1432598
1430006
1429277
1425735
1412775
1376431
1362991
1354843
1349875
1347705
1330065
1329306
1328331
1326507
1362851
1380491
1388639
1401599
1413999
1427439
1430981
1433151
1434975
1437567
1442535
1443294
1444023
1445277
1446252
1441068
1417148
1416840
1414670
1409170
1405906
1400446
1398367
1394307
1393965
1393863
1370373
1364325
1360165
1355818
1355324
1346124
1370044
1393534
1397881
1407081
1412265
1417765
1423225
1425395
1429555
1435603
1437682
1441742
1445006
1445500
1445842
1445944
1446252
1439988
1426308
1418148
1413573
1412616
1366248
1365088
1354888
1351624
1349264
1345040
1342448
1339158
1305583
1301423
1299253
1297801
1295977
1282873
1282114
1268434
1261966
1257998
1248798
1233363
1199788
1193413
1188017
1183565
1181567
1178277
1170117
1170015
1169286
1156737
1140537
1174112
1186661
1202861
1216541
1231976
1245080
1254280
1262440
1266892
1272288
1278663
1282631
1289099
1289858
1290587
1293877
1295875
1295977
1284364
1277938
1262503
1261183
1260973
1254925
1237285
1229137
1226901
1225549
1222093
1221599
1217471
1211831
1211351
1191149
1190349
1177389
1195029
1215231
1220871
1229019
1241979
1257414
1261542
1273155
1274507
1280933
1286981
1287781
1291237
1293473
1293967
1295287
1295767
1295977
1292713
1287529
1283182
1282688
1259198
1253698
1251619
1251277
1245229
1244921
1235721
1231561
1229391
1205471
1200011
1195951
1195849
1219769
1243259
1247606
1256806
1261990
1267490
1272950
1275120
1279280
1285328
1287407
1291467
1294731
1295225
1295567
1295669
1295977
1295949
1282509
1276083
1263807
1262850
1254690
1248840
1246250
1242794
1240434
1238458
1230310
1217608
1208408
1203224
1200504
1199008
1198249
1197109
1209385
1212105
1220253
1233693
1246395
1255595
1260779
1268939
1274789
1275929
1282355
1283114
1285474
1288930
1291520
1293496
1294992
1295949
1295977
1282873
1279723
1276459
1275502
1275160
1259725
1248112
1245487
1241359
1238069
1224389
1218014
1217398
1215946
1210096
1209337
1205177
1204448
1195488
1182528
1176480
1175751
1170783
1169431
1167935
1150295
1137895
1117693
1104253
1101663
1098527
1096703
1087925
1087583
1081157
1074782
1068314
1058114
1057778
1040138
1038978
1022778
1020318
1014054
1001778
997810
994546
980866
967906
966454
963829
962854
961478
953318
951320
933194
923994
910314
903654
887454
882270
881110
876763
873343
864565
860597
842471
817215
815839
815345
803069
802859
802757
802415
799151
798843
798349
774859
772689
766641
762481
753281
747821
745742
740242
735058
711138
707078
702731
726651
750141
754488
763688
768872
774372
779832
782002
786162
792210
794289
798349
801613
802107
802449
802551
802859
801507
786072
782616
781816
770203
757243
753115
752621
746573
740933
740723
740243
733817
732497
714857
706709
686507
684271
701911
722113
727753
735901
748861
764296
768424
780037
781389
787815
793863
794663
798119
800355
800849
802169
802649
802859
798891
765316
752212
736012
735910
735151
733153
729863
724467
716307
709839
705387
689952
683577
671028
661828
661099
647419
680994
693543
709743
723423
738858
751962
761162
769322
773774
779170
785545
789513
795981
796740
797469
800759
802757
802859
802517
798170
792986
789722
789620
783572
778112
772612
768452
764392
755192
754884
754390
730470
728300
726221
702731
726651
750141
754488
763688
768872
774372
779832
782002
786162
792210
794289
798349
801613
802107
802449
802551
802859
791519
775319
775109
771973
769165
755485
737359
736039
731979
726519
713817
713025
711865
709889
704921
684719
671759
663611
663401
662921
657281
639641
638841
623406
619278
612852
611500
599887
596431
595111
589063
588569
586333
603973
624175
629815
637963
650923
666358
670486
682099
683451
689877
695925
696725
700181
702417
702911
704231
704711
704921
701379
692601
676001
670361
668865
666057
645855
644715
638451
629251
628451
613601
613121
606653
595129
592769
590409
584559
578133
576157
575200
574060
571470
570711
558435
558407
550247
545063
531623
518921
510773
507317
504597
503101
493901
491731
486763
486004
472564
471589
435245
431703
429111
427857
414897
414168
401768
393620
375980
374156
410500
428140
436288
449248
461648
475088
478630
480800
482624
485216
490184
490943
491672
492926
493901
487526
473846
464646
459250
455282
450830
437726
429566
428837
416288
415529
412239
396039
394041
393939
387471
353896
338461
334401
325201
319153
317074
311574
309404
285914
285812
280352
279858
274674
250754
250446
246099
245757
242493
238333
262253
285743
290090
299290
304474
309974
315434
317604
321764
327812
329891
333951
337215
337709
338051
338153
338461
332035
331555
331345
330025
326569
314956
313604
307556
299408
297172
293044
272842
272348
254708
253908
240948
235308
219873
237513
257715
263355
271503
284463
299898
304026
315639
316991
323417
329465
330265
333721
335957
336451
337771
338251
338461
332413
332071
329901
324441
324339
324031
314831
312752
308692
305428
281938
276438
272278
248358
244011
243517
238333
238123
222688
216640
215320
197680
197186
185573
177425
176073
169647
164007
159879
146919
146119
125917
123681
120225
119745
116203
98563
97834
89686
88432
87457
85633
84874
79906
66946
54546
41106
4762
2170
0
