0.055
0.036
0.036
0.035
0.038
0.036
0.086
0.038
0.044
0.074
0.036
0.036
0.036
0.034
0.087
0.034
0.035
0.035
0.034
0.035
0.037
0.035
0.034
0.034
0.034
0.037
0.034
0.038
0.034
0.035
0.038
0.083
0.034
0.038
0.035
0.034
0.035
0.034
0.034
0.035
0.034
0.033
0.035
0.035
0.033
0.034
0.033
0.033
0.038
0.038
0.034
0.034
0.036
0.033
0.033
0.034
0.036
0.035
0.034
0.033
0.034
0.033
0.034
0.038
0.035
0.035
0.034
0.036
0.081
0.033
0.036
0.033
0.034
0.034
0.034
0.08
0.078
0.037
0.081
0.094
0.041
0.041
0.037
0.035
0.037
0.035
0.034
0.034
0.034
0.034
0.033
0.036
0.034
0.033
0.112
0.065
0.045
0.046
0.044
0.042
0.105
0.106
0.043
0.043
0.048
0.046
0.109
0.108
0.109
0.109
0.328
0.047
0.043
0.042
0.042
0.036
0.073
0.034
0.035
0.034
0.041
0.041
0.044
0.042
0.04
0.055
0.034
0.034
0.033
0.047
0.034
0.037
0.034
0.033
0.034
0.036
0.034
0.082
0.084
0.081
0.094
0.042
0.036
0.038
0.035
0.034
0.086
0.036
0.035
0.034
0.085
0.042
0.041
0.043
0.043
0.041
0.115
0.042
0.043
0.034
0.04
0.035
0.046
0.041
0.041
0.034
0.041
0.044
0.04
0.07
0.039
0.088
0.079
0.035
0.057
0.05
0.092
0.04
0.041
0.04
0.043
0.035
0.033
0.035
0.037
0.034
0.035
0.033
0.11
0.107
0.041
0.043
0.04
0.056
0.045
0.04
0.041
0.033
0.034
0.034
0.033
0.035
0.034
0.035
0.036
0.034
0.033
0.033
0.037
0.033
0.036
0.035
0.036
0.033
0.033
0.034
0.034
0.034
0.034
0.033
0.045
0.04
0.041
0.043
0.039
0.04
0.041
0.084
0.034
0.033
0.035
0.035
0.034
0.085
0.035
0.035
0.034
0.038
0.035
0.094
0.042
0.041
0.041
0.041
0.043
0.116
0.041
0.041
0.042
0.046
0.041
0.04
0.042
0.04
0.041
0.046
0.045
0.041
0.041
0.045
0.04
0.041
0.042
0.04
0.052
0.042
0.044
0.041
0.041
0.044
0.042
0.068
0.04
0.04
0.14
0.042
0.04
0.05
0.041
0.04
0.041
0.042
0.046
0.034
0.034
0.035
0.035
0.033
0.033
0.083
0.034
0.034
0.042
0.044
0.108
0.043
0.034
0.041
0.041
0.107
0.109
0.041
0.034
0.036
0.042
0.035
0.051
0.035
0.035
0.034
0.085
0.081
0.086
0.033
0.037
0.037
0.034
0.082
0.034
0.083
0.034
0.085
0.045
0.041
0.041
0.041
0.039
0.067
0.043
0.036
0.033
0.034
0.034
0.033
0.037
0.034
0.034
0.033
0.034
0.033
0.112
0.041
0.04
0.042
0.033
0.035
0.085
0.082
0.08
0.041
0.041
0.036
0.035
0.086
0.1
0.046
0.041
0.04
0.04
0.045
0.041
0.04
0.045
0.042
0.041
0.044
0.04
0.038
0.034
0.034
0.035
0.034
0.033
0.033
0.036
0.056
0.041
0.109
0.108
0.108
0.034
0.047
0.035
0.047
0.036
0.034
0.039
0.034
0.034
0.081
0.036
0.081
0.036
0.034
0.036
0.047
0.037
0.033
0.032
0.084
0.033
0.033
0.034
0.033
0.034
0.033
0.034
0.034
0.033
0.034
0.08
0.034
0.037
0.034
0.035
0.035
0.035
0.033
0.092
0.041
0.037
0.035
0.035
0.034
0.105
0.081
0.035
0.035
0.083
0.074
0.072
0.037
0.039
0.034
0.033
0.035
0.033
0.033
0.083
0.034
0.091
0.04
0.037
0.033
0.038
0.038
0.035
0.039
0.034
0.039
0.034
0.097
0.034
0.085
0.034
0.034
0.082
0.033
0.038
0.033
0.035
0.084
0.036
0.039
0.098
0.086
0.041
0.045
0.062
0.034
0.037
0.041
0.042
0.086
0.035
0.046
0.041
0.034
0.045
0.04
0.045
0.037
0.034
0.037
0.034
0.035
0.041
0.033
0.082
0.089
0.042
0.038
0.095
0.042
0.042
0.042
0.035
0.107
0.04
0.04
0.041
0.041
0.042
0.041
0.042
0.036
0.037
0.034
0.037
0.039
0.043
0.034
0.035
0.044
0.038
0.042
0.035
0.046
0.043
0.043
0.056
0.039
0.035
0.035
0.035
0.04
0.035
0.09
0.035
0.052
0.043
0.043
0.042
0.044
0.091
0.088
0.035
0.037
0.035
0.092
0.035
0.039
0.098
0.034
0.088
0.034
0.034
0.035
0.035
0.083
0.042
0.034
0.034
0.088
0.084
0.089
0.036
0.036
0.084
0.044
0.047
0.037
0.085
0.037
0.485
0.056
0.077
0.059
0.055
0.261
0.062
0.042
0.033
0.117
0.109
0.105
0.048
0.048
0.047
0.046
0.064
0.047
0.049
0.034
0.036
0.035
0.036
0.033
0.046
0.042
0.034
0.043
0.037
0.034
0.055
0.034
0.032
0.034
0.082
0.041
0.034
0.035
0.036
0.033
0.085
0.04
0.043
0.041
0.04
0.04
0.043
0.11
0.041
0.112
0.034
0.083
0.04
0.041
0.095
0.041
0.054
0.044
0.042
0.039
0.043
0.04
0.039
0.04
0.04
0.041
0.043
0.053
0.04
0.039
0.113
0.044
0.041
0.04
0.036
0.034
0.033
0.034
0.033
0.088
0.041
0.037
0.034
0.033
0.041
0.119
0.051
0.033
0.036
0.035
0.034
0.038
0.033
0.033
0.038
0.033
0.036
0.033
0.041
0.042
0.039
0.043
0.041
0.041
0.111
0.043
0.04
0.089
0.094
0.041
0.039
0.039
0.12
0.047
0.046
0.046
0.047
0.047
0.074
0.047
0.048
0.049
0.047
0.046
0.184
0.087
0.081
0.034
0.037
0.033
0.033
0.08
0.114
0.035
0.033
0.043
0.08
0.08
0.041
0.034
0.035
0.048
0.032
0.033
0.04
0.04
0.04
0.039
0.044
0.06
0.041
0.041
0.108
0.035
0.08
0.037
0.048
0.034
0.042
0.041
0.043
0.04
0.04
0.041
0.042
0.04
0.037
0.033
0.035
0.033
0.042
0.041
0.045
0.042
0.041
0.04
0.039
0.039
0.04
0.042
0.04
0.041
0.043
0.04
0.041
0.043
0.04
0.043
0.054
0.043
0.04
0.043
0.04
0.04
0.044
0.034
0.033
0.034
0.041
0.038
0.042
0.04
0.043
0.044
0.04
0.041
0.04
0.034
0.041
0.033
0.033
0.041
0.043
0.04
0.043
0.034
0.042
0.043
0.034
0.033
0.116
0.038
0.035
0.04
0.118
0.042
0.043
0.165
0.051
0.04
0.039
0.106
0.047
0.046
0.043
0.04
0.042
0.041
0.042
0.04
0.121
0.05
0.048
0.056
0.039
0.04
0.042
0.041
0.04
0.043
0.04
0.041
0.034
0.034
0.033
0.051
0.083
0.034
0.032
0.081
0.036
0.076
0.035
0.034
0.037
0.034
0.034
0.033
0.037
0.08
0.034
0.034
0.083
0.034
0.08
0.077
0.041
0.041
0.043
0.041
0.042
0.037
0.034
0.034
0.033
0.037
0.034
0.04
0.04
0.04
0.065
0.04
0.041
0.044
0.04
0.043
0.04
0.043
0.04
0.041
0.04
0.041
0.043
0.049
0.046
0.037
0.033
0.035
0.033
0.037
0.033
0.091
0.044
0.111
0.072
0.06
0.112
0.041
0.04
0.041
0.04
0.043
0.041
0.043
0.046
0.041
0.04
0.045
0.042
0.04
0.042
0.041
0.04
0.042
0.039
0.042
0.041
0.044
0.041
0.128
0.121
0.033
0.033
0.034
0.034
0.035
0.079
0.034
0.082
0.033
0.034
0.037
0.034
0.034
0.091
0.033
0.092
0.041
0.044
0.04
0.04
0.047
0.04
0.039
0.044
0.046
0.043
0.043
0.041
0.044
0.044
0.052
0.041
0.044
0.041
0.04
0.044
0.041
0.041
0.045
0.042
0.047
0.04
0.05
0.043
0.044
0.047
0.091
0.115
0.041
0.041
0.044
0.108
0.112
0.112
0.047
0.043
0.04
0.044
0.046
0.043
0.044
0.043
0.039
0.044
0.041
0.045
0.552
0.079
0.054
0.059
0.079
0.045
0.036
0.036
0.043
0.041
0.041
0.099
0.042
0.045
0.043
0.08
0.04
0.039
0.04
0.044
0.058
0.044
0.039
0.04
0.041
0.041
0.044
0.043
0.04
0.041
0.04
0.043
0.062
0.04
0.039
0.041
0.04
0.041
0.039
0.042
0.041
0.039
0.04
0.057
0.042
0.036
0.036
0.033
0.038
0.038
0.033
0.036
0.033
0.041
0.042
0.04
0.042
0.041
0.045
0.039
0.04
0.041
0.039
0.041
0.039
0.039
0.044
0.043
0.043
0.04
0.041
0.045
0.04
0.041
0.043
0.04
0.056
0.042
0.041
0.04
0.04
0.04
0.04
0.114
0.112
0.117
0.079
0.06
0.043
0.04
0.039
0.04
0.039
0.042
0.041
0.041
0.042
0.135
0.042
0.047
0.04
0.119
0.126
0.047
0.047
0.048
0.069
0.048
0.051
0.047
0.042
0.042
0.04
0.041
0.04
0.043
0.04
0.044
0.035
0.11
0.042
0.042
0.041
0.04
0.041
0.041
0.033
0.036
0.081
0.091
0.046
0.04
0.041
0.04
0.039
0.042
0.041
0.041
0.039
0.117
0.051
0.051
0.138
0.148
0.053
0.054
0.058
0.051
0.194
0.063
0.061
0.059
0.063
0.059
0.067
0.061
0.04
0.042
0.039
0.039
0.12
0.049
0.079
0.141
0.137
0.041
0.04
0.041
0.041
0.041
0.047
0.043
0.041
0.042
0.039
0.043
0.04
0.056
0.04
0.044
0.04
0.118
0.048
0.047
0.047
0.172
0.053
0.041
0.041
0.041
0.058
0.041
0.04
0.044
0.039
0.039
0.117
0.047
0.05
0.135
0.066
0.047
0.181
0.047
0.146
0.052
0.056
0.071
0.057
0.054
0.053
0.056
0.054
0.033
0.034
0.034
0.032
0.034
0.033
0.034
0.052
0.046
0.047
0.049
0.048
0.045
0.048
0.063
0.07
0.042
0.039
0.044
0.042
0.041
0.04
0.042
0.057
0.041
0.043
0.04
0.112
0.04
0.039
0.107
0.042
0.048
0.049
0.05
0.045
0.054
0.052
0.055
0.054
0.056
0.052
0.074
0.041
0.041
0.041
0.041
0.04
0.041
0.043
0.034
0.034
0.034
0.033
0.042
0.043
0.045
0.04
0.043
0.042
0.047
0.047
0.047
0.047
0.048
0.069
0.051
0.047
0.048
0.043
0.043
0.041
0.135
0.041
0.04
0.113
0.04
0.044
0.04
0.041
0.084
0.11
0.11
0.04
0.041
0.111
0.043
0.117
0.07
0.033
0.042
0.043
0.041
0.04
0.041
0.041
0.108
0.044
0.107
0.042
0.043
0.04
0.034
0.034
0.034
0.033
0.034
0.045
0.08
0.051
0.046
0.111
0.05
0.034
0.082
0.039
0.04
0.043
0.034
0.039
0.04
0.05
0.071
0.04
0.047
0.047
0.048
0.047
0.04
0.043
0.04
0.04
0.039
0.056
0.042
0.04
0.041
0.043
0.04
0.041
0.04
0.043
0.04
0.034
0.088
0.034
0.034
0.093
0.046
0.039
0.04
0.116
0.066
0.052
0.046
0.043
0.043
0.039
0.043
0.042
0.038
0.09
0.057
0.054
0.066
0.052
0.047
0.046
0.051
0.047
0.163
0.055
0.054
0.047
0.054
0.037
0.034
0.036
0.078
0.093
0.387
0.077
0.069
0.065
0.08
0.622
0.042
0.089
0.308
0.136
0.061
0.052
0.048
0.047
0.052
0.046
0.048
0.041
0.047
0.04
0.042
0.044
0.041
0.043
0.04
0.042
0.041
0.041
0.115
0.049
0.046
0.048
0.033
0.033
0.033
0.036
0.036
0.082
0.034
0.049
0.107
0.048
0.047
0.046
0.046
0.047
0.047
0.046
0.048
0.046
0.046
0.046
0.041
0.04
0.041
0.039
0.043
0.04
0.042
0.039
0.041
0.043
0.041
0.04
0.041
0.041
0.04
0.043
0.04
0.04
0.04
0.04
0.05
0.045
0.04
0.04
0.049
0.04
0.041
0.043
0.04
0.044
0.04
0.111
0.108
0.109
0.04
0.048
0.048
0.049
0.047
0.049
0.047
0.033
0.036
0.034
0.034
0.034
0.083
0.033
0.034
0.034
0.034
0.033
0.037
0.041
0.081
0.043
0.106
0.035
0.108
0.033
0.11
0.08
0.043
0.037
0.034
0.033
0.038
0.033
0.081
0.033
0.079
0.04
0.043
0.04
0.041
0.04
0.04
0.04
0.04
0.04
0.108
0.042
0.04
0.048
0.05
0.048
0.047
0.047
0.046
0.049
0.044
0.048
0.04
0.039
0.039
0.039
0.116
0.051
0.047
0.047
0.048
0.048
0.053
0.047
0.047
0.111
0.047
0.051
0.046
0.046
0.049
0.064
0.046
0.047
0.034
0.034
0.033
0.034
0.034
0.049
0.047
0.047
0.049
0.05
0.048
0.046
0.047
0.04
0.11
0.043
0.042
0.043
0.042
0.041
0.052
0.042
0.039
0.04
0.043
0.047
0.049
0.048
0.057
0.047
0.049
0.042
0.04
0.04
0.042
0.04
0.043
0.042
0.041
0.04
0.085
0.084
0.04
0.041
0.042
0.039
0.038
0.041
0.042
0.042
0.123
0.05
0.05
0.05
0.048
0.051
0.047
0.047
0.034
0.04
0.042
0.039
0.113
0.107
0.118
0.051
0.047
0.04
0.04
0.041
0.039
0.04
0.04
0.121
0.035
0.051
0.034
0.036
0.08
0.036
0.082
0.083
0.048
0.05
0.046
0.078
0.051
0.08
0.034
0.047
0.048
0.048
0.147
0.056
0.053
0.053
0.055
0.055
0.056
0.054
0.166
0.164
0.04
0.04
0.042
0.042
0.196
0.089
0.035
0.04
0.035
0.034
0.033
0.092
0.048
0.047
0.051
0.047
0.047
0.048
0.049
0.05
0.048
0.042
0.042
0.04
0.04
0.04
0.042
0.047
0.053
0.053
0.054
0.054
0.045
0.044
0.039
0.041
0.041
0.041
0.04
0.04
0.041
0.04
0.044
0.092
0.044
0.148
0.044
0.042
0.042
0.149
0.04
0.043
0.04
0.039
0.041
0.043
0.041
0.11
0.103
0.044
0.04
0.04
0.041
0.108
0.041
0.041
0.042
0.039
0.045
0.038
0.04
0.039
0.042
0.118
0.039
0.04
0.039
0.117
0.046
0.047
0.047
0.147
0.087
0.048
0.046
0.055
0.034
0.041
0.036
0.033
0.054
0.053
0.064
0.053
0.033
0.034
0.039
0.038
0.033
0.033
0.04
0.04
0.053
0.039
0.047
0.04
0.054
0.059
0.053
0.056
0.053
0.054
0.057
0.033
0.039
0.039
0.043
0.11
0.043
0.038
0.04
0.043
0.043
0.043
0.108
0.039
0.061
0.05
0.039
0.049
0.047
0.045
0.058
0.039
0.039
0.123
0.11
0.05
0.047
0.312
0.069
0.095
0.072
0.068
0.067
0.096
0.052
0.043
0.044
0.122
0.045
0.049
0.048
0.045
0.046
0.051
0.046
0.055
0.054
0.056
0.053
0.054
0.053
0.052
0.056
0.033
0.037
0.035
0.036
0.047
0.046
0.047
0.05
0.046
0.045
0.049
0.047
0.046
0.051
0.077
0.069
0.062
0.034
0.034
0.033
0.034
0.04
0.04
0.04
0.041
0.047
0.14
0.046
0.05
0.047
0.049
0.047
0.051
0.046
0.046
0.138
0.137
0.047
0.165
0.134
0.05
0.046
0.145
0.09
0.043
0.04
0.039
0.04
0.042
0.039
0.039
0.055
0.047
0.048
0.049
0.047
0.049
0.05
0.034
0.033
0.034
0.033
0.036
0.033
0.039
0.034
0.053
0.054
0.055
0.053
0.053
0.055
0.052
0.053
0.053
0.047
0.046
0.046
0.047
0.046
0.046
0.05
0.048
0.049
0.049
0.047
0.046
0.049
0.046
0.046
0.046
0.049
0.041
0.034
0.042
0.04
0.041
0.043
0.039
0.043
0.038
0.037
0.033
0.042
0.044
0.085
0.082
0.036
0.082
0.035
0.037
0.081
0.081
0.048
0.049
0.049
0.051
0.098
0.038
0.034
0.091
0.048
0.047
0.055
0.047
0.051
0.048
0.046
0.048
0.046
0.045
0.064
0.048
0.051
0.049
0.048
0.063
0.052
0.049
0.052
0.045
0.057
0.069
0.053
0.054
0.052
0.067
0.054
0.057
0.092
0.042
0.039
0.042
0.055
0.07
0.041
0.039
0.042
0.04
0.12
0.05
0.042
0.04
0.061
0.04
0.039
0.043
0.042
0.04
0.04
0.04
0.04
0.04
0.048
0.05
0.045
0.047
0.048
0.047
0.064
0.047
0.05
0.048
0.048
0.046
0.048
0.063
0.048
0.061
0.048
0.047
0.052
0.047
0.045
0.043
0.043
0.04
0.046
0.041
0.044
0.04
0.041
0.058
0.04
0.041
0.059
0.055
0.043
0.041
0.056
0.043
0.057
0.043
0.048
0.055
0.056
0.058
0.056
0.042
0.045
0.04
0.045
0.058
0.082
0.05
0.052
0.048
0.048
0.048
0.048
0.048
0.046
0.055
0.042
0.041
0.057
0.053
0.056
0.055
0.054
0.113
0.041
0.044
0.041
0.07
0.045
0.04
0.04
0.043
0.042
0.043
0.058
0.042
0.057
0.044
0.04
0.043
0.044
0.042
0.04
0.044
0.041
0.041
0.042
0.042
0.041
0.043
0.042
0.045
0.042
0.042
0.075
0.12
0.04
0.044
0.042
0.045
0.042
0.041
0.041
0.042
0.042
0.041
0.043
0.043
0.041
0.04
0.041
0.044
0.04
0.043
0.043
0.04
0.041
0.155
0.042
0.041
0.05
0.034
0.033
0.037
0.032
0.083
0.038
0.079
0.041
0.046
0.048
0.046
0.051
0.047
0.048
0.052
0.048
0.048
0.051
0.048
0.052
0.048
0.047
0.053
0.04
0.042
0.039
0.044
0.04
0.041
0.044
0.048
0.047
0.05
0.049
0.05
0.05
0.052
0.049
0.057
0.05
0.05
0.052
0.051
0.048
0.05
0.088
0.052
0.05
0.051
0.048
0.053
0.049
0.046
0.042
0.042
0.043
0.041
0.045
0.043
0.042
0.041
0.043
0.044
0.045
0.042
0.042
0.043
0.043
0.042
0.044
0.043
0.04
0.041
0.042
0.043
0.043
0.044
0.041
0.041
0.044
0.042
0.045
0.045
0.114
0.047
0.043
0.129
0.05
0.052
0.049
0.048
0.051
0.048
0.05
0.048
0.052
0.057
0.056
0.059
0.049
0.054
0.049
0.052
0.043
0.041
0.045
0.127
0.041
0.041
0.055
0.055
0.059
0.052
0.047
0.046
0.049
0.05
0.054
0.048
0.049
0.054
0.048
0.05
0.06
0.074
0.098
0.071
0.08
0.064
0.049
0.049
0.124
0.07
0.043
0.042
0.047
0.054
0.041
0.04
0.041
0.047
0.087
0.044
0.039
0.04
0.041
0.042
0.044
0.039
0.04
0.04
0.043
0.047
0.047
0.046
0.047
0.047
0.046
0.05
0.046
0.061
0.042
0.045
0.049
0.046
0.045
0.041
0.039
0.04
0.04
0.042
0.039
0.042
0.039
0.04
0.047
0.05
0.049
0.047
0.046
0.05
0.046
0.048
0.046
0.047
0.046
0.04
0.04
0.043
0.041
0.04
0.04
0.042
0.041
0.039
0.04
0.04
0.047
0.05
0.046
0.048
0.117
0.046
0.046
0.046
0.045
0.066
0.048
0.047
0.048
0.046
0.048
0.046
0.047
0.049
0.039
0.039
0.043
0.04
0.046
0.048
0.039
0.041
0.042
0.041
0.039
0.04
0.043
0.04
0.04
0.041
0.043
0.039
0.039
0.042
0.039
0.044
0.039
0.043
0.04
0.111
0.043
0.048
0.058
0.046
0.05
0.046
0.048
0.126
0.04
0.045
0.041
0.039
0.038
0.039
0.111
0.046
0.046
0.048
0.045
0.049
0.046
0.045
0.046
0.039
0.038
0.04
0.04
0.042
0.04
0.042
0.04
0.109
0.04
0.038
0.039
0.04
0.041
0.043
0.039
0.041
0.038
0.07
0.039
0.057
0.04
0.11
0.039
0.039
0.105
0.116
0.047
0.048
0.045
0.089
0.047
0.046
0.045
0.141
0.062
0.046
0.136
0.044
0.047
0.048
0.045
0.044
0.047
0.045
0.045
0.047
0.066
0.045
0.047
0.046
0.047
0.046
0.044
0.134
0.049
0.044
0.046
0.049
0.045
0.048
0.134
0.047
0.046
0.045
0.046
0.045
0.049
0.046
0.046
0.055
0.046
0.045
0.048
0.044
0.044
0.045
0.046
0.045
0.045
0.049
0.046
0.044
0.048
0.05
0.046
0.045
0.048
0.044
0.046
0.047
0.045
0.069
0.042
0.04
0.038
0.042
0.05
0.045
0.039
0.041
0.039
0.038
0.042
0.039
0.04
0.04
0.04
0.039
0.039
0.039
0.041
0.039
0.043
0.039
0.041
0.038
0.039
0.04
0.045
0.046
0.041
0.11
0.037
0.041
0.039
0.106
0.046
0.046
0.045
0.048
0.048
0.143
0.051
0.041
0.039
0.039
0.04
0.039
0.042
0.039
0.039
0.04
0.04
0.039
0.042
0.039
0.04
0.039
0.042
0.039
0.038
0.041
0.032
0.036
0.032
0.032
0.031
0.08
0.033
0.047
0.045
0.044
0.046
0.047
0.045
0.045
0.039
0.041
0.033
0.032
0.039
0.056
0.044
0.039
0.038
0.038
0.046
0.047
0.045
0.046
0.045
0.09
0.122
0.169
0.077
0.096
0.085
0.071
0.074
0.078
0.071
0.074
0.078
0.073
0.07
0.067
0.069
0.071
0.076
0.167
0.072
0.079
0.076
0.068
0.074
0.072
0.075
0.071
0.072
0.072
0.076
0.068
0.075
0.07
0.075
0.068
0.169
0.062
0.061
0.232
0.089
0.051
0.057
0.062
0.065
0.061
0.06
0.063
0.067
0.168
0.162
0.083
0.071
0.073
0.074
0.074
0.087
0.075
0.065
0.055
0.044
0.051
0.049
0.047
0.048
0.046
0.052
0.049
0.15
0.051
0.055
0.054
0.054
0.04
0.036
0.035
0.032
0.033
0.05
0.034
0.037
0.034
0.081
0.033
0.089
0.033
0.032
0.039
0.048
0.073
0.049
0.044
0.047
0.044
0.05
0.045
0.046
0.045
0.049
0.045
0.047
0.049
0.048
0.089
0.046
0.052
0.068
0.064
0.07
0.058
0.064
0.064
0.076
0.062
0.227
0.158
0.081
0.047
0.04
0.044
0.039
0.042
0.039
0.045
0.049
0.045
0.047
0.046
0.048
0.046
0.045
0.044
0.092
0.038
0.039
0.039
0.039
0.114
0.046
0.045
0.04
0.048
0.047
0.045
0.048
0.045
0.045
0.056
0.046
0.042
0.045
0.046
0.047
0.062
0.046
0.048
0.046
0.051
0.048
0.048
0.046
0.143
0.045
0.045
0.049
0.047
0.045
0.046
0.048
0.045
0.045
0.042
0.039
0.041
0.042
0.038
0.039
0.04
0.112
0.085
0.12
0.052
0.049
0.045
0.049
0.046
0.045
0.045
0.045
0.045
0.048
0.045
0.044
0.045
0.04
0.039
0.039
0.039
0.039
0.039
0.042
0.039
0.04
0.039
0.046
0.048
0.055
0.048
0.046
0.045
0.048
0.046
0.04
0.041
0.04
0.042
0.039
0.039
0.039
0.038
0.049
0.04
0.048
0.042
0.04
0.038
0.048
0.045
0.045
0.048
0.046
0.044
0.045
0.042
0.039
0.045
0.045
0.045
0.064
0.04
0.049
0.046
0.137
0.045
0.042
0.045
0.047
0.046
0.049
0.048
0.047
0.045
0.045
0.048
0.045
0.049
0.046
0.039
0.083
0.039
0.039
0.038
0.039
0.038
0.04
0.048
0.068
0.049
0.045
0.038
0.041
0.04
0.095
0.045
0.045
0.048
0.048
0.046
0.049
0.046
0.049
0.045
0.046
0.049
0.046
0.047
0.041
0.04
0.039
0.048
0.039
0.039
0.04
0.039
0.038
0.038
0.04
0.038
0.039
0.046
0.05
0.045
0.047
0.045
0.047
0.046
0.046
0.042
0.039
0.042
0.04
0.04
0.039
0.041
0.04
0.041
0.044
0.057
0.04
0.04
0.039
0.049
0.045
0.048
0.047
0.041
0.038
0.046
0.045
0.048
0.039
0.038
0.038
0.039
0.039
0.039
0.039
0.042
0.039
0.04
0.039
0.041
0.038
0.04
0.044
0.048
0.039
0.038
0.039
0.039
0.038
0.039
0.108
0.039
0.118
0.045
0.046
0.045
0.046
0.045
0.048
0.045
0.046
0.044
0.045
0.065
0.047
0.045
0.049
0.044
0.045
0.048
0.046
0.044
0.048
0.075
0.046
0.042
0.039
0.038
0.041
0.039
0.039
0.041
0.038
0.041
0.037
0.046
0.038
0.04
0.037
0.038
0.042
0.039
0.108
0.041
0.037
0.046
0.048
0.045
0.044
0.047
0.045
0.045
0.047
0.044
0.048
0.045
0.057
0.046
0.061
0.137
0.045
0.134
0.046
0.041
0.038
0.039
0.041
0.045
0.045
0.049
0.088
0.124
0.121
0.118
0.239
0.062
0.049
0.16
0.052
0.051
0.051
0.053
0.051
0.072
0.05
0.046
0.048
0.136
0.047
0.045
0.049
0.045
0.048
0.086
0.046
0.046
0.052
0.055
0.051
0.053
0.048
0.045
0.049
0.045
0.052
0.049
0.045
0.045
0.055
0.045
0.046
0.043
0.038
0.039
0.042
0.039
0.049
0.039
0.039
0.046
0.045
0.049
0.046
0.049
0.046
0.044
0.047
0.046
0.045
0.046
0.048
0.038
0.039
0.04
0.054
0.044
0.04
0.042
0.046
0.046
0.047
0.045
0.046
0.047
0.044
0.045
0.047
0.038
0.038
0.04
0.039
0.041
0.039
0.041
0.039
0.042
0.038
0.038
0.041
0.038
0.039
0.042
0.039
0.042
0.049
0.046
0.048
0.048
0.049
0.047
0.044
0.046
0.051
0.062
0.055
0.052
0.053
0.052
0.052
0.059
0.051
0.04
0.041
0.039
0.057
0.05
0.054
0.066
0.054
0.066
0.055
0.045
0.048
0.056
0.05
0.045
0.045
0.049
0.045
0.05
0.052
0.047
0.048
0.046
0.05
0.064
0.045
0.048
0.039
0.044
0.057
0.039
0.048
0.045
0.043
0.04
0.047
0.052
0.047
0.04
0.047
0.04
0.053
0.045
0.048
0.047
0.046
0.057
0.059
0.045
0.053
0.046
0.046
0.057
0.05
0.045
0.049
0.054
0.048
0.053
0.046
0.046
0.049
0.05
0.047
0.048
0.243
0.103
0.068
0.058
0.202
0.042
0.045
0.039
0.039
0.046
0.044
0.045
0.048
0.044
0.048
0.045
0.045
0.045
0.047
0.037
0.039
0.038
0.039
0.039
0.038
0.044
0.046
0.044
0.047
0.045
0.135
0.135
0.045
0.04
0.041
0.039
0.038
0.04
0.039
0.038
0.039
0.057
0.052
0.052
0.053
0.063
0.045
0.049
0.045
0.084
0.045
0.042
0.04
0.04
0.04
0.044
0.041
0.073
0.039
0.038
0.044
0.04
0.039
0.04
0.042
0.041
0.038
0.038
0.038
0.039
0.041
0.041
0.037
0.045
0.044
0.047
0.045
0.044
0.044
0.039
0.039
0.042
0.038
0.039
0.041
0.038
0.038
0.046
0.044
0.046
0.048
0.044
0.045
0.044
0.045
0.039
0.038
0.108
0.04
0.039
0.037
0.105
0.039
0.039
0.038
0.039
0.038
0.041
0.039
0.121
0.045
0.044
0.048
0.046
0.045
0.045
0.069
0.046
0.045
0.047
0.048
0.046
0.046
0.048
0.045
0.044
0.049
0.044
0.053
0.051
0.105
0.053
0.059
0.055
0.052
0.052
0.04
0.043
0.039
0.039
0.039
0.039
0.039
0.047
0.045
0.044
0.049
0.046
0.046
0.04
0.039
0.04
0.046
0.039
0.043
0.042
0.039
0.04
0.04
0.042
0.039
0.043
0.042
0.039
0.039
0.039
0.039
0.046
0.04
0.06
0.046
0.047
0.046
0.046
0.048
0.04
0.04
0.039
0.047
0.039
0.042
0.04
0.051
0.041
0.04
0.039
0.051
0.046
0.047
0.07
0.063
0.06
0.047
0.046
0.049
0.049
0.04
0.04
0.04
0.04
0.044
0.039
0.04
0.043
0.109
0.044
0.041
0.04
0.043
0.039
0.038
0.043
0.04
0.047
0.049
0.046
0.075
0.065
0.045
0.046
0.046
0.047
0.058
0.057
0.053
0.053
0.056
0.053
0.052
0.054
0.051
0.049
0.047
0.046
0.053
0.046
0.051
0.046
0.042
0.041
0.04
0.047
0.039
0.04
0.04
0.04
0.052
0.046
0.046
0.05
0.046
0.046
0.045
0.047
0.046
0.046
0.046
0.046
0.063
0.042
0.04
0.04
0.099
0.096
0.04
0.047
0.045
0.041
0.039
0.043
0.04
0.121
0.05
0.054
0.048
0.047
0.05
0.047
0.046
0.049
0.047
0.047
0.048
0.047
0.047
0.051
0.047
0.048
0.05
0.04
0.042
0.041
0.068
0.041
0.04
0.041
0.046
0.04
0.041
0.044
0.041
0.041
0.039
0.043
0.04
0.041
0.038
0.042
0.04
0.041
0.04
0.041
0.042
0.047
0.047
0.046
0.046
0.039
0.045
0.043
0.039
0.044
0.039
0.055
0.044
0.042
0.055
0.049
0.051
0.048
0.05
0.048
0.041
0.051
0.043
0.041
0.04
0.044
0.044
0.041
0.041
0.114
0.041
0.077
0.04
0.048
0.115
0.042
0.043
0.044
0.137
0.049
0.048
0.048
0.049
0.044
0.042
0.048
0.041
0.041
0.043
0.044
0.042
0.042
0.049
0.049
0.053
0.049
0.052
0.05
0.051
0.049
0.049
0.053
0.049
0.048
0.049
0.142
0.052
0.048
0.049
0.055
0.048
0.05
0.048
0.05
0.049
0.043
0.045
0.041
0.045
0.04
0.044
0.049
0.048
0.051
0.062
0.05
0.046
0.071
0.069
0.047
0.047
0.048
0.051
0.061
0.147
0.157
0.06
0.057
0.058
0.056
0.055
0.185
0.057
0.051
0.052
0.072
0.05
0.053
0.052
0.05
0.049
0.05
0.043
0.043
0.055
0.05
0.05
0.051
0.048
0.048
0.052
0.047
0.049
0.044
0.041
0.041
0.041
0.043
0.043
0.043
0.042
0.042
0.042
0.045
0.042
0.042
0.042
0.045
0.041
0.04
0.113
0.041
0.042
0.043
0.12
0.049
0.051
0.048
0.049
0.044
0.042
0.051
0.049
0.074
0.068
0.052
0.048
0.085
0.049
0.047
0.053
0.057
0.049
0.052
0.121
0.115
0.108
0.249
0.062
0.051
0.049
0.055
0.05
0.053
0.048
0.052
0.049
0.049
0.065
0.046
0.048
0.049
0.04
0.04
0.04
0.043
0.041
0.04
0.049
0.041
0.041
0.043
0.047
0.047
0.05
0.048
0.047
0.049
0.048
0.048
0.05
0.048
0.152
0.146
0.049
0.05
0.156
0.057
0.05
0.051
0.05
0.048
0.051
0.052
0.05
0.044
0.042
0.042
0.046
0.115
0.042
0.052
0.129
0.049
0.05
0.052
0.049
0.055
0.05
0.051
0.051
0.049
0.05
0.049
0.049
0.043
0.045
0.042
0.044
0.05
0.076
0.058
0.168
0.129
0.056
0.051
0.054
0.051
0.051
0.043
0.131
0.05
0.051
0.054
0.05
0.051
0.151
0.05
0.043
0.046
0.042
0.046
0.042
0.042
0.043
0.043
0.05
0.147
0.145
0.052
0.051
0.051
0.049
0.049
0.051
0.051
0.05
0.05
0.05
0.053
0.048
0.05
0.053
0.049
0.053
0.048
0.05
0.055
0.156
0.044
0.042
0.043
0.043
0.043
0.05
0.041
0.042
0.053
0.055
0.051
0.054
0.053
0.052
0.059
0.044
0.046
0.047
0.058
0.057
0.057
0.057
0.056
0.054
0.05
0.049
0.05
0.053
0.043
0.049
0.047
0.043
0.049
0.044
0.05
0.044
0.045
0.051
0.085
0.053
0.052
0.049
0.051
0.044
0.044
0.046
0.042
0.046
0.042
0.055
0.049
0.052
0.053
0.05
0.05
0.052
0.05
0.052
0.044
0.042
0.049
0.052
0.049
0.049
0.068
0.05
0.049
0.045
0.045
0.091
0.061
0.045
0.044
0.043
0.044
0.054
0.05
0.05
0.044
0.047
0.044
0.042
0.045
0.137
0.122
0.045
0.044
0.044
0.132
0.051
0.054
0.052
0.053
0.045
0.044
0.131
0.044
0.045
0.045
0.047
0.044
0.049
0.044
0.145
0.044
0.043
0.044
0.043
0.049
0.051
0.051
0.05
0.049
0.05
0.053
0.05
0.044
0.044
0.043
0.043
0.043
0.059
0.044
0.052
0.153
0.052
0.051
0.055
0.051
0.05
0.054
0.049
0.049
0.053
0.059
0.05
0.05
0.051
0.054
0.052
0.065
0.05
0.049
0.05
0.05
0.159
0.057
0.045
0.045
0.042
0.044
0.041
0.045
0.042
0.044
0.041
0.067
0.051
0.05
0.047
0.043
0.043
0.045
0.042
0.044
0.046
0.044
0.043
0.044
0.044
0.043
0.042
0.043
0.046
0.044
0.042
0.047
0.041
0.042
0.045
0.044
0.05
0.051
0.053
0.05
0.053
0.049
0.054
0.049
0.05
0.05
0.053
0.052
0.05
0.051
0.054
0.05
0.049
0.054
0.056
0.061
0.056
0.05
0.048
0.043
0.043
0.041
0.045
0.042
0.041
0.043
0.043
0.043
0.046
0.042
0.07
0.049
0.048
0.042
0.041
0.058
0.044
0.043
0.043
0.049
0.087
0.051
0.056
0.048
0.05
0.05
0.136
0.044
0.046
0.047
0.128
0.053
0.05
0.054
0.068
0.068
0.058
0.058
0.057
0.06
0.057
0.066
0.059
0.056
0.057
0.069
0.06
0.057
0.057
0.056
0.064
0.056
0.06
0.049
0.049
0.047
0.044
0.051
0.052
0.052
0.055
0.052
0.049
0.05
0.057
0.043
0.048
0.046
0.041
0.043
0.045
0.054
0.051
0.055
0.048
0.053
0.047
0.044
0.044
0.044
0.046
0.043
0.043
0.043
0.057
0.052
0.051
0.058
0.052
0.06
0.056
0.051
0.053
0.051
0.05
0.054
0.056
0.051
0.052
0.048
0.129
0.056
0.055
0.05
0.057
0.054
0.06
0.052
0.054
0.045
0.05
0.046
0.048
0.044
0.046
0.043
0.049
0.06
0.054
0.055
0.05
0.06
0.059
0.051
0.224
0.08
0.064
0.058
0.057
0.053
0.064
0.066
0.051
0.243
0.046
0.042
0.157
0.046
0.043
0.041
0.045
0.114
0.05
0.053
0.051
0.051
0.049
0.056
0.056
0.057
0.061
0.056
0.141
0.093
0.059
0.06
0.046
0.042
0.054
0.049
0.054
0.064
0.051
0.051
0.051
0.044
0.044
0.043
0.047
0.043
0.044
0.045
0.044
0.044
0.046
0.044
0.059
0.051
0.051
0.052
0.05
0.051
0.055
0.091
0.052
0.045
0.045
0.044
0.12
0.048
0.118
0.043
0.043
0.127
0.047
0.047
0.057
0.072
0.059
0.048
0.043
0.052
0.055
0.044
0.043
0.046
0.044
0.046
0.046
0.045
0.045
0.054
0.053
0.051
0.053
0.051
0.052
0.053
0.048
0.044
0.044
0.042
0.046
0.046
0.045
0.043
0.043
0.045
0.051
0.051
0.054
0.05
0.051
0.055
0.051
0.05
0.054
0.043
0.043
0.044
0.044
0.045
0.043
0.047
0.044
0.047
0.044
0.121
0.043
0.045
0.043
0.045
0.043
0.045
0.119
0.046
0.045
0.044
0.044
0.046
0.044
0.044
0.044
0.046
0.044
0.051
0.053
0.052
0.052
0.054
0.051
0.053
0.053
0.044
0.051
0.053
0.052
0.05
0.05
0.042
0.042
0.043
0.043
0.04
0.05
0.05
0.05
0.052
0.05
0.16
0.055
0.05
0.054
0.05
0.055
0.05
0.066
0.054
0.051
0.051
0.052
0.131
0.05
0.07
0.053
0.054
0.045
0.045
0.046
0.047
0.044
0.052
0.058
0.055
0.127
0.131
0.048
0.044
0.043
0.044
0.047
0.045
0.044
0.123
0.045
0.059
0.052
0.052
0.051
0.054
0.055
0.05
0.051
0.054
0.051
0.044
0.043
0.044
0.05
0.07
0.057
0.052
0.053
0.055
0.052
0.048
0.048
0.052
0.049
0.047
0.042
0.041
0.054
0.055
0.049
0.051
0.052
0.05
0.054
0.05
0.05
0.051
0.051
0.053
0.043
0.044
0.05
0.053
0.05
0.052
0.054
0.05
0.05
0.15
0.053
0.045
0.045
0.043
0.046
0.058
0.042
0.042
0.043
0.046
0.042
0.043
0.042
0.054
0.052
0.05
0.053
0.05
0.045
0.043
0.043
0.044
0.053
0.154
0.057
0.059
0.057
0.058
0.052
0.052
0.05
0.158
0.057
0.059
0.058
0.054
0.053
0.052
0.06
0.062
0.053
0.055
0.053
0.053
0.052
0.052
0.053
0.051
0.051
0.055
0.051
0.051
0.054
0.05
0.05
0.052
0.059
0.085
0.045
0.043
0.044
0.045
0.054
0.051
0.05
0.045
0.051
0.05
0.044
0.048
0.045
0.044
0.047
0.044
0.042
0.043
0.059
0.05
0.05
0.054
0.053
0.052
0.052
0.053
0.052
0.046
0.044
0.125
0.042
0.043
0.045
0.042
0.04
0.042
0.045
0.043
0.041
0.043
0.045
0.044
0.059
0.043
0.05
0.05
0.049
0.051
0.053
0.049
0.051
0.049
0.047
0.042
0.042
0.043
0.044
0.043
0.042
0.045
0.043
0.047
0.045
0.045
0.045
0.047
0.045
0.061
0.05
0.065
0.062
0.059
0.06
0.059
0.059
0.061
0.058
0.063
0.059
0.06
0.058
0.057
0.059
0.063
0.06
0.061
0.045
0.046
0.045
0.045
0.045
0.043
0.047
0.045
0.055
0.059
0.048
0.045
0.048
0.044
0.052
0.062
0.061
0.062
0.06
0.058
0.062
0.054
0.052
0.054
0.053
0.054
0.093
0.068
0.055
0.052
0.052
0.053
0.051
0.054
0.052
0.05
0.055
0.104
0.064
0.053
0.053
0.052
0.046
0.046
0.047
0.049
0.045
0.126
0.067
0.06
0.046
0.061
0.044
0.081
0.045
0.048
0.045
0.149
0.141
0.054
0.052
0.05
0.069
0.059
0.061
0.061
0.059
0.047
0.047
0.044
0.043
0.049
0.044
0.043
0.052
0.048
0.044
0.044
0.051
0.043
0.044
0.042
0.043
0.049
0.043
0.09
0.044
0.052
0.048
0.053
0.042
0.045
0.043
0.045
0.058
0.045
0.045
0.042
0.048
0.043
0.051
0.05
0.05
0.061
0.05
0.05
0.052
0.159
0.163
0.06
0.05
0.052
0.058
0.048
0.05
0.053
0.054
0.043
0.051
0.043
0.043
0.046
0.042
0.044
0.137
0.05
0.063
0.057
0.065
0.064
0.059
0.112
0.143
0.082
0.082
0.076
0.072
0.061
0.052
0.055
0.051
0.066
0.048
0.049
0.049
0.065
0.05
0.048
0.057
0.048
0.043
0.045
0.043
0.044
0.048
0.043
0.047
0.052
0.056
0.051
0.052
0.052
0.052
0.052
0.054
0.054
0.045
0.056
0.051
0.06
0.059
0.053
0.051
0.052
0.06
0.055
0.051
0.047
0.044
0.044
0.046
0.058
0.067
0.057
0.062
0.062
0.061
0.059
0.053
0.056
0.053
0.051
0.054
0.052
0.05
0.052
0.151
0.054
0.05
0.051
0.055
0.055
0.052
0.051
0.052
0.047
0.045
0.043
0.044
0.044
0.055
0.052
0.05
0.056
0.055
0.052
0.052
0.059
0.156
0.062
0.052
0.16
0.074
0.065
0.052
0.171
0.042
0.041
0.045
0.042
0.05
0.052
0.049
0.161
0.05
0.05
0.054
0.05
0.071
0.124
0.044
0.048
0.122
0.134
0.053
0.045
0.046
0.045
0.046
0.044
0.047
0.045
0.044
0.046
0.046
0.043
0.045
0.045
0.044
0.044
0.047
0.062
0.047
0.044
0.045
0.046
0.052
0.054
0.152
0.156
0.059
0.058
0.06
0.059
0.073
0.181
0.068
0.066
0.05
0.049
0.074
0.049
0.05
0.053
0.055
0.049
0.051
0.053
0.045
0.042
0.042
0.043
0.043
0.058
0.077
0.062
0.061
0.052
0.053
0.053
0.054
0.055
0.051
0.07
0.124
0.047
0.048
0.044
0.053
0.052
0.056
0.052
0.052
0.055
0.052
0.051
0.087
0.072
0.225
0.072
0.076
0.076
0.071
0.079
0.079
0.076
0.075
0.074
0.078
0.074
0.047
0.076
0.058
0.062
0.061
0.061
0.061
0.093
0.099
0.096
0.074
0.094
0.078
0.051
0.052
0.049
0.049
0.05
0.049
0.051
0.054
0.059
0.06
0.059
0.059
0.045
0.045
0.046
0.043
0.043
0.046
0.043
0.044
0.067
0.048
0.046
0.046
0.046
0.045
0.045
0.055
0.053
0.053
0.044
0.046
0.078
0.047
0.043
0.044
0.053
0.051
0.052
0.051
0.051
0.053
0.052
0.051
0.054
0.052
0.052
0.054
0.059
0.2
0.068
0.069
0.068
0.067
0.091
0.079
0.045
0.047
0.049
0.045
0.045
0.046
0.048
0.045
0.051
0.061
0.059
0.063
0.058
0.061
0.058
0.062
0.059
0.045
0.122
0.049
0.043
0.12
0.043
0.043
0.132
0.051
0.052
0.071
0.05
0.047
0.045
0.048
0.053
0.152
0.162
0.06
0.182
0.063
0.059
0.059
0.191
0.055
0.052
0.051
0.055
0.052
0.056
0.052
0.051
0.047
0.047
0.043
0.044
0.043
0.047
0.045
0.132
0.044
0.048
0.044
0.132
0.052
0.049
0.049
0.051
0.048
0.057
0.06
0.071
0.05
0.054
0.052
0.05
0.054
0.068
0.052
0.051
0.054
0.049
0.054
0.055
0.053
0.053
0.055
0.053
0.054
0.056
0.052
0.054
0.056
0.053
0.052
0.152
0.06
0.052
0.053
0.053
0.05
0.049
0.05
0.05
0.058
0.057
0.056
0.06
0.057
0.069
0.059
0.057
0.059
0.051
0.058
0.049
0.053
0.051
0.049
0.054
0.05
0.061
0.048
0.046
0.055
0.049
0.045
0.134
0.052
0.057
0.055
0.052
0.053
0.149
0.162
0.059
0.062
0.059
0.059
0.064
0.054
0.044
0.042
0.042
0.045
0.042
0.053
0.055
0.054
0.058
0.055
0.057
0.053
0.072
0.053
0.053
0.05
0.047
0.047
0.048
0.046
0.046
0.054
0.054
0.053
0.055
0.055
0.054
0.056
0.052
0.05
0.048
0.047
0.046
0.047
0.047
0.049
0.046
0.046
0.047
0.051
0.046
0.046
0.047
0.049
0.046
0.046
0.048
0.046
0.046
0.048
0.046
0.141
0.095
0.073
0.077
0.096
0.054
0.045
0.039
0.075
0.04
0.039
0.039
0.111
0.04
0.11
0.118
0.052
0.048
0.051
0.046
0.138
0.047
0.134
0.143
0.056
0.048
0.049
0.049
0.046
0.056
0.054
0.052
0.055
0.054
0.052
0.051
0.053
0.055
0.04
0.05
0.045
0.045
0.046
0.046
0.047
0.047
0.046
0.051
0.046
0.047
0.049
0.047
0.046
0.04
0.04
0.12
0.046
0.046
0.046
0.046
0.049
0.047
0.168
0.053
0.054
0.052
0.162
0.09
0.088
0.047
0.047
0.047
0.086
0.084
0.048
0.069
0.096
0.053
0.055
0.061
0.164
0.054
0.055
0.171
0.06
0.053
0.05
0.049
0.046
0.05
0.046
0.051
0.051
0.046
0.047
0.05
0.061
0.051
0.047
0.046
0.051
0.046
0.046
0.048
0.046
0.05
0.046
0.049
0.047
0.046
0.05
0.045
0.045
0.045
0.046
0.047
0.139
0.134
0.145
0.048
0.05
0.046
0.046
0.046
0.047
0.046
0.047
0.054
0.053
0.053
0.054
0.054
0.052
0.048
0.048
0.047
0.047
0.047
0.049
0.047
0.046
0.048
0.047
0.045
0.049
0.046
0.046
0.049
0.05
0.047
0.045
0.047
0.048
0.045
0.139
0.051
0.046
0.048
0.044
0.05
0.046
0.047
0.046
0.049
0.048
0.048
0.046
0.047
0.048
0.046
0.049
0.045
0.048
0.045
0.046
0.139
0.146
0.055
0.056
0.052
0.056
0.052
0.052
0.055
0.053
0.056
0.047
0.048
0.052
0.05
0.047
0.045
0.047
0.047
0.047
0.048
0.047
0.047
0.056
0.054
0.053
0.053
0.056
0.052
0.052
0.057
0.072
0.047
0.05
0.046
0.047
0.046
0.045
0.048
0.065
0.05
0.047
0.05
0.041
0.041
0.038
0.042
0.039
0.04
0.046
0.046
0.047
0.046
0.046
0.046
0.048
0.049
0.046
0.042
0.04
0.039
0.043
0.04
0.04
0.039
0.039
0.049
0.043
0.046
0.047
0.049
0.047
0.046
0.048
0.048
0.055
0.058
0.052
0.053
0.053
0.056
0.047
0.049
0.047
0.046
0.046
0.046
0.045
0.047
0.046
0.039
0.038
0.042
0.047
0.079
0.048
0.046
0.048
0.047
0.046
0.046
0.046
0.051
0.046
0.045
0.139
0.053
0.047
0.048
0.05
0.046
0.047
0.05
0.045
0.046
0.049
0.047
0.049
0.05
0.048
0.046
0.046
0.05
0.047
0.046
0.049
0.045
0.046
0.047
0.047
0.047
0.047
0.046
0.049
0.047
0.047
0.049
0.053
0.057
0.056
0.047
0.046
0.05
0.054
0.048
0.046
0.05
0.051
0.046
0.05
0.046
0.05
0.047
0.049
0.047
0.041
0.04
0.039
0.047
0.046
0.04
0.04
0.046
0.045
0.051
0.047
0.047
0.047
0.049
0.051
0.049
0.047
0.046
0.046
0.152
0.058
0.052
0.061
0.052
0.145
0.056
0.056
0.054
0.053
0.054
0.058
0.054
0.054
0.056
0.052
0.052
0.059
0.047
0.049
0.046
0.056
0.056
0.046
0.053
0.045
0.048
0.045
0.047
0.045
0.04
0.04
0.039
0.044
0.043
0.048
0.039
0.046
0.046
0.048
0.045
0.046
0.046
0.054
0.056
0.056
0.059
0.04
0.041
0.046
0.04
0.048
0.049
0.05
0.05
0.047
0.049
0.047
0.055
0.046
0.052
0.044
0.045
0.042
0.039
0.046
0.043
0.042
0.051
0.054
0.045
0.048
0.048
0.046
0.054
0.049
0.061
0.046
0.046
0.048
0.046
0.05
0.049
0.047
0.047
0.212
0.091
0.378
0.051
0.046
0.05
0.046
0.05
0.046
0.045
0.049
0.046
0.05
0.049
0.045
0.039
0.041
0.039
0.043
0.039
0.04
0.049
0.051
0.046
0.047
0.047
0.045
0.047
0.049
0.078
0.046
0.047
0.045
0.047
0.047
0.05
0.046
0.046
0.047
0.048
0.047
0.048
0.047
0.048
0.045
0.049
0.046
0.05
0.047
0.045
0.048
0.046
0.048
0.103
0.05
0.047
0.048
0.048
0.046
0.054
0.055
0.052
0.057
0.052
0.054
0.049
0.047
0.046
0.045
0.047
0.05
0.047
0.05
0.045
0.048
0.047
0.048
0.048
0.046
0.076
0.039
0.039
0.043
0.051
0.047
0.046
0.048
0.045
0.047
0.048
0.046
0.048
0.047
0.049
0.046
0.048
0.047
0.045
0.046
0.048
0.053
0.053
0.053
0.053
0.056
0.052
0.055
0.053
0.053
0.048
0.046
0.051
0.05
0.046
0.047
0.049
0.046
0.046
0.074
0.05
0.041
0.04
0.04
0.042
0.042
0.05
0.047
0.047
0.048
0.046
0.046
0.047
0.046
0.049
0.046
0.046
0.046
0.046
0.049
0.045
0.049
0.047
0.045
0.049
0.046
0.046
0.046
0.05
0.045
0.047
0.049
0.046
0.046
0.049
0.045
0.048
0.047
0.048
0.047
0.045
0.049
0.046
0.047
0.049
0.048
0.047
0.049
0.046
0.048
0.046
0.046
0.14
0.046
0.048
0.045
0.048
0.05
0.046
0.046
0.047
0.049
0.046
0.046
0.145
0.053
0.055
0.052
0.055
0.052
0.055
0.047
0.055
0.055
0.067
0.053
0.056
0.053
0.055
0.053
0.159
0.055
0.054
0.057
0.051
0.053
0.051
0.055
0.048
0.055
0.046
0.047
0.045
0.049
0.046
0.051
0.045
0.048
0.047
0.05
0.047
0.046
0.045
0.046
0.046
0.047
0.04
0.043
0.045
0.044
0.039
0.038
0.04
0.038
0.054
0.051
0.054
0.048
0.047
0.047
0.047
0.046
0.049
0.052
0.055
0.045
0.046
0.049
0.047
0.046
0.064
0.047
0.049
0.051
0.047
0.049
0.054
0.047
0.047
0.046
0.048
0.053
0.046
0.05
0.046
0.047
0.048
0.053
0.04
0.04
0.041
0.04
0.039
0.043
0.051
0.047
0.049
0.041
0.04
0.041
0.04
0.038
0.039
0.04
0.04
0.04
0.04
0.04
0.043
0.038
0.049
0.046
0.049
0.047
0.045
0.051
0.046
0.046
0.111
0.053
0.046
0.047
0.045
0.05
0.046
0.046
0.051
0.047
0.046
0.046
0.047
0.045
0.049
0.047
0.048
0.05
0.055
0.046
0.045
0.049
0.047
0.046
0.049
0.054
0.057
0.053
0.053
0.061
0.053
0.047
0.05
0.047
0.046
0.048
0.046
0.046
0.048
0.047
0.04
0.062
0.054
0.056
0.057
0.052
0.052
0.041
0.039
0.042
0.04
0.047
0.04
0.063
0.038
0.043
0.063
0.115
0.047
0.046
0.074
0.047
0.085
0.041
0.169
0.114
0.046
0.046
0.049
0.075
0.051
0.046
0.048
0.046
0.048
0.038
0.085
0.047
0.047
0.075
0.048
0.391
0.042
0.039
0.042
0.039
0.042
0.04
0.053
0.058
0.052
0.125
0.053
0.091
0.059
0.093
0.09
0.047
0.51
0.05
0.047
0.095
0.048
0.094
0.047
0.048
0.05
0.103
0.048
0.119
0.048
0.047
0.05
0.054
0.048
0.049
0.046
0.045
0.046
0.047
0.048
0.045
0.045
0.041
0.04
0.04
0.044
0.047
0.046
0.049
0.045
0.046
0.046
0.046
0.045
0.046
0.046
0.045
0.048
0.045
0.047
0.046
0.047
0.045
0.046
0.046
0.045
0.049
0.041
0.039
0.044
0.042
0.039
0.04
0.04
0.04
0.04
0.049
0.05
0.047
0.054
0.045
0.046
0.047
0.046
0.047
0.056
0.052
0.052
0.053
0.052
0.056
0.052
0.051
0.047
0.073
0.094
0.049
0.05
0.046
0.047
0.048
0.047
0.05
0.047
0.05
0.04
0.04
0.04
0.039
0.046
0.047
0.046
0.045
0.047
0.045
0.046
0.048
0.041
0.073
0.041
0.047
0.045
0.05
0.047
0.051
0.04
0.041
0.043
0.04
0.039
0.04
0.039
0.047
0.046
0.049
0.045
0.046
0.048
0.046
0.103
0.083
0.067
0.061
0.064
0.069
0.058
0.064
0.065
0.062
0.068
0.063
0.282
0.054
0.048
0.046
0.051
0.046
0.046
0.046
0.049
0.046
0.049
0.046
0.046
0.047
0.046
0.047
0.048
0.05
0.053
0.053
0.057
0.053
0.052
0.053
0.054
0.053
0.038
0.044
0.041
0.039
0.039
0.04
0.054
0.055
0.053
0.056
0.054
0.047
0.048
0.05
0.046
0.056
0.047
0.05
0.046
0.046
0.049
0.046
0.046
0.047
0.047
0.046
0.046
0.046
0.041
0.106
0.077
0.039
0.042
0.039
0.123
0.047
0.049
0.046
0.047
0.048
0.047
0.047
0.047
0.046
0.045
0.047
0.144
0.053
0.053
0.052
0.052
0.061
0.047
0.048
0.047
0.046
0.048
0.103
0.049
0.051
0.047
0.049
0.047
0.046
0.047
0.053
0.047
0.046
0.047
0.046
0.048
0.039
0.042
0.04
0.038
0.041
0.053
0.054
0.052
0.055
0.052
0.054
0.053
0.047
0.048
0.046
0.046
0.046
0.046
0.049
0.046
0.047
0.048
0.046
0.046
0.05
0.046
0.047
0.053
0.046
0.047
0.046
0.05
0.045
0.046
0.047
0.047
0.048
0.049
0.04
0.049
0.051
0.046
0.048
0.046
0.048
0.047
0.046
0.049
0.046
0.045
0.064
0.046
0.042
0.05
0.04
0.04
0.043
0.048
0.047
0.047
0.047
0.046
0.05
0.047
0.04
0.039
0.04
0.047
0.046
0.047
0.046
0.048
0.047
0.049
0.046
0.047
0.048
0.047
0.046
0.046
0.047
0.048
0.047
0.049
0.049
0.05
0.055
0.054
0.054
0.053
0.056
0.053
0.048
0.045
0.046
0.048
0.046
0.048
0.046
0.047
0.048
0.045
0.047
0.049
0.046
0.045
0.048
0.046
0.046
0.046
0.046
0.047
0.046
0.047
0.049
0.045
0.046
0.046
0.047
0.046
0.048
0.047
0.047
0.047
0.05
0.046
0.046
0.047
0.047
0.049
0.045
0.049
0.057
0.06
0.061
0.048
0.046
0.053
0.048
0.048
0.05
0.047
0.049
0.046
0.046
0.049
0.053
0.057
0.051
0.053
0.054
0.052
0.056
0.04
0.041
0.041
0.039
0.039
0.043
0.04
0.042
0.042
0.041
0.047
0.046
0.047
0.045
0.046
0.051
0.047
0.049
0.046
0.049
0.047
0.05
0.048
0.047
0.047
0.046
0.046
0.046
0.047
0.053
0.052
0.053
0.053
0.054
0.054
0.053
0.056
0.055
0.053
0.05
0.048
0.047
0.046
0.046
0.046
0.05
0.047
0.046
0.049
0.046
0.066
0.051
0.046
0.046
0.05
0.05
0.046
0.047
0.046
0.047
0.047
0.049
0.047
0.046
0.048
0.062
0.052
0.046
0.047
0.046
0.049
0.144
0.046
0.094
0.072
0.047
0.049
0.046
0.138
0.047
0.046
0.048
0.046
0.046
0.041
0.047
0.047
0.048
0.048
0.045
0.047
0.045
0.046
0.046
0.047
0.05
0.046
0.045
0.045
0.047
0.047
0.047
0.05
0.046
0.05
0.047
0.047
0.048
0.046
0.065
0.047
0.05
0.047
0.048
0.05
0.047
0.047
0.05
0.045
0.046
0.049
0.047
0.049
0.055
0.053
0.079
0.091
0.056
0.057
0.054
0.053
0.05
0.048
0.048
0.047
0.046
0.046
0.047
0.046
0.047
0.05
0.05
0.047
0.046
0.051
0.111
0.048
0.052
0.047
0.048
0.039
0.047
0.048
0.047
0.055
0.102
0.06
0.047
0.053
0.049
0.051
0.049
0.047
0.049
0.053
0.083
0.07
0.047
0.053
0.05
0.047
0.046
0.053
0.045
0.046
0.052
0.055
0.058
0.054
0.066
0.064
0.055
0.062
0.056
0.048
0.053
0.048
0.051
0.219
0.071
0.134
0.118
0.108
0.098
0.215
0.059
0.052
0.054
0.051
0.061
0.05
0.048
0.049
0.146
0.042
0.046
0.041
0.047
0.051
0.051
0.049
0.047
0.049
0.063
0.052
0.049
0.047
0.051
0.047
0.047
0.048
0.05
0.054
0.056
0.057
0.055
0.057
0.051
0.048
0.047
0.048
0.048
0.05
0.042
0.041
0.049
0.041
0.041
0.048
0.053
0.05
0.053
0.051
0.05
0.051
0.05
0.055
0.049
0.05
0.051
0.05
0.051
0.043
0.041
0.044
0.043
0.129
0.048
0.05
0.048
0.054
0.054
0.05
0.049
0.051
0.049
0.049
0.075
0.058
0.048
0.048
0.058
0.048
0.049
0.051
0.048
0.062
0.059
0.058
0.058
0.062
0.063
0.052
0.052
0.051
0.053
0.056
0.049
0.05
0.073
0.052
0.053
0.053
0.052
0.051
0.052
0.049
0.053
0.05
0.05
0.05
0.049
0.049
0.051
0.048
0.05
0.049
0.052
0.049
0.049
0.049
0.049
0.051
0.049
0.048
0.053
0.049
0.049
0.052
0.049
0.048
0.05
0.05
0.049
0.058
0.053
0.049
0.053
0.045
0.049
0.05
0.051
0.052
0.048
0.048
0.05
0.05
0.065
0.05
0.048
0.054
0.059
0.054
0.049
0.05
0.052
0.049
0.05
0.053
0.047
0.043
0.044
0.057
0.051
0.049
0.053
0.05
0.054
0.054
0.05
0.053
0.054
0.05
0.051
0.053
0.052
0.051
0.052
0.051
0.055
0.055
0.048
0.052
0.053
0.049
0.052
0.054
0.051
0.05
0.051
0.054
0.052
0.051
0.053
0.05
0.05
0.058
0.052
0.05
0.05
0.051
0.051
0.051
0.051
0.073
0.051
0.052
0.053
0.051
0.055
0.051
0.051
0.053
0.053
0.06
0.052
0.051
0.05
0.056
0.052
0.054
0.051
0.052
0.053
0.053
0.064
0.053
0.063
0.052
0.051
0.056
0.052
0.053
0.049
0.056
0.049
0.05
0.052
0.05
0.051
0.05
0.053
0.051
0.051
0.052
0.05
0.05
0.053
0.051
0.053
0.051
0.063
0.051
0.057
0.053
0.052
0.058
0.052
0.052
0.052
0.056
0.052
0.054
0.055
0.056
0.053
0.055
0.051
0.051
0.054
0.052
0.053
0.055
0.051
0.05
0.054
0.05
0.053
0.055
0.052
0.058
0.057
0.059
0.057
0.056
0.066
0.056
0.06
0.053
0.056
0.052
0.051
0.059
0.05
0.055
0.052
0.067
0.048
0.05
0.049
0.051
0.055
0.051
0.049
0.051
0.05
0.049
0.053
0.049
0.053
0.051
0.061
0.05
0.05
0.053
0.05
0.05
0.058
0.05
0.051
0.052
0.051
0.05
0.053
0.05
0.051
0.049
0.052
0.05
0.054
0.166
0.161
0.148
0.057
0.062
0.05
0.053
0.058
0.05
0.05
0.054
0.057
0.051
0.053
0.05
0.05
0.051
0.049
0.051
0.05
0.055
0.056
0.053
0.05
0.049
0.053
0.055
0.053
0.048
0.15
0.053
0.051
0.057
0.052
0.05
0.048
0.053
0.051
0.049
0.052
0.077
0.06
0.062
0.059
0.057
0.059
0.065
0.047
0.045
0.046
0.051
0.051
0.05
0.052
0.049
0.049
0.045
0.044
0.047
0.043
0.043
0.054
0.05
0.053
0.05
0.05
0.051
0.05
0.05
0.051
0.051
0.056
0.05
0.054
0.049
0.049
0.049
0.05
0.05
0.058
0.059
0.058
0.058
0.057
0.068
0.054
0.05
0.051
0.05
0.053
0.049
0.068
0.062
0.06
0.057
0.057
0.061
0.059
0.056
0.06
0.049
0.045
0.043
0.041
0.043
0.053
0.043
0.119
0.051
0.053
0.058
0.05
0.067
0.044
0.048
0.047
0.119
0.046
0.052
0.067
0.052
0.056
0.096
0.051
0.059
0.053
0.049
0.059
0.051
0.053
0.05
0.053
0.05
0.069
0.057
0.052
0.05
0.05
0.059
0.057
0.055
0.053
0.056
0.069
0.05
0.05
0.053
0.057
0.061
0.051
0.052
0.057
0.05
0.059
0.05
0.066
0.094
0.061
0.052
0.057
0.053
0.05
0.057
0.082
0.056
0.058
0.055
0.053
0.062
0.054
0.053
0.055
0.052
0.051
0.058
0.063
0.052
0.062
0.052
0.051
0.053
0.05
0.049
0.044
0.043
0.046
0.053
0.203
0.119
0.086
0.07
0.334
0.051
0.053
0.05
0.049
0.052
0.049
0.146
0.153
0.056
0.055
0.051
0.049
0.052
0.049
0.049
0.05
0.049
0.054
0.048
0.048
0.049
0.052
0.064
0.05
0.05
0.055
0.05
0.049
0.05
0.043
0.043
0.044
0.058
0.043
0.044
0.046
0.051
0.052
0.061
0.059
0.059
0.058
0.059
0.066
0.056
0.058
0.058
0.056
0.054
0.05
0.052
0.051
0.049
0.054
0.052
0.05
0.048
0.051
0.05
0.053
0.049
0.053
0.05
0.078
0.049
0.051
0.075
0.051
0.097
0.078
0.052
0.089
0.065
0.054
0.045
0.054
0.052
0.051
0.054
0.049
0.05
0.056
0.051
0.053
0.055
0.052
0.052
0.053
0.053
0.045
0.053
0.055
0.052
0.053
0.054
0.053
0.052
0.077
0.061
0.061
0.05
0.061
0.051
0.052
0.055
0.051
0.052
0.052
0.054
0.052
0.054
0.055
0.052
0.052
0.054
0.051
0.051
0.054
0.053
0.053
0.054
0.05
0.053
0.051
0.052
0.165
0.059
0.07
0.059
0.063
0.058
0.079
0.05
0.055
0.051
0.05
0.06
0.063
0.057
0.061
0.061
0.057
0.051
0.054
0.05
0.049
0.053
0.049
0.049
0.052
0.05
0.048
0.049
0.042
0.052
0.05
0.05
0.054
0.05
0.049
0.052
0.051
0.049
0.052
0.05
0.05
0.052
0.049
0.049
0.052
0.043
0.043
0.044
0.053
0.049
0.054
0.05
0.049
0.052
0.05
0.051
0.058
0.059
0.057
0.053
0.05
0.05
0.053
0.05
0.053
0.05
0.051
0.063
0.051
0.055
0.05
0.131
0.054
0.053
0.053
0.051
0.06
0.06
0.059
0.053
0.045
0.065
0.052
0.052
0.052
0.055
0.054
0.051
0.045
0.056
0.043
0.044
0.046
0.044
0.047
0.044
0.051
0.051
0.055
0.056
0.051
0.054
0.051
0.173
0.062
0.052
0.045
0.057
0.05
0.055
0.055
0.056
0.052
0.054
0.051
0.054
0.054
0.052
0.164
0.058
0.061
0.057
0.063
0.062
0.06
0.059
0.072
0.062
0.057
0.057
0.051
0.05
0.05
0.051
0.049
0.05
0.049
0.049
0.054
0.058
0.057
0.06
0.055
0.053
0.049
0.05
0.049
0.152
0.051
0.053
0.049
0.059
0.051
0.147
0.154
0.063
0.056
0.06
0.042
0.044
0.043
0.043
0.058
0.055
0.058
0.058
0.058
0.055
0.059
0.061
0.055
0.058
0.056
0.074
0.058
0.061
0.056
0.059
0.056
0.06
0.05
0.05
0.049
0.068
0.053
0.069
0.06
0.062
0.06
0.06
0.059
0.059
0.058
0.057
0.053
0.051
0.051
0.055
0.051
0.054
0.049
0.049
0.049
0.051
0.048
0.051
0.048
0.051
0.048
0.051
0.182
0.049
0.049
0.069
0.05
0.156
0.054
0.07
0.059
0.059
0.064
0.056
0.212
0.095
0.059
0.107
0.061
0.199
0.065
0.044
0.044
0.043
0.047
0.044
0.046
0.043
0.043
0.121
0.08
0.053
0.057
0.054
0.052
0.053
0.052
0.052
0.053
0.055
0.053
0.051
0.08
0.051
0.051
0.051
0.056
0.06
0.061
0.061
0.053
0.053
0.051
0.053
0.061
0.067
0.057
0.051
0.051
0.054
0.052
0.054
0.065
0.048
0.049
0.048
0.054
0.057
0.059
0.056
0.056
0.054
0.049
0.062
0.05
0.051
0.054
0.052
0.051
0.05
0.049
0.079
0.044
0.12
0.054
0.067
0.051
0.054
0.052
0.054
0.05
0.05
0.053
0.051
0.049
0.05
0.053
0.056
0.061
0.074
0.062
0.051
0.051
0.053
0.053
0.054
0.051
0.053
0.051
0.052
0.056
0.051
0.052
0.054
0.053
0.052
0.053
0.054
0.054
0.053
0.052
0.054
0.053
0.052
0.053
0.07
0.052
0.051
0.051
0.053
0.054
0.052
0.051
0.05
0.052
0.052
0.057
0.068
0.052
0.054
0.058
0.067
0.048
0.049
0.059
0.057
0.056
0.056
0.055
0.062
0.05
0.05
0.05
0.053
0.05
0.052
0.051
0.053
0.05
0.049
0.05
0.049
0.051
0.072
0.051
0.152
0.053
0.051
0.048
0.274
0.066
0.089
0.111
0.069
0.199
0.336
0.07
0.059
0.051
0.05
0.057
0.071
0.056
0.056
0.059
0.057
0.055
0.049
0.048
0.05
0.049
0.05
0.048
0.052
0.049
0.048
0.053
0.048
0.048
0.077
0.051
0.052
0.05
0.05
0.053
0.05
0.049
0.052
0.05
0.049
0.053
0.052
0.065
0.048
0.049
0.049
0.048
0.05
0.049
0.052
0.113
0.155
0.049
0.16
0.056
0.055
0.058
0.061
0.057
0.059
0.189
0.068
0.064
0.067
0.066
0.078
0.065
0.061
0.064
0.058
0.058
0.055
0.057
0.054
0.058
0.057
0.053
0.051
0.05
0.05
0.058
0.055
0.049
0.051
0.054
0.057
0.056
0.061
0.057
0.06
0.058
0.057
0.056
0.058
0.056
0.05
0.05
0.051
0.051
0.053
0.085
0.069
0.054
0.05
0.054
0.05
0.05
0.054
0.052
0.054
0.05
0.05
0.053
0.05
0.049
0.05
0.05
0.05
0.052
0.05
0.05
0.049
0.051
0.05
0.05
0.051
0.049
0.052
0.053
0.05
0.05
0.054
0.05
0.051
0.05
0.053
0.052
0.05
0.053
0.05
0.05
0.051
0.05
0.054
0.05
0.052
0.051
0.049
0.052
0.05
0.05
0.056
0.057
0.059
0.056
0.078
0.058
0.062
0.058
0.061
0.059
0.061
0.059
0.058
0.054
0.065
0.051
0.05
0.052
0.05
0.049
0.048
0.051
0.05
0.053
0.063
0.049
0.155
0.051
0.165
0.065
0.051
0.07
0.057
0.058
0.058
0.06
0.055
0.049
0.059
0.058
0.056
0.058
0.051
0.05
0.053
0.049
0.056
0.053
0.051
0.05
0.095
0.049
0.051
0.053
0.049
0.05
0.06
0.053
0.049
0.053
0.05
0.05
0.053
0.05
0.149
0.061
0.048
0.06
0.05
0.05
0.158
0.054
0.05
0.05
0.05
0.054
0.05
0.057
0.056
0.057
0.158
0.059
0.057
0.066
0.059
0.057
0.06
0.057
0.059
0.055
0.059
0.056
0.059
0.055
0.061
0.059
0.057
0.061
0.057
0.06
0.058
0.056
0.053
0.051
0.051
0.051
0.052
0.054
0.062
0.085
0.064
0.057
0.06
0.058
0.06
0.057
0.052
0.049
0.053
0.05
0.053
0.05
0.052
0.051
0.052
0.049
0.054
0.056
0.064
0.051
0.05
0.049
0.05
0.049
0.054
0.05
0.05
0.051
0.05
0.051
0.05
0.051
0.051
0.051
0.05
0.054
0.051
0.049
0.052
0.05
0.163
0.058
0.062
0.058
0.069
0.059
0.059
0.058
0.059
0.061
0.057
0.058
0.058
0.053
0.049
0.05
0.053
0.05
0.052
0.05
0.051
0.053
0.05
0.053
0.051
0.051
0.05
0.05
0.053
0.055
0.051
0.051
0.049
0.06
0.057
0.058
0.059
0.057
0.054
0.05
0.051
0.05
0.052
0.056
0.051
0.05
0.062
0.062
0.064
0.06
0.059
0.059
0.057
0.062
0.057
0.06
0.061
0.051
0.052
0.054
0.165
0.059
0.059
0.051
0.055
0.053
0.051
0.056
0.059
0.055
0.055
0.053
0.052
0.051
0.055
0.051
0.051
0.072
0.059
0.059
0.055
0.052
0.053
0.052
0.058
0.059
0.052
0.051
0.064
0.051
0.05
0.056
0.053
0.055
0.059
0.05
0.05
0.061
0.052
0.056
0.052
0.052
0.052
0.053
0.055
0.059
0.056
0.054
0.055
0.051
0.06
0.056
0.17
0.061
0.061
0.058
0.058
0.06
0.051
0.052
0.056
0.044
0.046
0.045
0.048
0.055
0.052
0.053
0.052
0.049
0.056
0.045
0.045
0.074
0.042
0.047
0.054
0.051
0.064
0.058
0.061
0.057
0.072
0.059
0.056
0.058
0.058
0.058
0.053
0.051
0.049
0.056
0.057
0.059
0.057
0.06
0.049
0.055
0.058
0.061
0.051
0.058
0.059
0.05
0.05
0.075
0.06
0.057
0.068
0.057
0.057
0.059
0.057
0.057
0.052
0.055
0.052
0.059
0.05
0.058
0.051
0.05
0.049
0.05
0.048
0.054
0.05
0.051
0.053
0.05
0.06
0.048
0.051
0.052
0.051
0.05
0.055
0.057
0.05
0.053
0.056
0.052
0.077
0.068
0.065
0.068
0.545
0.056
0.052
0.056
0.058
0.059
0.056
0.06
0.054
0.054
0.05
0.045
0.051
0.046
0.047
0.047
0.045
0.046
0.052
0.046
0.047
0.048
0.046
0.047
0.046
0.047
0.047
0.048
0.047
0.046
0.047
0.049
0.047
0.045
0.048
0.05
0.046
0.047
0.05
0.046
0.056
0.055
0.056
0.055
0.053
0.053
0.054
0.053
0.048
0.048
0.046
0.076
0.052
0.047
0.046
0.047
0.05
0.046
0.052
0.048
0.046
0.049
0.047
0.07
0.052
0.048
0.047
0.051
0.046
0.047
0.05
0.046
0.05
0.046
0.046
0.066
0.048
0.055
0.047
0.053
0.053
0.057
0.059
0.06
0.048
0.056
0.056
0.053
0.054
0.053
0.056
0.053
0.054
0.041
0.041
0.043
0.042
0.04
0.041
0.056
0.054
0.056
0.057
0.057
0.057
0.049
0.046
0.047
0.048
0.049
0.053
0.054
0.05
0.053
0.049
0.049
0.049
0.049
0.049
0.053
0.048
0.05
0.05
0.048
0.049
0.05
0.049
0.052
0.049
0.048
0.052
0.048
0.052
0.05
0.051
0.057
0.054
0.057
0.055
0.068
0.055
0.042
0.051
0.049
0.049
0.046
0.048
0.048
0.045
0.042
0.04
0.056
0.059
0.056
0.05
0.05
0.053
0.049
0.049
0.053
0.051
0.05
0.06
0.056
0.057
0.077
0.058
0.06
0.057
0.065
0.051
0.048
0.047
0.054
0.056
0.055
0.049
0.052
0.05
0.048
0.051
0.048
0.042
0.046
0.042
0.043
0.044
0.049
0.047
0.049
0.046
0.048
0.05
0.046
0.049
0.049
0.047
0.047
0.05
0.046
0.057
0.059
0.053
0.058
0.054
0.055
0.057
0.054
0.047
0.053
0.047
0.047
0.049
0.048
0.047
0.051
0.047
0.048
0.051
0.049
0.05
0.048
0.063
0.051
0.05
0.049
0.051
0.05
0.051
0.051
0.053
0.049
0.049
0.099
0.051
0.071
0.05
0.051
0.048
0.049
0.048
0.048
0.049
0.047
0.053
0.05
0.049
0.046
0.047
0.049
0.047
0.048
0.056
0.123
0.049
0.048
0.046
0.05
0.045
0.046
0.046
0.047
0.054
0.057
0.052
0.052
0.053
0.047
0.067
0.049
0.057
0.056
0.053
0.056
0.053
0.047
0.047
0.046
0.144
0.045
0.047
0.046
0.046
0.051
0.056
0.052
0.056
0.053
0.053
0.055
0.052
0.049
0.065
0.048
0.046
0.046
0.045
0.045
0.046
0.041
0.04
0.041
0.039
0.041
0.039
0.041
0.047
0.05
0.047
0.047
0.047
0.046
0.047
0.05
0.046
0.04
0.04
0.04
0.04
0.041
0.057
0.057
0.056
0.053
0.054
0.056
0.053
0.053
0.055
0.046
0.047
0.046
0.046
0.048
0.047
0.046
0.049
0.046
0.041
0.052
0.058
0.053
0.052
0.056
0.05
0.045
0.048
0.049
0.046
0.05
0.049
0.052
0.054
0.054
0.047
0.049
0.046
0.048
0.045
0.048
0.048
0.049
0.047
0.046
0.047
0.046
0.045
0.047
0.049
0.046
0.046
0.048
0.065
0.05
0.05
0.046
0.046
0.047
0.047
0.061
0.047
0.045
0.05
0.048
0.047
0.047
0.047
0.046
0.047
0.048
0.048
0.046
0.046
0.048
0.047
0.05
0.045
0.049
0.047
0.052
0.048
0.049
0.047
0.048
0.047
0.046
0.109
0.045
0.049
0.046
0.039
0.041
0.04
0.042
0.039
0.053
0.057
0.053
0.048
0.047
0.047
0.047
0.046
0.049
0.046
0.049
0.054
0.056
0.053
0.055
0.054
0.054
0.054
0.055
0.053
0.049
0.046
0.045
0.049
0.045
0.047
0.049
0.447
0.081
0.068
0.066
0.064
0.064
0.061
0.095
0.109
0.053
0.047
0.047
0.047
0.047
0.053
0.049
0.051
0.046
0.048
0.046
0.046
0.049
0.056
0.047
0.047
0.048
0.047
0.05
0.046
0.047
0.047
0.047
0.047
0.049
0.05
0.092
0.046
0.05
0.06
0.048
0.047
0.046
0.05
0.048
0.051
0.047
0.049
0.066
0.049
0.048
0.048
0.047
0.047
0.049
0.047
0.047
0.055
0.045
0.041
0.041
0.044
0.049
0.048
0.047
0.05
0.048
0.046
0.049
0.052
0.049
0.056
0.05
0.05
0.052
0.049
0.051
0.05
0.05
0.049
0.051
0.05
0.047
0.056
0.048
0.046
0.05
0.046
0.047
0.048
0.048
0.05
0.048
0.047
0.051
0.048
0.046
0.049
0.048
0.065
0.067
0.045
0.045
0.044
0.059
0.073
0.06
0.058
0.06
0.058
0.056
0.061
0.056
0.049
0.053
0.057
0.051
0.057
0.051
0.057
0.06
0.056
0.05
0.051
0.048
0.054
0.05
0.05
0.051
0.049
0.051
0.048
0.052
0.051
0.048
0.049
0.049
0.049
0.049
0.049
0.047
0.083
0.053
0.064
0.051
0.054
0.051
0.05
0.05
0.052
0.054
0.051
0.051
0.055
0.053
0.072
0.055
0.051
0.054
0.049
0.05
0.064
0.052
0.049
0.053
0.048
0.049
0.048
0.051
0.05
0.049
0.048
0.05
0.049
0.05
0.05
0.05
0.072
0.056
0.063
0.056
0.057
0.062
0.058
0.057
0.057
0.06
0.07
0.054
0.059
0.055
0.057
0.055
0.057
0.055
0.06
0.064
0.058
0.054
0.058
0.061
0.057
0.058
0.064
0.052
0.066
0.05
0.051
0.051
0.05
0.053
0.05
0.05
0.052
0.056
0.048
0.054
0.053
0.051
0.05
0.05
0.053
0.051
0.051
0.051
0.049
0.051
0.051
0.05
0.053
0.05
0.05
0.051
0.049
0.048
0.049
0.055
0.088
0.044
0.042
0.043
0.042
0.051
0.057
0.054
0.051
0.049
0.063
0.048
0.169
0.058
0.061
0.05
0.054
0.05
0.052
0.05
0.05
0.054
0.051
0.05
0.057
0.051
0.05
0.053
0.05
0.049
0.05
0.05
0.052
0.05
0.049
0.053
0.057
0.065
0.043
0.045
0.051
0.054
0.051
0.052
0.053
0.05
0.057
0.053
0.049
0.055
0.05
0.055
0.05
0.05
0.049
0.052
0.051
0.053
0.051
0.051
0.055
0.05
0.053
0.054
0.051
0.051
0.051
0.049
0.049
0.053
0.05
0.053
0.104
0.044
0.044
0.044
0.043
0.042
0.043
0.046
0.052
0.05
0.059
0.061
0.056
0.059
0.058
0.058
0.061
0.061
0.058
0.058
0.193
0.059
0.057
0.057
0.057
0.057
0.06
0.057
0.051
0.053
0.051
0.051
0.06
0.052
0.057
0.059
0.057
0.057
0.057
0.057
0.066
0.058
0.05
0.054
0.05
0.051
0.051
0.053
0.05
0.05
0.05
0.05
0.068
0.055
0.05
0.051
0.05
0.049
0.054
0.05
0.167
0.051
0.049
0.052
0.05
0.051
0.053
0.051
0.159
0.052
0.054
0.149
0.145
0.06
0.051
0.045
0.041
0.046
0.053
0.05
0.052
0.051
0.06
0.057
0.057
0.059
0.066
0.058
0.06
0.056
0.05
0.054
0.061
0.067
0.071
0.058
0.06
0.06
0.057
0.065
0.05
0.06
0.053
0.056
0.05
0.056
0.052
0.052
0.058
0.069
0.062
0.061
0.056
0.061
0.057
0.058
0.055
0.057
0.076
0.057
0.052
0.052
0.053
0.065
0.053
0.05
0.05
0.052
0.049
0.051
0.053
0.049
0.049
0.07
0.05
0.056
0.05
0.057
0.054
0.05
0.051
0.051
0.05
0.054
0.049
0.052
0.059
0.051
0.05
0.051
0.05
0.05
0.05
0.058
0.059
0.06
0.062
0.056
0.059
0.05
0.049
0.053
0.05
0.05
0.149
0.053
0.05
0.05
0.053
0.05
0.051
0.068
0.053
0.092
0.061
0.057
0.057
0.056
0.061
0.104
0.057
0.057
0.061
0.056
0.059
0.058
0.057
0.058
0.069
0.061
0.058
0.061
0.058
0.059
0.058
0.071
0.061
0.064
0.06
0.076
0.059
0.057
0.061
0.057
0.056
0.071
0.059
0.055
0.057
0.055
0.049
0.044
0.042
0.043
0.047
0.043
0.056
0.053
0.052
0.053
0.052
0.05
0.051
0.054
0.05
0.055
0.06
0.056
0.052
0.052
0.058
0.056
0.055
0.056
0.059
0.059
0.057
0.05
0.233
0.278
0.21
0.133
0.103
0.264
0.057
0.053
0.048
0.045
0.041
0.045
0.138
0.046
0.047
0.137
0.048
0.046
0.048
0.048
0.053
0.057
0.053
0.052
0.055
0.051
0.055
0.056
0.055
0.059
0.047
0.048
0.045
0.055
0.054
0.056
0.053
0.052
0.053
0.052
0.053
0.056
0.052
0.049
0.054
0.057
0.055
0.053
0.051
0.167
0.174
0.059
0.059
0.055
0.054
0.052
0.049
0.047
0.048
0.046
0.047
0.046
0.047
0.05
0.047
0.046
0.049
0.047
0.047
0.046
0.047
0.05
0.051
0.048
0.046
0.048
0.049
0.046
0.049
0.046
0.046
0.048
0.053
0.048
0.052
0.048
0.047
0.073
0.046
0.047
0.046
0.046
0.056
0.054
0.055
0.051
0.041
0.04
0.039
0.047
0.042
0.039
0.041
0.048
0.049
0.047
0.054
0.057
0.054
0.055
0.054
0.052
0.053
0.046
0.047
0.057
0.06
0.056
0.047
0.049
0.047
0.047
0.05
0.046
0.046
0.043
0.04
0.04
0.047
0.047
0.047
0.047
0.046
0.051
0.045
0.042
0.047
0.046
0.049
0.048
0.067
0.053
0.046
0.047
0.046
0.065
0.048
0.046
0.053
0.055
0.054
0.055
0.054
0.047
0.047
0.047
0.053
0.054
0.053
0.056
0.052
0.052
0.055
0.046
0.049
0.047
0.051
0.051
0.053
0.053
0.056
0.051
0.053
0.055
0.043
0.041
0.04
0.093
0.048
0.046
0.05
0.046
0.049
0.048
0.052
0.047
0.047
0.047
0.047
0.045
0.049
0.045
0.046
0.049
0.046
0.046
0.049
0.047
0.053
0.055
0.051
0.055
0.047
0.047
0.046
0.047
0.05
0.046
0.047
0.046
0.046
0.049
0.045
0.045
0.047
0.049
0.047
0.047
0.047
0.047
0.057
0.052
0.055
0.053
0.052
0.056
0.052
0.053
0.053
0.054
0.055
0.052
0.053
0.056
0.053
0.098
0.058
0.046
0.046
0.047
0.045
0.052
0.046
0.046
0.059
0.052
0.048
0.05
0.046
0.046
0.047
0.048
0.046
0.064
0.051
0.047
0.047
0.049
0.045
0.053
0.046
0.046
0.05
0.047
0.049
0.047
0.047
0.049
0.046
0.045
0.047
0.049
0.048
0.047
0.046
0.048
0.047
0.049
0.047
0.045
0.05
0.064
0.047
0.05
0.049
0.065
0.052
0.046
0.046
0.048
0.047
0.151
0.055
0.052
0.053
0.054
0.054
0.058
0.054
0.046
0.047
0.046
0.047
0.067
0.046
0.048
0.046
0.04
0.053
0.054
0.054
0.053
0.055
0.051
0.073
0.047
0.047
0.048
0.047
0.052
0.051
0.052
0.046
0.044
0.05
0.047
0.047
0.049
0.047
0.053
0.062
0.05
0.064
0.048
0.051
0.046
0.046
0.048
0.046
0.047
0.049
0.047
0.062
0.048
0.046
0.14
0.056
0.056
0.041
0.054
0.046
0.066
0.05
0.046
0.048
0.047
0.045
0.049
0.047
0.048
0.047
0.052
0.046
0.068
0.045
0.047
0.046
0.045
0.048
0.046
0.047
0.053
0.053
0.049
0.048
0.051
0.05
0.048
0.053
0.064
0.049
0.048
0.049
0.047
0.048
0.046
0.057
0.054
0.056
0.056
0.055
0.05
0.05
0.048
0.049
0.049
0.052
0.05
0.043
0.048
0.045
0.045
0.041
0.045
0.041
0.056
0.058
0.057
0.06
0.055
0.056
0.054
0.055
0.041
0.044
0.041
0.055
0.049
0.058
0.051
0.049
0.049
0.05
0.068
0.067
0.051
0.047
0.044
0.05
0.07
0.05
0.051
0.057
0.052
0.051
0.05
0.063
0.047
0.056
0.049
0.05
0.052
0.049
0.052
0.049
0.052
0.049
0.048
0.05
0.05
0.05
0.05
0.049
0.049
0.048
0.071
0.067
0.05
0.05
0.053
0.063
0.05
0.052
0.056
0.05
0.061
0.057
0.06
0.043
0.051
0.052
0.051
0.051
0.073
0.053
0.05
0.053
0.051
0.05
0.051
0.049
0.052
0.05
0.091
0.059
0.061
0.05
0.045
0.056
0.045
0.043
0.087
0.054
0.05
0.045
0.041
0.042
0.042
0.041
0.041
0.041
0.052
0.051
0.051
0.053
0.061
0.058
0.058
0.059
0.058
0.057
0.057
0.073
0.081
0.065
0.071
0.068
0.069
0.071
0.067
0.075
0.292
0.061
0.057
0.055
0.058
0.056
0.056
0.058
0.054
0.063
0.047
0.051
0.067
0.048
0.049
0.047
0.048
0.047
0.046
0.059
0.048
0.046
0.048
0.045
0.046
0.046
0.045
0.044
0.05
0.049
0.045
0.045
0.045
0.048
0.045
0.048
0.046
0.053
0.046
0.046
0.082
0.129
0.049
0.047
0.046
0.049
0.051
0.046
0.044
0.048
0.045
0.047
0.045
0.046
0.05
0.045
0.046
0.045
0.049
0.045
0.046
0.047
0.045
0.045
0.046
0.048
0.045
0.046
0.048
0.045
0.055
0.055
0.052
0.052
0.055
0.05
0.054
0.046
0.046
0.044
0.044
0.045
0.048
0.045
0.046
0.048
0.052
0.053
0.054
0.051
0.054
0.053
0.051
0.053
0.046
0.046
0.045
0.045
0.046
0.046
0.044
0.046
0.045
0.045
0.045
0.045
0.045
0.047
0.068
0.045
0.048
0.044
0.045
0.046
0.048
0.052
0.047
0.045
0.045
0.046
0.046
0.045
0.118
0.046
0.045
0.102
0.061
0.045
0.045
0.146
0.05
0.04
0.041
0.039
0.085
0.07
0.062
0.044
0.047
0.045
0.052
0.054
0.05
0.051
0.053
0.079
0.069
0.05
0.054
0.039
0.039
0.06
0.04
0.04
0.042
0.038
0.045
0.046
0.044
0.046
0.045
0.044
0.044
0.132
0.046
0.046
0.045
0.048
0.045
0.045
0.048
0.044
0.045
0.047
0.049
0.046
0.047
0.044
0.049
0.046
0.047
0.045
0.045
0.044
0.047
0.052
0.045
0.062
0.046
0.047
0.045
0.045
0.046
0.045
0.047
0.048
0.044
0.049
0.046
0.046
0.045
0.046
0.04
0.038
0.038
0.039
0.038
0.046
0.046
0.045
0.048
0.046
0.046
0.047
0.049
0.045
0.047
0.044
0.046
0.046
0.046
0.045
0.044
0.047
0.046
0.045
0.053
0.055
0.051
0.051
0.051
0.052
0.054
0.045
0.045
0.047
0.045
0.045
0.056
0.051
0.052
0.052
0.051
0.052
0.056
0.051
0.056
0.051
0.051
0.107
0.047
0.046
0.045
0.045
0.045
0.044
0.046
0.045
0.048
0.045
0.045
0.045
0.048
0.045
0.046
0.045
0.046
0.048
0.047
0.048
0.045
0.048
0.045
0.045
0.048
0.071
0.271
0.091
0.092
0.092
0.086
0.201
0.05
0.046
0.048
0.046
0.046
0.056
0.052
0.053
0.052
0.053
0.052
0.055
0.041
0.04
0.039
0.039
0.126
0.042
0.039
0.039
0.049
0.047
0.046
0.068
0.047
0.048
0.046
0.045
0.043
0.04
0.039
0.118
0.047
0.045
0.045
0.045
0.045
0.046
0.045
0.044
0.145
0.047
0.045
0.048
0.046
0.046
0.054
0.052
0.052
0.051
0.093
0.053
0.051
0.047
0.045
0.046
0.045
0.045
0.046
0.048
0.046
0.048
0.046
0.044
0.048
0.045
0.052
0.053
0.051
0.053
0.051
0.052
0.054
0.053
0.046
0.046
0.049
0.046
0.044
0.048
0.045
0.048
0.048
0.046
0.046
0.045
0.045
0.046
0.046
0.045
0.045
0.046
0.045
0.055
0.045
0.051
0.052
0.053
0.051
0.051
0.054
0.052
0.047
0.046
0.045
0.045
0.044
0.046
0.046
0.046
0.048
0.046
0.049
0.045
0.052
0.045
0.047
0.045
0.045
0.045
0.046
0.048
0.05
0.061
0.043
0.047
0.045
0.044
0.046
0.111
0.103
0.044
0.047
0.045
0.049
0.048
0.046
0.046
0.045
0.045
0.048
0.044
0.047
0.045
0.054
0.054
0.053
0.059
0.052
0.049
0.047
0.052
0.046
0.052
0.051
0.051
0.049
0.047
0.056
0.045
0.055
0.056
0.052
0.056
0.057
0.052
0.053
0.058
0.048
0.05
0.047
0.048
0.047
0.046
0.045
0.064
0.052
0.048
0.051
0.051
0.053
0.052
0.053
0.052
0.063
0.052
0.046
0.046
0.047
0.047
0.049
0.05
0.048
0.047
0.053
0.158
0.057
0.055
0.057
0.053
0.054
0.05
0.053
0.048
0.056
0.048
0.042
0.049
0.047
0.051
0.051
0.048
0.051
0.05
0.045
0.056
0.054
0.056
0.056
0.055
0.055
0.058
0.053
0.052
0.051
0.049
0.05
0.081
0.054
0.05
0.055
0.053
0.05
0.162
0.06
0.051
0.049
0.052
0.054
0.059
0.052
0.048
0.052
0.054
0.052
0.048
0.102
0.104
0.067
0.06
0.062
0.27
0.05
0.048
0.051
0.049
0.04
0.061
0.04
0.04
0.06
0.052
0.055
0.054
0.055
0.056
0.048
0.048
0.047
0.046
0.066
0.05
0.05
0.048
0.144
0.06
0.053
0.05
0.054
0.051
0.049
0.05
0.057
0.058
0.06
0.055
0.099
0.059
0.05
0.05
0.051
0.062
0.049
0.05
0.05
0.054
0.047
0.159
0.057
0.173
0.057
0.18
0.063
0.049
0.077
0.053
0.048
0.066
0.043
0.041
0.041
0.042
0.041
0.043
0.043
0.044
0.123
0.051
0.047
0.051
0.152
0.059
0.057
0.054
0.053
0.055
0.049
0.049
0.053
0.05
0.057
0.057
0.057
0.057
0.059
0.056
0.055
0.057
0.061
0.058
0.057
0.059
0.056
0.057
0.058
0.056
0.058
0.06
0.057
0.05
0.067
0.052
0.05
0.057
0.059
0.058
0.059
0.056
0.055
0.053
0.051
0.05
0.052
0.058
0.054
0.054
0.057
0.049
0.057
0.056
0.06
0.057
0.06
0.056
0.049
0.052
0.178
0.052
0.051
0.05
0.051
0.049
0.051
0.049
0.053
0.048
0.051
0.051
0.05
0.05
0.052
0.05
0.05
0.052
0.051
0.155
0.05
0.053
0.176
0.058
0.06
0.055
0.057
0.061
0.072
0.079
0.051
0.049
0.05
0.05
0.049
0.051
0.053
0.16
0.058
0.051
0.052
0.05
0.05
0.052
0.051
0.05
0.05
0.053
0.049
0.055
0.066
0.05
0.054
0.052
0.059
0.059
0.061
0.06
0.061
0.086
0.062
0.057
0.058
0.058
0.059
0.058
0.058
0.054
0.048
0.053
0.05
0.053
0.049
0.05
0.057
0.051
0.05
0.05
0.051
0.05
0.054
0.049
0.051
0.052
0.054
0.05
0.053
0.052
0.052
0.051
0.064
0.049
0.053
0.05
0.049
0.049
0.049
0.049
0.051
0.05
0.053
0.049
0.054
0.049
0.149
0.058
0.073
0.063
0.061
0.051
0.049
0.053
0.049
0.043
0.043
0.043
0.044
0.045
0.042
0.045
0.044
0.06
0.093
0.06
0.057
0.059
0.059
0.059
0.056
0.061
0.055
0.059
0.058
0.056
0.059
0.056
0.056
0.052
0.05
0.05
0.056
0.059
0.055
0.06
0.055
0.056
0.057
0.061
0.057
0.052
0.05
0.05
0.064
0.044
0.047
0.043
0.052
0.051
0.049
0.051
0.176
0.061
0.059
0.057
0.05
0.053
0.049
0.049
0.054
0.049
0.055
0.05
0.056
0.051
0.052
0.052
0.065
0.05
0.159
0.058
0.178
0.057
0.054
0.063
0.048
0.049
0.057
0.052
0.047
0.048
0.053
0.046
0.05
0.052
0.048
0.052
0.048
0.05
0.05
0.053
0.051
0.049
0.05
0.071
0.065
0.05
0.048
0.054
0.057
0.057
0.06
0.061
0.051
0.156
0.049
0.05
0.05
0.049
0.05
0.052
0.049
0.05
0.061
0.057
0.057
0.059
0.054
0.05
0.06
0.06
0.058
0.059
0.056
0.058
0.058
0.06
0.051
0.053
0.053
0.05
0.05
0.051
0.053
0.05
0.05
0.159
0.058
0.057
0.058
0.058
0.059
0.056
0.062
0.056
0.06
0.056
0.06
0.049
0.051
0.052
0.164
0.058
0.058
0.058
0.058
0.06
0.051
0.056
0.05
0.052
0.049
0.049
0.049
0.051
0.051
0.049
0.05
0.058
0.056
0.059
0.058
0.055
0.053
0.056
0.044
0.042
0.06
0.063
0.059
0.057
0.06
0.057
0.06
0.104
0.084
0.05
0.048
0.057
0.055
0.06
0.055
0.053
0.053
0.058
0.057
0.058
0.059
0.043
0.045
0.043
0.043
0.044
0.045
0.043
0.061
0.058
0.063
0.069
0.056
0.056
0.057
0.062
0.059
0.061
0.057
0.065
0.057
0.058
0.061
0.058
0.061
0.056
0.068
0.051
0.052
0.049
0.052
0.051
0.052
0.05
0.049
0.049
0.049
0.056
0.05
0.044
0.043
0.043
0.045
0.063
0.057
0.056
0.044
0.045
0.044
0.044
0.042
0.05
0.053
0.051
0.053
0.05
0.051
0.052
0.059
0.051
0.049
0.054
0.049
0.05
0.05
0.058
0.06
0.205
0.096
0.079
0.075
0.075
0.078
0.091
0.069
0.074
0.069
0.074
0.329
0.069
0.058
0.054
0.055
0.051
0.052
0.052
0.054
0.052
0.047
0.045
0.047
0.046
0.051
0.054
0.052
0.053
0.053
0.05
0.054
0.053
0.056
0.053
0.054
0.058
0.054
0.056
0.054
0.047
0.047
0.05
0.047
0.049
0.048
0.05
0.047
0.057
0.054
0.054
0.058
0.057
0.055
0.052
0.05
0.05
0.069
0.051
0.049
0.048
0.047
0.057
0.056
0.056
0.079
0.059
0.054
0.054
0.06
0.049
0.049
0.051
0.05
0.052
0.048
0.048
0.048
0.055
0.059
0.06
0.058
0.095
0.061
0.057
0.061
0.06
0.058
0.071
0.055
0.056
0.059
0.055
0.055
0.055
0.059
0.115
0.098
0.043
0.041
0.041
0.043
0.057
0.058
0.058
0.055
0.056
0.055
0.056
0.055
0.052
0.049
0.053
0.048
0.047
0.05
0.049
0.047
0.057
0.058
0.058
0.057
0.059
0.057
0.053
0.05
0.051
0.053
0.058
0.06
0.056
0.06
0.057
0.056
0.058
0.052
0.05
0.046
0.052
0.049
0.047
0.054
0.048
0.048
0.05
0.048
0.048
0.05
0.07
0.049
0.061
0.055
0.058
0.057
0.057
0.051
0.051
0.051
0.055
0.048
0.051
0.054
0.051
0.053
0.051
0.049
0.052
0.05
0.053
0.049
0.049
0.052
0.048
0.042
0.043
0.042
0.051
0.049
0.049
0.049
0.052
0.049
0.057
0.057
0.055
0.056
0.059
0.056
0.055
0.05
0.05
0.048
0.074
0.056
0.051
0.049
0.054
0.049
0.07
0.051
0.052
0.054
0.05
0.05
0.049
0.053
0.049
0.05
0.051
0.053
0.05
0.049
0.051
0.054
0.05
0.049
0.05
0.05
0.05
0.049
0.05
0.05
0.047
0.042
0.043
0.042
0.043
0.042
0.043
0.051
0.053
0.05
0.05
0.051
0.053
0.05
0.061
0.056
0.06
0.058
0.059
0.058
0.062
0.055
0.05
0.157
0.051
0.052
0.05
0.065
0.052
0.05
0.05
0.078
0.052
0.053
0.05
0.051
0.051
0.052
0.05
0.051
0.054
0.051
0.053
0.048
0.049
0.053
0.049
0.084
0.049
0.049
0.048
0.048
0.048
0.049
0.05
0.049
0.05
0.049
0.051
0.048
0.049
0.049
0.05
0.069
0.05
0.053
0.049
0.048
0.052
0.059
0.058
0.055
0.061
0.056
0.055
0.056
0.055
0.058
0.074
0.06
0.055
0.058
0.088
0.06
0.055
0.052
0.055
0.052
0.051
0.054
0.052
0.051
0.06
0.056
0.056
0.06
0.056
0.058
0.059
0.058
0.059
0.051
0.055
0.051
0.052
0.054
0.049
0.05
0.05
0.049
