0.186
0.166
0.157
0.152
0.151
0.15
0.152
0.158
0.149
0.154
0.149
0.151
0.153
0.151
0.155
0.153
0.165
0.154
0.152
0.153
0.156
0.177
0.153
0.15
0.154
0.153
0.199
0.154
0.267
0.153
0.154
0.151
0.155
0.149
0.151
0.159
0.15
0.149
0.151
0.194
0.347
0.237
0.236
0.153
0.153
0.15
0.15
0.17
0.147
0.151
0.149
0.148
0.147
0.15
0.15
0.148
0.241
0.193
0.146
0.277
0.195
0.195
0.191
0.194
0.19
0.193
0.192
0.882
0.321
0.402
0.261
0.208
0.196
0.35
0.238
0.234
0.153
0.15
0.151
0.156
0.252
0.355
0.147
0.149
0.15
0.169
0.151
0.24
0.237
0.234
0.232
0.233
0.233
0.458
0.148
0.151
0.16
0.241
0.192
0.193
0.25
0.35
0.236
0.155
0.15
0.244
0.199
0.167
0.154
0.193
0.347
0.152
0.154
0.243
0.192
0.194
0.189
0.423
0.354
0.168
0.154
0.149
0.15
0.169
0.151
0.168
0.162
0.379
0.151
0.152
0.152
0.15
0.242
0.149
0.247
0.174
0.259
0.193
0.153
0.194
0.344
0.148
0.191
0.151
0.192
0.192
0.148
0.19
0.273
0.195
0.192
0.192
0.19
0.709
0.196
0.146
0.277
0.252
0.192
0.206
0.192
0.191
0.36
0.191
0.343
0.193
0.344
0.234
0.192
0.232
0.235
0.252
0.193
0.451
0.234
0.15
0.152
0.278
0.806
0.365
0.282
0.147
0.259
0.239
0.233
0.372
0.234
0.232
0.315
0.148
0.197
0.468
0.151
0.674
0.64
0.236
0.259
0.306
0.237
0.234
0.17
0.197
0.233
0.193
0.255
0.192
0.238
0.48
0.155
0.236
0.148
0.237
0.282
0.155
0.472
0.347
0.176
0.156
0.426
0.415
0.468
0.397
0.39
1.156
0.328
0.47
0.391
0.401
0.464
0.391
0.427
0.321
1.852
0.254
0.245
0.28
0.194
0.194
0.234
0.281
0.246
0.281
0.195
0.194
0.458
0.357
0.238
0.279
0.311
0.286
0.236
0.238
0.26
0.274
0.229
0.188
0.269
0.65
0.373
0.271
0.23
0.232
0.695
0.448
0.656
0.234
0.272
0.231
0.273
0.455
0.44
0.643
0.271
0.291
0.232
0.27
0.274
0.478
0.806
0.231
0.189
0.227
0.274
0.264
0.378
0.348
0.232
0.645
0.266
0.266
0.185
0.27
0.188
0.627
0.437
0.665
0.27
0.292
0.64
0.268
0.268
0.269
0.619
0.305
0.626
0.325
0.271
0.272
0.288
0.339
0.634
0.23
0.272
0.273
0.686
0.624
1.608
0.292
0.292
0.229
0.649
0.277
0.308
0.594
0.672
0.275
0.639
0.64
0.27
0.629
0.621
0.62
0.274
0.27
0.272
0.272
0.268
0.233
0.633
0.653
0.359
0.272
0.645
0.268
0.326
0.228
0.653
0.493
0.555
0.625
0.271
0.275
0.643
0.627
0.272
0.613
0.74
0.656
0.647
0.624
0.458
0.269
0.629
0.294
0.272
0.267
0.642
0.715
0.643
0.271
0.664
0.638
0.275
0.27
0.273
1.48
0.626
0.636
0.269
0.616
0.267
0.268
0.604
0.613
0.265
0.297
0.688
0.634
0.272
0.617
0.681
0.269
0.687
0.268
0.648
0.654
0.627
0.612
0.63
0.266
0.493
1.057
0.271
0.637
0.273
0.266
0.63
0.637
0.27
0.272
0.635
0.644
0.631
0.275
0.272
0.271
0.714
0.618
0.373
0.628
0.621
0.644
0.634
0.62
0.272
0.653
0.625
0.898
0.644
1.001
0.638
0.615
0.648
0.273
0.613
0.609
0.429
0.619
0.27
0.613
0.267
0.609
0.27
0.621
0.621
0.658
0.671
0.621
0.272
0.27
0.268
0.638
0.268
0.617
0.642
0.27
1.06
1.104
0.621
0.27
0.269
0.661
0.27
0.657
0.631
0.615
0.631
0.269
0.621
0.667
0.622
0.27
0.269
0.619
0.623
0.271
0.269
0.63
0.27
0.266
0.649
0.267
0.267
0.479
0.339
0.661
0.271
0.62
0.27
0.635
0.634
0.27
0.266
0.618
0.64
0.271
0.733
0.271
0.268
0.633
0.643
0.626
0.627
0.27
0.272
0.268
0.27
0.644
0.269
0.269
0.67
0.277
0.63
0.661
0.477
0.513
0.674
0.704
0.7
0.271
0.68
0.618
0.668
0.317
0.27
0.65
0.651
0.284
0.71
0.552
0.304
0.662
0.619
0.277
0.27
0.273
0.629
0.7
0.674
0.666
0.275
0.318
0.591
0.631
0.275
0.723
0.677
0.276
0.649
0.663
0.277
0.281
0.636
0.276
0.278
0.277
0.28
0.651
0.27
0.665
0.679
0.656
0.3
0.644
0.277
0.275
0.659
0.665
0.282
0.671
0.702
1.022
0.65
0.66
0.665
0.631
0.662
0.64
0.665
0.288
0.32
0.274
0.719
0.276
0.653
0.273
0.631
0.272
0.272
0.637
0.642
0.272
0.273
0.285
0.662
0.652
0.57
0.281
0.297
0.642
0.671
0.667
0.666
0.637
0.638
0.278
0.276
0.286
0.269
0.271
0.27
0.27
0.267
0.309
0.286
0.27
0.27
0.27
0.286
0.276
0.692
0.274
0.64
0.308
0.668
0.581
0.274
0.281
0.54
0.579
0.69
0.635
0.719
0.643
0.291
0.656
0.646
0.274
0.275
0.31
0.287
0.399
0.703
0.345
0.708
0.684
0.774
0.707
0.712
0.684
0.74
0.3
0.278
0.629
0.89
0.816
0.762
0.665
0.285
0.28
0.282
0.282
0.284
0.677
0.28
0.278
0.277
0.271
0.275
0.266
0.297
0.267
0.269
0.633
0.634
0.376
0.617
0.625
0.268
0.632
0.273
0.275
0.272
0.264
0.661
0.271
0.272
1.513
0.272
0.648
0.272
0.363
0.87
1.084
1.063
0.485
0.808
0.274
0.276
0.633
0.637
0.293
0.684
0.666
0.284
0.755
0.697
0.286
0.287
0.649
0.722
0.665
0.65
0.9
0.305
0.277
0.28
0.704
0.302
0.293
0.311
0.284
0.294
0.696
0.287
0.276
0.689
0.727
0.288
0.675
0.655
0.662
0.286
0.68
0.663
0.652
0.281
0.288
0.304
0.673
0.274
0.29
0.282
0.299
0.289
1.305
0.671
0.645
0.269
0.267
0.276
0.662
0.282
0.692
0.273
0.654
0.666
0.272
0.3
0.644
0.275
0.272
0.652
0.593
0.673
0.279
0.277
0.279
0.653
0.692
0.676
0.667
0.308
0.757
0.651
0.283
0.6
0.647
0.652
0.28
0.285
0.283
0.666
0.282
0.601
0.285
0.668
0.64
0.648
0.276
0.273
0.277
0.641
0.278
0.273
0.277
0.292
0.681
0.282
0.622
1.391
0.315
0.288
0.64
0.274
0.638
0.276
0.655
0.275
0.274
0.644
0.646
0.272
0.63
0.683
0.656
0.274
0.303
0.277
0.637
0.284
0.291
0.66
0.272
0.686
0.28
0.287
0.275
0.276
0.608
1.095
0.632
0.284
0.706
0.559
0.669
0.553
0.277
0.634
0.645
0.277
0.681
0.285
0.282
0.681
0.304
0.295
0.28
0.282
0.708
0.677
0.663
0.284
0.284
0.661
0.695
1.749
0.647
0.269
0.616
0.269
0.269
0.268
0.269
0.339
0.272
0.271
0.267
0.636
0.269
0.65
0.27
0.268
0.268
0.271
0.269
0.63
0.624
0.664
0.621
0.642
0.277
0.268
0.907
0.351
0.275
0.678
0.288
0.767
0.648
0.288
0.637
0.653
0.269
0.289
0.269
0.642
0.64
0.672
0.687
0.271
0.266
0.29
0.267
0.662
0.27
0.304
0.656
0.63
0.274
0.273
1.66
0.272
0.676
0.269
0.624
0.322
0.633
0.268
0.265
0.264
0.632
0.266
0.262
0.265
0.263
0.634
0.268
0.698
0.266
0.264
0.268
0.271
0.646
0.28
0.661
0.266
0.267
0.572
0.271
0.268
0.333
0.27
1.737
0.626
0.272
0.646
0.269
0.613
0.567
0.629
0.629
0.525
0.643
0.633
0.643
0.64
0.279
0.271
0.642
0.27
0.625
0.27
0.732
0.266
0.317
0.292
0.556
1.196
0.626
0.559
0.272
0.623
0.682
0.273
0.269
0.293
0.27
0.269
0.649
0.643
0.617
0.648
0.273
0.27
0.701
0.269
0.674
0.657
0.651
0.642
0.271
0.272
0.272
0.279
1.42
0.63
0.267
0.268
0.266
0.266
0.265
0.312
0.645
0.64
0.269
0.267
0.706
0.266
0.625
0.268
0.639
0.711
0.617
0.547
0.27
0.27
0.631
0.268
0.269
0.265
0.619
0.265
0.296
0.81
0.304
0.268
0.326
0.29
0.641
0.267
0.633
0.272
0.269
0.265
0.641
0.27
0.27
0.266
0.345
0.271
0.724
0.269
0.269
0.27
0.266
0.638
0.274
0.27
0.27
0.619
0.661
0.27
0.548
0.267
0.276
0.27
0.479
1.129
0.634
0.267
0.269
0.267
0.282
0.648
0.268
0.272
0.82
0.266
0.63
0.268
0.269
0.643
0.268
0.27
0.402
0.644
0.268
0.265
0.631
0.632
0.642
0.647
0.269
0.271
0.289
0.643
0.864
0.278
0.274
0.655
0.275
0.282
0.271
0.694
0.271
0.27
0.269
0.282
0.645
0.281
0.276
0.27
0.635
0.273
0.277
0.269
0.271
0.302
0.696
0.275
0.275
0.681
0.279
0.281
0.666
0.623
0.36
0.663
0.547
0.619
0.661
0.271
0.267
0.646
0.265
0.263
0.64
0.307
0.271
0.27
0.267
0.286
0.274
0.655
0.636
0.269
0.638
0.667
0.267
0.277
0.278
0.558
0.295
0.278
0.285
0.314
0.298
0.297
0.737
1.127
0.616
0.557
0.634
0.623
0.638
0.61
0.62
0.326
0.27
0.664
0.674
0.267
0.663
0.644
0.271
0.666
0.271
0.703
0.275
0.656
0.647
0.286
0.669
0.675
0.69
0.272
0.274
0.271
0.27
0.265
0.267
0.27
0.27
0.669
0.274
0.651
0.663
0.294
0.296
0.676
0.281
0.279
0.662
0.502
0.66
0.728
0.292
0.626
0.266
0.267
0.27
0.27
0.269
0.269
0.267
0.269
0.268
0.667
0.265
0.265
0.266
0.269
0.266
0.277
0.288
0.658
0.279
0.651
0.297
0.273
0.281
0.643
0.589
0.277
0.671
0.275
0.273
0.658
0.276
0.277
0.274
0.297
0.689
0.282
0.487
1.19
0.282
0.681
0.632
0.643
0.276
0.676
0.28
0.281
0.674
0.677
0.665
0.286
0.28
0.28
0.7
0.672
0.285
0.679
0.285
0.714
0.67
0.302
0.675
0.815
0.358
0.553
0.285
0.292
0.577
0.647
0.278
0.692
0.668
0.27
0.274
0.272
0.652
0.295
0.687
0.282
0.651
0.271
0.649
0.274
0.271
0.692
0.682
0.284
0.281
0.307
0.67
0.856
0.354
0.626
0.274
0.645
0.273
0.278
0.306
0.573
0.65
0.271
0.274
0.653
0.273
0.295
0.701
0.664
0.639
0.681
0.309
0.694
0.297
0.315
0.283
0.291
0.287
0.277
0.581
0.666
0.677
0.685
0.293
0.296
0.293
0.71
0.729
0.687
0.296
0.311
0.331
0.308
0.677
0.281
0.283
0.305
0.678
0.281
0.67
0.651
0.651
0.282
0.281
0.281
0.668
0.279
0.734
0.294
0.297
0.294
0.297
0.665
0.676
0.696
0.312
0.695
0.609
1.343
0.271
0.271
0.278
0.653
0.702
0.279
0.327
0.282
0.67
0.277
0.662
0.292
0.273
0.67
0.279
0.656
0.273
0.271
0.269
0.27
0.566
0.689
0.278
0.275
0.653
0.295
0.286
0.642
0.278
0.487
0.788
0.275
0.273
0.272
0.679
0.288
0.284
0.322
0.289
0.687
0.286
0.288
0.286
0.301
0.275
0.277
0.716
0.699
0.281
0.685
0.668
0.289
0.284
0.685
0.665
0.281
0.567
0.709
0.76
0.289
0.675
0.293
0.774
0.67
0.269
0.656
0.274
0.29
0.649
0.276
0.661
0.275
0.276
0.664
0.659
0.657
0.274
0.275
0.299
0.679
0.286
0.284
0.796
0.299
0.294
0.623
0.301
0.699
0.583
0.71
0.284
0.685
0.314
1.432
0.287
0.682
0.309
0.694
0.286
0.73
0.282
0.809
0.276
0.278
0.646
0.314
0.504
0.712
1.062
1.127
1.159
0.455
1.132
0.454
0.46
1.091
0.454
0.45
0.451
0.936
0.455
0.459
0.54
1.67
0.645
0.651
0.279
0.271
0.696
0.651
0.63
0.272
0.279
0.269
0.685
0.642
0.27
0.27
0.333
0.633
0.278
0.618
0.273
0.374
0.985
0.275
0.366
1.091
0.276
1.414
0.316
0.292
0.27
0.268
0.649
0.273
0.277
0.277
0.635
0.275
0.705
0.271
0.271
0.266
0.269
0.271
0.268
0.645
0.292
0.73
0.273
0.65
0.687
0.271
0.688
0.272
0.275
0.269
0.27
0.653
0.669
0.532
0.933
0.283
0.368
0.281
0.668
0.667
0.648
0.278
0.639
0.674
0.28
0.278
0.273
0.66
0.649
0.656
0.664
0.275
0.274
0.68
0.31
0.665
0.652
0.668
0.651
0.673
0.28
0.375
0.768
0.317
0.282
0.278
0.669
0.719
0.284
0.279
0.277
0.665
0.28
0.278
0.278
0.302
0.645
0.304
0.653
0.278
0.28
0.587
0.635
0.276
0.312
0.28
0.286
0.278
0.724
0.28
0.277
0.278
0.639
0.278
0.275
0.958
0.675
0.299
0.647
0.275
0.329
0.276
0.67
0.664
0.659
0.656
0.306
0.666
0.275
0.275
0.275
0.277
0.279
0.275
0.274
0.271
0.279
0.275
0.678
0.286
0.277
0.667
0.276
0.276
0.677
0.274
0.277
0.679
1.124
0.281
0.277
0.309
0.275
0.655
0.272
0.678
0.294
0.694
0.278
0.679
0.655
0.274
0.301
0.639
0.64
0.655
0.298
0.661
0.277
0.294
0.284
0.646
0.278
0.301
0.274
0.307
1.661
0.304
0.637
0.283
0.677
0.681
0.302
0.327
0.669
0.303
0.66
0.277
0.682
0.277
0.276
0.282
0.277
0.718
0.325
0.666
0.3
0.279
0.278
0.699
0.279
0.671
0.275
0.291
0.686
0.282
1.063
0.428
0.822
0.307
0.298
0.693
1.009
0.273
0.746
0.294
0.272
0.547
0.291
0.342
0.365
0.67
0.624
0.676
0.281
0.271
0.647
0.267
0.267
0.268
0.667
0.267
0.559
0.285
0.267
1.574
0.291
0.267
0.269
0.268
0.743
0.271
0.268
0.271
0.269
0.653
0.698
0.627
0.631
0.269
0.266
0.268
0.267
0.641
0.269
0.643
0.659
0.267
0.267
0.27
0.267
0.621
0.672
1.698
0.271
0.632
0.267
0.268
0.27
0.629
0.272
0.274
0.292
0.645
0.271
0.266
0.267
0.632
0.267
0.694
0.636
0.625
0.271
0.27
0.269
0.647
0.305
0.643
0.638
0.27
0.642
0.267
0.685
0.643
0.629
0.751
0.592
0.625
0.642
0.642
0.638
0.271
0.267
0.265
0.284
0.272
0.266
0.623
0.267
0.266
0.642
0.265
0.267
0.263
0.302
0.267
0.661
0.644
0.271
0.267
0.653
0.629
0.68
0.667
1.082
0.351
0.672
0.647
0.656
0.668
0.676
0.668
0.275
0.274
0.277
0.28
0.283
0.274
0.58
0.273
0.305
0.303
0.708
0.704
0.283
0.658
0.676
0.275
0.675
0.284
0.82
0.711
0.298
0.274
0.663
0.277
0.715
0.297
0.275
0.272
0.272
0.282
0.281
0.639
0.278
0.673
0.667
0.688
0.276
0.273
0.276
0.276
0.277
0.31
0.276
0.278
0.279
0.697
0.285
0.298
0.28
0.62
0.28
0.728
0.295
0.486
0.347
0.629
0.269
0.632
0.272
0.276
0.272
0.267
0.672
0.645
0.656
0.649
0.281
0.274
0.277
0.279
0.273
0.276
0.277
0.303
0.277
0.286
0.276
0.287
0.281
0.717
0.278
0.278
0.277
0.676
0.279
0.296
1.602
0.967
0.692
0.276
0.652
0.27
0.655
0.275
0.274
0.554
0.27
0.639
0.269
0.273
0.309
0.684
0.272
0.641
0.272
0.27
0.637
0.27
0.271
0.273
0.7
0.752
0.292
1.302
0.28
0.697
0.677
0.269
0.272
0.295
0.634
0.645
0.663
0.71
0.686
0.268
0.295
0.668
0.267
0.272
0.271
0.268
0.272
0.676
0.27
0.291
0.647
0.271
0.462
1.142
1.063
1.043
0.811
0.779
0.295
0.271
0.269
0.642
0.268
0.66
0.271
0.267
0.269
0.269
0.266
0.724
0.629
0.266
0.265
0.268
0.265
0.366
0.643
0.651
0.644
0.273
0.645
0.644
0.27
0.28
0.628
0.27
0.269
0.267
0.809
0.334
1.105
0.661
0.642
0.276
0.281
0.586
0.278
0.28
0.279
0.301
0.647
0.274
0.269
0.64
0.267
0.55
0.625
0.269
0.31
0.661
0.636
0.582
0.292
0.659
0.668
0.277
0.29
0.299
0.278
0.28
0.289
0.297
0.277
0.296
0.302
0.29
0.715
0.702
0.664
0.304
0.273
0.269
0.275
0.274
0.272
0.291
0.276
0.274
0.274
0.283
0.284
0.283
0.281
0.296
0.274
0.274
0.296
0.28
0.283
0.271
0.265
0.266
0.268
0.267
0.267
0.264
0.264
0.264
0.268
0.291
0.266
0.265
0.275
0.269
0.267
0.281
0.265
0.628
0.63
0.634
0.271
0.267
0.267
0.266
0.357
0.266
0.268
0.268
0.227
0.231
0.226
0.226
0.229
0.249
0.228
0.443
0.268
0.27
0.306
0.628
0.271
0.268
0.267
0.269
0.27
0.307
0.635
0.27
0.29
0.27
0.648
0.651
0.268
0.789
1.261
0.276
0.272
0.271
0.269
0.189
0.227
0.232
0.232
0.231
0.149
0.236
0.188
0.188
0.188
0.187
0.19
0.217
0.357
0.444
0.27
0.271
0.27
0.267
0.267
0.271
0.268
0.27
0.292
0.428
0.147
0.148
0.148
0.146
0.27
0.269
0.271
0.441
0.269
0.268
0.358
0.439
0.27
0.268
0.515
0.266
0.266
0.638
0.235
0.226
0.227
0.229
0.225
0.228
0.247
0.148
0.145
0.226
0.231
0.228
0.146
0.235
0.187
0.186
0.334
0.227
0.228
0.23
0.227
0.228
0.454
0.6
0.343
0.361
0.806
0.272
0.229
0.23
0.442
0.27
0.267
0.268
0.145
0.145
0.187
0.331
0.227
0.23
0.226
0.231
0.244
0.432
0.274
0.271
0.269
0.629
0.313
0.144
0.147
0.146
0.231
0.146
0.244
0.267
0.27
0.293
0.269
0.631
0.268
0.269
0.655
0.628
0.27
0.19
0.189
1.162
0.238
0.228
0.441
0.268
0.281
0.143
0.144
0.263
0.618
0.264
0.269
0.633
0.632
0.612
0.264
0.616
0.232
0.219
0.188
0.267
0.267
0.265
0.262
0.185
0.185
0.343
0.266
0.188
0.186
0.186
0.334
0.229
0.229
0.227
0.225
0.146
0.178
0.169
0.152
0.519
0.852
0.194
0.344
0.267
0.617
0.619
0.676
0.271
0.268
0.279
0.269
0.187
0.185
0.372
0.227
0.226
0.226
0.15
0.171
0.15
0.146
0.235
0.188
0.229
0.474
0.372
0.28
0.634
0.632
0.64
0.271
0.23
0.228
0.226
0.457
0.635
0.265
0.274
0.649
1.696
0.15
0.146
0.146
0.146
0.243
0.186
0.188
0.186
0.188
0.187
0.19
0.189
0.39
0.432
0.227
0.5
0.429
0.392
0.873
0.273
0.15
0.147
0.143
0.213
0.171
0.251
0.189
0.189
0.231
0.232
0.227
0.23
0.23
0.228
0.273
0.267
0.267
0.292
0.271
0.269
0.271
0.232
0.231
0.228
0.663
0.287
0.287
0.273
0.622
0.635
0.629
0.265
0.632
0.628
0.266
0.269
0.27
0.273
0.227
0.226
0.226
0.224
0.229
0.239
0.226
0.225
0.227
0.273
0.269
0.271
0.271
0.269
0.266
0.145
0.147
0.146
0.148
0.147
0.233
0.189
0.188
0.341
0.251
0.461
0.317
0.435
0.337
0.334
0.593
0.272
0.633
0.618
0.27
0.638
0.617
0.624
0.63
0.638
0.639
0.266
0.268
0.225
0.226
0.225
0.472
0.712
0.268
0.343
0.228
0.224
0.273
0.226
0.481
0.266
0.267
0.626
0.269
0.288
0.286
0.997
0.909
0.648
0.321
0.625
0.624
0.267
0.265
0.265
0.268
0.491
0.617
0.266
0.289
0.629
0.268
0.619
0.267
0.309
0.27
0.268
0.27
0.3
0.27
0.334
0.265
0.266
0.266
0.262
0.269
0.269
0.268
0.266
0.266
0.265
0.225
0.434
0.352
0.351
0.439
0.304
0.268
0.264
0.617
0.688
0.267
0.27
0.269
0.644
0.419
0.682
0.277
0.272
0.615
0.63
0.268
0.268
0.272
0.271
0.267
0.265
0.269
0.666
0.271
0.265
0.147
0.148
0.145
0.291
0.275
0.666
1.1
0.524
0.281
0.266
0.286
0.288
0.271
0.267
0.366
0.27
0.354
0.271
0.145
0.148
0.236
0.205
0.338
0.228
0.247
0.44
0.287
0.269
0.293
0.632
0.294
0.63
0.633
0.649
0.635
0.362
0.68
0.642
0.145
0.267
0.291
0.609
0.291
0.268
0.267
0.515
0.369
0.494
0.279
0.666
0.634
0.149
0.267
0.265
0.143
0.615
0.28
0.271
0.629
0.147
0.265
0.149
0.266
0.269
0.268
0.269
0.267
0.304
0.267
0.269
0.235
0.185
0.274
0.268
0.268
0.233
0.186
0.275
0.266
0.541
0.266
0.265
0.265
0.626
0.274
0.689
0.188
0.269
0.269
0.267
0.253
0.645
0.188
0.615
0.264
0.542
0.269
0.27
0.636
0.271
0.267
0.265
0.274
0.268
0.652
0.268
0.185
0.274
0.266
0.186
0.632
0.266
0.268
0.268
0.266
0.268
0.263
0.631
0.654
0.312
0.749
0.636
0.191
0.187
0.266
0.264
0.265
0.619
0.267
0.341
0.233
0.243
0.227
0.441
0.264
1.169
0.268
0.266
0.616
0.266
0.268
0.666
0.646
0.268
0.267
0.267
0.269
0.184
0.624
0.295
0.631
0.616
0.624
0.64
0.626
0.187
0.341
0.188
0.609
0.187
0.264
0.186
0.304
0.269
0.264
0.669
0.226
0.349
0.27
0.647
0.227
0.231
0.632
0.229
0.268
0.439
0.352
0.599
0.29
0.625
0.663
0.792
0.636
0.27
0.648
0.23
0.269
0.697
0.275
0.297
0.438
0.288
0.269
0.268
0.619
0.299
0.268
0.268
0.272
0.631
0.666
0.23
0.267
0.266
0.264
0.265
0.636
0.414
0.422
0.643
0.27
0.648
0.639
0.272
0.269
0.272
0.644
0.633
0.624
0.27
0.269
0.623
0.302
0.267
0.631
0.667
0.266
0.269
0.63
0.265
0.266
0.618
0.268
0.628
0.625
0.272
0.689
0.292
0.639
0.285
0.27
0.273
0.271
0.64
1.349
0.234
0.271
0.267
0.29
0.228
0.265
0.616
0.644
0.275
0.267
0.636
0.269
0.665
0.268
0.716
0.633
0.269
0.614
0.638
0.649
0.266
0.642
0.287
0.63
0.614
0.608
0.265
0.664
0.623
0.615
0.823
0.922
0.299
0.27
0.268
0.269
0.268
0.453
0.629
0.629
0.269
0.629
0.64
0.65
0.639
0.791
0.633
0.623
0.27
0.267
0.609
0.681
0.271
0.271
0.27
0.641
0.267
0.268
0.273
0.626
0.275
0.268
0.274
0.64
0.655
0.288
0.758
1.168
0.519
0.648
0.629
0.392
0.623
0.296
0.635
0.652
0.64
0.647
0.269
0.294
0.271
0.271
0.267
0.633
0.269
0.271
0.27
0.27
0.645
0.272
0.631
0.654
0.683
0.674
0.648
0.777
0.825
1.433
0.634
0.27
0.656
0.648
0.637
0.289
0.269
0.647
0.673
0.683
0.268
0.647
0.657
0.674
0.654
0.642
0.629
0.292
0.614
0.29
0.271
0.618
0.46
0.287
0.69
0.638
0.709
0.662
0.29
0.633
0.938
1.169
0.275
0.668
0.638
0.267
0.3
0.267
0.629
0.638
0.401
0.714
0.655
0.748
0.634
0.628
0.682
0.679
0.654
0.646
0.638
0.268
0.675
0.95
0.918
0.901
0.666
0.27
0.294
0.992
0.342
0.672
0.271
0.655
0.446
1.102
0.534
1.11
0.453
0.49
1.113
1.067
0.467
0.468
0.448
0.473
0.45
0.486
0.492
1.116
1.138
1.183
0.497
0.486
0.482
0.502
1.173
0.5
0.458
1.185
1.163
1.195
0.518
0.494
0.475
1.182
0.727
0.73
0.632
0.741
0.271
0.273
0.631
0.659
0.272
0.629
0.268
0.272
0.632
0.271
0.268
0.27
0.684
0.271
0.635
0.627
0.27
0.266
0.639
0.643
0.642
0.644
0.656
0.644
0.675
0.629
0.645
0.306
0.271
1.539
0.649
0.271
0.689
0.651
0.645
0.273
0.27
0.641
0.618
0.268
0.617
0.624
0.272
0.675
0.269
0.268
0.273
0.274
0.266
0.265
0.629
0.645
0.625
0.33
0.632
0.621
0.636
0.624
0.621
0.274
0.628
1.272
0.269
0.621
0.295
0.628
0.271
0.287
0.267
0.64
0.267
0.614
0.306
0.615
0.268
0.267
0.614
0.264
0.266
0.571
0.616
0.621
0.618
0.339
0.622
0.27
0.616
0.631
0.267
0.266
0.266
0.626
0.628
1.093
0.558
0.645
0.633
0.633
0.722
0.274
0.271
0.269
0.268
0.268
0.315
0.669
0.616
0.265
0.633
0.271
0.632
0.27
0.269
0.266
0.266
0.629
0.618
0.297
0.271
0.633
0.625
0.654
0.636
0.272
0.572
1.127
0.276
0.621
0.633
0.343
0.271
0.637
0.664
0.633
0.268
0.265
0.287
0.269
0.269
0.645
0.622
0.272
0.625
0.27
0.268
0.267
0.635
0.617
0.622
0.295
0.271
0.642
0.624
0.671
0.271
1.663
0.271
0.661
0.62
0.289
0.64
0.624
0.285
0.615
0.631
0.641
0.637
0.629
0.288
0.673
0.647
0.635
0.269
0.633
0.266
0.653
0.266
0.691
0.725
0.677
0.271
0.289
0.769
0.298
0.635
0.27
0.267
0.634
0.269
0.265
0.269
0.625
0.552
0.626
0.654
0.271
0.265
0.626
0.637
0.27
0.713
0.273
0.641
0.641
0.653
0.632
0.271
0.27
0.662
0.648
0.485
0.342
0.706
0.275
0.267
0.67
0.643
0.268
0.634
0.641
0.647
0.274
0.265
0.266
0.617
0.272
0.269
0.268
0.265
0.267
0.626
0.722
0.269
0.267
0.637
0.632
0.267
0.27
0.268
0.649
0.289
0.65
0.549
0.271
0.64
0.808
0.327
0.441
0.293
0.647
0.271
0.357
0.313
0.317
0.314
0.663
0.272
0.304
0.271
0.332
0.63
0.269
0.268
0.269
0.267
0.623
0.64
0.271
0.268
0.269
0.269
0.625
0.634
0.597
0.642
0.267
0.636
1.079
1.101
0.646
0.64
0.625
0.269
0.611
0.269
0.673
0.611
0.269
0.268
0.638
0.687
0.269
0.27
0.612
0.628
0.27
0.269
0.647
0.264
0.641
0.641
0.611
0.31
0.622
0.269
0.267
0.698
1.504
0.807
0.272
0.277
0.641
0.27
0.623
0.62
0.638
0.268
0.615
0.664
0.268
0.641
0.633
0.571
0.271
0.27
0.633
0.268
0.654
0.619
0.272
0.641
0.646
0.628
0.465
0.836
0.645
0.271
0.265
0.653
0.268
0.269
0.647
0.272
0.271
0.27
0.625
0.664
0.269
0.268
0.684
0.266
0.27
0.267
0.641
0.623
0.271
0.272
0.266
0.621
0.287
0.638
0.638
0.686
0.273
0.268
0.268
0.639
0.274
0.271
0.414
0.352
0.28
0.681
0.267
0.36
0.663
0.629
0.642
0.292
0.273
0.623
0.616
0.27
0.27
0.27
0.55
0.269
0.642
0.268
0.288
0.625
0.272
0.563
0.642
0.663
0.65
0.287
0.268
0.266
0.627
0.275
0.76
0.293
1.056
0.638
0.672
0.639
0.656
0.66
0.684
0.319
0.268
0.804
0.64
0.614
0.626
0.669
0.648
0.269
0.274
0.27
0.29
0.649
0.288
0.644
0.269
0.289
0.291
0.663
0.27
0.271
0.676
1.055
0.739
0.645
0.27
0.269
0.555
0.64
0.269
0.27
0.693
0.267
0.633
0.341
0.636
0.376
0.653
0.266
0.273
0.621
0.314
0.274
0.273
0.623
0.271
0.272
0.271
0.305
0.272
0.672
0.584
0.27
0.27
1.248
0.273
0.624
0.639
0.289
0.269
0.264
0.668
0.264
0.268
0.645
0.268
0.616
0.264
0.263
0.303
0.638
0.632
0.664
0.269
0.266
0.615
0.613
0.613
0.62
0.269
0.262
0.271
0.652
0.268
0.635
0.968
1.12
0.351
0.632
0.307
0.648
0.643
0.285
0.274
0.629
0.265
0.652
0.64
0.273
0.268
0.268
0.647
0.269
0.276
0.265
0.552
0.622
0.634
0.622
0.651
0.292
0.269
0.785
0.459
0.966
0.311
0.269
0.658
0.613
0.267
0.266
0.268
0.64
0.626
0.629
0.635
0.636
0.267
0.632
0.31
0.649
0.303
0.266
0.267
0.269
0.629
0.747
0.271
0.269
0.266
0.269
0.271
0.271
0.268
0.27
0.363
0.349
0.656
0.273
0.268
0.272
0.273
0.293
0.639
0.641
0.64
0.661
0.271
0.269
0.294
0.271
0.269
0.294
0.623
0.694
0.645
0.556
0.297
0.269
0.295
0.275
0.66
0.266
0.292
0.271
0.66
0.276
0.647
0.267
1.248
0.625
0.269
0.269
0.268
0.268
0.265
0.267
0.682
0.269
0.266
0.266
0.724
0.634
0.263
0.261
0.629
0.262
0.262
0.262
0.259
0.656
0.606
0.612
0.285
0.259
0.259
0.615
0.618
0.263
0.623
0.261
0.629
0.613
0.738
1.174
0.348
0.612
0.324
0.281
0.6
0.259
0.261
0.266
0.305
0.723
0.619
0.264
0.259
0.304
0.261
0.259
0.593
0.602
0.293
0.627
0.26
0.628
0.263
0.645
0.311
0.626
0.282
0.628
0.618
0.261
0.712
1.641
0.276
0.647
0.653
0.565
0.637
0.639
0.266
0.62
0.266
0.641
0.275
0.632
0.27
0.626
0.728
0.637
0.608
0.724
0.319
0.28
0.273
0.263
0.293
0.263
0.265
0.274
0.609
0.616
0.302
1.768
0.615
0.627
0.266
0.267
0.659
0.628
0.642
0.266
0.263
0.277
0.258
0.259
0.816
0.646
0.724
0.263
0.281
0.63
0.643
0.623
0.625
0.609
0.28
0.282
0.592
0.272
0.266
0.288
0.289
0.831
0.922
0.656
0.632
0.268
0.268
0.266
0.288
0.294
0.568
0.273
0.577
0.288
0.645
0.279
0.644
0.279
0.662
0.279
0.31
0.672
0.665
0.663
0.276
0.62
0.314
0.305
0.277
0.279
0.275
0.275
0.679
0.656
0.643
0.278
1.378
0.584
0.633
0.625
0.639
0.609
0.568
0.634
0.27
0.277
0.653
0.272
0.707
0.574
0.271
0.271
0.274
0.274
0.276
0.652
0.273
0.273
0.278
0.628
0.837
0.635
0.273
0.272
0.271
0.868
0.674
0.289
0.643
0.268
0.63
0.269
0.644
0.65
0.267
0.666
0.653
0.275
0.277
0.653
0.686
0.275
0.648
0.712
0.66
0.643
0.569
0.308
0.653
0.276
0.641
0.273
0.632
1.081
0.269
0.624
0.653
0.269
0.288
0.273
0.265
0.277
0.269
0.655
0.274
0.274
0.273
0.272
0.659
0.274
0.312
0.659
0.273
0.32
0.278
0.67
0.634
0.276
0.278
0.268
0.308
0.641
0.279
0.624
0.279
0.987
1.075
0.66
0.271
0.547
0.282
0.713
0.631
0.27
0.27
0.287
0.269
0.269
0.672
0.663
0.277
0.303
0.651
0.701
0.275
0.273
0.276
0.679
0.663
0.647
0.283
0.682
0.273
0.278
0.28
0.654
0.275
0.589
0.347
0.622
0.696
0.666
0.28
0.277
0.283
0.277
0.279
0.316
0.277
0.274
0.57
0.297
0.667
0.295
0.277
0.652
0.652
0.288
0.274
0.639
0.28
0.637
0.282
0.649
0.687
0.641
0.279
0.661
0.835
0.354
0.645
0.271
0.627
0.27
0.651
0.651
0.267
0.287
0.274
0.274
0.271
0.64
0.617
0.273
0.269
0.269
0.676
0.271
0.266
0.314
0.272
0.266
0.293
0.271
0.27
0.697
0.645
0.291
0.626
0.269
0.271
1.257
0.681
0.569
0.632
0.271
0.553
0.645
0.734
0.275
0.272
0.27
0.267
0.269
0.646
0.267
0.267
0.268
0.63
0.268
0.269
0.27
0.656
0.268
0.269
0.272
0.27
0.634
0.27
0.394
0.271
0.644
1.009
0.649
0.267
0.263
0.3
0.268
0.402
0.647
0.268
0.654
0.639
0.678
0.269
0.267
0.267
0.642
0.65
0.626
0.644
0.269
0.271
0.265
0.722
0.634
0.277
0.274
0.644
0.275
0.649
0.659
1.263
0.691
0.269
0.271
0.267
0.272
0.297
0.293
0.27
0.274
0.268
0.623
0.271
0.27
0.296
0.273
0.65
0.269
0.634
0.267
0.272
0.546
0.628
0.267
0.27
0.295
0.351
0.623
0.266
0.267
0.668
1.065
0.784
0.271
0.268
0.272
0.269
0.266
0.657
0.27
0.294
0.267
0.643
0.341
0.279
0.273
0.67
0.649
0.3
0.269
0.267
0.266
0.267
0.275
0.634
0.618
0.27
0.438
0.29
0.642
0.657
0.277
0.271
0.269
0.362
0.917
0.273
0.274
0.287
0.686
0.773
0.74
0.636
0.271
0.644
0.335
0.272
0.287
0.268
0.271
0.623
0.269
0.271
0.27
0.667
0.552
0.642
0.665
0.705
0.273
0.286
0.58
1.127
0.646
0.629
0.664
0.279
0.275
0.612
0.3
0.274
0.276
0.273
0.273
0.275
0.272
0.274
0.273
0.634
0.272
0.272
0.275
0.273
0.642
0.626
0.649
0.272
0.275
0.692
0.278
0.649
0.687
0.285
0.289
0.288
0.291
0.288
1.155
0.587
0.271
0.269
0.265
0.328
0.645
0.647
0.271
0.274
0.672
0.595
0.276
0.677
0.281
0.673
0.274
0.274
0.275
0.276
0.275
0.275
0.275
0.664
0.276
0.274
0.652
0.672
0.283
0.282
0.665
0.276
0.607
0.584
1.167
0.28
0.277
0.672
0.295
0.277
0.698
0.304
0.652
0.285
0.275
0.277
0.272
0.275
0.274
0.659
0.646
0.277
0.273
0.655
0.658
0.715
0.286
0.271
0.271
0.575
0.695
0.276
0.715
0.685
0.292
0.283
0.676
1.123
0.496
0.279
0.275
0.639
0.618
0.624
0.644
0.627
0.637
0.62
0.285
0.29
0.671
0.271
0.269
0.642
0.63
0.644
0.628
0.272
0.266
0.66
0.641
0.291
0.265
0.268
0.312
0.732
0.276
0.633
0.679
0.651
0.271
0.269
0.266
0.268
0.637
0.272
0.277
0.275
0.307
0.655
0.669
0.651
0.278
0.568
0.279
0.278
0.276
0.275
0.279
0.655
0.276
0.715
0.694
0.286
0.693
0.902
0.658
0.658
0.655
0.744
0.452
0.467
0.705
0.298
0.326
0.276
0.278
0.697
0.723
0.654
0.277
0.274
0.495
0.762
0.682
0.284
0.649
0.648
0.579
0.277
1.031
0.606
0.791
0.282
0.28
0.649
0.585
0.277
0.639
0.293
0.652
0.278
0.566
0.659
0.275
0.658
0.644
0.274
0.273
0.699
0.278
0.292
0.652
0.283
0.658
0.642
0.685
0.276
0.804
1.064
0.584
0.659
0.676
0.293
0.664
0.278
0.646
0.654
0.277
0.277
0.65
0.663
0.272
0.684
0.293
0.282
0.296
0.277
0.639
0.652
0.666
0.296
0.278
0.785
1.275
0.273
0.623
0.273
0.27
0.278
0.28
0.582
0.606
0.337
0.29
0.679
0.288
0.284
0.673
0.286
0.283
0.668
0.666
0.289
0.652
0.658
0.291
0.316
0.288
0.281
0.283
0.299
0.649
0.286
0.277
0.678
0.282
0.282
0.29
0.277
0.274
0.635
0.276
0.281
0.281
0.296
0.275
0.237
0.231
0.231
0.232
0.234
0.249
0.236
0.242
0.237
0.238
0.237
0.236
0.239
0.236
0.239
0.49
0.211
0.196
0.194
0.195
0.196
0.195
0.151
0.152
0.247
0.245
0.244
0.151
0.152
0.198
0.35
0.237
0.153
0.155
0.157
0.156
0.242
0.192
0.196
0.385
0.24
0.473
0.317
0.249
0.618
0.19
0.229
0.184
0.268
0.236
0.236
0.255
0.236
0.245
0.157
0.258
0.152
0.153
0.147
0.159
0.153
0.151
0.149
0.149
0.151
0.151
0.152
0.152
0.151
0.287
0.215
0.192
0.192
0.194
0.192
0.35
0.484
0.274
0.27
0.26
0.197
0.355
0.198
0.397
0.239
0.242
0.24
0.239
0.282
0.29
0.546
0.367
0.358
0.293
0.271
0.148
0.148
0.145
0.143
0.148
0.142
0.473
0.275
0.19
0.272
0.577
0.272
0.143
0.148
0.286
0.19
0.188
0.145
0.729
0.245
0.212
0.19
0.191
0.277
0.197
0.189
0.152
0.239
0.192
0.307
0.658
0.148
0.271
0.19
0.357
0.237
0.19
0.192
0.214
0.191
0.189
0.147
0.208
0.153
0.231
0.189
0.297
0.191
0.213
0.147
0.34
0.149
0.375
0.151
0.19
0.307
0.15
0.192
0.358
0.66
0.361
0.355
0.325
0.289
0.335
0.186
0.185
0.23
0.264
0.254
0.238
0.237
0.263
0.289
0.283
0.219
0.468
0.234
0.189
0.274
0.231
0.295
0.279
0.212
0.239
0.235
0.243
0.195
0.277
0.276
0.233
0.272
0.278
0.272
0.239
0.673
0.281
0.281
0.237
0.675
0.196
0.284
0.236
0.197
0.24
0.281
0.448
0.315
0.653
0.238
0.372
0.461
0.28
0.654
0.277
0.825
0.886
0.366
0.203
0.662
0.238
0.203
0.273
0.268
0.29
0.235
0.231
0.249
0.35
0.239
0.248
0.282
0.284
0.283
0.476
0.187
0.19
0.342
0.236
0.277
0.302
0.277
0.276
0.276
0.233
0.463
0.656
0.235
0.235
0.276
0.674
0.288
0.301
0.249
0.372
0.239
0.691
0.491
0.288
0.655
0.458
0.457
0.656
0.442
0.289
0.305
0.698
0.265
0.281
0.292
0.652
0.327
0.272
0.658
0.655
0.63
0.296
0.293
0.282
0.279
0.296
0.28
0.663
0.667
0.615
0.269
0.282
0.265
0.666
0.293
0.64
0.668
0.276
0.672
0.276
0.292
0.69
0.637
0.368
0.625
0.296
0.273
0.669
0.264
0.318
0.268
0.28
0.699
0.275
0.647
0.319
0.274
0.272
0.65
0.296
0.277
0.276
0.3
0.271
0.289
0.691
0.719
0.662
0.665
0.661
0.274
0.278
0.295
0.276
0.668
0.271
0.29
0.275
0.669
0.274
0.675
0.609
0.385
0.465
0.66
0.681
0.273
0.267
0.723
0.652
0.653
0.634
0.274
0.664
0.669
0.657
0.674
0.671
0.272
0.294
0.654
0.274
0.664
0.275
0.278
0.276
0.279
0.668
0.276
0.666
0.274
0.272
0.291
0.274
0.679
0.557
1.029
0.68
0.27
0.265
0.665
0.665
0.661
0.628
0.284
0.616
0.704
0.651
0.275
0.276
0.275
0.275
0.648
0.274
0.673
0.28
0.642
0.273
0.656
0.275
0.638
0.275
0.277
0.646
0.274
0.675
0.652
0.292
0.653
0.273
1.024
0.677
0.629
0.645
0.627
0.7
0.655
0.629
0.629
0.627
0.268
0.626
0.266
0.629
0.617
0.634
0.612
0.268
0.268
0.632
0.638
0.613
0.642
0.612
0.303
0.652
0.635
0.634
0.631
0.276
0.27
0.526
0.341
0.435
0.726
0.615
0.267
0.614
0.63
0.618
0.263
0.268
0.269
0.267
0.607
0.632
0.62
0.637
0.308
0.263
0.613
0.663
0.263
0.634
0.616
0.263
0.363
0.269
0.265
0.268
0.265
0.609
0.639
0.286
0.627
0.626
0.265
0.263
0.301
0.638
0.703
0.631
0.268
0.27
0.634
0.658
0.269
0.672
0.648
0.267
0.641
0.623
0.617
0.374
0.336
1.134
0.782
0.66
0.276
0.552
0.545
0.623
0.651
0.552
0.653
0.64
0.27
0.659
0.559
0.642
0.281
1.35
0.636
0.658
0.275
0.705
0.273
0.276
0.634
0.636
0.273
0.27
0.281
0.27
0.623
0.268
0.275
0.274
0.674
0.27
0.276
0.634
0.639
0.679
0.267
0.623
0.275
0.63
0.675
0.672
1.736
0.993
0.693
0.635
0.266
0.65
0.618
0.268
0.637
0.273
0.268
0.272
0.614
0.273
0.268
0.614
0.629
0.667
0.345
0.65
0.274
0.619
0.615
0.634
0.71
0.64
1.091
0.272
0.275
0.649
0.625
0.308
0.598
0.412
0.988
0.282
0.268
0.266
0.275
0.266
0.639
0.611
0.268
0.268
0.265
0.621
0.266
0.635
0.264
0.537
0.272
0.666
0.266
0.263
0.635
0.631
0.638
0.268
0.615
0.269
0.617
0.268
0.263
0.623
0.641
0.613
0.663
0.627
0.64
0.269
0.266
1.052
0.273
0.64
0.271
0.265
0.267
0.622
0.269
0.287
0.691
0.638
0.267
0.264
0.268
0.663
0.268
0.637
0.269
0.668
0.307
0.267
0.617
0.634
0.63
0.267
0.27
0.269
0.616
0.29
0.644
0.583
0.268
0.269
0.544
0.625
0.682
1.611
0.274
0.546
0.63
0.268
0.267
0.624
0.633
0.612
0.669
0.633
0.266
0.269
0.617
0.628
0.268
0.27
0.267
0.657
0.267
0.267
0.266
0.266
0.309
0.27
0.272
0.625
0.4
0.672
0.666
0.625
1.259
0.655
1.449
0.726
0.275
0.278
0.655
0.267
0.666
0.269
0.637
0.272
0.691
0.272
0.832
0.786
0.457
0.985
1.161
1.174
1.188
0.493
1.129
0.931
0.384
0.951
0.438
1.309
0.968
0.441
0.41
1.066
0.922
0.387
0.417
0.364
0.754
0.285
0.281
0.279
0.652
0.29
0.278
0.652
0.308
0.572
0.277
0.281
0.652
0.626
0.656
0.279
0.28
0.28
0.28
0.642
0.277
0.275
0.642
0.311
0.279
0.64
0.66
0.28
0.679
0.28
0.276
0.277
0.655
0.295
0.362
0.346
0.586
0.276
0.649
0.72
0.662
0.685
0.296
0.273
0.274
0.295
0.618
0.286
0.285
0.693
0.692
0.307
0.282
0.652
0.647
0.298
0.703
0.29
0.687
0.685
0.285
0.692
0.57
0.282
0.288
1.11
0.476
1.32
0.808
0.342
0.656
0.282
0.666
0.278
0.659
0.275
0.273
0.661
0.276
0.3
0.287
0.292
0.695
0.28
0.274
0.276
0.691
0.273
0.277
0.637
0.639
0.278
0.293
0.732
0.577
0.659
0.276
0.295
0.55
0.77
0.851
0.591
0.296
0.277
0.279
0.28
0.277
0.64
0.638
0.276
0.646
0.681
0.277
0.281
0.303
0.652
0.277
0.274
0.289
0.641
0.646
0.277
0.276
0.279
0.278
0.302
0.279
0.652
0.276
0.671
0.283
0.277
0.662
0.964
0.639
0.646
0.271
0.275
0.291
0.637
0.275
0.644
0.271
0.639
0.65
0.641
0.655
0.276
0.651
0.298
0.685
0.28
0.272
0.645
0.274
0.277
0.571
0.276
0.275
0.627
0.272
0.273
0.295
0.272
0.271
0.672
0.636
0.429
0.356
0.651
0.275
0.275
0.275
0.277
0.659
0.642
0.276
0.664
0.278
0.275
0.642
0.276
0.641
0.308
0.277
0.311
0.655
0.648
0.572
0.702
0.68
0.277
0.655
0.662
0.662
0.652
0.967
0.478
0.277
0.274
0.275
0.274
0.567
0.273
0.679
0.639
0.277
0.67
0.639
0.272
0.275
0.277
0.332
0.275
0.276
0.275
0.695
0.283
0.274
0.662
0.274
0.274
0.274
0.273
0.64
0.272
0.337
0.658
0.579
0.275
0.662
0.274
0.275
0.588
0.661
0.654
0.281
0.292
0.28
0.684
0.28
0.279
0.284
0.274
0.282
0.28
0.68
0.669
0.651
0.282
0.277
0.275
0.279
0.277
0.283
0.641
0.636
0.292
0.279
0.276
0.302
0.279
0.301
0.693
0.291
0.282
0.676
1.291
0.654
0.278
0.285
0.298
0.677
0.286
0.65
0.285
0.28
0.29
0.678
0.28
0.277
0.309
0.277
0.64
0.687
0.317
0.294
0.667
0.279
0.686
0.662
0.301
0.668
0.278
0.283
0.309
0.277
0.277
0.278
0.645
0.289
0.645
0.666
0.941
1.153
0.277
0.272
0.293
0.293
0.274
0.276
0.295
0.681
0.28
0.279
0.273
0.678
0.298
0.292
0.278
0.667
0.699
0.671
0.269
0.641
0.634
0.269
0.67
0.276
0.652
0.653
0.268
0.685
0.542
0.274
0.267
0.63
0.276
0.267
0.289
0.632
0.619
0.644
0.272
0.269
0.272
0.271
0.269
0.638
0.272
0.27
0.292
0.275
0.642
0.271
0.646
0.629
0.271
0.65
0.265
0.27
0.272
0.269
0.27
0.29
0.271
0.358
0.551
0.269
0.647
0.637
0.56
0.268
0.642
0.268
0.269
0.679
0.636
0.274
0.558
0.264
0.269
0.266
0.613
0.265
0.267
0.265
0.268
0.266
0.267
0.29
0.269
0.268
0.265
0.269
0.268
0.271
0.273
0.647
0.613
0.291
0.269
0.63
0.629
0.634
0.268
0.458
1.107
0.271
0.267
0.647
0.271
0.617
0.266
0.659
0.635
0.547
0.636
0.622
0.274
0.647
0.273
0.269
0.27
0.271
0.298
0.269
0.637
0.696
0.286
0.634
0.271
0.669
0.645
0.277
0.266
0.667
0.271
0.267
0.332
0.4
0.279
0.273
0.272
0.63
0.462
0.288
0.65
0.272
0.268
0.654
0.646
0.273
0.273
0.27
0.551
0.267
0.559
0.626
0.269
0.272
0.267
0.629
0.645
0.628
0.269
0.269
0.273
0.269
0.627
0.272
0.272
0.27
0.272
0.636
0.661
0.304
0.345
0.274
1.036
0.801
0.298
0.726
0.641
0.537
0.629
0.307
0.268
0.271
0.268
0.267
0.667
0.269
0.271
0.265
0.632
0.619
0.269
0.573
0.65
0.672
0.272
0.271
0.662
0.621
0.637
0.271
0.664
0.668
0.645
0.267
0.269
0.791
0.273
0.63
0.268
0.638
0.271
0.648
0.267
0.62
0.27
0.637
0.283
0.275
0.632
0.696
0.272
0.272
0.279
0.653
0.271
0.648
0.267
0.623
0.273
0.678
0.271
0.656
0.657
0.27
0.267
0.273
1.512
0.298
0.279
0.269
0.27
0.27
0.272
0.65
0.273
0.382
0.699
0.271
0.27
0.63
0.635
0.292
0.293
0.268
0.268
0.27
0.272
0.633
0.279
0.269
0.271
0.276
0.27
0.27
0.271
0.27
0.271
0.632
0.651
0.268
0.269
0.273
0.658
1.075
0.357
0.627
0.27
0.268
0.659
0.267
0.309
0.268
0.266
0.266
0.266
0.269
0.265
0.526
0.272
0.268
0.644
0.64
0.634
0.27
0.266
0.268
0.267
0.266
0.268
0.287
0.354
0.27
0.264
0.306
0.631
0.27
0.267
0.268
0.619
0.268
0.694
1.028
0.649
0.623
0.27
0.637
0.271
0.627
0.625
0.64
0.273
0.27
0.269
0.267
0.643
0.267
0.269
0.267
0.702
0.633
0.271
0.268
0.624
0.69
0.272
0.289
0.267
0.272
0.32
0.373
0.661
0.638
0.633
0.276
0.271
0.269
0.647
0.294
0.268
0.636
0.269
0.262
0.371
0.273
0.277
0.265
0.635
0.269
0.267
0.65
0.322
0.271
0.269
0.313
0.652
0.272
0.871
0.269
0.318
0.436
0.272
0.624
0.885
0.291
0.356
0.269
0.331
0.271
0.27
0.27
0.67
0.628
0.292
0.636
0.271
0.269
0.644
0.268
0.641
0.67
0.274
0.627
0.272
0.27
0.648
0.269
0.272
0.27
0.649
0.27
0.645
0.272
0.266
0.656
1.15
0.547
0.27
0.629
0.567
0.283
0.645
0.637
0.27
0.543
0.266
0.545
0.644
0.266
0.632
0.292
0.636
0.27
0.268
0.265
0.267
0.319
0.631
0.265
0.267
0.271
0.675
0.271
0.285
0.561
0.269
0.655
1.231
0.648
0.652
0.29
0.271
0.269
0.268
0.663
0.288
0.268
0.653
0.642
0.289
0.269
0.266
0.288
0.266
0.286
0.267
0.775
0.272
0.299
0.78
0.269
0.664
0.637
0.293
0.637
0.663
0.588
0.269
0.666
0.98
0.653
0.289
0.668
0.617
0.65
0.272
0.27
0.268
0.993
1.093
1.108
1.098
1.048
1.063
0.452
0.446
1.056
0.487
1.093
0.465
0.451
0.452
0.514
1.086
0.943
1.037
1.081
0.45
0.475
1.124
1.16
0.266
0.268
0.267
0.266
0.275
0.265
0.266
0.265
0.269
0.639
0.643
0.784
0.271
0.27
0.266
0.621
0.271
0.267
0.265
0.265
0.679
0.266
0.289
0.269
0.265
0.266
0.617
0.27
0.267
0.294
0.269
0.265
0.267
1.067
0.555
0.269
0.27
0.66
0.631
0.29
0.417
0.27
0.271
0.64
0.27
0.27
0.274
0.622
0.273
0.271
0.269
0.295
0.554
0.269
0.267
0.639
0.268
0.265
0.677
0.621
0.268
0.268
0.267
0.628
0.696
0.263
0.634
1.617
0.647
0.269
0.648
0.64
0.672
0.271
0.648
0.289
0.639
0.634
0.268
0.266
0.265
0.634
0.264
0.264
0.636
0.634
0.266
0.265
0.265
0.288
0.276
0.644
0.643
0.268
0.272
0.292
0.269
0.638
0.27
0.647
0.269
0.381
0.596
0.274
0.654
0.642
0.266
0.654
0.265
0.633
0.637
0.267
0.3
0.631
0.265
0.264
0.265
0.266
0.641
0.264
0.307
0.293
0.266
0.267
0.265
0.684
0.612
0.267
0.62
0.265
0.661
0.266
0.265
0.266
0.266
1.558
0.644
0.267
0.269
0.268
0.265
0.64
0.272
0.268
0.631
0.265
0.615
0.544
0.268
0.613
0.645
0.631
0.266
0.267
0.637
0.283
0.638
0.54
0.268
0.271
0.266
0.267
0.673
0.561
0.265
1.067
0.273
0.622
0.27
0.271
0.274
0.282
0.64
0.269
0.647
0.269
0.269
0.269
0.639
0.271
0.269
0.268
0.271
0.27
0.27
0.648
0.271
0.285
0.266
0.265
0.267
0.627
0.569
0.622
0.265
0.267
0.644
0.267
0.285
0.559
0.266
1.642
0.273
0.311
0.266
0.281
0.686
0.637
0.268
0.264
0.637
0.525
0.269
0.267
0.306
0.637
0.267
0.293
0.641
0.641
0.623
0.639
0.641
0.266
0.276
0.265
0.327
0.636
0.265
0.657
0.615
0.268
0.27
0.267
0.267
0.504
0.286
0.676
0.637
0.267
0.721
0.264
0.662
0.264
0.264
0.555
0.27
0.269
0.267
0.267
0.626
0.267
0.263
0.265
0.364
0.264
0.633
0.264
0.267
0.265
0.686
0.644
0.629
0.62
0.293
0.266
0.66
0.268
0.268
0.265
1.953
0.631
0.266
0.266
0.265
0.274
0.267
0.267
0.264
0.264
0.746
0.631
0.268
0.269
0.27
0.55
0.625
0.271
0.618
0.625
0.623
0.267
0.691
0.27
0.638
0.267
0.645
0.649
0.624
0.267
0.649
1.04
0.271
0.266
0.316
0.271
0.269
0.629
0.269
0.618
0.345
0.266
0.309
0.268
0.564
0.266
0.265
0.273
0.636
0.271
0.265
0.617
0.268
0.679
0.625
0.267
0.614
0.269
0.269
0.647
0.827
0.541
0.268
0.265
0.647
0.27
0.641
0.27
0.881
0.276
0.269
0.27
0.303
0.764
0.622
0.272
0.272
0.272
0.268
0.272
0.657
0.271
0.675
0.655
0.27
0.915
0.278
0.275
0.272
0.289
0.696
0.686
0.64
0.647
0.665
0.645
0.27
0.679
0.647
1.637
0.274
0.639
0.717
0.273
0.704
0.265
0.36
0.271
0.64
0.268
0.269
0.276
0.27
0.271
0.271
0.27
0.267
0.29
0.271
0.27
0.267
0.268
0.274
0.268
0.287
0.271
0.311
0.294
0.634
0.27
0.624
0.272
0.655
0.269
0.271
0.268
0.707
0.288
1.217
0.715
0.282
0.283
0.699
0.27
0.614
0.279
0.66
0.283
0.644
0.641
0.273
0.643
0.354
0.277
0.63
0.275
0.27
0.634
0.655
0.641
0.266
0.27
0.269
0.319
0.556
0.692
0.647
0.27
0.274
0.326
0.675
0.273
0.639
0.265
0.269
0.27
0.639
0.635
0.287
0.273
0.635
0.269
0.27
0.267
0.267
0.736
0.62
0.589
0.595
0.274
0.277
0.275
0.27
0.274
0.666
0.628
0.277
0.277
0.275
0.277
0.689
0.658
0.273
0.284
0.278
0.595
1.184
0.268
0.267
0.674
0.645
0.665
0.273
0.655
0.694
0.279
0.276
0.28
0.277
0.702
0.284
0.665
0.282
0.28
0.673
0.668
0.293
0.685
0.673
0.562
0.315
0.297
0.684
0.31
0.278
0.283
0.704
0.726
0.303
0.718
0.641
0.277
0.64
0.663
0.657
0.658
0.279
0.276
0.311
0.659
0.274
0.276
0.299
0.293
0.284
0.683
0.649
0.279
0.294
0.284
0.283
0.284
0.28
0.706
0.277
0.296
0.296
0.65
0.28
0.278
0.278
0.276
0.685
1.338
0.303
0.27
0.679
0.651
0.635
0.274
0.305
0.281
0.279
0.281
0.684
0.618
0.28
0.271
0.275
0.658
0.632
0.278
0.276
0.658
0.671
0.281
0.283
0.579
0.316
0.285
0.325
0.489
0.358
0.287
0.29
0.642
0.265
0.636
0.265
0.629
0.268
0.62
0.265
0.634
0.654
0.628
0.266
0.368
0.27
0.626
0.269
0.268
0.645
0.267
0.265
0.267
0.551
0.583
0.269
0.64
0.644
0.276
0.305
0.619
0.628
0.269
0.649
0.662
0.872
0.273
0.269
0.645
0.289
0.727
0.279
0.81
0.272
0.27
0.801
0.332
0.393
0.279
0.731
0.362
0.741
0.279
0.802
0.319
0.707
0.309
0.326
0.273
0.727
0.287
0.34
0.834
0.653
0.816
0.724
0.49
2.301
0.601
1.398
0.595
0.585
1.436
0.64
0.689
1.668
1.603
0.573
0.612
0.593
0.562
0.731
0.275
0.661
0.333
0.348
0.343
0.296
0.293
0.431
0.783
0.328
0.402
0.356
0.897
0.986
0.325
0.685
0.405
0.398
0.384
0.286
2.621
0.277
0.282
0.728
0.279
0.34
0.289
0.651
0.32
0.381
0.848
0.275
0.874
0.757
0.536
0.274
0.443
0.447
1.564
0.336
0.273
0.277
0.351
0.735
0.391
0.882
1.341
0.493
0.315
0.408
0.401
0.278
0.702
0.673
0.298
0.288
0.282
0.282
0.842
0.897
1.148
0.353
0.732
0.717
0.328
0.269
0.316
0.29
0.269
0.562
0.274
0.674
0.268
0.645
0.653
0.668
0.27
0.27
0.288
0.277
0.3
0.324
0.297
0.275
0.752
0.278
0.274
0.292
0.686
0.661
0.281
0.281
0.284
0.278
0.673
0.277
1.001
0.286
0.275
0.273
0.275
0.684
0.297
0.283
0.665
0.654
0.329
0.283
0.282
0.642
0.277
0.658
0.322
0.698
0.646
0.28
0.322
0.283
0.648
0.283
0.322
0.649
0.683
0.303
0.282
0.688
0.28
0.284
0.282
0.282
0.314
0.658
0.466
0.391
1.055
0.27
0.268
0.269
0.265
0.267
0.265
0.265
0.283
0.651
0.273
0.657
0.654
0.276
0.309
0.272
0.273
0.654
0.275
0.276
0.661
0.285
0.275
0.273
0.272
0.557
0.276
0.65
0.651
0.277
0.299
0.654
0.276
0.275
0.63
0.299
0.274
1.081
0.296
0.58
0.566
0.669
0.639
0.66
0.279
0.306
0.694
0.277
0.279
0.677
0.277
0.275
0.273
0.272
0.274
0.701
0.276
0.315
0.276
0.298
0.649
0.656
0.278
0.658
0.678
0.277
0.684
0.295
0.299
0.277
0.274
0.277
0.299
1.115
0.362
0.273
0.642
0.272
0.274
0.273
0.314
0.686
0.642
0.663
0.645
0.636
0.304
0.644
0.274
0.275
0.277
0.648
0.304
0.274
0.274
0.272
0.274
0.275
0.275
0.668
0.649
0.271
0.295
0.662
0.271
0.632
0.273
0.313
0.643
1.43
0.688
0.276
0.689
0.276
0.673
0.277
0.279
0.678
0.3
0.277
0.648
0.277
0.274
0.665
0.275
0.28
0.652
0.294
0.729
0.301
0.668
0.696
0.296
0.281
0.703
0.298
0.299
0.302
0.277
0.902
0.796
0.311
0.28
0.276
0.674
0.281
0.281
0.274
0.278
0.278
0.279
0.275
0.669
0.637
0.283
0.662
0.646
0.278
0.274
0.273
0.66
0.276
0.31
0.654
0.274
0.277
0.278
0.672
0.274
0.653
0.656
0.279
0.272
0.642
0.269
0.269
0.643
1.034
0.296
0.677
0.269
0.265
0.265
0.272
0.3
0.657
0.275
0.642
0.269
0.268
0.265
0.658
0.266
0.266
0.266
0.264
0.267
0.266
0.299
0.621
0.267
0.267
0.267
0.264
0.571
0.266
0.548
0.268
0.617
0.281
1.078
0.39
1.039
1.246
0.439
0.274
0.272
0.313
0.282
0.278
0.276
0.655
0.275
0.348
0.55
0.272
0.316
0.298
0.352
0.653
0.279
0.27
0.387
0.295
0.276
0.272
0.273
0.67
0.291
0.273
0.27
0.333
0.269
0.274
0.274
0.276
0.655
0.278
0.286
0.272
0.28
0.275
1.985
0.275
0.274
0.636
0.274
0.273
0.29
0.303
0.28
0.854
0.298
0.335
0.292
0.273
0.276
0.647
0.653
0.649
0.271
0.271
0.268
0.268
0.272
0.269
0.298
0.551
0.269
0.273
0.653
0.269
0.27
0.291
0.649
0.27
0.271
0.313
0.556
0.686
0.353
1.125
1.103
0.271
0.27
0.646
0.264
0.617
0.268
0.347
0.261
0.643
0.27
0.264
0.666
0.262
0.549
0.632
0.267
0.612
0.264
0.266
0.626
0.731
0.631
0.64
0.646
0.622
0.267
1.604
0.28
0.276
0.271
0.637
0.661
0.626
0.265
0.268
0.621
0.647
0.272
0.27
0.542
0.272
0.619
0.271
0.667
0.64
0.268
0.267
0.272
0.63
0.611
0.268
0.643
0.636
0.266
0.27
0.294
0.267
0.268
0.263
0.266
0.266
0.266
0.269
0.44
1.08
0.267
0.271
0.265
0.655
0.267
0.288
0.277
0.729
0.663
0.287
0.671
0.291
0.27
0.294
0.268
0.634
0.293
0.626
0.287
0.266
0.271
0.266
0.648
0.305
0.32
0.267
0.267
0.264
0.662
0.271
0.268
0.272
0.269
0.553
0.582
0.267
0.681
0.266
0.269
0.266
0.27
0.268
0.266
0.644
0.273
0.651
0.268
0.266
0.268
0.268
0.297
0.273
0.625
0.647
0.27
0.269
0.269
0.621
0.27
0.644
0.269
0.271
0.268
0.269
0.743
0.266
0.273
0.267
0.647
0.272
0.674
1.047
0.646
0.642
0.64
0.266
0.642
0.637
0.268
0.644
0.566
0.641
0.277
0.274
0.271
0.641
0.276
0.718
0.632
0.267
0.632
0.618
0.66
0.649
0.632
0.309
0.275
0.639
0.671
0.642
0.686
0.274
0.271
0.267
0.272
0.64
0.274
0.578
0.667
0.686
0.727
0.288
0.654
0.663
0.292
0.276
0.641
0.277
0.659
0.687
0.656
0.678
0.278
0.277
0.273
0.647
0.277
0.655
0.315
0.638
0.274
0.277
0.348
0.36
0.578
0.283
0.274
0.276
0.287
0.277
0.28
0.275
0.292
0.65
0.282
0.665
0.377
0.608
0.675
0.641
0.275
0.276
0.276
0.682
0.284
0.662
0.675
0.681
0.273
0.681
0.664
0.679
0.276
0.673
0.671
0.296
0.277
0.47
0.808
0.3
0.654
0.271
0.271
0.27
0.267
0.644
0.687
0.3
0.655
0.574
0.624
0.282
0.269
0.625
0.617
0.348
0.271
0.268
0.263
0.653
0.578
0.286
0.283
0.284
0.658
0.667
0.658
0.277
0.294
0.532
1.521
0.283
0.273
0.269
0.268
0.268
0.634
0.646
0.267
0.269
0.674
0.279
0.283
0.284
0.286
0.311
0.274
0.277
0.278
0.283
0.279
0.276
0.647
0.277
0.642
0.279
0.71
0.642
0.593
0.28
0.273
0.276
0.666
0.671
0.624
0.753
0.301
0.346
0.645
0.29
0.264
0.661
0.288
0.264
0.288
0.267
0.274
0.269
0.269
0.266
0.628
0.284
0.625
0.274
0.268
0.265
0.653
0.269
0.656
0.744
0.29
0.269
0.267
0.65
0.27
0.268
0.285
0.29
0.669
0.27
0.289
0.304
0.266
0.268
0.639
0.799
0.269
0.273
0.644
0.266
0.554
0.262
0.268
0.266
0.263
0.266
0.264
0.642
0.264
0.69
0.266
0.265
0.661
0.267
0.763
0.641
0.562
0.641
0.27
0.285
0.635
0.268
0.617
0.663
0.638
0.648
0.8
0.981
0.638
0.266
0.265
0.267
0.266
0.266
0.27
0.269
0.268
0.263
0.709
0.617
0.268
0.27
0.265
0.267
0.269
0.264
0.268
0.27
0.651
0.268
0.313
0.269
0.623
0.27
0.267
0.264
0.631
0.317
0.359
0.374
0.641
0.265
0.333
0.638
0.699
0.545
0.69
0.321
0.629
0.641
0.579
0.276
0.646
0.653
0.633
0.722
0.657
0.682
0.644
0.634
0.633
0.271
0.269
0.268
0.269
0.272
0.623
0.639
0.27
0.383
0.271
0.322
0.271
0.27
0.683
0.269
0.646
0.662
0.269
0.488
0.903
0.28
0.309
0.654
0.265
0.266
0.65
0.694
0.628
0.266
0.677
0.276
0.702
0.66
0.275
0.29
0.282
0.291
0.277
0.675
0.276
0.275
0.293
0.686
0.669
0.311
0.272
0.273
0.291
0.286
0.298
0.275
0.293
0.571
0.304
0.28
1.519
0.648
0.636
0.29
0.748
0.304
0.732
0.278
0.681
0.277
0.311
0.279
0.276
0.278
0.687
0.297
0.276
0.68
0.277
0.297
0.69
0.287
0.297
0.673
0.706
0.631
0.301
0.665
0.683
0.295
0.3
0.3
0.66
0.695
0.282
1.476
0.651
0.554
0.272
0.269
0.642
0.639
0.632
0.538
0.284
0.63
0.268
0.271
0.613
0.271
0.651
0.313
0.668
0.635
0.338
0.273
0.273
0.632
0.271
0.552
0.395
0.621
0.651
0.273
0.663
0.627
0.643
0.509
0.888
0.633
0.269
0.636
0.265
0.641
0.631
0.668
0.63
0.669
0.653
0.629
0.613
0.67
0.635
0.269
0.272
0.269
0.635
0.269
0.266
0.272
0.266
0.265
0.267
0.554
0.564
0.626
0.305
0.267
0.265
0.269
0.266
0.278
1.415
0.273
0.272
0.268
0.269
0.271
0.65
0.632
0.273
0.288
0.271
0.268
0.627
0.641
0.268
0.31
0.64
0.638
0.622
0.647
0.657
0.274
0.272
0.269
0.268
0.64
0.27
0.56
0.27
0.751
0.622
0.271
0.672
0.639
0.628
0.544
0.339
0.681
0.271
0.664
0.64
0.268
0.268
0.261
0.637
0.66
0.267
0.284
0.263
0.69
0.266
0.283
0.637
0.265
0.379
0.262
0.303
0.661
0.272
0.669
0.266
0.266
0.646
0.267
0.676
0.64
0.268
0.286
0.611
0.292
0.651
0.267
0.272
0.654
0.937
0.338
0.653
0.292
0.67
0.267
0.658
0.584
0.646
0.286
0.641
0.638
0.267
0.558
0.27
0.294
0.639
0.659
0.266
0.645
0.652
0.302
0.642
0.271
0.271
0.294
0.654
0.633
0.634
0.325
0.267
1.087
0.638
0.266
0.269
0.266
0.298
0.625
0.266
0.265
0.266
0.621
0.627
0.267
0.266
0.293
0.266
0.265
0.267
0.264
0.266
0.616
0.268
0.636
0.267
0.274
0.806
0.289
0.622
0.622
0.268
0.663
0.266
0.267
0.267
0.268
0.269
0.268
0.787
0.49
0.277
0.28
0.629
0.267
0.267
0.267
0.64
0.266
0.693
0.627
0.271
0.622
0.269
0.268
0.432
0.267
0.268
0.271
0.266
0.266
0.265
0.271
0.69
0.647
0.625
0.27
0.268
0.265
0.264
0.639
0.303
0.289
0.269
0.27
0.618
0.268
0.27
0.273
0.468
0.75
0.489
0.272
0.273
0.27
0.271
0.651
0.657
0.267
0.268
0.266
0.629
0.635
0.271
0.641
0.266
0.669
0.267
0.275
0.27
0.271
0.626
0.27
0.269
0.273
0.269
0.294
0.632
0.668
0.269
0.267
0.672
0.267
0.267
0.467
0.653
0.277
1.73
0.647
0.271
0.27
0.293
0.271
0.691
0.267
0.644
0.305
0.271
0.331
0.273
0.268
0.662
0.268
0.268
0.288
0.272
0.27
