920
920
920
920
920
920
920
920
920
920
920
920
920
920
920
920
920
920
920
920
920
920
920
920
920
920
920
920
920
920
920
920
920
920
920
920
920
920
920
920
920
920
920
920
920
920
920
920
920
920
920
920
920
920
920
920
920
920
920
920
920
920
920
920
920
920
920
920
920
920
920
920
920
920
920
920
920
920
920
920
920
920
920
920
920
920
920
920
920
920
920
920
920
920
920
920
920
920
920
920
920
920
920
920
920
920
920
920
920
920
920
920
920
920
920
920
920
920
920
920
920
920
920
920
920
920
920
920
920
920
920
920
920
920
920
920
920
920
920
920
920
920
920
920
920
920
920
920
920
920
920
920
920
920
920
920
920
920
920
920
920
920
920
920
920
920
920
920
920
920
920
920
920
920
920
920
920
920
920
920
920
920
920
920
920
920
920
920
920
920
920
920
920
920
920
920
920
920
920
920
920
920
920
920
920
920
920
920
920
920
920
920
920
920
920
920
920
920
920
920
920
920
920
920
920
920
920
920
920
920
920
920
920
920
920
920
920
920
920
920
920
920
920
920
920
920
920
920
920
920
920
920
920
920
920
920
920
920
920
920
920
920
920
920
920
920
920
920
920
920
920
920
920
920
920
920
920
920
920
920
920
920
920
920
920
920
920
920
920
920
920
920
920
920
920
920
920
920
920
920
920
920
920
920
920
920
920
920
920
920
920
920
920
920
920
920
920
920
920
920
920
920
920
920
920
920
920
920
920
920
920
920
920
920
920
920
920
920
920
920
920
920
920
920
920
920
920
920
920
920
920
920
920
920
920
920
920
920
920
920
920
920
920
920
920
920
920
920
920
920
920
920
920
920
920
920
920
920
920
920
920
920
920
920
920
920
920
920
920
920
920
920
920
920
920
920
920
920
920
920
920
920
920
920
920
920
920
920
920
920
920
920
920
920
920
920
920
920
920
920
920
920
920
920
920
920
920
920
920
920
920
920
920
920
920
920
920
920
920
920
920
920
920
920
920
920
920
920
920
920
920
920
920
920
920
920
920
920
920
920
920
920
920
920
920
920
920
920
920
920
920
920
920
920
920
920
920
920
920
920
920
920
920
920
920
920
920
920
920
920
920
920
920
920
920
920
920
920
920
920
920
920
920
920
920
920
920
920
920
920
920
920
920
920
920
920
920
920
920
920
920
920
920
920
920
920
920
920
920
920
920
920
920
920
920
920
920
920
920
920
920
920
920
920
920
920
920
920
920
920
920
920
920
920
920
920
920
920
920
920
920
920
920
920
920
920
920
920
920
920
920
920
920
920
920
920
920
920
920
920
920
920
920
920
920
920
920
920
920
920
920
920
920
920
920
920
920
920
920
920
920
920
920
920
920
920
920
920
920
920
920
920
920
920
920
920
920
920
920
920
920
920
920
920
920
920
920
920
920
920
920
920
920
920
920
920
920
920
920
920
920
920
920
920
920
920
920
920
920
920
920
920
920
920
920
920
920
920
920
920
920
920
920
920
920
920
920
920
920
920
920
920
920
920
920
920
920
920
920
920
920
920
920
920
920
920
920
920
920
920
920
920
920
920
920
920
920
920
920
920
920
920
920
920
920
920
920
920
920
920
920
920
920
920
920
920
920
920
920
920
920
920
920
920
920
920
920
920
920
920
920
920
920
920
920
920
920
920
920
920
920
920
920
920
920
920
920
920
920
920
920
920
920
920
920
920
920
920
920
920
920
920
920
920
920
920
920
920
920
920
920
920
920
920
920
920
920
920
920
920
920
920
920
920
920
920
920
920
920
920
920
920
920
920
920
920
920
920
920
920
920
920
920
920
920
920
920
920
920
920
920
920
920
920
920
920
920
920
920
920
920
920
920
920
920
920
920
920
920
920
920
920
920
920
920
920
920
920
920
920
920
920
920
920
920
920
920
920
920
920
920
920
920
920
920
920
920
920
920
920
920
920
920
920
920
920
920
920
920
920
920
920
920
920
920
920
920
920
920
920
920
920
920
920
920
920
920
920
920
920
920
920
920
920
920
920
920
920
920
920
920
920
920
920
920
920
920
920
920
920
920
920
920
920
920
920
920
920
920
920
920
920
920
920
920
920
920
920
920
920
920
920
920
920
920
920
920
920
920
920
920
920
920
920
920
920
920
920
920
920
920
920
920
920
920
920
920
920
920
920
920
920
920
920
920
920
920
920
920
920
920
920
920
920
920
920
920
920
920
920
920
920
920
920
920
920
920
920
920
920
920
920
920
920
920
920
920
920
920
920
920
920
920
920
920
920
920
920
920
920
920
920
920
920
920
920
920
920
920
920
920
920
920
920
920
920
920
920
920
920
920
920
920
920
920
920
920
920
920
920
920
920
920
920
920
920
920
920
920
920
920
920
920
920
920
920
920
920
920
920
920
920
920
920
920
920
920
920
920
920
920
920
920
920
920
920
920
920
920
920
920
920
920
920
920
920
920
920
920
920
920
920
920
920
920
920
920
920
920
920
920
920
920
920
920
920
920
920
920
920
920
920
920
920
920
920
920
920
920
920
920
920
920
920
920
920
920
920
920
920
920
920
920
920
920
920
920
920
920
920
920
920
920
920
920
920
920
920
920
920
920
920
920
920
920
920
920
920
920
920
920
920
920
920
920
920
920
920
920
920
920
920
920
920
920
920
920
920
920
920
920
920
920
920
920
920
920
920
920
920
920
920
920
920
920
920
920
920
920
920
920
920
920
920
920
920
920
920
920
920
920
920
920
920
920
920
920
920
920
920
920
920
920
920
920
920
920
920
920
920
920
920
920
920
920
920
920
920
920
920
920
920
920
920
920
920
920
920
920
920
920
920
920
920
920
920
920
920
920
920
920
920
920
920
920
920
920
920
920
920
920
920
920
920
920
920
920
920
920
920
920
920
920
920
920
920
920
920
920
920
920
920
920
920
920
920
920
920
920
920
920
920
920
920
920
920
920
920
920
920
920
920
920
920
920
920
920
920
920
920
920
920
920
920
920
920
920
920
920
920
920
920
920
920
920
920
920
920
920
920
920
920
920
920
920
920
920
920
920
920
920
920
920
920
920
920
920
920
920
920
920
920
920
920
920
920
920
920
920
920
920
920
920
920
920
920
920
920
920
920
920
920
920
920
920
920
920
920
920
920
920
920
920
920
920
920
920
920
920
920
920
920
920
920
920
920
920
920
920
920
920
920
920
920
920
920
920
920
920
920
920
920
920
920
920
920
920
920
920
920
920
920
920
920
920
920
920
920
920
920
920
920
920
920
920
920
920
920
920
920
920
920
920
920
920
920
920
920
920
920
920
920
920
920
920
920
920
920
920
920
920
920
920
920
920
920
920
920
920
920
920
920
920
920
920
920
920
920
920
920
920
920
920
920
920
920
920
920
920
920
920
920
920
920
920
920
920
920
920
920
920
920
920
920
920
920
920
920
920
920
920
920
920
920
920
920
920
920
920
920
920
920
920
920
920
920
920
920
920
920
920
920
920
920
920
920
920
920
920
920
920
920
920
920
920
920
920
920
920
920
920
920
920
920
920
920
920
920
920
920
920
920
920
920
920
920
920
920
920
920
920
920
920
920
920
920
920
920
920
920
920
920
920
920
920
920
920
920
920
920
920
920
920
920
920
920
920
920
920
920
920
920
920
920
920
920
920
920
920
920
920
920
920
920
920
920
920
920
920
920
920
920
920
920
920
920
920
920
920
920
920
920
920
920
920
920
920
920
920
920
920
920
920
920
920
920
920
920
920
920
920
920
920
920
920
920
920
920
920
920
920
920
920
920
920
920
920
920
920
920
920
920
920
920
920
920
920
920
920
920
920
920
920
920
920
920
920
920
920
920
920
920
920
920
920
920
920
920
920
920
920
920
920
920
920
920
920
920
920
920
920
920
920
920
920
920
920
920
920
920
920
920
920
920
920
920
920
920
920
920
920
920
920
920
920
920
920
920
920
920
920
920
920
920
920
920
920
920
920
920
920
920
920
920
920
920
920
920
920
920
920
920
920
920
920
920
920
920
920
920
920
920
920
920
920
920
920
920
920
920
920
920
920
920
920
920
920
920
920
920
920
920
920
920
920
920
920
920
920
920
920
920
920
920
920
920
920
920
920
920
920
920
920
920
920
920
920
920
920
920
920
920
920
920
920
920
920
920
920
920
920
920
920
920
920
920
920
920
920
920
920
920
920
920
920
920
920
920
920
920
920
920
920
920
920
920
920
920
920
920
920
920
920
920
920
920
920
920
920
920
920
920
920
920
920
920
920
920
920
920
920
920
920
920
920
920
920
920
920
920
920
920
920
920
920
920
920
920
920
920
920
920
920
920
920
920
920
920
920
920
920
920
920
920
920
920
920
920
920
920
920
920
920
920
920
920
920
920
920
920
920
920
920
920
920
920
920
920
920
920
920
920
920
920
920
920
920
920
920
920
920
920
920
920
920
920
920
920
920
920
920
920
920
920
920
920
920
920
920
920
920
920
920
920
920
920
920
920
920
920
920
920
920
920
920
920
920
920
920
920
920
920
920
920
920
920
920
920
920
920
920
920
920
920
920
920
920
920
920
920
920
920
920
920
920
920
920
920
920
920
920
920
920
920
920
920
920
920
920
920
920
920
920
920
920
920
920
920
920
920
920
920
920
920
920
920
920
920
920
920
920
920
920
920
920
920
920
920
920
920
920
920
920
920
920
920
920
920
920
920
920
920
920
920
920
920
920
920
920
920
920
920
920
920
920
920
920
920
920
920
920
920
920
920
920
920
920
920
920
920
920
920
920
920
920
920
920
920
920
920
920
920
920
920
920
920
920
920
920
920
920
920
920
920
920
920
920
920
920
920
920
920
920
920
920
920
920
920
920
920
920
920
920
920
920
920
920
920
920
920
920
920
920
920
920
920
920
920
920
920
920
920
920
920
920
920
920
920
920
920
920
920
920
920
920
920
920
920
920
920
920
920
920
920
920
920
920
920
920
920
920
920
920
920
920
920
920
920
920
920
920
920
920
920
920
920
920
920
920
920
920
920
920
920
920
920
920
920
920
920
920
920
920
920
920
920
920
920
920
920
920
920
920
920
920
920
920
920
920
920
920
920
920
920
920
920
920
920
920
920
920
920
920
920
920
920
920
920
920
920
920
920
920
920
920
920
920
920
920
920
920
920
920
920
920
920
920
920
920
920
920
920
920
920
920
920
920
920
920
920
920
920
920
920
920
920
920
920
920
920
920
920
920
920
920
920
920
920
920
920
920
920
920
920
920
920
920
920
920
920
920
920
920
920
920
920
920
920
920
920
920
920
920
920
920
920
920
920
920
920
920
920
920
920
920
920
920
920
920
920
920
920
920
920
920
920
920
920
920
920
920
920
920
920
920
920
920
920
920
920
920
920
920
920
920
920
920
920
920
920
920
920
920
920
920
920
920
920
920
920
920
920
920
920
920
920
920
920
920
920
920
920
920
920
920
920
920
920
920
920
920
920
920
920
920
920
920
920
920
920
920
920
920
920
920
920
920
920
920
920
920
920
920
920
920
920
920
920
920
920
920
920
920
920
920
920
920
920
920
920
920
920
920
920
920
920
920
920
920
920
920
920
920
920
920
920
920
920
920
920
920
920
920
920
920
920
920
920
920
920
920
920
920
920
920
920
920
920
920
920
920
920
920
920
920
920
920
920
920
920
920
920
920
920
920
920
920
920
920
920
920
920
920
920
920
920
920
920
920
920
920
920
920
920
920
920
920
920
920
920
920
920
920
920
920
920
920
920
920
920
920
920
920
920
920
920
920
920
920
920
920
920
920
920
920
920
920
920
920
920
920
920
920
920
920
920
920
920
920
920
920
920
920
920
920
920
920
920
920
920
920
920
920
920
920
920
920
920
920
920
920
920
920
920
920
920
920
920
920
920
920
920
920
920
920
920
920
920
920
920
920
920
920
920
920
920
920
920
920
920
920
920
920
920
920
920
920
920
920
928
928
928
928
928
928
928
928
928
928
928
928
928
928
928
928
928
928
928
928
928
928
928
928
928
928
928
928
928
928
928
928
928
928
928
928
928
928
928
928
928
928
928
928
928
928
928
928
928
928
928
928
928
928
928
928
928
928
928
928
928
928
928
928
928
928
928
928
928
928
928
928
928
928
928
928
928
928
928
928
928
928
928
928
928
928
928
928
928
928
928
928
928
928
928
928
928
928
928
928
928
928
928
928
928
928
928
928
928
928
928
928
928
928
928
928
928
928
928
928
928
928
928
928
928
928
928
928
928
928
928
928
928
928
928
928
928
928
928
928
928
928
928
928
928
928
928
928
928
928
928
928
928
928
928
928
928
928
928
928
928
928
928
928
928
928
928
928
928
928
928
928
928
928
928
928
928
928
928
928
928
928
928
928
928
928
928
928
928
928
928
928
928
928
928
928
928
928
928
928
928
928
928
928
928
928
928
928
928
928
928
928
928
928
928
928
928
928
928
928
928
928
928
928
928
928
928
928
928
928
928
928
928
928
928
928
928
928
928
928
928
928
928
928
928
928
928
928
928
928
928
928
928
928
928
928
928
928
928
928
928
928
928
928
928
928
928
928
928
928
928
928
928
928
928
928
928
928
928
928
928
928
928
928
928
928
928
928
928
928
928
928
928
928
928
928
928
928
928
928
928
928
928
928
928
928
928
928
928
928
928
928
928
928
928
928
928
928
928
928
928
928
928
928
928
928
928
928
928
928
928
928
928
928
928
928
928
928
928
928
928
928
928
928
928
928
928
928
928
928
928
928
928
928
928
928
928
928
928
928
928
928
928
928
928
928
928
928
928
928
928
928
928
928
928
928
928
928
928
928
928
928
928
928
928
928
928
928
928
928
928
928
928
928
928
928
928
928
928
928
928
928
928
928
928
928
928
928
928
928
928
928
928
928
928
928
928
928
928
928
928
928
928
928
928
928
928
928
928
928
928
928
928
928
928
928
928
928
928
928
928
928
928
928
928
928
928
928
928
928
928
928
928
928
928
928
928
928
928
928
928
928
928
928
928
928
928
928
928
928
928
928
928
928
928
928
928
928
928
928
928
928
928
928
928
928
928
928
928
928
928
928
928
928
928
928
928
928
928
928
928
928
928
928
928
928
928
928
928
928
928
928
928
928
928
928
928
928
928
928
928
928
928
928
928
928
928
928
928
928
928
928
928
928
928
928
928
928
928
928
928
928
928
928
928
928
928
928
928
928
928
928
928
928
928
928
928
928
928
928
928
928
928
928
928
928
928
928
928
928
928
928
928
928
928
928
928
928
928
928
928
928
928
928
928
928
928
928
928
928
928
928
928
928
928
928
928
928
928
928
928
928
928
928
928
928
928
928
928
928
928
928
928
928
928
928
928
928
928
928
928
928
928
928
928
928
928
928
928
928
928
928
928
928
928
928
928
928
928
928
928
928
928
928
928
928
928
928
928
928
928
928
928
928
928
928
928
928
928
928
928
928
928
928
928
928
928
928
928
928
928
928
928
928
928
928
928
928
928
928
928
928
928
928
928
928
928
928
928
928
928
928
928
928
928
928
928
928
928
928
928
928
928
928
928
928
928
928
928
928
928
928
928
928
928
928
928
928
928
928
928
928
928
928
928
928
928
928
928
928
928
928
928
928
928
928
928
928
928
928
928
928
928
928
928
928
928
928
928
928
928
928
928
928
928
928
928
928
928
928
928
928
928
928
928
928
928
928
928
928
928
928
928
928
928
928
928
928
928
928
928
928
928
928
928
928
928
928
928
928
928
928
928
928
928
928
928
928
928
928
928
928
928
928
928
928
928
928
928
928
928
928
928
928
928
928
928
928
928
928
928
928
928
928
928
928
928
928
928
928
928
928
928
928
928
928
928
928
928
928
928
928
928
928
928
928
928
928
928
928
928
928
928
928
928
928
928
928
928
928
928
928
928
928
928
928
928
928
928
928
928
928
928
928
928
928
928
928
928
928
928
928
928
928
928
928
928
928
928
928
928
928
928
928
928
928
928
928
928
928
928
928
928
928
928
928
928
928
928
928
928
928
928
928
928
928
928
928
928
928
928
928
928
928
928
928
928
928
928
928
928
928
928
928
928
928
928
928
928
928
928
928
928
928
928
928
928
928
928
928
928
928
928
928
928
928
928
928
928
928
928
928
928
928
928
928
928
928
928
928
928
928
928
928
928
928
928
928
928
928
928
928
928
928
928
928
928
928
928
928
928
928
928
928
928
928
928
928
928
928
928
928
928
928
928
928
928
928
928
928
928
928
928
928
928
928
928
928
928
928
928
928
928
928
928
928
928
928
928
928
928
928
928
928
928
928
928
928
928
928
928
928
928
928
928
928
928
928
928
928
928
928
928
928
928
928
928
928
928
928
928
928
928
928
928
928
928
928
928
928
928
928
928
928
928
928
928
928
928
928
928
928
928
928
928
928
928
928
928
928
928
928
928
928
928
928
928
928
928
928
928
928
928
928
928
928
928
928
928
928
928
928
928
928
928
928
928
928
928
928
928
928
928
928
928
928
928
928
928
928
928
928
928
928
928
928
928
928
928
928
928
928
928
928
928
928
928
928
928
928
928
928
928
928
928
928
928
928
928
928
928
928
928
928
928
928
928
928
928
928
928
928
928
928
928
928
928
928
928
928
928
928
928
928
928
928
928
928
928
928
928
928
928
928
928
928
928
928
928
928
928
928
928
928
928
928
928
928
928
928
928
928
928
928
928
928
928
928
928
928
928
928
928
928
928
928
928
928
928
928
928
928
928
928
928
928
928
928
928
928
928
928
928
928
928
928
928
928
928
928
928
928
928
928
928
928
928
928
928
928
928
928
928
928
928
928
928
928
928
928
928
928
928
928
928
928
928
928
928
928
928
928
928
928
928
928
928
928
928
928
928
928
928
928
928
928
928
928
928
928
928
928
928
928
928
928
928
928
928
928
928
928
928
928
928
928
928
928
928
928
928
928
928
928
928
928
928
928
928
928
928
928
928
928
928
928
928
928
928
928
928
928
928
928
928
928
928
928
928
928
928
928
928
928
928
928
928
928
928
928
928
928
928
928
928
928
928
928
928
928
928
928
928
928
928
928
928
928
928
928
928
928
928
928
928
928
928
928
928
928
928
928
928
928
928
928
928
928
928
928
928
928
928
928
928
928
928
928
928
928
928
928
928
928
928
928
928
928
928
936
936
936
936
936
936
936
936
936
936
936
936
936
936
936
936
936
936
936
936
944
944
944
944
944
944
944
944
944
944
944
944
944
944
944
944
944
944
944
944
944
944
944
944
944
944
944
944
944
944
944
944
944
944
944
944
944
944
944
944
944
944
944
944
944
944
952
952
952
952
952
952
952
960
960
960
960
960
960
960
960
960
960
960
960
960
960
960
960
960
960
960
960
960
960
960
960
960
960
960
960
960
960
960
960
960
960
960
960
960
960
960
960
960
960
960
960
960
960
960
960
960
960
960
960
960
960
960
960
960
960
960
960
960
960
960
960
960
960
960
960
960
960
960
960
960
960
960
960
960
960
960
960
960
960
960
960
960
960
960
960
960
960
960
960
960
960
960
960
960
960
960
960
960
960
960
960
960
960
960
960
960
960
960
960
960
960
960
960
960
960
960
960
960
960
960
960
960
960
960
960
960
960
960
960
960
960
960
960
960
960
960
960
960
960
960
960
960
960
960
960
960
960
960
960
960
960
960
960
960
960
960
960
960
960
960
960
960
960
960
960
960
960
960
960
960
960
960
960
960
960
960
960
960
960
960
960
960
960
960
960
960
960
960
960
960
960
960
960
960
960
960
960
960
960
960
960
960
960
960
960
960
960
960
960
960
960
960
960
960
960
960
960
960
960
960
960
960
960
960
960
960
960
960
960
960
960
960
960
960
960
960
960
960
960
960
960
960
960
960
960
960
960
960
960
960
960
960
960
960
960
960
960
960
960
960
960
960
960
960
960
960
960
960
960
960
960
960
960
960
960
960
960
960
960
960
960
960
960
960
960
960
960
960
960
960
960
960
960
960
960
960
960
960
960
960
960
960
960
960
960
960
960
960
960
960
960
960
960
960
960
960
960
960
960
960
960
960
960
960
960
960
960
960
960
960
960
960
968
968
968
968
968
968
968
968
968
968
968
968
968
968
968
968
968
968
968
968
968
968
968
968
968
968
968
968
968
968
968
968
968
968
968
968
968
968
968
968
968
968
968
968
968
968
968
968
968
968
968
968
968
968
968
968
968
968
968
968
968
968
968
968
968
968
968
968
968
968
968
968
968
968
968
968
968
968
968
968
968
968
968
968
968
968
968
968
968
968
968
968
968
968
968
968
968
968
968
968
968
968
968
968
968
968
968
968
968
968
968
968
968
968
968
968
968
968
968
968
968
968
976
976
976
976
976
976
976
976
976
976
976
976
976
976
976
976
976
976
976
976
976
976
976
984
984
984
984
984
984
984
984
984
984
984
984
984
984
984
984
984
984
984
984
984
984
984
984
984
984
984
984
984
984
984
984
984
984
984
984
984
984
984
984
984
984
984
984
984
984
984
984
984
984
984
984
984
984
984
984
984
984
984
984
984
984
984
984
984
984
984
984
984
984
984
984
984
984
984
984
984
984
984
984
984
984
984
984
984
984
984
984
984
984
984
984
984
984
984
984
984
984
984
984
984
984
984
984
984
984
984
984
984
984
984
984
984
984
984
984
984
984
984
984
984
984
984
984
984
984
984
984
984
984
984
984
984
984
984
984
992
992
992
992
992
992
992
992
992
992
992
992
992
992
992
992
992
992
992
992
992
992
992
992
992
992
992
992
992
992
992
992
992
992
992
992
992
992
992
992
992
992
992
992
992
992
992
992
992
992
992
992
992
992
992
992
992
992
992
992
992
992
992
992
992
992
992
992
992
992
992
992
992
992
992
992
992
992
992
992
992
992
992
992
992
992
992
992
992
992
992
992
992
992
992
992
992
992
992
992
992
992
992
992
992
992
1000
1000
1000
1000
1000
1000
1000
1000
1000
1000
1000
1000
1000
1000
1000
1000
1000
1000
1000
1000
1000
1000
1000
1000
1000
1000
1000
1000
1000
1000
1000
1000
1000
1000
1000
1000
1000
1000
1000
1000
1000
1000
1000
1000
1000
1000
1000
1000
1000
1000
1008
1008
1008
1008
1008
1008
1008
1008
1008
1016
1016
1016
1016
1016
1016
1016
1024
1024
1024
1024
1024
1024
1024
1024
1024
1024
1024
1024
1024
1024
1024
1024
1024
1024
1024
1024
1024
1024
1024
1024
1024
1024
1024
1024
1024
1024
1024
1024
1024
1024
1024
1024
1024
1024
1024
1024
1024
1024
1024
1024
1024
1024
1024
1024
1024
1024
1024
1024
1024
1024
1024
1024
1024
1024
1024
1024
1024
1024
1024
1024
1024
1024
1024
1024
1024
1024
1024
1024
1024
1024
1024
1024
1024
1024
1024
1024
1024
1024
1024
1024
1024
1024
1024
1024
1024
1024
1024
1024
1024
1024
1024
1024
1024
1024
1024
1024
1024
1024
1024
1024
1024
1024
1024
1024
1024
1024
1024
1024
1024
1024
1024
1024
1024
1024
1024
1024
1024
1024
1024
1024
1024
1024
1024
1024
1024
1024
1024
1024
1024
1024
1024
1024
1024
1024
1024
1024
1024
1024
1024
1024
1024
1024
1024
1024
1024
1024
1024
1024
1024
1024
1024
1024
1024
1024
1024
1024
1024
1024
1024
1024
1024
1024
1024
1024
1024
1024
1024
1016
1016
1016
1016
1016
1016
1016
1016
1016
1016
1016
1016
1016
1016
1016
1016
1016
1016
1016
1016
1016
1016
1016
1016
1016
1016
1016
1016
1016
1016
1016
1016
1016
1016
1016
1016
1016
1016
1016
1016
1016
1016
1016
1016
1016
1016
1016
1016
1016
1016
1016
1016
1016
1016
1016
1024
1024
1024
1024
1024
1024
1024
1024
1024
1032
1032
1032
1032
1032
1032
1032
1032
1032
1032
1032
1032
1032
1032
1032
1032
1032
1032
1032
1032
1032
1032
1032
1032
1032
1040
1040
1040
1040
1040
1040
1040
1040
1040
1040
1040
1040
1040
1040
1040
1040
1040
1040
1040
1040
1040
1040
1040
1040
1040
1040
1040
1040
1040
1040
1040
1040
1040
1040
1040
1040
1040
1040
1040
1040
1040
1040
1040
1040
1040
1040
1040
1040
1040
1040
1040
1040
1040
1040
1040
1040
1040
1040
1040
1040
1040
1040
1040
1040
1040
1040
1040
1040
1040
1040
1040
1040
1040
1040
1040
1040
1040
1040
1040
1040
1040
1040
1040
1040
1040
1040
1040
1040
1040
1040
1040
1040
1040
1040
1040
1040
1040
1040
1040
1040
1040
1040
1040
1040
1040
1040
1040
1040
1040
1040
1040
1040
1040
1040
1040
1040
1040
1040
1040
1040
1048
1048
1048
1048
1048
1048
1048
1048
1048
1048
1048
1048
1048
1048
1048
1048
1048
1048
1048
1048
1048
1048
1048
1048
1048
1048
1048
1048
1048
1048
1048
1048
1048
1048
1048
1048
1048
1048
1048
1048
1048
1048
1048
1048
1048
1048
1048
1048
1048
1048
1048
1048
1048
1048
1048
1048
1048
1048
1048
1048
1048
1048
1048
1048
1048
1048
1048
1048
1048
1048
1048
1048
1048
1048
1048
1048
1048
1048
1048
1048
1048
1048
1048
1048
1048
1048
1048
1048
1048
1048
1048
1048
1048
1048
1048
1048
1048
1048
1048
1048
1048
1048
1048
1048
1048
1048
1048
1048
1048
1048
1048
1048
1048
1048
1048
1048
1048
1048
1048
1048
1048
1048
1048
1048
1048
1048
1048
1048
1048
1048
1048
1048
1048
1048
1048
1048
1048
1048
1040
1040
1040
1032
1032
1032
1032
1032
1032
1032
1032
1032
1032
1032
1032
1032
1032
1032
1032
1032
1032
1032
1032
1032
1032
1032
1032
1032
1032
1032
1032
1032
1032
1032
1032
1032
1032
1032
1032
1032
1032
1032
1032
1032
1032
1032
1032
1032
1032
1032
1032
1032
1032
1032
1032
1032
1032
1032
1032
1032
1032
1032
1032
1032
1032
1032
1032
1032
1032
1032
1032
1032
1032
1032
1032
1032
1032
1032
1032
1032
1032
1032
1032
1032
1032
1032
1032
1032
1032
1032
1032
1032
1032
1032
1032
1032
1032
1032
1032
1032
1032
1032
1032
1032
1032
1032
1032
1032
1032
1032
1032
1032
1032
1032
1032
1032
1032
1032
1032
1032
1032
1032
1032
1032
1032
1032
1032
1032
1032
1032
1040
1040
1040
1040
1040
1040
1040
1040
1040
1040
1040
1040
1040
1048
1048
1048
1048
1048
1048
1048
1048
1048
1048
1048
1048
1048
1048
1048
1048
1048
1048
1048
1048
1048
1048
1048
1048
1048
1048
1048
1048
1048
1048
1048
1048
1048
1048
1048
1048
1048
1048
1048
1048
1048
1048
1056
1056
1056
1056
1056
1056
1056
1056
1056
1056
1056
1056
1056
1056
1056
1056
1056
1056
1056
1056
1056
1056
1056
1056
1056
1056
1056
1056
1056
1056
1048
1048
1048
1048
1048
1048
1048
1048
1048
1048
1048
1048
1048
1048
1048
1048
1048
1048
1048
1048
1048
1048
1048
1048
1048
1048
1048
1048
1048
1048
1048
1048
1048
1048
1048
1048
1048
1048
1048
1048
1048
1048
1048
1048
1048
1048
1048
1048
1048
1048
1048
1048
1048
1048
1048
1048
1048
1048
1048
1048
1048
1048
1048
1048
1048
1048
1048
1048
1048
1048
1048
1048
1048
1048
1048
1048
1048
1048
1048
1048
1048
1048
1048
1048
1048
1048
1056
1056
1056
1056
1056
1056
1064
1064
1064
1064
1064
1064
1064
1064
1064
1064
1064
1064
1064
1064
1064
1064
1064
1064
1064
1064
1064
1064
1064
1064
1064
1064
1064
1064
1064
1064
1064
1064
1064
1064
1064
1064
1064
1064
1064
1064
1064
1064
1064
1064
1064
1064
1064
1064
1064
1064
1064
1064
1064
1064
1064
1064
1064
1064
1064
1064
1064
1064
1064
1064
1064
1064
1064
1064
1064
1064
1064
1064
1064
1072
1072
1072
1072
1072
1072
1072
1072
1072
1072
1072
1072
1072
1072
1072
1072
1072
1072
1072
1072
1072
1072
1072
1072
1072
1072
1072
1072
1072
1072
1072
1072
1072
1072
1072
1072
1072
1072
1072
1072
1072
1072
1072
1072
1072
1072
1072
1072
1072
1072
1072
1072
1072
1072
1072
1072
1072
1072
1072
1072
1072
1072
1072
1072
1072
1072
1072
1072
1072
1072
1072
1072
1072
1072
1072
1072
1072
1072
1072
1072
1072
1072
1072
1072
1072
1072
1072
1072
1072
1072
1072
1072
1072
1072
1072
1072
1072
1072
1072
1072
1072
1072
1072
1072
1072
1072
1072
1072
1072
1072
1072
1072
1072
1072
1072
1072
1072
1072
1072
1072
1072
1072
1072
1072
1072
1072
1072
1072
1080
1080
1080
1080
1080
1080
1080
1080
1080
1080
1080
1080
1088
1088
1088
1088
1088
1088
1088
1088
1088
1088
1088
1088
1088
1088
1088
1088
1088
1088
1088
1088
1088
1088
1088
1088
1088
1088
1088
1088
1088
1088
1088
1088
1088
1088
1088
1088
1088
1088
1088
1088
1088
1088
1088
1088
1088
1088
1088
1088
1088
1088
1088
1088
1088
1088
1088
1088
1088
1088
1088
1088
1088
1088
1088
1088
1088
1088
1088
1088
1088
1088
1088
1088
1088
1088
1088
1088
1088
1088
1088
1088
1088
1088
1088
1088
1088
1088
1088
1088
1088
1088
1088
1088
1088
1088
1088
1088
1088
1088
1088
1088
1088
1088
1088
1088
1088
1088
1088
1088
1088
1088
1088
1088
1080
1080
1080
1080
1080
1080
1080
1080
1080
1080
1080
1080
1080
1080
1080
1080
1080
1080
1080
1080
1080
1080
1080
1080
1080
1080
1080
1080
1080
1080
1080
1080
1080
1080
1080
1080
1080
1080
1080
1080
1080
1080
1080
1080
1080
1080
1080
1080
1080
1080
1080
1080
1080
1080
1080
1080
1080
1080
1080
1080
1080
1080
1080
1080
1080
1080
1080
1080
1080
1080
1080
1080
1080
1080
1080
1080
1080
1072
1072
1072
1072
1072
1072
1072
1072
1072
1072
1072
1072
1072
1072
1072
1072
1072
1072
1072
1072
1072
1072
1072
1072
1072
1072
1072
1072
1072
1072
1072
1072
1072
1072
1072
1072
1072
1072
1072
1072
1072
1072
1072
1072
1072
1072
1072
1072
1072
1072
1072
1072
1072
1072
1072
1072
1072
1072
1072
1072
1072
1072
1072
1072
1072
1072
1072
1072
1072
1072
1072
1072
1072
1072
1072
1072
1072
1072
1072
1072
1072
1072
1072
1072
1072
1072
1072
1072
1072
1072
1072
1072
1072
1072
1072
1072
1072
1072
1072
1072
1072
1072
1072
1072
1072
1072
1072
1072
1072
1072
1072
1072
1072
1072
1072
1072
1072
1072
1072
1072
1072
1072
1072
1072
1072
1072
1072
1072
1072
1072
1072
1072
1072
1072
1072
1072
1072
1064
1064
1064
1064
1064
1064
1064
1064
1064
1064
1064
1064
1064
1064
1064
1064
1064
1064
1064
1064
1064
1064
1064
1064
1064
1064
1064
1064
1064
1064
1064
1064
1064
1064
1064
1064
1064
1064
1064
1064
1064
1064
1064
1064
1064
1064
1064
1064
1064
1064
1064
1064
1064
1064
1064
1064
1064
1064
1064
1064
1064
1064
1064
1064
1064
1064
1064
1064
1064
1064
1064
1064
1064
1064
1064
1064
1064
1064
1064
1064
1064
1064
1064
1064
1064
1064
1064
1064
1064
1064
1064
1064
1064
1064
1064
1064
1064
1064
1064
1064
1064
1064
1064
1064
1064
1064
1064
1064
1064
1064
1064
1064
1064
1064
1064
1064
1064
1064
1064
1064
1064
1064
1064
1064
1064
1064
1064
1064
1064
1064
1064
1064
1064
1064
1064
1064
1064
1064
1064
1064
1064
1064
1064
1064
1064
1064
1064
1064
1064
1064
1064
1064
1064
1064
1064
1064
1064
1064
1064
1064
1064
1064
1064
1064
1064
1064
1072
1072
1072
1072
1072
1072
1072
1072
1072
1072
1072
1072
1072
1072
1072
1064
1064
1064
1064
1064
1064
1064
1064
1064
1064
1064
1064
1064
1064
1064
1056
1056
1056
1056
1056
1056
1056
1056
1056
1056
1056
1056
1056
1056
1056
1056
1056
1056
1056
1056
1056
1056
1056
1056
1056
1056
1056
1056
1056
1056
1056
1056
1056
1056
1056
1056
1056
1056
1056
1056
1056
1056
1056
1056
1056
1056
1056
1056
1056
1056
1056
1056
1056
1056
1056
1056
1056
1056
1064
1064
1072
1072
1072
1072
1072
1072
1072
1072
1072
1072
1072
1072
1072
1072
1072
1072
1072
1072
1072
1072
1072
1072
1072
1072
1072
1072
1072
1072
1072
1072
1072
1072
1072
1072
1072
1072
1072
1072
1072
1072
1072
1072
1072
1072
1072
1072
1072
1072
1072
1072
1072
1072
1072
1072
1072
1072
1072
1072
1072
1072
1072
1072
1072
1072
1072
1072
1072
1072
1072
1072
1072
1072
1072
1072
1072
1072
1072
1072
1072
1072
1072
1072
1072
1072
1072
1072
1072
1072
1072
1072
1072
1072
1072
1072
1072
1072
1072
1072
1072
1072
1072
1072
1072
1072
1072
1072
1072
1072
1072
1072
1072
1072
1072
1072
1072
1072
1072
1072
1064
1064
1064
1064
1064
1064
1064
1064
1064
1064
1064
1064
1064
1064
1056
1056
1056
1056
1056
1056
1056
1056
1056
1056
1056
1056
1056
1056
1056
1056
1056
1056
1056
1056
1056
1056
1056
1056
1056
1056
1056
1056
1056
1056
1056
1056
1056
1056
1056
1056
1056
1056
1056
1056
1056
1056
1056
1056
1056
1056
1056
1056
1056
1056
1056
1056
1056
1056
1056
1056
1056
1056
1056
1056
1056
1056
1056
1056
1056
1056
1056
1056
1056
1056
1056
1056
1056
1056
1056
1056
1056
1056
1056
1056
1056
1056
1056
1056
1056
1056
1056
1056
1056
1056
1056
1056
1056
1064
1064
1064
1064
1064
1064
1064
1064
1064
1064
1072
1072
1072
1072
1072
1072
1072
1072
1072
1072
1072
1072
1072
1072
1072
1072
1072
1072
1072
1072
1072
1072
1072
1072
1072
1072
1072
1072
1080
1080
1080
1080
1080
1080
1080
1080
1080
1080
1080
1080
1080
1080
1080
1080
1080
1080
1080
1080
1080
1080
1080
1080
1080
1080
1080
1080
1080
1080
1080
1080
1080
1080
1080
1080
1080
1080
1080
1080
1080
1080
1080
1080
1080
1080
1080
1080
1080
1080
1080
1080
1080
1080
1080
1080
1080
1080
1080
1080
1080
1080
1080
1080
1080
1080
1080
1080
1080
1080
1080
1080
1080
1080
1080
1080
1080
1080
1080
1080
1080
1080
1080
1080
1080
1080
1080
1080
1080
1080
1080
1080
1080
1080
1080
1080
1080
1080
1080
1080
1080
1080
1080
1080
1080
1080
1080
1080
1080
1080
1080
1080
1080
1080
1080
1080
1080
1080
1080
1080
1080
1080
1080
1080
1080
1080
1080
1080
1080
1080
1080
1080
1080
1080
1080
1080
1080
1080
1080
1080
1080
1080
1080
1080
1080
1080
1080
1080
1080
1080
1080
1080
1080
1080
1080
1080
1080
1080
1080
1080
1080
1080
1080
1080
1080
1080
1080
1080
1080
1080
1080
1080
1080
1080
1080
1080
1080
1080
1080
1080
1080
1080
1080
1080
1080
1080
1080
1080
1080
1080
1080
1080
1080
1080
1080
1080
1080
1080
1080
1080
1080
1080
1080
1080
1080
1080
1080
1080
1080
1080
1080
1080
1080
1080
1080
1080
1080
1080
1080
1080
1080
1080
1080
1080
1080
1080
1080
1080
1080
1080
1080
1080
1080
1080
1080
1080
1080
1080
1080
1080
1080
1080
1080
1080
1080
1080
1080
1080
1080
1080
1080
1080
1080
1080
1080
1080
1080
1080
1080
1080
1080
1080
1080
1080
1080
1080
1080
1080
1080
1080
1080
1080
1080
1080
1080
1080
1080
1080
1080
1080
1080
1080
1080
1080
1088
1088
1088
1088
1088
1088
1088
1088
1088
1088
1088
1088
1088
1088
1088
1088
1088
1088
1088
1088
1088
1088
1088
1088
1088
1088
1088
1088
1088
1088
1088
1088
1088
1088
1088
1080
1080
1080
1080
1080
1080
1080
1080
1080
1080
1080
1080
1080
1080
1080
1080
1080
1080
1080
1080
1080
1080
1080
1080
1080
1080
1080
1080
1088
1088
1088
1088
1088
1088
1088
1088
1088
1096
1096
1096
1096
1096
1096
1096
1096
1096
1096
1096
1096
1096
1096
1096
1104
1104
1104
1104
1104
1104
1104
1104
1104
1104
1104
1104
1104
1104
1104
1104
1104
1104
1104
1104
1104
1104
1096
1096
1096
1096
1096
1096
1096
1096
1096
1096
1096
1096
1096
1096
1096
1096
1096
1096
1104
1104
1104
1104
1104
1104
1104
1104
1104
1104
1104
1104
1104
1104
1104
1104
1104
1104
1104
1104
1104
1104
1104
1104
1104
1104
1104
1104
1104
1104
1104
1104
1104
1104
1104
1104
1104
1104
1104
1104
1112
1112
1112
1112
1112
1112
1112
1112
1112
1112
1112
1112
1112
1112
1112
1112
1112
1112
1112
1112
1112
1112
1112
1112
1112
1112
1112
1112
1112
1112
1112
1112
1112
1112
1112
1112
1112
1112
1112
1112
1112
1112
1112
1112
1112
1112
1112
1112
1112
1112
1112
1112
1112
1112
1112
1112
1112
1112
1112
1112
1112
1112
1112
1112
1112
1112
1112
1112
1112
1112
1112
1112
1112
1112
1112
1112
1112
1112
1112
1112
1112
1112
1112
1112
1112
1112
1112
1112
1112
1112
1112
1112
1112
1112
1112
1112
1112
1112
1112
1112
1112
1112
1112
1112
1112
1112
1112
1112
1112
1112
1112
1112
1112
1112
1112
1112
1112
1112
1112
1112
1112
1112
1112
1112
1112
1112
1112
1112
1112
1112
1112
1112
1112
1112
1104
1104
1104
1104
1104
1104
1104
1104
1104
1104
1104
1104
1104
1104
1104
1104
1104
1104
1104
1104
1104
1104
1104
1104
1104
1104
1104
1104
1104
1104
1104
1104
1104
1104
1104
1104
1104
1104
1104
1104
1104
1104
1104
1104
1104
1104
1096
1096
1096
1096
1096
1096
1096
1096
1096
1096
1096
1096
1096
1096
1096
1096
1096
1096
1096
1096
1096
1096
1096
1096
1096
1096
1096
1096
1096
1096
1096
1096
1096
1096
1096
1096
1096
1096
1096
1096
1096
1096
1096
1096
1096
1096
1096
1096
1096
1096
1096
1096
1096
1096
1096
1096
1096
1096
1096
1096
1096
1096
1096
1096
1096
1096
1096
1096
1096
1096
1096
1096
1096
1096
1096
1096
1096
1096
1096
1096
1096
1096
1096
1096
1096
1096
1096
1096
1096
1096
1096
1096
1096
1096
1096
1096
1096
1096
1096
1096
1096
1096
1096
1096
1096
1096
1096
1096
1096
1096
1096
1096
1096
1096
1096
1096
1096
1096
1096
1096
1096
1096
1096
1096
1096
1096
1096
1096
1096
1096
1096
1096
1096
1096
1096
1096
1096
1096
1096
1096
1096
1096
1096
1096
1096
1096
1096
1096
1096
1096
1096
1096
1096
1096
1096
1096
1096
1096
1096
1096
1096
1096
1096
1096
1096
1096
1096
1096
1096
1096
1096
1096
1096
1096
1096
1096
1096
1096
1096
1096
1096
1088
1088
1088
1088
1088
1088
1088
1088
1088
1088
1088
1088
1088
1088
1088
1088
1088
1088
1080
1080
1080
1080
1080
1080
1080
1080
1080
1080
1080
1080
1080
1080
1080
1080
1080
1080
1080
1080
1080
1080
1080
1080
1080
1080
1080
1080
1080
1080
1080
1080
1080
1080
1080
1080
1080
1080
1080
1080
1080
1080
1080
1080
1080
1080
1080
1080
1080
1080
1080
1080
1080
1080
1080
1080
1080
1080
1080
1080
1080
1080
1080
1080
1080
1080
1080
1080
1080
1080
1080
1080
1080
1080
1080
1080
1080
1080
1080
1080
1080
1080
1080
1080
1080
1080
1080
1080
1080
1080
1080
1080
1080
1080
1080
1080
1080
1080
1080
1080
1080
1080
1080
1080
1080
1080
1080
1080
1080
1080
1080
1080
1080
1080
1080
1080
1080
1080
1080
1080
1080
1080
1080
1080
1080
1080
1080
1080
1080
1080
1080
1080
1080
1080
1080
1080
1080
1080
1080
1080
1080
1080
1080
1080
1080
1080
1080
1080
1080
1080
1080
1080
1080
1080
1080
1080
1080
1080
1080
1080
1080
1080
1080
1080
1080
1080
1080
1080
1080
1080
1080
1080
1080
1080
1080
1080
1080
1080
1080
1080
1080
1080
1080
1080
1080
1080
1080
1080
1080
1080
1080
1080
1080
1080
1080
1080
1080
1080
1080
1080
1080
1080
1080
1080
1080
1080
1080
1080
1080
1080
1080
1080
1080
1080
1080
1080
1080
1080
1080
1072
1072
1072
1072
1072
1072
1072
1072
1072
1072
1072
1072
1072
1072
1072
1072
1072
1072
1072
1072
1072
1072
1072
1072
1072
1072
1072
1072
1072
1072
1072
1072
1072
1072
1072
1072
1072
1072
1072
1072
1072
1072
1072
1072
1072
1072
1072
1072
1072
1072
1072
1072
1072
1072
1072
1072
1072
1072
1072
1072
1072
1072
1072
1072
1072
1072
1072
1072
1072
1072
1072
1072
1072
1072
1072
1072
1072
1072
1072
1072
1072
1072
1072
1072
1072
1072
1072
1072
1072
1072
1072
1072
1072
1072
1072
1072
1072
1072
1072
1072
1072
1072
1072
1072
1072
1072
1072
1072
1072
1072
1072
1072
1072
1072
1072
1072
1072
1072
1072
1072
1072
1072
1072
1072
1072
1072
1072
1072
1072
1072
1072
1072
1072
1072
1072
1072
1072
1072
1072
1072
1072
1072
1072
1072
1072
1072
1072
1072
1072
1072
1072
1072
1072
1072
1072
1072
1072
1072
1064
1064
1064
1064
1064
1064
1064
1064
1064
1064
1064
1064
1064
1064
1064
1064
1064
1064
1064
1064
1064
1064
1064
1064
1064
1064
1064
1064
1064
1064
1064
1064
1064
1064
1064
1064
1064
1064
1064
1064
1064
1064
1064
1064
1064
1064
1064
1064
1064
1064
1064
1064
1064
1064
1064
1064
1064
1064
1064
1064
1064
1064
1064
1064
1064
1064
1064
1064
1064
1064
1064
1064
1064
1064
1064
1064
1064
1064
1064
1064
1064
1064
1064
1064
1064
1064
1064
1064
1064
1064
1064
1064
1064
1064
1064
1064
1064
1064
1064
1064
1064
1064
1064
1064
1064
1064
1064
1064
1064
1064
1064
1064
1064
1064
1064
1064
1064
1064
1064
1064
1064
1064
1064
1064
1064
1064
1064
1064
1064
1064
1064
1064
1064
1064
1064
1064
1064
1064
1064
1064
1064
1064
1064
1064
1064
1064
1064
1064
1064
1064
1064
1064
1064
1064
1064
1064
1064
1064
1064
1064
1064
1064
1064
1064
1064
1064
1064
1064
1056
1056
1056
1056
1056
1056
1056
1056
1056
1056
1056
1056
1056
1056
1056
1056
1056
1056
1056
1056
1056
1056
1056
1056
1056
1056
1056
1056
1056
1056
1056
1056
1056
1056
1056
1056
1056
1056
1056
1056
1056
1056
1056
1056
1056
1056
1056
1056
1056
1056
1056
1056
1056
1056
1056
1056
1056
1056
1056
1056
1056
1056
1056
1056
1056
1056
1056
1056
1056
1056
1056
1056
1056
1056
1056
1056
1056
1056
1056
1056
1056
1056
1056
1056
1056
1056
1056
1056
1056
1056
1056
1056
1056
1056
1056
1056
1056
1056
1056
1056
1056
1056
1056
1056
1056
1056
1056
1056
1056
1056
1056
1056
1056
1056
1056
1056
1056
1056
1056
1056
1056
1056
1056
1056
1056
1056
1056
1056
1056
1056
1056
1056
1056
1056
1056
1056
1056
1056
1056
1056
1056
1056
1056
1056
1056
1056
1056
1056
1056
1056
1056
1056
1056
1056
1056
1056
1056
1056
1056
1056
1056
1056
1056
1056
1056
1056
1056
1056
1056
1056
1056
1056
1056
1056
1056
1056
1056
1056
1056
1056
1056
1056
1056
1056
1056
1056
1056
1056
1056
1056
1056
1056
1056
1056
1056
1056
1056
1056
1056
1056
1056
1056
1056
1056
1056
1056
1056
1056
1056
1056
1056
1056
1056
1048
1048
1048
1048
1040
1040
1040
1040
1040
1040
1040
1040
1040
1040
1040
1040
1040
1040
1040
1040
1040
1040
1040
1040
1040
1040
1040
1040
1040
1040
1040
1040
1040
1040
1040
1040
1040
1040
1040
1040
1040
1040
1040
1040
1040
1040
1040
1040
1040
1040
1040
1040
1040
1040
1040
1040
1040
1040
1040
1040
1040
1040
1040
1040
1040
1040
1040
1040
1040
1040
1040
1040
1040
1040
1040
1040
1040
1040
1032
1032
1032
1032
1032
1032
1032
1032
1032
1032
1032
1032
1032
1032
1032
1032
1032
1032
1032
1032
1032
1032
1032
1032
1032
1032
1032
1032
1032
1032
1032
1032
1032
1032
1032
1032
1032
1032
1032
1032
1032
1032
1032
1032
1032
1032
1032
1032
1032
1032
1032
1032
1032
1032
1032
1032
1032
1032
1032
1032
1032
1032
1032
1032
1032
1032
1032
1032
1032
1032
1032
1032
1032
1032
1032
1032
1032
1032
1032
1032
1032
1032
1032
1032
1032
1040
1040
1040
1040
1040
1040
1040
1040
1040
1040
1040
1040
1040
1040
1040
1040
1040
1040
1040
1040
1040
1040
1040
1040
1040
1040
1040
1040
1040
1040
1040
1040
1040
1040
1040
1040
1040
1040
1040
1040
1040
1040
1040
1040
1040
1040
1040
1040
1040
1040
1040
1040
1040
1040
1040
1040
1040
1040
1040
1040
1040
1040
1040
1040
1040
1040
1040
1040
1040
1040
1040
1048
1048
1048
1048
1048
1048
1048
1048
1048
1048
1048
1048
1048
1048
1048
1048
1048
1048
1048
1048
1048
1048
1048
1048
1048
1048
1048
1048
1048
1048
1048
1048
1048
1048
1048
1048
1048
1048
1048
1048
1048
1048
1056
1056
1064
1064
1064
1064
1064
1064
1064
1064
1064
1064
1064
1064
1064
1064
1064
1064
1064
1064
1064
1064
1064
1064
1064
1064
1064
1064
1064
1064
1064
1064
1064
1064
1064
1064
1064
1064
1064
1064
1064
1064
1064
1064
1064
1064
1064
1064
1064
1064
1064
1064
1064
1064
1064
1064
1064
1064
1064
1064
1064
1064
1064
1064
1064
1064
1064
1064
1064
1064
1064
1064
1064
1064
1064
1064
1064
1064
1064
1064
1064
1064
1064
1064
1064
1064
1064
1064
1064
1064
1064
1064
1064
1064
1064
1064
1064
1064
1064
1064
1064
1064
1064
1064
1064
1064
1064
1064
1064
1064
1064
1064
1064
1064
1064
1064
1064
1064
1064
1064
1064
1064
1064
1064
1064
1064
1064
1064
1064
1064
1064
1064
1064
1064
1064
1064
1064
1064
1064
1064
1064
1064
1064
1064
1064
1064
1064
1064
1064
1064
1064
1064
1064
1064
1064
1064
1064
1064
1064
1064
1064
1064
1064
1064
1064
1064
1064
1064
1064
1064
1064
1064
1064
1064
1064
1064
1064
1064
1064
1064
1064
1064
1064
1064
1064
1064
1064
1056
1056
1056
1056
1056
1056
1056
1056
1048
1048
1048
1048
1048
1048
1048
1048
1048
1048
1048
1048
1048
1048
1048
1048
1048
1048
1048
1048
1048
1048
1048
1048
1048
1048
1048
1048
1048
1048
1048
1048
1048
1048
1048
1048
1048
1048
1048
1048
1048
1048
1048
1048
1048
1048
1048
1048
1048
1048
1048
1048
1048
1048
1048
1048
1048
1048
1048
1048
1048
1048
1048
1048
1048
1048
1048
1048
1048
1056
1056
1056
1056
1056
1056
1056
1056
1056
1056
1056
1056
1056
1056
1056
1056
1056
1056
1056
1056
1056
1056
1056
1056
1056
1056
1056
1056
1056
1056
1056
1056
1056
1056
1056
1056
1056
1056
1056
1056
1056
1056
1056
1056
1056
1056
1056
1056
1056
1056
1056
1056
1056
1056
1056
1056
1056
1056
1056
1056
1056
1056
1056
1056
1056
1056
1056
1056
1056
1056
1056
1056
1056
1056
1056
1056
1056
1056
1056
1056
1056
1056
1056
1056
1056
1056
1056
1056
1056
1056
1056
1056
1056
1056
1056
1056
1056
1056
1056
1056
1056
1056
1056
1056
1056
1056
1056
1056
1056
1056
1056
1056
1056
1056
1056
1056
1056
1056
1056
1056
1056
1056
1056
1056
1056
1056
1056
1056
1056
1056
1056
1056
1056
1056
1056
1056
1056
1056
1056
1056
1056
1056
1056
1056
1056
1056
1056
1056
1056
1056
1056
1056
1056
1056
1056
1056
1056
1056
1056
1056
1056
1056
1056
1056
1056
1056
1056
1056
1056
1056
1056
1056
1056
1056
1056
1056
1056
1056
1056
1056
1056
1056
1056
1056
1056
1056
1056
1056
1056
1056
1056
1056
1056
1056
1056
1056
1056
1056
1056
1056
1056
1056
1056
1056
1056
1056
1056
1056
1056
1056
1056
1056
1056
1056
1056
1056
1056
1056
1056
1056
1056
1056
1056
1056
1056
1056
1056
1056
1056
1056
1056
1056
1056
1056
1056
1056
1056
1056
1056
1056
1056
1056
1056
1056
1056
1056
1056
1056
1056
1056
1056
1056
1056
1056
1056
1056
1056
1056
1056
1056
1056
1056
1056
1056
1056
1056
1056
1056
1056
1056
1056
1056
1056
1056
1056
1056
1056
1056
1056
1056
1056
1056
1056
1056
1056
1056
1056
1056
1056
1056
1056
1056
1056
1056
1056
1056
1056
1056
1056
1056
1056
1056
1056
1056
1056
1056
1056
1056
1056
1056
1056
1056
1056
1056
1056
1056
1056
1056
1056
1056
1056
1056
1056
1056
1056
1056
1056
1056
1056
1056
1056
1056
1056
1056
1056
1056
1056
1056
1056
1056
1056
1056
1056
1056
1056
1056
1056
1056
1056
1056
1056
1056
1056
1056
1056
1056
1056
1056
1056
1056
1056
1056
1056
1056
1056
1056
1056
1056
1056
1056
1056
1056
1056
1056
1056
1056
1056
1056
1056
1056
1056
1056
1056
1056
1056
1056
1056
1056
1056
1056
1056
1056
1056
1056
1056
1056
1056
1056
1056
1056
1056
1056
1056
1056
1056
1056
1056
1056
1056
1056
1056
1056
1056
1056
1056
1056
1056
1056
1056
1056
1056
1056
1056
1056
1056
1056
1056
1056
1056
1056
1056
1056
1056
1056
1056
1056
1056
1056
1056
1056
1056
1056
1056
1056
1056
1056
1056
1056
1056
1056
1056
1056
1056
1056
1056
1056
1056
1056
1056
1056
1056
1056
1056
1056
1056
1056
1056
1056
1056
1056
1056
1056
1056
1056
1056
1056
1056
1056
1056
1056
1056
1056
1056
1056
1056
1056
1056
1056
1056
1056
1056
1056
1056
1056
1056
1056
1056
1056
1056
1056
1056
1056
1056
1056
1056
1056
1056
1056
1056
1056
1056
1056
1056
1056
1056
1056
1056
1056
1056
1056
1056
1056
1056
1056
1056
1056
1056
1056
1056
1056
1056
1056
1056
1056
1056
1056
1056
1056
1056
1056
1056
1056
1056
1056
1056
1056
1056
1056
1056
1056
1056
1056
1056
1056
1056
1056
1056
1056
1056
1056
1056
1056
1056
1056
1056
1056
1056
1056
1056
1056
1056
1056
1056
1056
1056
1056
1056
1056
1056
1056
1056
1056
1056
1056
1056
1056
1056
1056
1056
1056
1056
1056
1056
1056
1056
1056
1056
1056
1056
1056
1056
1056
1056
1056
1056
1056
1056
1056
1056
1056
1056
1056
1056
1056
1056
1056
1056
1056
1056
1056
1056
1056
1056
1056
1056
1056
1056
1056
1056
1056
1056
1056
1056
1056
1056
1056
1056
1056
1056
1056
1056
1056
1056
1056
1056
1056
1056
1056
1056
1056
1056
1056
1056
1056
1056
1056
1056
1056
1056
1056
1056
1056
1056
1056
1056
1056
1056
1056
1056
1056
1056
1056
1056
1056
1056
1056
1056
1056
1056
1056
1056
1056
1056
1056
1056
1056
1056
1056
1056
1056
1056
1056
1056
1056
1056
1056
1056
1056
1056
1056
1056
1056
1056
1056
1056
1056
1056
1056
1056
1056
1056
1056
1056
1056
1056
1056
1056
1056
1056
1056
1056
1056
1056
1056
1056
1056
1056
1056
1056
1056
1056
1056
1056
1056
1056
1056
1056
1056
1056
1056
1056
1056
1056
1056
1056
1056
1056
1056
1056
1056
1056
1056
1056
1056
1056
1056
1056
1056
1056
1056
1056
1056
1056
1056
1056
1056
1056
1056
1056
1056
1056
1056
1056
1056
1056
1056
1056
1056
1056
1056
1056
1056
1056
1056
1056
1056
1056
1056
1056
1056
1056
1056
1056
1056
1056
1056
1056
1056
1056
1056
1056
1056
1056
1056
1056
1056
1056
1056
1056
1056
1056
1056
1056
1056
1056
1056
1056
1056
1056
1056
1056
1056
1056
1056
1056
1056
1056
1056
1056
1056
1056
1056
1056
1056
1056
1056
1056
1056
1056
1056
1056
1056
1056
1056
1056
1056
1048
1048
1048
1048
1048
1048
1048
1048
1048
1048
1048
1048
1048
1048
1048
1048
1048
1048
1048
1048
1048
1048
1048
1048
1048
1048
1048
1048
1048
1048
1048
1048
1048
1048
1048
1048
1048
1048
1048
1048
1048
1048
1048
1048
1048
1048
1048
1048
1048
1048
1048
1048
1048
1048
1048
1048
1048
1048
1048
1048
1048
1048
1048
1048
1048
1048
1048
1048
1048
1048
1048
1048
1048
1048
1048
1048
1048
1048
1048
1048
1048
1048
1048
1048
1048
1048
1048
1048
1048
1048
1048
1048
1048
1048
1048
1048
1048
1048
1048
1048
1048
1048
1048
1048
1048
1048
1048
1048
1048
1048
1048
1048
1048
1048
1048
1048
1048
1048
1048
1048
1048
1048
1048
1048
1048
1048
1048
1048
1048
1048
1048
1048
1048
1048
1048
1048
1048
1048
1048
1048
1048
1048
1048
1048
1048
1048
1048
1048
1048
1048
1048
1048
1048
1048
1048
1048
1048
1048
1048
1048
1048
1048
1048
1048
1048
1048
1048
1048
1048
1048
1048
1048
1048
1048
1048
1048
1048
1048
1048
1048
1048
1048
1048
1048
1048
1048
1048
1048
1048
1048
1048
1048
1048
1048
1048
1048
1048
1048
1048
1048
1048
1048
1048
1048
1048
1048
1048
1048
1048
1048
1048
1048
1048
1048
1048
1048
1048
1048
1048
1048
1048
1048
1048
1048
1048
1048
1048
1048
1048
1048
1048
1048
1048
1048
1048
1048
1048
1048
1048
1048
1048
1048
1048
1048
1048
1048
1048
1048
1048
1048
1048
1048
1048
1048
1048
1048
1048
1048
1048
1048
1048
1048
1048
1048
1048
1048
1048
1048
1048
1048
1048
1048
1048
1048
1048
1048
1048
1048
1048
1048
1048
1048
1048
1048
1048
1048
1048
1048
1048
1048
1048
1048
1048
1048
1048
1048
1048
1048
1048
1048
1048
1048
1048
1048
1048
1048
1048
1048
1048
1048
1048
1048
1048
1048
1048
1048
1048
1048
1048
1048
1048
1048
1048
1048
1048
1048
1048
1048
1048
1048
1048
1048
1048
1048
1048
1048
1048
1048
1048
1048
1048
1048
1048
1048
1048
1048
1048
1048
1048
1048
1048
1048
1048
1048
1048
1048
1048
1048
1048
1048
1048
1048
1048
1048
1048
1048
1048
1048
1048
1048
1048
1048
1048
1048
1048
1048
1048
1048
1048
1048
1048
1048
1048
1048
1048
1048
1048
1048
1048
1048
1048
1048
1048
1048
1048
1048
1048
1048
1048
1048
1048
1048
1048
1048
1048
1048
1048
1048
1048
1048
1048
1048
1048
1048
1048
1048
1048
1048
1048
1048
1048
1048
1048
1048
1048
1048
1048
1048
1048
1048
1048
1048
1048
1048
1048
1048
1048
1048
1048
1048
1048
1048
1048
1048
1048
1048
1048
1048
1048
1048
1048
1048
1048
1048
1048
1048
1048
1048
1048
1048
1048
1048
1048
1048
1048
1048
1048
1048
1048
1048
1048
1048
1048
1048
1048
1048
1048
1048
1048
1048
1048
1048
1048
1048
1048
1048
1048
1048
1048
1048
1048
1048
1048
1048
1048
1048
1048
1048
1048
1048
1048
1048
1048
1048
1048
1048
1048
1048
1048
1048
1048
1048
1048
1048
1048
1048
1048
1048
1048
1048
1048
1048
1048
1048
1048
1048
1048
1048
1048
1048
1048
1048
1048
1048
1048
1048
1048
1048
1048
1048
1048
1048
1048
1048
1048
1048
1048
1048
1048
1048
1048
1048
1048
1048
1048
1048
1048
1048
1048
1048
1048
1048
1048
1048
1048
1048
1048
1048
1048
1048
1048
1048
1048
1048
1048
1048
1048
1048
1048
1048
1048
1048
1048
1048
1048
1048
1048
1048
1048
1048
1048
1048
1048
1048
1048
1048
1048
1048
1048
1048
1048
1048
1048
1048
1048
1048
1048
1048
1048
1048
1048
1048
1048
1048
1048
1048
1048
1048
1048
1048
1048
1048
1048
1048
1048
1048
1048
1048
1048
1048
1048
1048
1048
1048
1048
1048
1048
1048
1048
1056
1056
1056
1056
1056
1056
1056
1056
1056
1056
1056
1056
1056
1056
1056
1056
1056
1056
1056
1056
1056
1056
1056
1056
1056
1056
1056
1056
1056
1056
1056
1056
1056
1056
1056
1056
1056
1056
1056
1056
1056
1056
1056
1056
1056
1056
1056
1056
1056
1056
1056
1056
1056
1056
1056
1056
1056
1056
1056
1056
1056
1056
1056
1056
1056
1056
1056
1056
1056
1056
1056
1056
1056
1056
1056
1056
1056
1056
1056
1056
1056
1056
1056
1056
1056
1056
1056
1056
1056
1056
1056
1056
1056
1056
1056
1056
1056
1056
1056
1056
1056
1056
1056
1056
1056
1056
1056
1056
1056
1056
1056
1056
1056
1056
1056
1056
1056
1056
1056
1056
1056
1056
1056
1056
1056
1056
1056
1056
1056
1056
1056
1056
1056
1056
1056
1056
1056
1056
1056
1056
1056
1056
1056
1056
1056
1056
1056
1056
1056
1056
1056
1056
1056
1056
1056
1056
1056
1056
1056
1056
1056
1056
1056
1056
1056
1056
1056
1056
1056
1056
1056
1056
1056
1056
1056
1056
1056
1056
1056
1056
1056
1056
1056
1056
1056
1056
1056
1056
1056
1056
1056
1056
1056
1056
1056
1056
1056
1056
1056
1056
1056
1056
1056
1056
1056
1056
1056
1056
1056
1056
1056
1056
1056
1056
1056
1056
1056
1056
1056
1056
1056
1056
1056
1056
1056
1056
1056
1056
1056
1056
1056
1056
1056
1056
1056
1056
1056
1056
1056
1056
1056
1056
1056
1056
1056
1056
1056
1056
1056
1056
1056
1056
1056
1056
1056
1056
1056
1056
1056
1056
1056
1056
1056
1056
1056
1056
1056
1056
1056
1056
1056
1056
1056
1056
1056
1056
1056
1056
1056
1056
1056
1056
1056
1056
1056
1056
1056
1056
1056
1056
1056
1056
1056
1056
1056
1056
1056
1056
1056
1056
1056
1056
1056
1056
1056
1056
1056
1056
1056
1056
1056
1056
1056
1056
1056
1056
1056
1056
1056
1056
1056
1056
1056
1056
1056
1056
1056
1056
1056
1056
1056
1056
1056
1056
1056
1056
1056
1056
1056
1056
1056
1056
1056
1056
1056
1056
1056
1056
1056
1056
1056
1056
1056
1056
1056
1056
1056
1056
1056
1056
1056
1056
1056
1056
1056
1056
1056
1056
1056
1056
1056
1056
1056
1056
1056
1056
1056
1056
1056
1056
1056
1056
1056
1056
1056
1056
1056
1056
1056
1056
1056
1056
1056
1056
1056
1056
1056
1056
1056
1056
1056
1056
1056
1056
1056
1056
1056
1056
1056
1056
1056
1056
1056
1056
1056
1056
1056
1056
1056
1056
1056
1056
1056
1056
1056
1056
1056
1056
1056
1056
1056
1056
1056
1056
1056
1056
1056
1056
1056
1056
1056
1056
1056
1056
1056
1056
1056
1056
1056
1056
1056
1056
1056
1056
1056
1056
1056
1056
1056
1056
1056
1056
1056
1056
1056
1056
1056
1056
1056
1056
1056
1056
1056
1056
1056
1056
1056
1056
1056
1056
1056
1056
1056
1056
1056
1056
1056
1056
1056
1056
1056
1056
1056
1056
1056
1056
1056
1056
1056
1056
1056
1056
1056
1056
1056
1056
1056
1056
1056
1056
1056
1056
1056
1056
1056
1056
1056
1056
1056
1056
1056
1056
1056
1056
1056
1056
1056
1056
1056
1056
1056
1056
1056
1056
1056
1056
1056
1056
1056
1056
1056
1056
1056
1056
1056
1056
1056
1056
1056
1056
1056
1056
1056
1056
1056
1056
1056
1056
1056
1056
1056
1056
1056
1056
1056
1056
1056
1056
1056
1056
1056
1056
1056
1056
1056
1056
1056
1056
1056
1056
1056
1056
1056
1056
1056
1056
1056
1056
1056
1056
1056
1056
1056
1056
1056
1056
1056
1056
1056
1056
1056
1056
1056
1056
1056
1056
1056
1056
1056
1056
1056
1056
1056
1056
1056
1056
1056
1056
1056
1056
1056
1056
1056
1056
1056
1056
1056
1056
1056
1056
1056
1056
1056
1056
1056
1056
1056
1056
1056
1056
1056
1056
1056
1056
1056
1056
1056
1056
1056
1056
1056
1056
1056
1056
1056
1056
1056
1056
1056
1056
1056
1056
1056
1056
1056
1056
1056
1056
1056
1056
1056
1056
1056
1056
1056
1056
1056
1056
1056
1056
1056
1056
1056
1056
1056
1056
1056
1056
1056
1056
1056
1056
1056
1056
1056
1056
1056
1056
1056
1056
1056
1056
1056
1056
1056
1056
1056
1056
1056
1056
1056
1056
1056
1056
1056
1056
1056
1056
1056
1056
1056
1056
1056
1056
1056
1056
1056
1056
1056
1056
1056
1056
1056
1056
1056
1056
1056
1056
1056
1056
1056
1056
1056
1056
1056
1056
1056
1056
1056
1056
1056
1056
1056
1056
1056
1056
1056
1056
1056
1056
1056
1056
1056
1056
1056
1056
1056
1056
1056
1056
1056
1056
1056
1056
1056
1056
1056
1056
1056
1056
1056
1056
1056
1056
1056
1056
1056
1056
1056
1056
1056
1056
1056
1056
1056
1056
1056
1056
1056
1056
1056
1056
1056
1056
1056
1056
1056
1056
1056
1056
1056
1056
1056
1056
1056
1056
1056
1056
1056
1056
1056
1056
1056
1056
1056
1056
1056
1056
1056
1056
1056
1056
1056
1056
1056
1048
1048
1048
1048
1048
1048
1048
1048
1048
1048
1048
1048
1048
1048
1048
1048
1048
1048
1048
1048
1048
1048
1048
1048
1048
1048
1048
1048
1048
1048
1048
1048
1048
1048
1048
1048
1048
1048
1048
1048
1048
1048
1048
1048
1048
1048
1048
1048
1048
1048
1048
1048
1048
1048
1048
1048
1048
1048
1048
1048
1048
1048
1048
1048
1048
1048
1048
1048
1048
1048
1048
1048
1048
1048
1048
1048
1048
1048
1048
1048
1048
1048
1048
1048
1048
1048
1048
1048
1048
1048
1048
1048
1048
1048
1048
1048
1048
1048
1048
1048
1048
1048
1048
1048
1048
1048
1048
1048
1048
1048
1048
1048
1048
1048
1048
1048
1048
1048
1040
1040
1040
1040
1040
1040
1040
1040
1040
1040
1040
1040
1040
1040
1040
1040
1040
1040
1040
1040
1040
1040
1040
1040
1040
1040
1040
1040
1040
1040
1040
1040
1040
1040
1040
1040
1040
1040
1040
1040
1040
1040
1040
1040
1040
1040
1040
1040
1040
1040
1040
1040
1040
1040
1040
1040
1040
1040
1040
1040
1040
1040
1040
1040
1040
1040
1040
1040
1040
1040
1040
1040
1040
1040
1040
1040
1040
1040
1040
1040
1040
1040
1040
1040
1040
1040
1040
1040
1040
1040
1040
1040
1040
1040
1040
1040
1040
1040
1040
1040
1040
1040
1040
1040
1040
1040
1040
1040
1040
1040
1040
1040
1040
1040
1040
1040
1040
1040
1040
1040
1040
1040
1040
1040
1040
1040
1040
1040
1040
1040
1040
1040
1040
1040
1040
1040
1040
1040
1040
1040
1040
1040
1040
1040
1040
1040
1040
1040
1040
1040
1040
1040
1040
1040
1040
1040
1040
1040
1040
1040
1040
1040
1040
1040
1040
1040
1040
1040
1040
1040
1040
1040
1040
1040
1040
1040
1040
1040
1040
1040
1040
1040
1040
1040
1040
1040
1040
1040
1040
1040
1040
1040
1040
1040
1040
1040
1040
1040
1040
1040
1040
1040
1040
1040
1040
1040
1040
1040
1040
1040
1040
1040
1040
1040
1040
1040
1040
1040
1040
1040
1040
1040
1040
1040
1040
1040
1040
1040
1040
1040
1040
1040
1040
1040
1040
1040
1040
1040
1040
1040
1040
1040
1040
1040
1040
1040
1040
1040
1040
1040
1040
1040
1040
1040
1040
1040
1040
1040
1040
1040
1040
1040
1040
1040
1040
1040
1040
1040
1040
1040
1040
1040
1040
1040
1040
1040
1040
1040
1040
1040
1040
1040
1040
1040
1040
1040
1040
1040
1040
1040
1040
1040
1040
1040
1040
1040
1040
1040
1040
1040
1040
1040
1040
1040
1040
1040
1040
1040
1040
1040
1040
1040
1040
1040
1040
1040
1040
1040
1040
1040
1040
1040
1040
1040
1040
1040
1040
1040
1040
1040
1040
1040
1040
1040
1040
1040
1040
1040
1040
1040
1040
1040
1040
1040
1040
1040
1040
1040
1040
1040
1040
1040
1040
1040
1040
1040
1040
1040
1040
1040
1040
1040
1040
1040
1040
1040
1040
1040
1040
1040
1040
1040
1040
1040
1040
1040
1040
1040
1040
1040
1040
1040
1040
1040
1040
1040
1040
1040
1040
1040
1040
1040
1040
1040
1040
1040
1040
1040
1040
1040
1040
1040
1040
1040
1040
1040
1040
1040
1040
1040
1040
1040
1040
1040
1040
1040
1040
1040
1040
1040
1040
1040
1040
1040
1040
1040
1040
1040
1040
1040
1040
1040
1040
1040
1040
1040
1040
1040
1040
1040
1040
1040
1040
1040
1040
1040
1040
1040
1040
1040
1040
1040
1040
1040
1040
1040
1040
1040
1040
1040
1040
1040
1040
1040
1040
1040
1040
1040
1040
1040
1040
1040
1040
1040
1040
1040
1040
1040
1040
1040
1040
1040
1040
1040
1040
1040
1040
1040
1040
1040
1040
1040
1040
1040
1040
1040
1040
1040
1040
1040
1040
1040
1040
1040
1040
1040
1040
1040
1040
1040
1040
1040
1040
1040
1040
1040
1040
1040
1040
1040
1040
1040
1040
1040
1040
1040
1040
1040
1040
1040
1040
1040
1040
1040
1040
1040
1040
1040
1040
1040
1040
1040
1040
1040
1040
1040
1040
1040
1040
1040
1040
1040
1040
1040
1040
1040
1040
1040
1040
1040
1040
1040
1040
1040
1040
1040
1040
1040
1040
1040
1040
1040
1040
1040
1040
1040
1040
1040
1040
1040
1040
1040
1040
1040
1040
1040
1040
1040
1040
1040
1040
1040
1048
1048
1048
1048
1048
1048
1048
1048
1048
1048
1048
1048
1048
1048
1048
1048
1048
1048
1048
1048
1048
1048
1048
1048
1048
1048
1048
1048
1048
1048
1048
1048
1048
1048
1048
1048
1048
1048
1048
1048
1048
1048
1048
1048
1048
1048
1048
1048
1048
1048
1048
1048
1048
1048
1048
1048
1048
1048
1048
1048
1048
1048
1048
1048
1048
1048
1048
1048
1048
1048
1048
1048
1048
1048
1048
1048
1048
1048
1048
1048
1048
1048
1048
1048
1048
1048
1048
1048
1048
1048
1048
1048
1040
1040
1040
1040
1040
1040
1040
1040
1040
1040
1040
1040
1040
1040
1040
1040
1040
1040
1040
1040
1040
1040
1040
1040
1040
1040
1040
1040
1040
1040
1040
1040
1040
1040
1040
1040
1040
1040
1040
1040
1040
1040
1040
1040
1040
1040
1040
1040
1040
1040
1040
1040
1040
1040
1040
1040
1040
1040
1040
1040
1040
1040
1040
1040
1040
1040
1040
1040
1040
1040
1040
1040
1040
1040
1040
1040
1040
1040
1040
1040
1040
1040
1040
1040
1040
1040
1040
1040
1040
1040
1040
1040
1040
1040
1040
1040
1040
1040
1040
1040
1040
1040
1040
1040
1040
1040
1040
1040
1040
1040
1040
1040
1040
1040
1040
1040
1040
1040
1040
1040
1040
1040
1040
1040
1040
1040
1040
1040
1040
1040
1040
1040
1040
1040
1040
1040
1040
1040
1040
1040
1040
1040
1040
1040
1040
1040
1040
1040
1040
1040
1040
1040
1040
1040
1040
1040
1040
1040
1040
1040
1040
1040
1040
1040
1040
1040
1040
1040
1040
1040
1040
1040
1040
1040
1040
1040
1040
1040
1040
1040
1040
1040
1040
1040
1040
1040
1040
1040
1040
1040
1040
1040
1040
1040
1040
1040
1040
1040
1040
1040
1040
1040
1040
1040
1040
1040
1040
1040
1040
1040
1040
1040
1040
1040
1040
1040
1040
1040
1040
1040
1040
1040
1040
1040
1040
1040
1040
1040
1040
1040
1040
1040
1040
1040
1040
1040
1040
1040
1040
1040
1040
1040
1040
1040
1040
1040
1040
1040
1040
1040
1040
1040
1040
1040
1040
1040
1040
1040
1040
1040
1040
1040
1040
1040
1040
1040
1040
1040
1040
1040
1040
1040
1040
1040
1040
1040
1040
1040
1040
1040
1040
1040
1040
1040
1040
1040
1040
1040
1040
1040
1040
1040
1040
1040
1040
1040
1040
1040
1040
1040
1040
1040
1040
1040
1040
1040
1040
1040
1040
1040
1040
1040
1040
1040
1040
1040
1040
1040
1040
1040
1040
1040
1040
1040
1040
1040
1040
1040
1040
1040
1040
1040
1040
1040
1040
1040
1040
1040
1040
1040
1040
1040
1040
1040
1040
1040
1040
1040
1040
1040
1040
1040
1040
1040
1040
1040
1040
1040
1040
1040
1040
1040
1040
1040
1040
1040
1040
1040
1040
1040
1040
1040
1040
1040
1040
1040
1040
1040
1040
1040
1040
1040
1040
1040
1040
1040
1040
1040
1040
1040
1040
1040
1040
1040
1040
1040
1040
1040
1040
1040
1040
1040
1040
1040
1040
1040
1040
1040
1040
1040
1040
1040
1040
1040
1040
1040
1040
1040
1040
1040
1040
1040
1040
1040
1040
1040
1040
1040
1040
1040
1040
1040
1040
1040
1040
1040
1040
1040
1040
1040
1040
1040
1040
1040
1040
1040
1040
1040
1040
1040
1040
1040
1040
1040
1040
1040
1040
1040
1040
1040
1040
1040
1040
1040
1040
1040
1040
1040
1040
1040
1040
1040
1040
1040
1040
1040
1040
1040
1040
1040
1040
1040
1040
1040
1040
1040
1040
1040
1040
1040
1040
1040
1040
1040
1040
1040
1040
1040
1040
1040
1040
1040
1040
1040
1040
1040
1040
1040
1040
1040
1040
1040
1040
1040
1040
1040
1040
1040
1040
1040
1040
1040
1040
1040
1040
1040
1040
1040
1040
1040
1040
1040
1040
1040
1040
1040
1040
1040
1040
1040
1040
1040
1040
1040
1040
1040
1040
1040
1040
1040
1040
1040
1040
1040
1040
1040
1040
1040
1040
1040
1040
1040
1040
1040
1040
1040
1040
1040
1040
1040
1040
1040
1040
1040
1040
1040
1040
1040
1040
1040
1040
1040
1040
1040
1040
1040
1040
1040
1040
1040
1040
1040
1040
1040
1040
1040
1040
1040
1040
1040
1040
1040
1040
1040
1040
1040
1040
1040
1040
1040
1040
1040
1040
1040
1040
1040
1040
1040
1040
1040
1040
1040
1040
1040
1040
1040
1040
1040
1040
1040
1040
1040
1040
1040
1040
1040
1040
1040
1040
1040
1040
1040
1040
1040
1040
1040
1040
1040
1040
1040
1040
1040
1040
1040
1040
1040
1040
1040
1040
1040
1040
1040
1040
1040
1040
1040
1040
1040
1040
1040
1040
1040
1040
1040
1040
1040
1040
1040
1040
1040
1040
1040
1040
1040
1040
1040
1040
1040
1040
1040
1040
1040
1040
1040
1040
1040
1040
1040
1040
1040
1040
1040
1040
1040
1040
1040
1040
1040
1040
1040
1040
1040
1040
1040
1040
1040
1040
1040
1040
1040
1040
1040
1040
1040
1040
1040
1040
1040
1040
1040
1040
1040
1040
1040
1040
1040
1040
1040
1040
1040
1040
1040
1040
1040
1040
1040
1040
1040
1040
1040
1040
1040
1040
1040
1040
1040
1040
1040
1040
1040
1040
1040
1040
1040
1040
1040
1040
1040
1040
1040
1040
1040
1040
1040
1040
1040
1040
1040
1040
1040
1040
1040
1040
1040
1040
1040
1040
1040
1040
1040
1040
1040
1040
1040
1040
1040
1040
1040
1040
1040
1040
1040
1040
1040
1040
1040
1040
1040
1040
1040
1040
1040
1040
1040
1040
1040
1040
1040
1040
1040
1040
1040
1040
1040
1040
1040
1040
1040
1040
1040
1040
1040
1040
1040
1040
1040
1040
1040
1040
1040
1040
1040
1040
1040
1040
1040
1040
1040
1040
1040
1040
1040
1040
1040
1040
1040
1040
1040
1040
1040
1040
1040
1040
1040
1040
1040
1040
1040
1040
1040
1040
1040
1040
1040
1040
1040
1040
1040
1040
1040
1040
1040
1040
1040
1040
1040
1040
1040
1040
1040
1040
1040
1040
1040
1040
1040
1040
1040
1040
1040
1040
1040
1040
1040
1040
1040
1040
1040
1040
1040
1040
1040
1040
1040
1040
1040
1040
1040
1040
1040
1040
1040
1040
1040
1040
1040
1040
1040
1040
1040
1048
1048
1048
1048
1048
1048
1048
1048
1048
1048
1048
1048
1048
1048
1048
1048
1048
1048
1048
1048
1048
1048
1048
1048
1048
1048
1048
1048
1048
1048
1048
1048
1048
1048
1048
1048
1048
1048
1048
1048
1048
1048
1048
1048
1048
1048
1048
1048
1048
1048
1048
1048
1048
1048
1048
1048
1048
1048
1048
1048
1048
1048
1048
1048
1048
1048
1048
1048
1048
1048
1048
1048
1048
1048
1048
1048
1048
1048
1048
1048
1048
1048
1048
1048
1048
1048
1048
1048
1048
1048
1048
1048
1048
1048
1048
1048
1048
1048
1048
1048
1048
1048
1048
1048
1048
1048
1048
1048
1048
1048
1048
1048
1048
1048
1048
1048
1048
1048
1048
1048
1048
1048
1048
1048
1048
1048
1048
1048
1048
1048
1048
1048
1048
1048
1048
1048
1048
1048
1048
1048
1048
1048
1048
1048
1048
1048
1048
1048
1048
1048
1048
1048
1048
1048
1048
1048
1048
1048
1048
1048
1048
1048
1048
1048
1048
1048
1048
1048
1048
1048
1048
1048
1048
1048
1048
1048
1048
1048
1048
1048
1048
1048
1048
1048
1048
1048
1048
1048
1048
1048
1048
1048
1048
1048
1048
1048
1048
1048
1048
1048
1048
1048
1048
1048
1048
1048
1048
1048
1048
1048
1048
1048
1048
1048
1048
1048
1048
1048
1048
1048
1048
1048
1048
1048
1048
1048
1048
1048
1048
1048
1048
1048
1048
1048
1048
1048
1048
1048
1048
1048
1048
1048
1048
1048
1048
1048
1048
1048
1048
1048
1040
1040
1040
1040
1040
1040
1040
1040
1040
1040
1040
1040
1040
1040
1040
1040
1040
1040
1040
1040
1040
1040
1040
1040
1040
1040
1040
1040
1040
1040
1040
1040
1040
1040
1040
1040
1040
1040
1040
1040
1040
1040
1040
1040
1040
1040
1040
1040
1040
1040
1040
1040
1040
1040
1040
1040
1040
1040
1040
1040
1040
1040
1040
1040
1040
1040
1040
1040
1040
1040
1040
1040
1040
1040
1040
1040
1040
1040
1040
1040
1040
1040
1040
1040
1040
1040
1040
1040
1040
1040
1040
1040
1040
1040
1040
1040
1040
1040
1040
1040
1040
1040
1040
1040
1040
1040
1040
1040
1040
1040
1040
1040
1040
1040
1040
1040
1040
1040
1040
1040
1040
1040
1040
1040
1040
1040
1040
1040
1040
1040
1040
1040
1040
1040
1040
1040
1040
1040
1040
1040
1040
1040
1040
1040
1040
1040
1040
1040
1040
1040
1040
1040
1040
1040
1040
1040
1040
1040
1040
1040
1040
1040
1040
1040
1040
1040
1040
1040
1040
1040
1040
1040
1040
1040
1040
1040
1040
1040
1040
1040
1040
1040
1040
1040
1040
1040
1040
1040
1040
1040
1040
1040
1040
1040
1040
1040
1040
1040
1040
1040
1040
1040
1040
1040
1040
1040
1040
1040
1040
1040
1040
1040
1040
1040
1040
1040
1040
1040
1040
1040
1040
1040
1040
1040
1040
1040
1040
1040
1040
1040
1040
1040
1040
1040
1040
1040
1040
1040
1040
1040
1040
1040
1040
1040
1040
1040
1040
1040
1040
1040
1040
1040
1040
1040
1040
1040
1040
1040
1040
1040
1040
1040
1040
1040
1040
1040
1040
1040
1040
1040
1040
1040
1040
1040
1040
1040
1040
1040
1040
1040
1040
1040
1040
1040
1040
1040
1040
1040
1040
1040
1040
1040
1040
1040
1040
1040
1040
1040
1040
1040
1040
1040
1040
1040
1040
1040
1040
1040
1040
1040
1040
1040
1040
1040
1040
1040
1040
1040
1040
1040
1040
1040
1040
1040
1040
1040
1032
1032
1032
1032
1032
1032
1032
1032
1032
1032
1032
1032
1032
1032
1032
1032
1032
1032
1032
1032
1032
1032
1032
1032
1032
1032
1032
1032
1032
1032
1032
1032
1032
1032
1032
1032
1032
1032
1032
1032
1032
1032
1032
1032
1032
1032
1032
1032
1032
1032
1032
1032
1032
1032
1032
1032
1032
1032
1032
1032
1032
1032
1032
1032
1032
1032
1032
1032
1032
1032
1032
1032
1032
1032
1032
1032
1032
1032
1032
1032
1032
1032
1032
1032
1032
1032
1032
1032
1032
1032
1032
1032
1032
1032
1032
1032
1032
1032
1032
1032
1032
1032
1032
1032
1032
1032
1032
1032
1032
1032
1032
1032
1032
1032
1032
1032
1032
1032
1032
1032
1032
1032
1032
1032
1032
1032
1032
1032
1032
1032
1032
1032
1032
1032
1032
1032
1032
1032
1032
1032
1032
1032
1032
1032
1032
1032
1032
1032
1032
1032
1032
1032
1032
1032
1032
1032
1032
1032
1032
1032
1032
1032
1032
1032
1032
1032
1032
1032
1032
1032
1032
1032
1032
1032
1032
1032
1032
1032
1032
1032
1032
1032
1032
1032
1032
1032
1032
1032
1032
1032
1032
1032
1032
1032
1032
1032
1032
1032
1032
1032
1032
1032
1032
1032
1032
1032
1032
1032
1032
1032
1032
1032
1032
1032
1032
1032
1032
1032
1032
1032
1032
1032
1032
1032
1032
1032
1032
1032
1032
1032
1032
1032
1032
1032
1032
1032
1032
1032
1032
1032
1032
1032
1032
1032
1032
1032
1032
1032
1032
1032
1032
1032
1032
1032
1032
1032
1032
1032
1032
1032
1032
1032
1032
1032
1032
1032
1032
1032
1032
1032
1032
1032
1032
1032
1032
1032
1032
1032
1032
1032
1032
1032
1032
1032
1032
1032
1032
1032
1032
1032
1032
1032
1032
1032
1032
1032
1032
1032
1032
1032
1032
1032
1032
1032
1032
1032
1032
1032
1032
1032
1032
1032
1032
1032
1032
1032
1032
1032
1032
1032
1032
1032
1032
1032
1032
1032
1032
1032
1032
1032
1032
1032
1032
1032
1032
1032
1032
1032
1032
1032
1032
1032
1032
1032
1032
1032
1032
1032
1032
1032
1032
1032
1032
1032
1032
1032
1032
1032
1032
1032
1032
1032
1032
1032
1032
1032
1032
1032
1032
1032
1032
1032
1032
1032
1032
1032
1032
1032
1032
1032
1032
1032
1032
1032
1032
1032
1032
1032
1032
1032
1032
1032
1032
1032
1032
1032
1032
1032
1032
1032
1032
1032
1032
1032
1032
1032
1032
1032
1032
1032
1032
1032
1032
1032
1032
1032
1032
1032
1032
1032
1032
1032
1032
1032
1032
1032
1032
1032
1032
1032
1032
1032
1032
1032
1032
1040
1040
1040
1040
1040
1040
1040
1040
1040
1040
1040
1040
1040
1040
1040
1040
1040
1040
1040
1040
1040
1040
1040
1040
1040
1040
1040
1040
1040
1040
1040
1040
1040
1040
1040
1040
1040
1040
1040
1040
1040
1040
1040
1040
1040
1040
1040
1040
1040
1040
1040
1040
1040
1040
1040
1040
1040
1040
1040
1040
1040
1040
1040
1040
1040
1040
1040
1040
1040
1040
1040
1040
1040
1040
1040
1040
1040
1040
1040
1040
1040
1040
1040
1040
1040
1040
1040
1040
1040
1040
1040
1040
1040
1040
1040
1040
1040
1040
1040
1040
1040
1040
1040
1040
1040
1040
1040
1040
1040
1040
1040
1040
1040
1040
1040
1040
1040
1040
1040
1040
1040
1040
1040
1040
1040
1040
1040
1040
1040
1040
1040
1040
1040
1040
1032
1032
1032
1032
1032
1032
1032
1032
1032
1032
1032
1032
1032
1032
1032
1032
1032
1032
1032
1032
1032
1032
1032
1032
1032
1032
1032
1032
1032
1032
1032
1032
1032
1032
1032
1032
1032
1032
1032
1032
1032
1032
1032
1032
1032
1032
1032
1032
1032
1032
1032
1032
1032
1032
1032
1032
1032
1032
1032
1032
1032
1032
1032
1032
1032
1032
1032
1032
1032
1032
1032
1032
1032
1032
1032
1032
1032
1032
1032
1032
1032
1032
1032
1032
1032
1032
1032
1032
1032
1032
1032
1032
1032
1032
1032
1032
1032
1032
1032
1032
1032
1032
1032
1032
1032
1032
1032
1032
1032
1032
1032
1032
1032
1032
1032
1032
1032
1032
1032
1032
1032
1032
1032
1032
1032
1032
1032
1032
1032
1032
1032
1032
1032
1032
1032
1032
1032
1032
1032
1032
1032
1032
1032
1032
1032
1032
1032
1032
1032
1032
1032
1032
1032
1032
1032
1032
1032
1032
1032
1032
1032
1032
1032
1032
1032
1032
1032
1032
1032
1032
1032
1032
1032
1032
1032
1032
1032
1032
1032
1032
1032
1032
1032
1032
1032
1032
1032
1032
1032
1032
1032
1032
1032
1032
1032
1032
1032
1032
1032
1032
1032
1032
1032
1032
1032
1032
1032
1032
1032
1032
1032
1032
1032
1032
1032
1032
1032
1032
1032
1032
1032
1032
1032
1032
1032
1032
1032
1032
1032
1032
1032
1032
1032
1032
1032
1032
1032
1032
1032
1032
1032
1032
1032
1032
1032
1032
1032
1032
1032
1032
1032
1032
1032
1032
1032
1032
1032
1032
1032
1032
1032
1032
1032
1032
1032
1032
1032
1032
1032
1032
1032
1032
1032
1032
1032
1032
1032
1032
1032
1032
1032
1032
1032
1032
1032
1032
1032
1032
1032
1032
1032
1032
1032
1032
1032
1032
1040
1040
1040
1040
1040
1040
1040
1040
1040
1040
1040
1040
1040
1040
1040
1040
1040
1040
1040
1040
1040
1040
1040
1040
1040
1040
1040
1040
1040
1040
1040
1040
1040
1040
1040
1040
1040
1040
1040
1040
1040
1040
1040
1040
1040
1040
1040
1040
1040
1040
1040
1040
1040
1040
1040
1040
1040
1040
1040
1040
1040
1040
1040
1040
1040
1040
1040
1040
1040
1040
1040
1040
1040
1040
1040
1040
1040
1040
1040
1040
1040
1040
1040
1032
1032
1032
1032
1032
1032
1032
1032
1032
1032
1032
1032
1032
1032
1032
1032
1032
1032
1032
1032
1032
1032
1032
1032
1032
1032
1032
1032
1032
1032
1032
1032
1032
1032
1032
1032
1032
1032
1032
1032
1032
1032
1032
1032
1032
1032
1032
1032
1032
1032
1032
1032
1032
1032
1032
1032
1032
1032
1032
1032
1032
1032
1032
1032
1032
1032
1032
1032
1032
1032
1032
1032
1032
1032
1032
1032
1032
1032
1032
1032
1032
1032
1032
1032
1032
1032
1032
1032
1032
1032
1032
1032
1032
1032
1032
1032
1032
1032
1032
1032
1032
1032
1032
1032
1032
1032
1032
1032
1032
1032
1032
1032
1032
1032
1032
1032
1032
1032
1032
1032
1032
1032
1032
1032
1032
1032
1032
1032
1032
1032
1032
1032
1032
1032
1032
1032
1032
1032
1032
1032
1032
1032
1032
1032
1032
1032
1032
1032
1032
1032
1032
1032
1032
1032
1032
1032
1032
1032
1032
1032
1032
1032
1032
1032
1032
1032
1032
1032
1032
1032
1032
1032
1032
1032
1032
1032
1032
1032
1032
1032
1032
1032
1032
1032
1032
1032
1032
1032
1032
1032
1032
1032
1032
1032
1032
1032
1032
1032
1032
1032
1032
1032
1032
1032
1032
1032
1032
1032
1032
1032
1032
1032
1032
1032
1032
1032
1032
1032
1032
1032
1032
1032
1032
1032
1032
1032
1032
1032
1032
1032
1032
1032
1032
1032
1032
1032
1032
1032
1032
1032
1032
1032
1032
1032
1032
1032
1032
1032
1032
1032
1032
1032
1032
1032
1032
1032
1032
1032
1032
1032
1032
1032
1032
1032
1032
1032
1032
1032
1032
1032
1032
1032
1032
1032
1032
1032
1032
1032
1032
1032
1032
1032
1032
1032
1032
1032
1032
1032
1032
1032
1032
1032
1032
1032
1032
1032
1032
1032
1032
1032
1032
1032
1032
1032
1032
1032
1032
1032
1032
1032
1032
1032
1032
1032
1032
1032
1032
1032
1032
1032
1032
1032
1032
1032
1032
1032
1032
1032
1032
1032
1032
1032
1032
1032
1032
1032
1032
1032
1032
1032
1032
1032
1032
1032
1032
1032
1032
1032
1032
1032
1032
1032
1032
1032
1032
1032
1032
1032
1032
1032
1032
1032
1032
1032
1032
1032
1032
1032
1032
1032
1024
1024
1024
1024
1024
1024
1024
1024
1024
1024
1024
1024
1024
1024
1024
1024
1024
1024
1024
1024
1024
1024
1024
1024
1024
1024
1024
1024
1024
1024
1024
1024
1024
1024
1024
1024
1024
1024
1024
1024
1024
1024
1024
1024
1024
1024
1024
1024
1024
1024
1024
1024
1024
1024
1024
1024
1024
1024
1024
1024
1024
1024
1024
1024
1024
1024
1024
1024
1024
1024
1024
1024
1024
1024
1024
1024
1024
1024
1024
1024
1024
1024
1024
1024
1024
1024
1024
1024
1024
1024
1024
1024
1024
1024
1024
1024
1024
1024
1024
1024
1024
1024
1024
1024
1024
1024
1024
1024
1024
1024
1024
1024
1024
1024
1024
1024
1024
1024
1024
1024
1024
1024
1024
1024
1024
1024
1024
1024
1024
1024
1024
1024
1024
1024
1024
1024
1024
1024
1024
1024
1024
1024
1024
1024
1024
1024
1024
1024
1024
1024
1024
1024
1024
1024
1024
1024
1024
1024
1024
1024
1024
1024
1024
1024
1024
1024
1024
1024
1024
1024
1024
1024
1024
1024
1024
1024
1024
1024
1024
1024
1024
1024
1024
1024
1024
1024
1024
1024
1024
1024
1024
1024
1024
1024
1024
1024
1024
1024
1024
1024
1024
1024
1024
1024
1024
1024
1024
1024
1024
1024
1024
1024
1024
1024
1024
1024
1024
1024
1024
1024
1024
1024
1024
1024
1024
1024
1024
1024
1024
1024
1024
1024
1024
1024
1024
1024
1024
1024
1024
1024
1024
1024
1024
1024
1024
1024
1024
1024
1024
1024
1024
1024
1024
1024
1024
1024
1024
1024
1024
1024
1024
1024
1024
1024
1024
1024
1024
1024
1024
1024
1024
1024
1024
1024
1024
1024
1024
1024
1024
1024
1024
1024
1024
1024
1024
1024
1024
1024
1024
1024
1024
1024
1024
1024
1024
1024
1024
1024
1024
1024
1024
1024
1024
1024
1024
1024
1024
1024
1024
1024
1024
1024
1024
1024
1024
1024
1024
1024
1024
1024
1024
1024
1024
1024
1024
1024
1024
1024
1024
1024
1024
1024
1024
1024
1024
1024
1024
1024
1024
1024
1024
1024
1024
1024
1024
1024
1024
1024
1024
1024
1024
1024
1024
1024
1024
1024
1024
1024
1024
1024
1024
1024
1024
1024
1024
1024
1024
1024
1024
1024
1024
1024
1024
1024
1024
1024
1024
1024
1024
1024
1024
1024
1024
1024
1024
1024
1024
1024
1024
1024
1024
1024
1024
1024
1024
1024
1024
1024
1024
1024
1024
1024
1024
1024
1024
1024
1024
1024
1024
1024
1024
1024
1024
1024
1024
1024
1024
1024
1024
1024
1024
1024
1024
1024
1024
1024
1024
1024
1024
1024
1024
1024
1024
1024
1024
1024
1024
1024
1024
1024
1024
1024
1024
1024
1024
1024
1024
1024
1024
1024
1024
1024
1024
1024
1024
1024
1024
1024
1024
1024
1024
1024
1024
1024
1024
1024
1024
1024
1024
1024
1024
1024
1024
1024
1024
1024
1024
1024
1024
1024
1024
1024
1024
1024
1024
1024
1024
1024
1024
1024
1024
1024
1024
1024
1024
1024
1024
1024
1024
1024
1024
1024
1024
1024
1024
1024
1024
1024
1024
1024
1024
1024
1024
1024
1024
1024
1024
1024
1024
1024
1024
1024
1024
1024
1024
1024
1024
1024
1024
1024
1024
1024
1024
1024
1024
1024
1024
1024
1024
1024
1016
1016
1016
1016
1016
1016
1016
1016
1016
1016
1016
1016
1016
1016
1016
1016
1016
1016
1016
1016
1016
1016
1016
1016
1016
1016
1016
1016
1016
1016
1016
1016
1016
1016
1016
1016
1016
1016
1016
1016
1016
1016
1016
1016
1016
1016
1016
1016
1016
1016
1016
1016
1016
1016
1016
1016
1016
1016
1016
1016
1016
1016
1016
1016
1016
1016
1016
1016
1016
1016
1016
1016
1016
1016
1016
1016
1016
1016
1016
1016
1016
1016
1016
1016
1016
1016
1016
1016
1016
1016
1016
1016
1016
1016
1016
1016
1016
1016
1016
1016
1016
1016
1016
1016
1016
1016
1016
1016
1016
1016
1016
1016
1016
1016
1016
1016
1016
1016
1016
1016
1016
1016
1016
1016
1016
1016
1016
1016
1016
1016
1016
1016
1016
1016
1016
1016
1016
1016
1016
1016
1016
1016
1016
1016
1016
1016
1016
1016
1016
1016
1016
1016
1016
1016
1016
1016
1016
1016
1016
1016
1016
1016
1016
1016
1016
1016
1016
1016
1016
1016
1016
1016
1016
1016
1016
1016
1016
1016
1016
1016
1016
1016
1016
1016
1016
1016
1016
1016
1016
1016
1016
1016
1016
1016
1016
1016
1016
1016
1016
1016
1016
1016
1016
1016
1016
1016
1016
1016
1016
1016
1016
1016
1016
1016
1016
1016
1016
1016
1016
1016
1016
1016
1016
1016
1016
1016
1016
1016
1016
1016
1016
1016
1016
1016
1016
1016
1016
1016
1016
1016
1016
1016
1016
1016
1016
1016
1016
1016
1016
1016
1016
1016
1016
1016
1016
1016
1016
1016
1016
1016
1016
1016
1016
1016
1016
1016
1016
1016
1016
1016
1016
1016
1016
1016
1016
1016
1016
1016
1016
1016
1016
1016
1016
1016
1016
1016
1016
1016
1016
1016
1016
1016
1016
1016
1016
1016
1016
1016
1016
1016
1016
1016
1016
1016
1016
1016
1016
1016
1016
1016
1016
1016
1016
1016
1016
1016
1016
1016
1016
1016
1016
1016
1016
1016
1016
1016
1016
1016
1016
1016
1016
1016
1016
1016
1024
1024
1024
1024
1024
1024
1024
1024
1024
1024
1024
1024
1024
1024
1024
1024
1024
1024
1024
1024
1024
1024
1024
1024
1024
1024
1024
1024
1024
1024
1024
1024
1024
1024
1024
1024
1024
1024
1024
1024
1024
1024
1024
1024
1024
1024
1024
1024
1024
1024
1024
1024
1024
1024
1024
1024
1024
1024
1024
1024
1024
1024
1024
1024
1024
1024
1024
1024
1024
1024
1024
1024
1024
1024
1024
1024
1024
1024
1024
1024
1024
1024
1024
1024
1024
1024
1024
1024
1024
1024
1024
1024
1024
1024
1024
1024
1024
1024
1024
1024
1024
1024
1024
1024
1024
1024
1024
1024
1024
1024
1024
1024
1024
1024
1024
1024
1024
1024
1024
1024
1024
1024
1024
1024
1024
1024
1024
1024
1024
1024
1024
1024
1024
1024
1024
1024
1024
1024
1024
1024
1024
1024
1024
1024
1024
1024
1024
1024
1024
1024
1024
1024
1024
1024
1024
1024
1024
1024
1024
1024
1024
1024
1024
1024
1024
1024
1024
1024
1024
1024
1024
1024
1024
1024
1024
1024
1024
1024
1024
1024
1024
1024
1024
1024
1024
1024
1024
1024
1024
1024
1024
1024
1024
1024
1024
1016
1016
1016
1016
1016
1016
1016
1016
1016
1016
1016
1016
1016
1016
1016
1016
1016
1016
1016
1016
1016
1016
1016
1016
1016
1016
1016
1016
1016
1016
1016
1016
1016
1016
1016
1016
1016
1016
1016
1016
1016
1016
1016
1016
1016
1016
1016
1016
1016
1016
1016
1016
1016
1016
1016
1016
1016
1016
1016
1016
1016
1016
1016
1016
1016
1016
1016
1016
1016
1016
1016
1016
1016
1016
1016
1016
1016
1008
1008
1008
1008
1008
1008
1008
1008
1008
1008
1008
1008
1008
1008
1008
1008
1008
1008
1008
1008
1008
1008
1008
1008
1008
1008
1008
1008
1008
1008
1008
1008
1008
1008
1008
1008
1008
1008
1008
1008
1008
1008
1008
1008
1008
1008
1008
1008
1008
1008
1008
1008
1008
1008
1008
1008
1008
1008
1008
1008
1008
1008
1008
1008
1008
1008
1008
1008
1008
1008
1008
1008
1008
1008
1008
1008
1008
1008
1008
1008
1008
1008
1008
1008
1008
1008
1008
1008
1008
1008
1008
1008
1008
1008
1008
1008
1008
1008
1008
1008
1008
1008
1008
1008
1008
1008
1008
1008
1008
1008
1008
1008
1008
1008
1008
1008
1008
1008
1008
1008
1008
1008
1008
1008
1008
1008
1008
1008
1008
1008
1008
1008
1008
1008
1008
1008
1008
1008
1008
1008
1008
1008
1008
1008
1008
1008
1008
1008
1008
1008
1008
1008
1008
1008
1008
1008
1008
1008
1008
1008
1008
1008
1008
1008
1008
1008
1008
1008
1008
1008
1008
1008
1008
1008
1008
1008
1008
1008
1008
1008
1008
1008
1008
1008
1008
1008
1008
1008
1008
1008
1008
1008
1008
1008
1008
1008
1008
1008
1008
1008
1008
1008
1008
1008
1008
1008
1008
1008
1008
1008
1008
1008
1008
1008
1008
1008
1008
1008
1008
1008
1008
1008
1008
1008
1008
1000
1000
1000
1000
1000
1000
1000
1000
1000
1000
1000
1000
1000
1000
1000
1000
1000
1000
1000
1000
1000
1000
1000
1000
1000
1000
1000
1000
1000
1000
1000
1000
1000
1000
1000
1000
1000
1000
1000
1000
1000
1000
1000
1000
1000
1000
1000
1000
1000
1000
1000
1000
1000
1000
1000
1000
1000
1000
1000
1000
1000
1000
1000
1000
1000
1000
1000
1000
1000
1000
1000
1000
1000
1000
1000
1000
1000
1000
1000
1000
1000
1000
1000
1000
1000
1000
1000
1000
1000
1000
1000
1000
1000
1000
1000
1000
1000
1000
1000
1000
1000
1000
1000
1000
1000
1000
1000
1000
1000
1000
1000
1000
1000
1000
1000
1000
1000
1000
1000
1000
1000
1000
1000
1000
1000
1000
1000
1000
1000
1000
1000
1000
1000
1000
1000
1000
1000
1000
1000
1000
1000
1000
1000
1000
1000
1000
1000
1000
1000
1000
1000
1000
1000
1000
1000
1000
1000
1000
1000
1000
1000
1000
1000
1000
1000
1000
1000
1000
1000
1000
1000
1000
1000
1000
1000
1000
1000
1000
1000
1000
1000
1000
1000
1000
1000
1000
1000
1000
1000
1000
1000
1000
1000
1000
1000
1000
1000
1000
1000
1000
1000
1000
1000
1000
1000
1000
1000
1000
1000
1000
1000
1000
1000
1000
1000
1000
1000
1000
1000
1000
1000
1000
1000
1000
1000
1000
1000
1000
1000
1000
1000
1000
1000
1000
1000
1000
1000
1000
1000
1000
1000
1000
1000
1000
1000
992
992
992
992
992
992
992
992
992
992
992
992
992
992
992
992
992
992
992
992
992
992
992
992
992
992
992
992
992
992
992
992
992
992
992
992
992
992
992
992
992
992
992
992
992
992
992
992
992
992
992
992
992
992
992
992
992
992
992
992
992
984
984
984
984
984
984
984
984
984
984
984
984
984
984
984
984
984
976
976
976
976
976
976
976
976
976
976
976
976
976
976
976
976
976
976
976
976
976
976
976
976
976
976
976
976
976
976
976
976
976
976
976
976
976
976
976
976
976
976
976
976
976
976
976
976
976
976
976
976
976
976
976
976
976
976
976
976
976
976
976
976
976
976
976
976
976
976
976
976
976
976
976
976
976
976
976
976
976
976
976
976
976
976
976
976
976
976
976
976
976
976
976
976
976
976
976
976
976
976
976
976
976
976
976
976
976
976
976
976
976
976
976
976
976
976
976
976
976
976
976
976
976
976
976
976
976
976
976
976
976
976
976
976
976
976
976
976
976
976
976
976
976
976
976
976
976
976
976
976
976
976
976
976
976
976
976
976
976
976
976
976
976
976
976
976
976
976
976
976
976
976
976
976
976
976
976
976
976
976
976
976
976
976
976
976
976
976
976
976
976
976
976
976
976
976
976
976
976
976
976
976
976
976
976
976
976
976
976
976
976
976
976
976
976
976
976
976
976
976
976
976
976
976
976
976
976
976
976
976
976
976
976
976
976
976
976
976
976
976
