4.793
25.859
46.924
52.875
72.832
96.571
75.505
70.712
91.777
96.571
76.614
52.875
31.81
25.859
49.598
69.554
90.62
96.571
97.745
106.745
112.375
152.027
132.071
127.277
121.326
100.261
79.196
55.457
61.408
82.473
106.212
127.277
132.071
152.027
170.723
212.201
219.962
225.016
286.19
292.141
431.495
411.538
390.473
366.734
360.783
380.739
404.478
410.429
431.495
410.429
405.636
426.701
431.495
411.538
390.473
384.522
360.783
366.734
390.473
410.429
431.495
444.049
444.353
462.614
507.01
487.63
465.79
447.43
441.955
461.335
466.81
485.17
507.01
487.63
483.22
477.745
458.365
436.525
418.165
446.565
454.845
583.05
587.7
630.82
637.38
656.13
674.49
694.65
904.65
915.5
944.62
948.715
963.065
1012.065
1015.425
1062.045
1143.45
1178.79
1179.6
1211.2
1223.44
1136.898
1136.148
1222.63
1187.29
1105.885
1093.645
1062.045
1097.385
1101.795
1102.605
1114.845
1146.445
1136.898
1125.565
1134.205
1098.865
1094.455
1093.645
1062.045
1143.45
1178.79
1179.6
1211.2
1215.61
1227.85
1198.73
1184.38
1137.76
1133.665
1084.665
1081.305
1045.965
1033.725
1037.085
1086.085
1081.675
1085.77
1084.96
1053.36
1082.48
1001.075
1015.425
1062.045
1093.645
1105.885
1110.295
1111.105
1192.51
1227.85
1192.51
1180.27
1098.865
1098.055
1093.645
1062.045
1062.855
1144.26
1179.6
1184.01
1196.25
1227.85
1207.69
1196.84
986.84
997.69
1118.231
1136.898
1147.593
1187.519
1222.852
1341.56
1266.185
1236.926
1204.204
1203.454
1199.37
1188.037
1192.12
1210.065
1205.981
1188.037
1205.981
1126.612
1086.422
1074.052
1070.522
1028.28
1025.384
1000.28
1040.47
1082.711
1095.082
1120.185
1123.716
1126.612
1109.905
1188.037
1205.981
1210.065
1215.134
1227.079
1228.287
1254.583
1236.639
1232.556
1236.639
1254.583
1254.324
1243.63
1261.715
1244.915
1261.715
1343.12
1343.4
1354.95
1335.57
1331.16
1202.955
1159.835
1121.675
1110.125
1148.285
1276.49
1288.04
1331.16
1334.535
1438.875
1428.025
1218.025
1302.027
1530.288
1552.201
1563.995
1568.788
1662.946
1667.25
1701.598
1743.076
1782.728
1876.886
1923.755
1925.174
1986.913
1988.087
2004.717
2010.668
2067.505
2112.105
2116.305
2133.105
2084.105
2080.01
2065.66
2019.04
1989.92
1986.56
1990.655
2005.005
2051.625
1945.023
1971.986
1975.097
1871.642
1896.625
1913.332
1918.052
1945.293
1957.664
1990.56
1997.388
2018.086
2075.655
2022.468
2022.694
2094.105
2097.492
2111.331
2115.508
2137.508
2165.855
2171.145
2042.167
2055.167
2103.61
2104.405
2120.951
2124.133
2132.352
2045.504
2195.504
2216.304
2255.732
2280.975
2287.104
2361.632
2389.446
2405.046
2418.161
2463.836
2468.936
2474.593
2482.343
2528.629
2590.504
2593.504
2455.639
2469.868
2513.652
2514.534
2518.318
2561.524
2564.199
2588.848
2659.348
2675.848
2705.375
2731.24
2747.463
2792.584
2879.209
2882.993
2742.885
2745.712
2764.378
2782.955
2787.599
2800.022
2829.907
2941.907
2966.369
2969.958
2886.119
2940.113
2956.747
2960.747
2969.497
2856.788
2878.974
2891.741
2903.985
2926.078
2956.48
2972.991
3010.666
3017.642
3038.078
3045.096
3055.073
3055.701
3056.311
3060.523
3071.424
3072.035
3079.151
3111.872
3116.523
3121.128
3125.34
3147.596
3185.27
3204.108
3211.608
3158.703
3164.731
3193.781
3213.414
3213.569
3169.758
3189.162
3195.545
3216.258
3254.29
3279.088
3308.13
3323.545
3334.747
3343.364
3344.678
3261.395
3135.659
3161.292
3162.946
3181.574
3198.897
3230.963
3233.708
3242.708
3245.453
3277.52
3192.238
3194.821
3208.491
3211.915
3232.528
3124.964
3146.155
3175.609
3179.209
3181.118
3204.886
3207.614
3220.523
3249.589
3263.334
3272.143
3273.343
3274.877
3276.786
3301.461
3299.661
3301.195
3338.198
3345.561
3347.089
3372.18
3379.816
3397.516
3405.152
3426.343
3455.798
3432.03
3433.557
3433.925
3435.786
3449.532
3467.232
3471.664
3480.473
3482.961
3484.761
3494.334
3496.689
3516.289
3516.416
3533.391
3547.755
3553.209
3431.667
3438.114
3445.219
3459.43
3461.272
3386.356
3280.061
3226.808
3236.498
3236.081
3242.907
3268.865
3270.437
3292.77
3307.913
3325.024
3326.389
3329.27
3350.937
3364.96
3373.675
3395.216
3398.05
3398.526
3373.151
3376.032
3274.462
3276.158
3281.119
3285.292
3285.604
3319.662
3339.773
3314.088
3317.273
3318.565
3317.242
3318.938
3340.585
3326.554
3315.354
3297.423
3278.577
3277.002
3271.483
3270.19
3275.71
3293.64
3148.333
3149.568
3151.074
3161.779
3167.404
3298.977
3285.385
3273.231
3270.185
3260.95
3261.965
3267.85
3272.292
3274.398
3276.39
3289.91
3290.86
3295.302
3257.271
3262.979
3270.211
3300.586
3316.675
3316.989
3317.476
3257.585
3277.254
3277.547
3274.96
3311.228
3291.228
3292.185
3260.799
3264.332
3128.318
3148.04
3166.998
3183.186
3187.665
3060.158
3062.345
3063.465
3324.654
3299.79
3297.819
3285.442
3274.315
3287.752
3299.16
3276.644
3277.014
3194.137
3201.349
3200.979
3211.801
3220.024
3226.661
3231.901
3227.709
3233.134
3244.949
3246.824
3244.949
3257.442
3260.277
3279.182
3256.99
3258.168
3263.921
3256.442
3263.079
3287.565
3287.118
3294.33
3304.057
3307.396
3277.438
3255.838
3172.703
3173.56
3173.95
3177.7
3182.359
3184.716
3192.511
3210.433
3211.291
3211.714
3221.123
3233.552
3242.961
3252.182
3130.225
3017.084
3018.277
2912.988
3235.026
3238.945
3259.984
3263.149
3263.49
3270.62
3279.841
3281.351
3253.226
3260.317
3203.589
3256.089
3257.375
3240.398
3238.58
3272.456
3273.742
3232.117
3218.117
3214.367
3201.977
3216.166
3212.247
3215.997
3229.997
3226.078
3267.703
3280.093
3313.969
3313.969
3296.242
3281.106
3276.917
3258.476
3257.385
3257.385
3255.255
3259.443
3137.214
3023.821
2918.339
2931.891
2932.868
2934.775
2950.647
3292.742
3292.833
3285.742
3283.924
3284.015
3271.677
3277.969
3278.232
3280.05
3283.969
3280.073
3267.644
3269.997
3248.758
3266.383
3270.357
3237.857
3116.438
3230.727
3243.37
3237.916
3250.305
3255.273
3241.084
3228.442
3222.149
3224.468
3226.597
3105.6
3107.831
3217.071
3214.5
3242.625
3233.216
3233.606
3234.701
3252.429
3294.054
3286.125
3285.029
3290.614
3292.971
3303.812
3302.448
3281.409
3268.766
3279.607
3313.484
3324.325
3199.663
3204.725
3088.892
2981.14
3323.623
3357.5
3349.705
3355.997
3365.451
3361.929
3355.383
3287.201
3163.931
3167.322
3052.84
3054.991
3065.578
3283.693
3288.661
3254.784
3258.68
3262.203
3290.953
3167.542
3276.765
3290.953
3289.862
3304.05
3318.125
3324.417
3329.385
3330.502
3316.502
3295.463
3296.265
3294.135
3296.487
3296.097
3293.968
3297.886
3285.549
3293.344
3287.773
3286.341
3300.529
3318.802
3333.938
3331.808
3331.808
3331.808
3316.672
3316.672
3312.484
3294.756
3293.666
3311.393
3326.529
3330.718
3331.808
3344.237
3314.864
3316.94
3334.915
3343.547
3354.731
3358.165
3359.46
3371.536
3248.188
3255.508
3275.264
3359.07
3331.047
3299.37
3282.191
3283.445
3163.319
3179.869
3211.68
3212.009
3228.655
3229.68
3243.893
3349.269
3366.737
3367.826
3362.396
3360.663
3365.79
3367.085
3367.498
3366.169
3243.017
3259.567
3266.226
3377.937
3254.354
3260.262
3372.886
3379.797
3377.505
3253.938
3373.422
3361.309
3351.055
3348.549
3328.043
3325.75
3329.832
3249.85
3259.85
3271.665
3291.665
3294.11
3291.64
3292.863
3309.002
3310.063
3294.94
3294.616
3294.366
3300.866
3310.619
3314.397
3315.995
3311.273
3313.298
3307.316
3307.64
3242.826
3228.437
3232.974
3237.511
3245.048
3255.048
3258.826
3142.439
3241.974
3302.27
3311.258
3300.35
3285.961
3280.961
3281.998
3283.597
3229.671
3227.116
3111.862
3226.301
3225.079
3227.319
3247.056
3227.657
3115.064
3118.218
3124.567
3220.877
3213.521
3214.786
3216.187
3103.994
3110.378
3005.534
3221.789
3213.018
3208.696
3194.654
3193.42
3193.42
3082.022
3086.193
3087.17
2983.108
2991.288
2992.438
3182.667
3181.107
3219.723
3219.639
3220.872
3225.932
3227.492
3228.821
3213.071
3213.387
3234.923
3223.935
3222.607
3221.047
3209.553
3209.3
3216.655
3275.498
3284.227
3276.011
3275.617
3273.435
3269.55
3267.574
3253.532
3237.086
3219.977
3208.447
3155.821
3154.809
3171.917
3188.363
3176.869
3177.113
3066.283
3070.033
3081.161
3083.068
3087.342
3100.894
3102.084
3103.061
3210.16
3098.177
3198.666
3189.937
3187
3193.578
3203.337
3195.12
3190.512
3181.783
3170.054
3171.288
3172.324
3166.486
3056.028
3157.715
3155.33
3130.81
3169.426
3106.173
3108.758
3107.071
3113.414
3118.294
3120.679
3132.125
3133.161
3137.589
3146.36
3152.197
3158.035
3156.77
3137.066
3136.05
3130.402
3100.252
3109.36
3105.745
3104.096
3109.934
3001.448
3093.583
3090.315
3058.887
3072.929
3066.586
3068.971
3078.08
2970.705
3068.971
3065.492
3074.221
3065.45
3061.128
3074.116
3073.872
3078.932
3088.691
3088.607
3108.125
3125.077
3128.691
3128.366
3124.73
3110.688
3115.297
3106.742
3093.58
3125.008
3126.694
3129.279
3129.532
3123.694
3129.224
3136.58
3135.563
3135.925
3129.581
3127.395
3147.509
3174.181
3185.711
3186.727
3185.932
3180.764
3069.807
3173.532
3171.345
3179.562
3194.321
3192.17
3183.441
3188.622
3197.104
3148.399
3149.664
3172.435
3172.435
3168.55
3166.574
3149.465
3133.02
3132.008
3120.477
3106.435
2998.071
2897.013
2910.108
2911.951
2816.996
2820.501
2835.338
2836.251
3143.48
3149.128
3137.634
3028.182
3136.401
3137.593
3148.238
3038.416
3075.685
3170.503
3170.747
3172.307
3235.56
3204.133
3190.97
3202.5
3202.816
3203.133
3201.867
3226.387
3236.146
3227.592
3115.001
3224.655
3228.27
3228.026
3254.697
3276.233
3269.619
3295.711
3271.191
3270.798
3260.211
3263.825
3247.38
3248.123
3247.328
3246
3238.768
3241.262
3251.319
3258.551
3252.208
3257.738
3277.852
3294.203
3274.943
3294.203
3297.471
3291.128
3282.02
3276.182
3275.146
3269.965
3238.538
3245.152
3258.14
3144.484
3257.128
3259.31
3256.042
3276.157
3280.479
3307.151
3302.09
3318.441
3324.279
3323.086
3318.477
3306.983
3305.947
3291.905
3288.426
3275.264
3270.384
3156.301
3268.233
3266.426
3272.77
3261.041
3269.812
3286.163
3277.434
3308.861
3287.325
3285.143
3285.938
3296.583
3280.833
3274.995
3285.053
3170.458
3175.908
3290.7
3286.815
3286.815
3272.773
3256.327
3254.351
3254.351
3253.339
3255.315
3141.757
3035.855
3051.192
3052.136
3065.232
2965.279
2968.784
3289.051
3297.822
3299.509
3324.029
3322.342
3302.227
3292.468
3308.218
3327.479
3328.712
3297.285
3258.669
3254.346
3237.395
3244.75
3249.521
3260.77
3208.143
3201.529
3210.3
3209.907
3183.235
3193.88
3198.651
3198.325
3214.075
3210.389
3161.684
3170.792
3159.298
3049.09
3052.84
3162.867
3189.539
3172.587
3167.527
3158.973
3162.66
3173.908
3205.336
3214.444
3221.8
3219.824
3216.556
3215.155
3213.89
3203.245
3223.36
3224.377
3221.44
3233.169
3235.753
3236.497
3231.889
3248.334
3216.907
3216.991
3185.563
3185.247
3176.693
3117.849
3104.792
3073.364
3086.527
3082.892
3066.446
3057.892
3042.142
3041.398
3040.654
3041.887
3046.767
3047.083
2940.789
2942.865
3044.354
3037.776
3044.39
3042.741
3036.904
3041.964
3045.849
3048.235
3047.919
3046.902
3040.324
3050.083
3047.932
3049.197
3052.134
3050.806
3059.535
3059.535
3062.119
3073.649
3086.812
3055.384
3048.806
3027.27
3014.282
2975.666
2964.172
2960.693
2999.309
3010.803
3023.791
3027.27
3027.586
3025.399
3015.342
3023.896
3013.839
3014.164
3008.327
3046.943
3048.208
3031.857
3040.339
3031.568
3031.568
3030.334
3026.012
3026.012
3025
3023.988
3023.988
3009.946
3009.946
3009.946
3007.97
3004.084
2987.639
2883.419
2894.547
2796.978
2810.073
2811.916
2815.539
2830.876
2831.82
3032.102
3031.307
3032.541
3036.227
3037.877
3037.961
3057.479
3059.455
3073.497
3074.762
3055.244
3053.979
3060.322
3049.931
3053.566
3054.361
3053.128
3046.55
3049.486
3046.55
3056.309
3036.605
3034.919
3034.919
3033.358
3032.166
3031.849
3042.837
3012.687
3007.157
3006.145
3004.952
2996.181
2891.663
2912.448
2912.692
3017.726
3018.521
3024.169
3020.482
3019.446
3013.102
3015.289
3035.404
3008.732
3047.348
3058.596
3064.434
3075.021
3077.172
3078.732
3085.075
3096.063
3079.712
3066.724
3067.761
3070.255
3068.072
3064.187
3061.801
3050.271
3040.512
3020.994
3023.176
3034.706
3054.224
3058.11
3067.869
3070.255
3070.255
3050.736
3044.122
3055.11
3065.755
3061.146
3057.667
3055.517
3016.901
3005.37
3025.485
3008.858
2984.339
2967.712
2966.479
2969.958
2965.187
2959.349
2957.163
2956.146
2960.468
2955.86
2957.053
2950.709
2949.444
2954.324
2964.083
2965.316
2948.69
2927.154
2927.898
2930.08
2945.83
2950.89
2962.384
2965.321
3014.026
3008.845
3003.008
2999.739
2998.703
2894.097
2896.004
2951.974
2935.623
2935.623
2933.238
2937.56
2931.217
2930.964
2921.855
2960.471
2958.822
2954.214
2961.569
2963.377
2994.804
2991.536
2991.536
2991.536
2887.18
2890.334
2792.907
2994.804
2992.828
2992.828
2991.816
2987.931
2971.485
2959.955
2945.913
2946.925
2960.967
2857.677
2873.549
2877.299
2780.312
2782.154
2691.432
2973.515
2973.84
2973.84
2954.322
2954.322
2944.563
2944.202
2942.873
2912.723
2913.084
2916.352
2947.78
2844.951
2945.286
2947.468
2946.203
2949.839
2944.959
2954.068
2938.318
2929.589
2931.149
2931.149
2920.562
2924.041
2919.613
2919.529
2913.691
2915.252
2911.773
2937.864
2937.069
2952.819
2952.819
2941.289
2939.889
2934.828
2921.84
2905.395
2892.407
2880.913
2863.961
2861.774
2860.581
2859.545
2858.533
2856.973
2857.298
2863.877
2858.997
2865.575
2855.816
2847.599
2830.648
2821.877
2818.608
2816.801
2801.051
2800.807
2799.479
2772.807
2768.922
2785.548
2776.03
2774.702
2764.943
2784.203
2780.589
2788.806
2779.288
2774.679
2778.565
2778.565
2779.893
2771.122
2776.303
2773.718
2772.974
2777.297
2797.411
2797.411
2803.248
2783.988
2803.691
2796.336
2795.102
2789.03
2783.193
2782.877
2783.889
2805.425
2815.482
2831.833
2839.188
2838.393
2815.622
2799.271
2799.271
2799.664
2795.056
2797.032
2799.417
2838.033
2857.294
2863.908
2883.169
2872.181
2874.59
2877
2908.428
2907.392
2882.872
2875.64
2880.411
2886.989
2889.172
2885.286
2883.31
2883.31
2883.31
2869.268
2868.256
2868.256
2851.81
2854.22
2834.959
2837.544
2843.616
2843.616
2850.23
2881.658
2874.426
2876.233
2881.881
2855.209
2835.949
2838.334
2838.651
2838.289
2855.241
2846.512
2861.271
2859.084
2849.325
2841.97
2833.199
2842.958
2843.042
2843.837
2845.03
2845.03
2818.358
2818.358
2828.117
2818.06
2815.123
2815.123
2834.384
2843.492
2838.432
2838.517
2837.324
2863.995
2870.068
2769.949
2856.905
2852.477
2848.05
2845.867
2848.804
2848.411
2845.917
2842.282
2840.721
2852.45
2862.842
2863.086
2874.815
2866.261
2866.176
2876.233
2862.191
2856.544
2861.315
2861.315
2802.471
2798.785
2760.169
2776.52
2767.791
2764.104
2705.261
2707.67
2719.2
2727.929
2717.342
2734.294
2735.559
2721.517
2722.312
2727.48
2732.661
2744.39
2745.718
2649.938
2652.013
2684.616
2696.146
2720.666
2719.63
2719.63
2733.672
2753.786
2762.34
2736.248
2741.128
2757.755
2758.116
2768.508
2768.508
2768.508
2770.194
2774.803
2775.047
2781.39
2775.553
2765.794
2764.56
2759.03
2769.675
2782.732
2793.377
2695.933
2787.729
2768.211
2774.048
2770.78
2760.136
2774.895
2774.895
2776.087
2776.087
2776.831
2776.831
2779.325
2791.054
2799.783
2805.431
2811.078
2713.017
2715.124
2725.342
2739.586
2748.772
2758.99
2856.327
2872.077
2879.309
2887.863
2892.185
2902.83
2905.012
2936.44
2947.886
2939.157
2938.14
2938.465
2835.961
2922.114
2910.669
2916.506
2910.163
2911.175
2912.44
2900.91
2889.661
2928.277
2927.012
2925.036
2913.788
2854.944
2847.589
2837.83
2827.185
2814.023
2814.339
2831.291
2804.619
2795.511
2790.631
2785.86
2780.023
2758.486
2757.47
2752.59
2752.834
2749.22
2750.907
2758.139
2744.096
2743.06
2744.709
2724.595
2744.298
2746.708
2755.262
2730.742
2732.008
2730.774
2635.515
2641.148
2733.133
2713.018
2709.404
2728.664
2732.55
2728.914
2731.101
2731.185
2731.185
2794.438
2794.523
2796.932
2801.812
2805.498
2815.017
2839.536
2839.78
2850.425
2851.753
2752.273
2850.56
2836.518
2737.57
2836.434
2829.819
2829.819
2829.819
2731.105
2742.151
2836.943
2838.176
2854.622
2838.872
2838.128
2854.574
2856.724
2895.34
2901.178
2900.166
2891.395
2904.557
2906.943
2905.383
2894.738
2887.383
2878.901
2881.395
2886.563
2886.202
2889.837
2892.422
2872.307
2868.828
2844.309
2844.224
2839.164
2863.684
2867.163
2867.247
2872.307
2872.551
2877.431
2901.95
2897.523
2889.041
2890.441
2901.69
2900.654
2900.738
2902.545
2901.533
2914.521
2919.401
2817.561
2722.587
2723.893
2725.466
2922.488
2923.889
2922.56
2927.729
2959.157
2951.801
2956.229
2952.343
2849.355
2854.805
2856.712
2956.081
2949.467
2965.913
2956.395
2955.066
2954.822
2930.303
2926.616
2915.971
2926.616
2930.303
2828.083
2732.754
2732.982
2741.858
2747.993
2758.24
2766.42
2767.875
2677.618
2687.531
2977.758
2976.524
2978.91
2978.593
2976.617
2982.148
2992.539
2988.852
2987.166
2997.557
3013.307
3043.458
3037.114
3035.849
3038.235
3036.586
3058.122
3110.748
3084.077
3077.462
3079.645
3080.661
3064.911
3103.527
3101.551
3062.935
2956.089
3056.592
3053.655
3052.39
3056.998
3073.95
3058.2
3056.393
3036.279
3041.809
3022.548
3020.366
3010.607
2991.089
2988.703
2977.173
2973.288
2934.672
2923.178
2919.699
2906.711
2910.19
2948.806
2960.3
2973.288
2984.536
2987.473
2971.122
2974.059
2964.002
2990.673
2985.492
2954.065
2957.002
2925.574
2936.218
2936.218
2937.014
2940.492
2942.679
2940.27
2933.691
2933.935
2942.489
2942.815
2951.544
2958.122
2945.134
2950.315
2944.477
2940.791
2940.547
2940.547
2929.902
2920.384
2920.384
2924.071
2925.399
2949.919
2959.437
2970.081
2970.325
2969.092
2865.519
2869.792
2873.964
2977.598
2970.983
2977.562
2987.619
2976.631
2976.884
2975.324
2995.438
2890.946
2909.962
2915.413
2917.32
3012.708
3013.503
3007.855
3056.56
2949.936
3052.925
3052.681
3063.072
3065.482
3076.976
3060.349
3051.241
3067.867
3089.404
3080.633
3076.31
3084.864
3053.437
3061.991
3076.033
3076.277
2968.965
2969.344
2974.054
2993.467
2993.781
2994.025
3097.182
3058.566
3064.404
3068.726
3062.148
3036.056
3021.297
3037.742
3031.905
3011.791
3009.206
3005.592
2993.863
3005.393
2988.441
2978.384
2971.77
2960.782
2944.431
2930.389
2931.622
2928.354
2977.059
2977.854
2980.005
2975.233
2972.297
2971.032
2980.14
2963.694
2953.935
2966.992
2971.764
2972.017
2969.08
2970.729
2971.765
2961.12
2959.792
2956.105
2946.587
2922.068
2921.824
2925.511
2925.755
2927.083
2936.601
2834.161
2844.435
2936.658
2927.929
2927.185
2965.801
2862.343
2964.536
2963.343
2958.572
2985.244
2976.136
2975.34
2974.596
2972.446
2976.768
2998.304
2987.913
2987.587
2994.819
2998.506
3000.693
3002.875
3007.646
3006.634
3012.977
2974.361
2974.614
2977.199
2972.319
2972.319
2978.157
2979.806
2988.023
2985.84
2987.991
2976.461
2972.982
2972.187
2996.706
2999.643
3003.965
3030.057
3027.648
2922.032
2996.22
3022.312
3019.926
3017.432
3017.348
3043.44
3043.123
3032.732
3036.367
3039.304
3038.979
3036.792
3063.464
3065.849
3057.633
3062.404
3056.331
3060.217
3057.633
3063.47
3062.205
3065.684
3063.877
3054.768
3049.238
3054.768
3049.12
3054.958
3066.206
3066.206
3064.973
3055.864
3045.22
3025.959
3028.453
3041.511
3041.267
3030.622
3029.294
3019.776
3016.089
3016.089
3019.776
3021.104
3031.748
3056.268
3056.512
3066.03
3063.446
3087.965
3067.851
3067.851
3064.583
3064.583
2957.679
3048.833
3045.565
3021.045
3029.527
3009.413
3015.485
2910.294
2913.448
2918.448
3021.548
3000.012
2988.482
2992.804
2994.78
2890.311
2980.021
2980.816
2980.816
2969.087
2970.488
2970.741
2960.096
2963.033
2969.611
2988.872
2988.788
2988.703
3005.054
3004.738
3021.364
3025.687
3024
3072.705
2965.517
2966.494
3054.456
3023.029
3024.041
3024.041
3019.161
3029.218
3055.89
3058.077
3047.432
3035.703
3033.521
3034.533
3034.28
3036.666
3005.238
3025.352
3013.858
3013.774
3007.196
3003.56
2986.934
2989.12
3015.212
3014.417
2989.898
2980.38
2980.136
2969.491
2965.804
2964.476
2947.524
2952.133
2936.383
2833.951
2933.973
2895.357
2884.369
2883.625
2873.568
2871.592
2871.592
2876.2
2866.682
2803.429
2801.78
2799.37
2810.015
2818.786
2819.53
2830.518
2869.134
2879.721
2779.266
2841.105
2858.057
2855.672
2859.994
2875.744
2878.154
2875.768
2882.383
2871.395
2871.069
2869.509
2867.015
2897.166
2899.66
2898.259
2900.669
2898.982
2797.855
2806.645
2817.773
2914.44
2905.886
2925.146
2922.995
2909.833
2893.387
2877.036
2863.873
2858.813
2869.801
2865.479
2880.238
2880.482
2897.434
2894.849
2889.319
2889.066
2869.806
2870.167
2868.607
2872.294
2875.908
2877.595
2879.745
2896.697
2905.806
2913.161
2944.589
2841.871
2845.621
2909.858
2910.175
2911.861
2907.976
2806.535
2906.289
2916.346
2814.613
2894.81
2910.56
2891.3
2895.185
2896.992
2923.084
2928.922
2939.91
2941.31
2979.926
3028.631
3050.167
3069.87
3086.979
3079.623
3089.681
3088.12
3088.514
3097.068
3100.953
3103.538
3109.375
3089.672
3089.672
3081.117
3085.44
3100.199
3100.199
3096.72
3106.238
3105.913
3103.503
3114.09
3103.699
3108.759
3125.11
3125.11
3156.538
3130.446
3128.06
3125.878
3138.866
3137.306
3126.318
3115.926
3113.517
3162.221
3179.173
3177.94
3184.518
3159.998
3161.191
3159.009
3142.563
3143.358
3094.654
3114.172
3005.538
3112.979
3132.682
3144.176
3136.821
3139.758
3139.758
3030.231
3123.312
3129.655
3129.655
3124.474
3122.065
3117.456
3111.384
3130.645
3124.066
3102.53
3096.187
3098.771
3157.614
3158.848
3158.523
3154.2
3167.258
3176.776
3181.836
3182.852
3197.611
3191.774
3186.605
3180.027
3193.084
3199.157
3196.572
3206.331
3212.169
3218.747
3223.518
3222.325
3233.313
3237.741
3232.97
3246.133
3265.836
3256.077
3269.065
3263.417
3252.169
3235.217
3233.816
3234.852
3229.015
3228.931
3230.259
3241.247
3232.518
3232.157
3232.482
3243.976
3232.446
3230.295
3117.61
3121.782
3227.386
3188.77
3188.77
3169.066
3169.066
3169.459
3169.459
3169.215
3160.661
3146.619
3146.294
3126.179
3125.786
3120.907
3129.461
3149.575
3149.968
3040.086
3040.321
3040.635
3045.344
2942.692
3135.303
3152.255
3152.255
3152.011
3149.824
3138.575
3150.069
3140.31
3166.982
3175.199
3175.994
3175.741
3184.223
3186.717
3195.446
3192.509
3187.63
3207.744
3218.992
3207.744
3213.581
3208.413
3216.63
3216.946
3217.69
3216.895
3220.373
3193.702
3144.997
3165.111
3161.226
3160.91
3150.265
3145.386
3162.494
3052.174
3131.066
3128.13
3122.949
3124.142
3121.756
3141.459
3136.58
3142.923
3143.239
3138.917
3158.178
3153.855
3143.268
3130.211
3132.187
3128.301
3123.693
3121.511
3115.673
3112.736
3111.941
3138.613
3139.878
3137.902
3132.255
3149.206
3140.652
3031.094
3137.715
3131.372
3131.688
3119.959
3121.36
3138.468
3138.468
3149.456
3147.274
3148.834
3159.226
3178.929
3178.536
3204.628
3205.645
3206.44
3094.587
3114
3115.744
3227.325
3221.795
3220.395
3227.009
3114.439
3009.458
3021.635
3042.871
3052.562
3053.256
3258.223
3245.166
3239.328
3235.849
3224.355
3211.367
3172.752
3185.739
3192.083
3177.324
3180.803
3191.791
3080.449
3189.405
3200.899
3211.887
3212.923
3251.539
3249.154
3247.92
3250.857
3242.64
3241.623
3243.431
3247.753
3242.584
3252.102
3249.916
3238.187
3238.431
3238.178
3246.732
3230.105
3210.402
3098.411
3195.643
3195.399
3195.792
3190.145
3173.794
3063.08
3171.643
3170.848
3060.237
3169.52
3169.127
3170.813
3170.813
3159.825
3189.976
3191.952
3180.422
3175.994
3173.843
3173.843
3199.935
3238.551
3244.081
3245.642
3245.726
3256.37
3257.407
3143.776
3152.962
3156.712
3050.306
3068.681
3260.363
3146.629
3221.747
3221.494
3227.331
3210.38
3220.967
3225.395
3233.611
3202.184
3194.952
3194.59
3194.346
3183.759
3181.783
3178.148
3166.654
3164.967
3140.447
3140.203
3137.794
3135.3
3126.571
3126.318
3121.995
3120.73
3109.2
3087.664
3074.676
3074.676
3074.676
3072.092
3065.477
3065.393
2958.461
2964.094
3058.068
3058.068
3005.441
3005.441
2988.995
2980.441
2976.755
2967.983
2966.583
2960.935
2958.748
2952.17
2945.592
2896.887
2896.092
2896.092
2895.776
2886.667
2884.173
2884.173
2883.378
2866.426
2827.81
2827.485
2827.485
2825.303
2825.303
2806.042
2800.205
2795.883
2794.554
2783.108
2780.524
2771.416
2758.358
2758.358
2752.521
2753.849
2759.687
2721.071
2672.366
2667.595
2643.075
2642.759
2622.645
2621.608
2617.181
2617.181
2611.108
2607.84
2602.003
2601.759
2599.265
2602.533
2665.786
2572.794
2645.672
2642.057
2632
2612.739
2608.854
2604.083
2599.474
2582.366
2571.378
2545.286
2519.194
2519.194
2514.014
2500.956
2499.149
2468.998
2442.907
2431.919
2412.215
2412.215
2385.544
2384.532
2365.271
2352.108
2335.758
2329.92
2303.828
2284.125
2289.962
2291.611
2297.142
2303.72
2303.72
2301.136
2301.22
2331.37
2320.979
2318.042
2307.054
2302.732
2282.617
2282.224
2281.899
2281.899
2281.899
2281.655
2276.776
2268.221
2316.926
2337.041
2337.434
2345.988
2346.232
2351.111
2351.437
2365.479
2359.642
2332.97
2321.476
2301.361
2295.018
2278.066
2260.958
2258.548
2256.988
2255.339
2248.761
2240.206
2234.369
2233.041
2238.878
2240.206
2235.884
2227.113
2227.113
2227.113
2205.577
2204.565
2200.242
2198.267
2194.788
2194.462
2194.462
2177.511
2171.673
2170.024
2163.446
2157.916
2163.753
2170.331
2175.861
2177.511
2150.839
2131.136
2120.548
2115.777
2098.825
2090.343
2086.657
2085.392
2076.91
2060.283
2054.446
2046.229
2036.47
2024.976
2015.458
2010.687
2005.627
1989.877
1984.039
1975.822
1974.173
1972.773
1970.622
1959.128
1953.947
1936.995
1945.253
1946.688
1951.997
1954.201
1965.978
2005.548
2022.918
2024.608
2018.941
2012.96
2006.219
2004.529
1989.406
1991.096
1997.836
1970.506
1976.488
1982.154
1971.849
1958.469
1918.9
1917.838
1901.699
1896.032
1889.81
1883.829
1880.819
1879.13
1872.63
1845.299
1844.077
1838.096
1836.735
1842.716
1830.938
1832.299
1821.04
1816.318
1815.281
1814.519
1814.148
1811.907
1810.179
1790.443
1790.443
1775.319
1773.884
1772.823
1772.823
1767.156
1763.174
1761.576
1761.576
1806.084
1794.9
1784.9
1788.983
1794.793
1804.793
1804.881
1806.521
1857.691
1885.104
1896.288
1897.377
1891.566
1884.655
1878.522
1876.79
1882.922
1884.655
1891.566
1897.377
1897.377
1892.835
1885.924
1879.259
1868.693
1866.073
1845.372
1794.201
1776.226
1770.093
1747.467
1706.896
1705.424
1693.88
1695.351
1746.522
1767.223
1778.767
1784.9
1802.875
1825.502
1866.073
1844.94
1844.94
1834.373
1834.373
1823.19
1822.858
1820.959
1820.123
1817.038
1808.405
1800.807
1780.301
1776.867
1765.684
1764.388
1764.388
1752.312
1743.679
1703.108
1703.108
1700.81
1700.81
1700.028
1693.896
1686.984
1681.174
1679.441
1685.252
1692.163
1693.896
1700.028
1699.247
1648.076
1620.663
1620.331
1609.413
1608.017
1601.884
1600.631
1599.563
1595.481
1625.078
1596.953
1594.823
1573.141
1572.8
1560.411
1546.411
1542.661
1541.063
1555.437
1568.157
1610.892
1614.742
1613.377
1606.097
1604.272
1596.992
1590.532
1584.412
1591.692
1598.152
1604.272
1606.097
1604.972
1604.537
1618.83
1651.586
1649.614
1634.35
1597.611
1595.097
1590.555
1581.956
1579.984
1569.336
1569.336
1532.597
1512.78
1517.322
1519.836
1556.576
1558.548
1578.364
1608.866
1617.465
1628.113
1628.113
1623.06
1626.081
1643.335
1658.518
1664.095
1667.528
1674.352
1699.528
1722.044
1716.129
1705.924
1694.798
1671.981
1670.053
1663.588
1655.898
1649.074
1648.789
1643.736
1643.736
1641.426
1624.173
1608.989
1608.609
1602.905
1602.445
1578.931
1568.931
1511.995
1511.71
1495.294
1495.579
1509.981
1515.529
1538.399
1548.125
1548.495
1548.942
1564.908
1561.568
1539.166
1539.166
1527.128
1492.848
1478.08
1474.125
1407.221
1404.385
1396.865
1396.418
1366.092
1378.586
1376.531
1378.041
1390.83
1416.859
1416.859
1452.601
1432.21
1418.993
1460.366
1460.366
1502.992
1495.538
1494.523
1502.246
1551.385
1592.41
1592.525
1592.525
1578.385
1565.434
1565.434
1565.434
1560.988
1560.988
1474.922
1560.988
1565.434
1573.697
1560.746
1560.631
1555.344
1519.842
1512.318
1510.908
1444.637
1442.514
1428.031
1397.047
1370.238
1404.653
1398.424
1398.305
1393.411
1386.292
1351.799
1356.693
1363.811
1398.305
1398.424
1397.966
1378.212
1349.915
1337.881
1337.328
1330.464
1330.121
1305.871
1306.443
1335.732
1358.97
1359.428
1366.292
1378.326
1398.081
1398.424
1395.644
1341.32
1333.54
1331.57
1319.536
1311.591
1293.32
1289.811
1292.591
1300.536
1302.506
1310.286
1364.61
1382.881
1386.39
1398.424
1382.254
1377.36
1359.089
1304.765
1359.089
1375.258
1393.53
1398.424
1395.398
1386.475
1371.581
1369.386
1353.561
1345.35
1360.244
1376.068
1384.28
1386.475
1395.398
1398.424
1390.212
1359.915
1357.945
1303.621
1320.671
1304.671
1326.295
1300.071
1326.863
1357.719
1374.927
1408.653
1410.847
1487.12
1547.594
1556.736
1560.509
1575.792
1581.566
1584.66
1599.566
1629.729
1635.177
1587.96
1587.828
1587.96
1635.177
1536.12
1526.611
1521.493
1526.611
1536.12
1635.177
1629.092
1614.828
1612.186
1608.818
1559.601
1593.174
1645.742
1601.546
1605.189
1633.903
1636.76
1652.189
1629.86
1641.831
1648.154
1699.301
1698.662
1698.265
1675.412
1661.49
1660.961
1581.696
1637.99
1603.918
1604.332
1612.597
1636.383
1636.934
1637.599
1652.089
1666.566
1699.301
1678.164
1678.027
1659.721
1656.221
1650.338
1634.848
1650.338
1671.475
1674.975
1693.282
1693.419
1699.301
1703.184
1719.066
1721.228
1730.728
1733.669
1734.199
1735.853
1746.618
1747.029
1751.235
1752.446
1758.363
1760.525
1758.363
1748.863
1751.025
1760.525
1739.387
1720.681
1715.02
1652.174
1670.88
1676.542
1697.679
1760.525
1758.363
1748.863
1758.363
1760.525
1711.456
1711.319
1760.387
1760.525
1746.603
1667.338
1659.397
1658.757
1658.228
1691.839
1691.426
1667.64
1750.14
1750.806
1774.592
1775.005
1775.556
1783.821
1817.893
1832.383
1803.403
1801.031
1764.551
1745.939
1663.439
1653.551
1620.176
1554.765
1588.14
1617.12
1682.531
1626.049
1628.328
1663.377
1681.26
1760.525
1751.025
1748.863
1751.025
1760.525
1856.289
1804.241
1837.967
1876.366
1882.059
1909.075
1938.53
1949.443
1989.693
1973.111
1971.107
1954.132
1971.107
1987.689
1989.693
1980.884
1978.88
1969.716
1964.784
1869.33
1868.736
1855.827
1853.339
1847.475
1848.068
1850.557
1856.42
1869.33
1871.684
1879.32
1899.064
1899.524
1882.787
1877.721
1821.491
1802.579
1802.105
1731.184
1701.895
1701.322
1700.967
1693.862
1673.414
1660.958
1731.879
1732.353
1752.8
1765.257
1765.612
1766.184
1773.289
1802.579
1800.123
1786.86
1783.728
1773.018
1735.024
1689.261
1744.825
1719.243
1722.489
1733.589
1759.17
1798.545
1801.091
1806.955
1820.7
1802.579
1802.456
1758.553
1733.64
1702.281
1686.281
1684.241
1628.011
1657.477
1648.668
1575.168
1591.75
1593.864
1623.598
1632.407
1658.225
1716.5
1790
1822.5
1824.505
1824.873
1839.236
1855.3
1860.864
1831.274
1830.8
1830.445
1809.998
1780.708
1768.252
1697.331
1690.226
1689.654
1718.943
1789.864
1796.969
1809.425
1809.781
1810.353
1830.8
1831.274
1834.452
1837.925
1852.136
1880.557
1897.346
1903.004
1897.711
1880.974
1849.614
1757.509
1718.671
1690.25
1679.719
1652
1675.941
1687.267
1725.665
1767.434
1791.964
1797.45
1826.905
1844.25
1876.75
1972.205
1957.841
1957.473
1920.47
1914.907
1898.843
1896.839
1902.402
1918.466
1920.47
1957.473
1957.841
1972.205
1935.202
1929.952
1922.316
1994.724
2033.123
2041.047
2041.179
2046.627
2029.958
2015.052
2012.972
1974.573
1974.191
1968.417
1985.087
1985.469
1991.243
1993.323
2008.229
2046.627
2046.627
2046.627
2044.759
2044.759
2060.509
2102.278
2104.146
2130.939
2121.797
2101.458
2067.731
2037.568
2032.969
2025.498
2002.384
1998.337
2028.5
2051.613
2085.34
2089.939
2110.278
2114.325
2121.797
2130.939
2116.033
2110.259
2071.861
2055.191
2053.111
2052.729
2054.809
2060.583
2075.488
2075.87
2114.269
2130.939
2116.033
2110.259
2106.486
2091.203
2088.108
2082.66
2052.498
2057.946
2088.108
2091.203
2106.108
2109.882
2115.656
2130.939
2123.014
2122.519
2109.99
2107.451
2067.547
2061.547
2061.15
2043.826
2041.664
2026.174
1951.795
1990.193
2006.863
2012.637
2027.542
2027.925
2011.255
1972.856
1957.95
1955.87
1955.488
2026.174
2025.777
2025.137
2017.196
1937.931
1924.01
1901.157
1868.422
1867.892
1868.532
1882.453
1915.189
1938.042
1830.373
1837.873
1838.248
1838.748
1944.748
1926.865
1908.559
1926.441
1944.748
1873.441
1877.215
1900.328
1903.422
1904.667
1934.83
1948.113
1981.84
1949.148
1956.102
1952.502
1937.775
1920.375
1917.082
1887.627
1881.764
1899.164
1928.618
1931.911
1946.639
1950.239
1956.102
1930.52
1924.657
1910.911
1899.811
1922.285
1918.917
1878.057
1875.415
1889.085
1915.877
1917.858
1884.132
1881.939
1864.731
1833.875
1773.401
1697.127
1687.986
1661.193
1692.05
1752.524
1828.797
1837.939
1840.132
1799.036
1831.536
1848.118
1845.764
1829.786
1895.467
1959.475
2029.566
2010.513
2028.446
2039.191
2041.834
2051.722
2055.365
2074.418
1974.745
1974.079
1959.589
1947.339
1910.86
1910.86
1910.309
1909.895
1864.717
1840.931
1821.462
1788.401
1746.867
1712.796
1605.653
1597.388
1591.23
1624.291
1731.434
1767.913
1774.071
1873.745
1918.923
1960.457
1972.707
1992.176
2008.707
2025.742
2054.722
2071.758
2086.125
2168.625
2219.696
2241.696
2235.115
2231.074
2211.543
2178.482
2161.952
2158.255
2191.316
2197.898
2127.588
2146.353
2150.235
2153.787
2146.287
2142.365
2111.02
2075.971
2033.507
2032.213
2028.998
2015.194
1991.174
1956.896
1987.059
2010.172
2013.946
2027.229
2028.474
2062.2
2065.295
2072.512
2065.743
2016.526
2003.13
2069.914
2066.363
2049.039
2030.412
2037.446
2088.593
2107.221
2121.142
2138.466
2142.017
2153.787
2118.738
2086.672
2068.789
2066.51
2038.667
1959.402
1949.902
1887.056
1949.902
1977.745
2009.811
2012.091
2029.973
2029.644
2063.37
2072.512
2094.502
2097.597
2123.351
2205.767
2232.559
2250.616
2256.7
2258.285
2254.55
2248.465
2233.182
2229.764
2199.198
2181.142
2154.349
2151.255
2145.17
2119.415
2097.425
2095.84
2077.783
1995.368
2001.453
2003.038
2021.094
2024.189
2049.943
2132.358
2159.151
2181.142
2206.748
2208.828
2217.969
2125.818
2084.05
2050.323
2038.998
1939.941
1934.248
1916.248
1885.682
1847.283
1889.052
1922.778
1928.472
1959.038
1970.363
1994.168
2082.968
2119.97
2062.322
2059.445
2037.954
2006.594
1994.243
1956.25
1952.741
1946.031
1944.873
1986.53
2025.905
2032.859
2036.495
2039.477
2052.277
2053.477
2082.543
2104.816
2137.316
2131.452
2052.034
2030.843
2013.443
1987.625
1986.098
1961.28
1958.298
2037.716
2043.58
2060.98
2062.507
2015.05
2035.498
2059.445
2062.322
2060.388
2051.888
2060.388
2062.322
2135.311
2118.73
2101.755
2118.336
2135.311
2137.316
2132.066
2124.43
2087.427
2087.3
2085.773
2059.955
1980.536
1963.136
1960.155
1938.964
1986.377
1980.292
2007.085
2008.67
2011.764
2017.849
2039.84
2057.896
2140.311
2166.066
2160.292
2145.387
2142.292
2127.009
2096.847
2091.399
2169.493
2200.838
2204.054
2219.936
2223.858
2229.858
2235.52
2251.01
2248.848
2239.348
2241.51
2251.01
2224.245
2222.598
2216.275
2197.51
2111.863
2084.02
2061.167
2057.951
2061.167
2084.02
2090.343
2093.877
2120.67
2146.425
2164.481
2166.066
2163.986
2154.844
2156.925
2166.066
2140.311
2138.726
2135.632
2113.642
2107.557
2080.764
1998.349
2057.951
2061.167
2079.931
2086.255
2113.02
2114.667
1997.185
2018.769
1912.518
1914.254
1916.05
1945.34
1948.814
1950.322
1950.678
1979.368
1880.4
1892.233
1935.708
1941.833
1948.983
1972.433
2311.01
2308.848
2331.701
2345.623
2347.309
2350.25
2352.789
2370.02
2372.078
2379.578
2381.265
2382.951
2390.451
2396.368
2398.309
2370.466
2354.098
2370.466
2398.309
2429.654
2438.066
2447.066
2482.115
2509.958
2517.164
2522.826
2573.973
2582.208
2613.554
2640.613
2642.672
2656.593
2656.73
2663.936
2674.701
2679.48
2775.245
2777.525
2778.164
2796.471
2815.176
2816.863
2820.414
2883.26
2883.397
2889.059
2854.01
2826.167
2808.284
2745.439
2735.939
2703.873
2701.593
2622.328
2657.377
2685.221
2764.485
2796.551
2859.397
2868.897
2871.176
2889.059
2899.824
2913.745
2928.569
2765.87
2776.986
2940.338
2938.691
2919.926
2893.162
2893.162
2870.309
2867.093
2860.77
2862.417
2781.193
2806.948
2825.005
2831.09
2853.08
2856.175
2831.732
2831.859
2848.834
2857.998
2887.452
2889.016
2890.816
2938.243
2946.043
2993.47
3013.334
3086.834
3108.025
3127.889
3147.593
3163.57
3170.525
3186.502
3201.68
3214.48
3216.834
3220.08
3229.243
3245.22
3170.191
3178.414
3180.454
3182.855
3191.355
3214.289
3125.085
3126.508
3129.864
3139.119
3162.966
3166.042
3170.174
3170.517
3171.636
3206.129
3207.998
3215.286
3230.744
3231.087
3233.46
3232.341
3202.044
3199.265
3162.559
3150.627
3147.237
3140.754
3119.992
3092.896
3119.992
3029.238
3064.74
3068.018
3069.1
3071.789
3078.059
3098.141
3127.445
3105.068
3089.379
3088.002
3118.646
3094.578
3089.112
3086.333
3174.178
3015.469
3034.894
3057.644
2912.042
2914.645
2919.764
2921.097
2788.32
2803.07
2806.206
2807.877
2802.498
2809.623
2817.366
2817.675
2837.632
2857.706
2865.779
2879.853
2880.333
2880.73
2913.285
2914.256
2915.761
2975.21
2915.739
2920.111
2929.854
2931.059
3361.266
3354.217
3352.311
3329.246
3313.607
3261.064
3258.137
3260.043
3275.682
3278.609
3301.674
3303.918
3149.047
3155.766
3172.699
3206.537
3206.646
3211.686
3224.029
3128.002
3044.98
3059.009
3059.307
2930.04
2955.217
2956.769
2966.375
2944.94
2948.656
2832.262
2833.564
2851.722
2853.069
3229.914
3258.123
3276.407
3284.601
3287.265
3303.571
3316.444
3340.623
3343.825
3357.437
3213.546
3333.028
3352.539
3358.45
3359.703
3380.3
3286.694
3287.65
3295.607
3300.042
3300.476
3304.911
3306.129
3316.679
3318.853
3313.31
3319.962
3357.766
3356.283
3364.982
3277.292
3278.845
3298.845
3215.37
3217.245
3202.478
3198.368
3185.579
3185.483
3174.661
3172.216
3194.618
3204.344
3217.413
3221.522
3234.015
3244.837
3245.248
3248.187
3250.632
3265.399
3278.188
3278.284
3277.134
3277.134
3272.716
3272.716
3270.469
3254.503
3254.503
3235.805
3248.594
3252.704
3254.95
3266.988
3286.44
3299.55
3333.83
3336.769
3337.18
3338.954
3361.146
3371.502
3238.416
3240.258
3261.574
3261.84
3282.875
3290.059
3424.089
3421.608
3429.087
3435.375
3436.553
3436.913
3361.595
3363.322
3377.772
3384.492
3366.397
3384.492
3375.025
3379.025
3379.425
3379.695
3391.195
3403.643
3414.443
3283.119
3412.717
3408.693
3384.86
3355.343
3285.343
3277.34
3264.62
3243.02
3215.885
3150.765
3172.365
3153.394
3221.576
3229.372
3175.638
3187.714
3210.34
3214.16
3239.921
3252.035
3256.877
3137.723
3251.066
3268.245
3278.498
3284.631
3291.543
3293.275
3305.389
3307.896
3328.131
3319.144
3330.328
3327.242
3321.109
3318.394
3304.748
3284.513
3279.5
3256.873
3241.367
3255.013
3261.146
3263.861
3279.367
3299.603
3322.229
3327.242
3330.328
3335.169
3337.467
3340.087
3341.726
3345.381
3356.505
3305.334
3315.334
3312.248
3301.995
3291.429
3301.682
3312.248
3324.571
3319.141
3330.264
3332.796
3341.429
3342.492
3351.707
3339.631
3340.467
3342.726
3370.139
3379.354
3393
3268.866
3381.877
3383.272
3259.494
3362.139
3358.32
3413.611
3336.102
3355.838
3356.162
3367.688
3377.441
3378.738
3380.974
3382.27
3402.27
3280.76
3281.496
3168.341
3169.306
3180.037
3404.069
3411.48
3415.909
3409.927
3377.724
3386.415
3398.434
3393.897
3361.693
3363.128
3377.517
3380.526
3259.793
3276.043
3277.293
3398.424
3405.202
3400.48
3417.85
3416.252
3429.631
3439.937
3456.076
3459.085
3453.789
3459.085
3469.992
3467.548
3468.844
3473.566
3476.576
3477.338
3482.06
3483.495
3493.248
3492.846
3497.275
3491.052
3494.617
3506.395
3513.806
3388.313
3333.179
3343.397
3456.026
3407.321
3424.273
3424.029
3429.197
3418.61
3416.923
3424.279
3439.038
3465.13
3460.358
3470.416
3486.767
3486.767
3499.755
3483.128
3469.965
3471.941
3477.779
3478.172
3479.188
3478.863
3477.535
3468.017
3469.577
3478.348
3471.77
3479.986
3490.974
3475.224
3475.55
3469.206
3472.893
3484.142
3469.383
3473.991
3477.605
3484.22
3482.533
3494.027
3496.003
3464.575
3467.843
3468.16
3468.16
3476.889
3489.946
3488.681
3493.741
3492.34
3506.383
3507.395
3500.039
3502.226
3500.577
3508.794
3503.733
3509.571
3515.408
3505.649
3493.92
3497.399
3502.459
3505.044
3514.152
3528.194
3525.258
3524.896
3513.402
3518.462
3520.438
3519.402
3522.339
3399.467
3513.785
3512.592
3522.351
3500.815
3499.008
3376.949
3498.212
3376.182
3262.378
3487.625
3490.893
3510.411
3523.468
3525.155
3402.185
3521.52
3517.092
3520.029
3531.758
3532.011
3530.682
3550.386
3545.958
3545.958
3543.373
3529.331
3512.705
3504.488
3502.078
3497.47
3509
3511.182
3513.592
3511.441
3510.041
3490.78
3489.744
3451.128
3431.61
3430.417
3430.056
3310.403
3429.971
3430.364
3421.81
3302.445
3420.577
3433.565
3453.268
3456.536
3460.015
3467.247
3450.139
3434.389
3314.584
3414.685
3295.568
3184.482
3410.8
3291.818
3292.795
3411.495
3431.61
3433.995
3420.938
3424.824
3403.288
3386.179
3384.619
3396.348
3401.517
3421.631
3390.203
3370.943
3356.901
3239.799
3240.781
3347.273
3364.381
3347.935
3353.465
3343.408
3343.408
3348.938
3358.047
3354.36
3356.547
3372.898
3374.705
3380.542
3377.063
3350.392
3354.006
3337.054
3334.645
3319.886
3317.91
3317.114
3312.506
3304.024
3284.764
3258.672
3237.136
3263.227
3267.836
3269.812
3155.749
3158.074
3051.622
3059.532
3077.494
3078.236
3281.241
3301.355
3306.536
3304.887
3306.288
3280.196
3279.16
3281.569
3270.321
3286.767
3288
3293.648
3302.202
3310.684
3299.696
3279.992
3262.884
3214.179
3175.563
3169.726
3148.19
3146.789
3148.19
3167.893
3173.73
3184.718
3201.827
3250.532
3272.068
3310.684
3304.069
3328.589
3328.914
3324.592
3208.618
3317.36
3201.638
3316.167
3342.839
3351.056
3337.014
3343.628
3352.182
3293.339
3178.455
3293.339
3294.355
3179.436
3294.271
3287.657
3285.506
3170.895
3191.68
3297.934
3295.958
3312.584
3312.331
3292.813
3291.548
3300.102
3300.187
3309.946
3309.151
3310.187
3320.831
3329.313
3329.313
3338.084
3334.605
3315.345
3315.101
3313.836
3283.685
3169.138
3279.998
3265.956
3271.604
3274.098
3263.706
3268.477
3279.971
3279.887
3268.899
3247.363
3252.242
3235.892
3234.855
3231.169
3239.94
3126.919
3226.777
3220.199
3210.142
3212.292
3201.705
3203.855
3193.268
3184.786
3073.689
3174.729
3163.48
3162.152
3162.152
3158.884
3170.378
3167.441
3206.057
3202.443
3191.455
3190.127
3178.878
3189.866
3078.592
3089.448
3186.355
3175.367
3168.753
3179.398
3179.398
3180.434
3180.827
3190.586
3195.646
3211.997
3214.184
3209.575
3209.937
3097.962
3107.991
3109.212
3004.407
3014.897
3228.233
3226.584
3114.029
3219.97
3224.578
3218.741
3208.154
3206.593
3200.25
3198.099
3186.851
3183.372
3189.715
3191.276
3190.239
3189.047
3188.035
3195.267
3205.854
3217.348
3208.239
3096.324
3098.818
3109.674
3115.308
3214.747
3218.015
3248.166
3249.358
3230.098
3220.58
3193.908
3082.493
3082.807
3183.646
3184.441
3184.685
3185.702
3074.573
3078.061
3178.925
3167.937
3154.88
3158.566
3148.807
3144.199
3127.848
3138.836
3127.587
3136.069
3130.539
3129.503
3112.551
3112.235
3121.753
3120.193
3120.937
3119.608
3117.922
3117.922
3125.277
3129.886
3020.703
3044.368
3052.624
3055.118
3164.31
3152.816
3153.209
3148.149
3147.137
3138.366
3137.571
3147.089
3130.462
3021.26
3121.354
3126.535
3165.151
3154.163
3044.134
3048.407
3145.533
3145.926
3126.408
3124.221
3015.237
3124.137
3123.821
3014.85
3017.153
3114.477
3131.586
3132.851
3130.875
3119.345
3119.345
3124.514
3173.218
3169.739
3178.511
3176.125
3172.511
3177.571
3181.05
3149.622
3149.378
3154.908
3139.158
3133.321
3133.405
3126.827
3138.321
3187.026
3181.188
3169.459
3178.568
3172.495
3165.881
3177.411
3066.571
3165.917
3167.151
3178.681
3177.669
3177.416
3151.324
3149.348
3165.699
3152.711
3042.733
3047.006
3148.922
3147.905
3145.718
3143.134
3147.456
3146.444
3149.923
3158.405
3158.161
3150.806
3149.245
3137.997
3139.262
3133.614
3139.262
3142.949
3141.684
3132.955
3115.846
3007.154
3015.578
3016.799
3125.515
3138.572
3138.889
3158.407
3158.407
3170.136
3164.955
3162.569
3173.157
3176.425
3180.852
3185.175
3201.526
3177.006
3172.398
3172.036
3168.349
3170.325
3170.718
3174.604
3180.676
3179.664
3174.604
3168.532
3169.548
3167.366
3184.474
3168.123
3185.075
3186.404
3190.726
3188.142
3188.142
3190.324
3173.215
3163.158
3160.664
3161.026
3165.634
3055.205
3056.186
3065.892
3174.901
3181.479
3196.238
3202.075
3138.822
3122.377
3124.786
3131.13
3141.774
3122.256
3122.572
3013.645
3030.006
3045.786
3153.724
3156.134
3144.604
3143.37
3142.977
3165.748
3159.134
3149.616
3136.628
3153.736
3151.929
3148.294
3145.709
3145.384
3144.056
3137.441
3136.697
3135.681
3135.428
3138.012
3138.756
3140.084
3146.699
3150.334
3150.587
3150.913
3040.997
3041.978
3149.435
3146.851
3141.203
3138.709
3100.093
3091.539
3091.539
3091.864
3089.889
3076.901
3073.286
3096.057
3090.527
3089.127
3127.742
3136.297
3138.791
3140.191
3145.839
3158.827
3164.357
3166.333
3160.261
3160.017
3159.655
3158.86
3158.86
3147.33
3147.691
3148.727
3146.342
3160.384
3160.384
3158.197
3151.583
3151.583
3041.644
3134.474
3153.735
3155.922
3103.295
3097.458
3108.446
3095.389
3092.452
3083.681
3109.773
3111.422
3111.506
3105.976
3100.807
3099.479
3096.542
3073.771
3067.699
2960.686
2860.888
2861.183
3061.401
3044.449
3053.967
3102.672
3098.349
3086.855
3067.337
3042.818
2979.565
2958.029
2899.185
2872.514
2868.878
2861.646
2853.092
2845.86
2834.366
2834.45
2835.486
2834.158
2836.544
2842.381
2743.228
2744.972
2843.172
2847.057
2835.328
2736.422
2824.08
2814.562
2821.794
2823.944
2824.27
2827.905
2808.202
2839.63
2839.63
2844.238
2835.684
2819.333
2820.526
2813.294
2816.562
2815.297
2809.767
2831.303
2834.571
2823.322
2822.31
2823.322
2875.949
2934.792
2915.532
2908.3
2918.944
2910.462
2898.932
2901.426
2910.155
2901.673
2903.824
2908.992
2928.511
2826.353
2928.511
2826.353
2833.333
2935.349
2936.998
2924.011
2934.068
2913.953
2917.839
2925.071
2872.444
2878.092
2872.255
2910.87
2904.292
2905.693
2895.048
2899.657
2903.271
2912.789
2913.584
2913.584
2919.114
2920.675
2927.289
2965.905
2951.863
2946.026
2926.322
2928.009
2825.869
2844.706
2748.817
2937.768
2954.877
2954.877
2959.199
2957.392
2941.041
2932.559
2931.815
2923.261
2922.517
2928.164
2917.52
2922.291
2925.905
2925.905
2927.881
2935.236
2926.465
2928.114
2938.702
2941.196
2939.795
2941.123
2916.604
2919.541
2930.185
2961.613
2972.258
2961.67
2978.297
2979.092
2996.044
3026.194
3034.748
3034.005
3031.42
3033.396
3037.011
3050.173
3055.703
3057.352
3056.34
3060.949
3077.3
3077.3
3077.616
3077.616
3066.122
3104.738
3113.292
3114.62
3110.934
3110.934
3107.455
3108.471
3121.529
3132.517
3132.517
3132.517
3124.3
3122.113
3113.896
3119.065
3133.824
3133.498
3130.23
3021.036
3113.785
3112.384
3125.547
3016.516
3123.571
3115.089
3115.089
3111.61
3099.881
3075.361
3074.096
3070.617
3051.357
3041.598
3039.188
3029.67
3025.983
3024.008
3027.486
3029.896
3031.872
3041.631
3045.318
3064.578
3074.096
3088.139
3097.247
3097.64
3089.086
3086.904
3086.511
3087.547
3098.134
3103.664
3095.447
3088.215
3118.366
3099.105
3097.13
3094.72
3090.111
3090.111
3064.02
3063.224
3063.224
3054.742
2948.182
2950.089
2958.275
2960.6
2961.368
2965.815
2865.844
2883.806
2789.769
3087.666
3088.702
3098.461
3086.732
3090.617
3079.123
3074.063
3072.087
3074.497
3065.768
3070.648
3081.636
3083.036
2975.488
2980.372
2982.866
3089.416
3086.831
3088.48
2980.743
3081.125
3064.173
3075.667
3068.435
3068.52
3052.169
3047.289
3047.533
3046.268
3045.875
3048.812
3050.994
3050.994
3047.515
2941.206
2942.397
2843.215
3047.483
3038.712
2932.711
3027.218
3024.282
3021.872
3024.456
3007.505
2992.745
3004.239
3002.679
3007.739
2997.152
2986.761
2996.279
2997.291
2984.233
2985.562
2881.414
2884.568
2885.85
2990.158
2990.158
2995.688
2986.17
2882.001
2887.635
2991.646
2942.941
2965.712
2964.696
2926.08
2923.929
2918.761
2892.669
2894.476
2893.075
2892.059
2898.637
2910.131
2904.294
2890.252
2873.143
2873.059
2888.809
2871.7
2874.285
2869.116
2864.688
2887.459
2891.782
2903.511
2923.029
2903.511
2902.245
2902.161
2912.748
2912.748
2938.84
2939.584
2951.313
2968.265
2978.024
3041.277
3022.017
2973.312
2968.541
2968.541
2952.19
2951.797
2949.387
2953.815
2952.803
2957.23
2983.902
2963.788
2957.95
2959.184
2961.366
2963.86
2958.212
2953.89
2939.131
2935.517
2934.5
2929.44
2932.919
2830.608
2929.982
2927.795
2825.663
2927.479
2929.039
2931.19
2929.789
2928.461
2908.943
2921.931
2915.858
2926.503
2922.867
2913.349
2912.313
2903.542
2903.542
2890.485
2879.497
2859.794
2842.685
2836.848
2835.447
2796.831
2748.127
2726.59
2726.59
2721.982
2721.982
2716.145
2714.495
2715.512
2721.349
2717.464
2708.355
2724.105
2723.789
2731.145
2731.538
2741.056
2740.02
2730.261
2731.947
2723.176
2718.008
2718.008
2732.05
2743.58
2744.375
2719.855
2728.41
2733.181
2728.12
2722.59
2731.072
2720.428
2713.196
2717.967
2728.358
2738.946
2739.307
2748.416
2797.12
2795.928
2799.542
2800.807
2798.313
2781.205
2770.217
2771.904
2768.636
2778.693
2785.036
2789.807
2814.327
2823.845
2725.339
2730.972
2829.682
2829.682
2831.869
2835.348
2812.577
2814.759
2814.759
2813.072
2824.801
2804.687
2812.042
2798
2700.395
2797.607
2798.935
2795.667
2795.667
2803.023
2802.006
2819.114
2823.437
2828.967
2839.955
2840.699
2857.651
2855.675
2859.56
2859.56
2858.524
2828.373
2831.852
2827.967
2832.575
2836.898
2833.283
2838.813
2827.283
2801.191
2816.941
2814.532
2787.86
2793.041
2791.712
2795.399
2792.131
2791.095
2782.324
2789.556
2800.143
2783.792
2775.238
2770.63
2771.642
2781.16
2770.572
2819.277
2845.949
2843.455
2834.901
2854.419
2852.268
2873.804
2862.816
2862.816
2926.069
2926.069
2964.685
2963.452
2959.837
2956.223
2972.669
2976.554
2965.306
2964.944
2966.505
2957.95
2854.766
2952.303
2958.646
2958.321
2968.712
2964.827
2960.056
2962.465
2989.137
2983.956
2945.34
2928.989
2912.363
2892.845
2898.375
2912.417
2912.417
2921.188
2910.544
2903.929
2905.33
2906.563
2889.611
2880.503
2871.395
2861.636
2846.877
2843.608
2842.416
2810.988
2807.301
2810.78
2830.298
2831.563
2837.401
2738.422
2742.172
2743.148
2842.298
2839.913
2855.663
2878.434
2883.042
2834.337
2832.937
2830.352
2836.931
2827.172
2768.328
2771.964
2778.307
2766.777
2766.777
2779.765
2779.521
2780.533
2778.351
2756.815
2747.297
2757.688
2757.773
2755.387
2755.387
2757.363
2757.279
2768.527
2762.69
2767.858
2768.175
2784.526
2779.917
2787.149
2787.149
2801.191
2807.029
2806.712
2806.712
2815.441
2838.212
2838.465
2837.67
2848.315
2886.931
2886.136
2897.384
2796.313
2858.768
2853.889
2844.37
2853.479
2858.358
2858.358
2795.105
2789.575
2790.84
2693.485
2698.936
2718.349
2720.093
2818.325
2818.325
2819.337
2816.753
2806.108
2807.301
2802.979
2851.684
2848.747
2849.14
2866.248
2879.411
2866.248
2766.263
2773.243
2872.152
2868.267
2869.953
2869.158
2871.568
2872.761
2870.953
2853.845
2870.797
2870.797
2869.148
2856.09
2865.608
2867.795
2856.265
2862.102
2867.633
2856.139
2859.617
2859.617
2862.111
2862.111
2853.63
2862.358
2857.931
2857.569
2852.961
2844.232
2844.232
2839.063
2838.047
2832.399
2841.17
2845.779
2856.17
2850.989
2848.803
2843.742
2882.358
2865.732
2865.976
2860.446
2830.295
2816.253
2835.514
2835.514
2819.163
2812.584
2816.063
2822.136
2848.807
2847
2848.017
2845.834
2862.28
2878.907
2882.175
2882.919
2882.593
2895.651
2907.38
2896.392
2896.753
2892.145
2893.831
2899.669
2910.917
2926.667
2874.041
2876.625
2882.968
2880.559
2880.474
2779.993
2876.86
2873.381
2867.851
2862.014
2860.327
2837.556
2810.884
2800.239
2793.625
2791.649
2800.758
2800.758
2798.607
2785.55
2786.294
2798.023
2818.137
2817.744
2834.696
2837.964
2842.843
2843.86
2843.467
2854.054
2843.41
2853.169
2853.169
2846.825
2855.38
2851.057
2851.852
2840.322
2870.473
2881.06
2780.558
2880.316
2893.304
2854.688
2837.736
2831.158
2847.604
2846.37
2848.02
2846.333
2859.495
2858.459
2856.273
2857.922
2846.428
2847.44
2837.922
2837.922
2837.922
2799.306
2796.812
2798.045
2780.937
2775.289
2786.819
2775.09
2770.663
2775.434
2758.325
2756.997
2749.765
2761.494
2757.066
2660.89
2670.596
2679.782
2681.888
2774.938
2772.002
2768.733
2766.758
2758.276
2758.276
2755.866
2755.071
2755.071
2750.462
2750.462
2731.202
2731.997
2734.407
2739.015
2760.551
2769.033
2795.125
2697.621
2716.209
2718.116
2736.705
2752.577
2836.318
2834.758
2815.239
2810.631
2807.363
2808.628
2828.146
2833.315
2832.922
2829.036
2820.482
2818.833
2814.511
2813.715
2813.715
2820.33
2823.965
2837.023
2738.057
2837.023
2838.351
2838.351
2739.339
2743.51
2752.301
2754.208
2758.813
2842.779
2855.941
2854.929
2854.185
2880.857
2882.122
2903.658
2902.009
2899.858
2877.087
2877.449
2879.599
2883.485
2884.718
2886.119
2886.512
2880.982
2879.333
2884.104
2885.432
2874.845
2870.074
2860.315
2876.065
2879.002
2886.233
2900.992
2890.935
2899.489
2895.604
2885.547
2895.306
2905.363
2903.803
2916.791
2909.435
2920.423
2921.824
2921.908
2923.557
2912.97
2903.211
2904.539
2899.479
2900.274
2890.756
2895.937
2891.614
2790.744
2792.855
2876.849
2845.422
2849.036
2800.331
2801.127
2801.38
2790.392
2790.636
2829.252
2829.568
2799.417
2816.044
2847.471
2748.141
2841.634
2866.154
2868.336
2869.529
2856.541
2856.224
2857.873
2852.705
2853.066
2879.738
2899.441
2798.298
2877.905
2876.869
2876.544
2871.014
2868.863
2885.214
2888.901
2883.37
2890.602
2885.831
2884.503
2883.491
2891.708
2884.476
2888.111
2892.539
2896.175
2895.782
2895.782
2897.968
2883.926
2903.63
2892.136
2897.666
2897.666
2902.834
2885.883
2880.352
2878.703
2887.258
2887.258
2882.649
2869.486
2878.215
2873.788
2882.559
2882.315
2880.986
2880.733
2887.077
2887.077
2875.828
2864.84
2864.84
2875.828
2887.077
2888.405
2894.242
2903.761
2909.833
2890.315
2877.327
2872.556
2870.869
2876.517
2887.104
2887.104
2883.489
2905.026
2803.688
2814.781
2814.862
2910.956
2900.312
2908.794
2914.441
2920.279
2929.008
2955.099
2891.846
2889.262
2885.377
2888.313
2849.697
2879.848
2899.366
2899.366
2889.309
2788.519
2694.524
2878.721
2887.45
2907.154
2891.404
2884.048
2903.752
2903.752
2880.98
2878.794
2876.384
2872.062
2866.414
2877.402
2865.908
2870.788
2870.872
2871.116
2865.935
2918.562
2927.333
2923.854
2935.348
2947.077
2926.962
2953.634
2944.116
2970.208
2964.37
2973.889
2970.62
2974.256
2973.063
2972.319
2970.919
2982.449
2982.133
2984.283
2984.608
2991.187
2989.953
2982.598
2969.541
2974.149
2964.092
2966.502
2965.236
2965.321
2861.879
2881.292
2973.706
2961.977
2973.706
2975.857
2976.873
2966.482
2863
2869.98
2971.532
2970.515
2972.901
2974.229
2973.212
2951.676
2848.711
2853.315
2854.467
2949.086
2928.971
2931.122
2932.809
2924.327
2987.58
2981.002
2985.429
2985.822
2974.574
2973.381
2984.911
2989.971
2987.477
2981.947
2980.931
2978.748
2995.375
2984.983
2973.255
2953.736
2970.363
3008.979
3029.093
3025.458
3030.066
3032.217
3037.747
3014.976
3012.482
3023.47
3024.214
3023.821
3022.809
3028.456
3027.191
3027.553
3011.107
3012.667
2974.051
2975.452
3006.88
3003.611
3003.611
3020.563
3040.678
3044.364
3018.273
3019.506
3035.952
3036.313
3038.464
3027.476
3029.452
3024.283
3008.533
3039.961
3033.617
2927.794
3032.873
3022.286
3019.877
2997.105
2996.744
2972.224
2963.453
2963.453
2952.866
2952.782
2944.053
2942.492
2939.014
2930.459
2924.622
2912.893
2899.73
2868.303
2868.303
2866.616
2864.64
2855.532
2851.209
2831.949
2820.7
2809.712
2790.194
2786.715
2776.128
2776.128
2772.514
2772.429
2772.068
2763.514
2753.995
2744.477
2730.435
2729.035
2729.035
2722.691
2715.459
2711.98
2706.143
2705.899
2705.899
2700.062
2680.801
2680.801
2679.536
2677.56
2664.398
2648.047
2646.398
2637.289
2610.617
2599.973
2595.364
2584.777
2554.627
2552.476
2535.524
2486.819
2467.116
2465.851
2454.122
2448.941
2447.613
2441.27
2440.077
2430.559
2423.327
2421.145
2415.976
2413.392
2388.872
2385.185
2382.776
2379.508
2366.52
2355.932
2348.577
2347.248
2347.005
2342.577
2303.961
2303.568
2298.797
2277.261
2250.589
2234.839
2231.203
2229.554
2219.163
2218.151
2211.536
2211.536
2204.304
2198.232
2181.786
2178.307
2165.145
2155.386
2153.41
2152.614
2126.523
2121.914
2102.654
2094.172
2091.762
2070.226
2070.226
2071.021
2097.113
2111.872
2131.133
2152.669
2157.277
2159.687
2168.169
2170.145
2166.458
2155.209
2151.73
2141.673
2089.047
2087.398
2078.289
2077.056
2073.42
2064.312
2063.078
2056.735
2030.063
2027.127
2007.608
1998.88
1998.88
1997.614
1993.729
1984.958
1984.163
1975.434
1975.181
1967.949
1962.419
1945.792
1940.913
1940.117
1940.117
1931.346
1929.37
1923.298
1906.19
1893.133
1861.705
1813
1811.988
1806.458
1848.821
1848.451
1848.451
1843.562
1828.438
1825.429
1819.448
1806.139
1803.491
1781.423
1761.687
1774.995
1794.731
1809.855
1812.503
1815.512
1821.494
1826.383
1848.451
1847.09
1819.759
1818.495
1804.106
1782.039
1765.9
1764.863
1763.011
1745.974
1735.326
1708.59
1698.836
1671.506
1666.784
1663.059
1657.077
1629.747
1619.441
1601.91
1600.688
1618.219
1645.549
1646.772
1657.077
1651.29
1649.086
1647.864
1627.864
1651.266
1633.987
1633.646
1616.177
1611.636
1607.554
1601.421
1596.294
1582.649
1567.142
1566.763
1566.35
1525.778
1494.101
1476.823
1471.81
1451.109
1438.786
1426.672
1419.074
1419.074
1418.006
1412.69
1401.146
1399.85
1398.378
1395.872
1387.239
1386.457
1378.859
1378.859
1374.986
1368.074
1368.074
1365.782
1359.117
1356.82
1347.649
1326.948
1326.859
1321.049
1311.049
1335.693
1301.312
1296.212
1291.312
1289.585
1306.012
1305.735
1295.762
1294.858
1290.724
1277.615
1267.889
1267.478
1262.053
1252.409
1249.964
1249.604
1236.536
1234.091
1234.091
1223.269
1221.022
1217.067
1212.875
1190.976
1188.236
1177.14
1179.387
1182.127
1192.949
1214.848
1225.943
1229.899
1234.091
1215.5
1226.706
1226.706
1225.153
1218.551
1215.118
1213.19
1207.613
1204.812
1198.942
1228.328
1221.332
1221.228
1218.243
1193.325
1179.041
1177.306
1175.216
1175.112
1142.071
1109.748
1084.83
1083.571
1083.571
1067.602
1086.351
1051.976
1050.929
1022.556
1053.393
1033.311
1027.041
1000.834
997.555
986.014
987.096
993.367
996.645
1025.949
1061.451
1064.139
1090.346
1101.887
1121.969
1106.01
1140.477
1164.493
1157.783
1133.099
1103.809
1103.809
1088.393
1079.893
1063.513
1054.276
1053.75
1051.478
1027.531
1027.531
1030.662
1047.042
1055.542
1057.814
1073.23
1082.467
1079.336
1079.336
1079.336
1093.98
1118.893
1047.971
1066.48
1020.98
1008.18
991.205
974.623
1009.321
1026.528
1028.608
1046.224
1042.488
1067.488
1051.605
1035.238
1051.605
1067.488
1053.282
1051.223
1051.223
1053.282
1081.125
1095.331
1052.868
1049.652
1025.632
1011.828
980.483
972.983
971.689
967.767
932.718
925.684
957.029
964.529
978.333
1013.382
1016.598
1059.061
1007.914
993.993
976.669
973.118
974.412
978.333
966.564
947.936
935.278
942.047
991.264
1004.66
1022.585
1033.91
1050.58
1053.998
1053.866
1076.887
1071.005
1049.868
1076.597
1072.954
1094.954
1111.077
1114.719
1114.862
1120.985
1140.038
1162.487
1158.231
1150.093
1104.016
1100.527
1099.122
1061.09
1027.077
1012.098
981.886
964.125
994.338
1012.098
1005.588
971.574
967.319
950.085
943.941
940.452
923.644
957.657
964.168
980.976
984.465
990.609
1007.843
1012.098
1009.753
989.888
970.484
968.011
958.862
955.949
926.013
922.215
922.215
901.918
904.83
913.979
917.777
985.971
1006.269
1036.205
1038.678
1034.114
1028.928
1005.992
995.684
957.652
923.638
897.574
889.149
897.574
935.606
945.915
950.479
984.492
969.309
991.309
996.283
979.247
962.717
979.753
996.283
990.125
988.865
1029.149
1024.585
1024.585
1024.011
1067.072
1103.936
1103.448
1070.424
1051.012
1084.035
1103.448
1081.735
1130.149
1108.716
1096.899
1139.651
1136.33
1140.907
1144.228
1157.728
1113.07
1134.503
1157.274
1154.439
1143.244
1197.667
1179.462
1097.279
1143.922
1178.489
1172.575
1149.432
1140.689
1118.118
1072.443
1066.729
1058.479
1053.793
1076.936
1122.611
1127.296
1136.039
1141.754
1164.325
1172.575
1169.575
1129.004
1108.304
1129.004
1132.004
1172.575
1132.004
1108.154
1148.725
1172.575
1149.432
1125.582
1136.082
1163.896
1209.571
1256.296
1297.645
1334.943
1345.28
1355.983
1394.361
1423.652
1456.76
1459.902
1472.571
1485.666
1491.26
1496.166
1504.274
1512.544
1526.166
1529.307
1537.463
1550.557
1579.693
1600.125
1612.794
1629.294
1687.824
1711.135
1737.446
1740.588
1756.811
1780.689
1805.922
1865.753
1870.578
1914.361
1932.794
1936.848
1938.517
1863.465
1887.926
1890.09
1902.513
1937.897
1942.103
1945.612
1951.112
1956.42
1966.228
1931.351
1940.68
1869.828
1908.654
1919.922
1929.34
1956.445
1956.933
1957.096
1967.997
1882.981
1884.856
1885.306
1993.839
1996.039
2007.739
2028.939
2037.106
2039.439
2129.272
2144.428
2160.072
2163.183
2163.633
2167.667
2191.75
2207.528
2210.111
2299.944
2328.994
2338.55
2257.835
2292.303
2309.537
2329.899
2339.048
2348.176
2354.686
2361.197
2391.133
2376.036
2393.969
2409.398
2416.898
2431.755
2448.791
2466.393
2466.929
2469.786
2503.161
2521.773
2534.023
2534.689
2535.102
2557.219
2598.753
2601.814
2624.11
2630.268
2537.885
2530.12
2525.914
2501.895
2492.395
2457.346
2426
2421.221
2400.083
2332.627
2336.675
2344.146
2377.873
2398.212
2402.811
2411.953
2442.116
2445.851
2522.125
2522.634
2530.559
2533.927
2537.833
2579.601
2613.328
2620.8
2625.917
2627.54
2644.748
2646.729
2567.83
2571.13
2573.857
2577.157
2587.084
2611.759
2641.493
2649.839
2659.82
2663.584
2665.148
2684.852
2686.714
2688.827
2691.555
2730.93
2738.748
2742.041
2755.277
2787.777
2788.159
2805.505
2807.068
2791.891
2751.641
2725.823
2724.023
2705.075
2711.368
2717.026
2724.395
2735.105
2743.158
2749.605
2758.842
2768.079
2690.347
2718.066
2741.913
2749.858
2769.612
2789.367
2812.502
2814.822
2812.852
2827.826
2858.123
2858.004
2839.733
2834.648
2821.258
2818.233
2802.409
2815.799
2831.623
2836.708
2854.979
2855.097
2858.123
2866.335
2878.369
2870.061
2847.439
2849.16
2822.953
2853.936
2791.708
2793.931
2796.806
2800.21
2802.383
2805.216
2813.931
2746.194
2786.325
2790.94
2795.902
2802.363
2805.44
2735.875
2733.211
2709.032
2737.241
2741.289
2730.006
2750.261
2725.853
2649.016
2586.153
2605.379
2662.315
2672.569
2672.854
2679.952
2693.431
2694.361
2699.748
2719.565
2738.79
2744.706
2779.952
2777.396
2778.579
2805.199
2812.023
2806.899
2810.238
2810.649
2836.539
2836.95
2841.084
2849.447
2853.402
2859.279
2854.245
2862.467
2864.522
2859.098
2860.872
2867.159
2865.803
2866.959
2876.884
2875.728
2876.878
2884.091
2883.813
2886.06
2880.82
2886.245
2904.836
2907.548
2917.274
2921.692
2908.356
2920.459
2964.365
2974.721
2977.659
3002.146
3013.961
3023.303
2903.962
3020.365
3022.283
3027.83
3040.899
3055.865
3057.303
2998.035
2993.955
2934.631
2976.256
2988.685
3000.159
3001.016
3015.091
3032.068
3032.331
3039.422
3061.104
3079.545
3067.156
3055.031
3055.372
3034.333
3032.823
3044.297
3044.687
3039.719
3034.752
3057.966
3029.216
3063.093
3074.294
3065.437
3070.891
3073.209
3078.781
3060.859
3074.933
3004.036
3002.264
3002.53
3002.91
3008.036
3017.606
3022.619
3022.206
3024.465
3050.226
3071.359
3073.652
3063.085
3045.111
3048.196
3040.468
3040.801
3041.057
3056.563
3068.589
3079.155
3099.391
3105.771
3118.093
3124.758
3120.938
3006.758
3020.971
3022.252
3028.16
3028.489
3034.206
3041.526
3042.944
3154.701
3148.321
3165.79
3170.441
3159.258
3160.326
3088.515
3077.867
3087.201
2976.943
3003.298
3009.065
3109.253
3128.989
3130.424
3142.239
3146.961
3138.27
3140.295
3141.332
3131.026
3135.455
3136.719
3150.099
3149.037
3153.019
3153.781
3103.873
3097.892
3047.985
3057.318
3043.83
3054.136
3081.466
3101.202
3108.613
3106.761
3118.02
3115.465
3132.219
3133.441
3150.812
3162.071
3172.719
3174.015
3182.435
3130.27
3021.074
3031.103
3036.737
3041.621
3138.502
3127.008
3135.779
3026.391
3032.025
3036.472
3038.879
3039.259
3053.503
3064.549
3069.887
3084.131
3095.224
3204.949
3206.756
3215.485
3199.735
3175.215
3064.452
3172.721
3157.962
3167.48
3056.987
3147.777
3146.377
3147.777
3158.422
3174.172
3190.798
3188.389
3176.943
3182.78
3191.262
3197.099
3196.355
3190.518
3200.036
3208.807
3213.235
3201.789
3090.099
2985.938
3196.608
3201.217
3200.892
3199.658
3198.393
3086.821
3185.336
3201.687
3196.039
3201.687
3206.867
3201.687
3200.038
3200.354
3219.872
3219.619
3229.378
3229.739
3221.523
3226.703
3215.209
3201.167
3199.36
3203.245
3203.639
3216.627
3221.235
3214.62
3215.014
3203.765
3193.178
3187.34
3180.997
3178.846
3177.286
3172.105
3179.461
3175.825
3186.413
3190.735
3160.584
3173.642
3175.449
3064.677
3068.951
3168.148
3165.965
3162.279
3167.447
3156.803
3158.036
3177.554
3179.241
3179.634
3190.026
3188.05
3184.571
3182.161
3178.474
3168.956
3149.696
3139.937
3159.197
3162.676
3165.086
3168.773
3178.291
3067.42
3069.327
3072.836
3178.372
3179.605
3177.798
3180.735
3175.964
3174.563
3163.033
3160.539
3159.527
3137.991
3089.286
2981.52
3089.042
3119.193
3108.801
3109.045
3120.294
3098.758
3093.11
3093.854
3088.794
3105.145
3104.901
3083.364
3084.16
3073.768
3010.515
3008.021
3027.539
2921.927
2924.038
3022.494
3017.325
3009.97
3015.139
2989.047
2988.685
2986.498
2987.511
2997.27
2990.038
2970.334
2968.148
3026.991
3034.346
3050.973
3059.19
3048.798
3043.268
3042.232
3042.548
3069.22
3064.792
3060.364
3069.136
3107.752
3111.23
3116.002
3007.304
3019.839
3127.724
3018.618
3114.667
3111.053
3105.215
3104.971
3116.502
3143.173
3131.727
3129.92
3121.149
3120.133
3128.904
3134.434
3141.048
3142.608
3103.992
3109.173
3140.601
3129.613
3121.059
3142.595
3159.547
3169.306
3146.535
3150.221
3153.158
3160.39
3170.447
3165.387
3169.002
3167.985
3057.474
3068.078
3165.985
3176.042
3179.678
3186.91
3165.373
3165.057
3163.25
3146.804
3150.491
3040.59
3149.474
3166.101
3179.264
3177.113
3164.056
3137.384
3132.505
3130.119
3125.511
3129.197
3145.643
3122.872
3161.488
3167.831
3165.247
3165.572
3148.464
3142.816
3146.702
3140.123
3120.009
3146.681
3151.289
3121.139
3118.202
3009.427
3012.262
3013.262
3017.535
3120.259
3125.907
3124.506
3123.711
3117.873
3111.53
3110.13
3099.738
3097.762
3114.113
3109.053
3099.944
3098.258
3092.42
3092.673
3095.167
3101.005
3099.355
3105.193
3056.488
3073.44
3082.169
3076.331
3070.684
3011.84
3001.783
3004.277
2995.169
3014.429
3009.55
3020.194
3039.455
3041.637
3048.992
3080.42
3076.098
3076.351
3067.242
3058.471
3057.206
3045.712
3039.875
3038.61
3031.255
3027.619
3017.86
3014.173
3019.233
3020.794
3028.026
3029.038
3029.782
3030.143
3024.071
3022.837
2917.39
2819.051
3006.211
3012.825
3018.473
3011.241
3021.886
3024.822
3031.437
3017.395
3005.864
3054.569
3056.545
2949.922
2963.474
3044.495
3046.646
3048.047
2941.719
3041.703
3045.339
3066.875
3066.131
3055.143
3052.961
3077.48
3060.529
3065.697
3075.755
3076.988
3087.633
3140.259
3141.66
3173.087
3168.027
3176.509
3145.081
3135.563
3133.381
3141.598
3141.598
3141.205
3145.633
3137.078
3132.651
3126.036
3120.867
3104.517
3081.745
3081.998
3082.315
3075.971
3065.384
3054.396
3038.646
3058.761
3063.188
3067.511
3047.396
3043.511
3032.923
3022.866
3013.758
3003.113
3008.173
3007.161
3023.788
3032.342
3045.33
3039.682
3037.706
3026.261
3049.032
3039.923
3038.523
3038.206
3058.321
3062.748
3092.899
3089.631
3101.125
2992.946
3084.774
3084.69
3083.361
3070.304
3069.292
3093.812
3079.77
3076.833
3066.188
3017.483
3037.002
3032.393
3031.598
3051.116
3050.723
3039.229
3044.759
3053.313
3058.373
3019.758
3024.366
3004.663
2989.904
2989.66
2975.617
2976.634
2967.863
2984.815
3048.068
3039.297
3044.068
3039.459
3056.411
3055.146
3058.761
3042.315
3041.953
3022.693
3023.437
3013.919
3002.389
3008.226
3019.72
3019.72
3018.684
3025.262
3008.911
3002.839
3014.087
3015.104
3014.309
3018.736
3018.492
3043.012
2990.386
2992.568
2981.038
2979.351
2976.083
2975.69
2973.883
2973.883
2978.205
2988.849
2990.536
3021.964
3021.964
3018.078
3015.142
2976.526
2945.098
2939.568
2930.797
2904.125
2899.697
2883.346
2876.732
2872.304
2865.072
2885.187
2884.934
2886.91
2865.373
2860.602
2849.157
2846.97
2855.187
2871.538
2858.375
2856.188
2844.694
2842.544
2869.215
2882.378
2880.691
2882.842
2891.95
2902.595
2903.611
2920.72
2922.907
2933.298
2932.105
2937.943
2939.503
2941.19
2939.383
2934.322
2933.961
2936.455
2887.75
2887.357
2889.544
2890.56
2899.331
2895.446
2900.976
2923.747
2933.804
2932.155
2926.974
2918.245
2816.446
2905.258
2902.764
2905.258
2906.944
2903.465
2922.726
2916.654
2899.702
2798.549
2809.406
2814.856
2816.932
2818.438
2827.856
2918.339
2918.732
2911.377
2935.896
2918.944
2927.673
2923.788
2931.143
2930.131
2913.685
2914.002
2924.989
2928.468
2917.824
2879.208
2869.449
2886.401
2899.458
2899.458
2904.229
2877.557
2891.599
2875.248
2871.613
2876.221
2907.649
2908.666
2845.413
2855.172
2838.726
2840.286
2836.599
2834.015
2845.509
2828.557
2828.232
2821
2789.572
2779.181
2803.7
2810.279
2790.761
2774.41
2776.096
2774.41
2813.026
2802.381
2813.875
2833.393
2827.556
2804.785
2801.848
2795.505
2697.987
2786.776
2776.718
2776.357
2781.526
2766.767
2766.514
2753.526
2754.791
2749.73
2749.73
2732.779
2727.61
2723.995
2729.833
2728.432
2733.312
2732.3
2734.794
2738.48
2747.252
2748.652
2760.098
2747.041
2757.432
2744.375
2748.983
2780.411
2778.851
2762.224
2778.575
2769.804
2775.877
2775.515
2779.837
2682.866
2748.41
2749.602
2751.41
2768.036
2772.358
2778.937
2791.925
2774.816
2770.494
2770.494
2766.066
2746.548
2693.922
2669.402
2664.794
2663.56
2655.343
2654.11
2622.682
2625.092
2614.447
2622.664
2616.05
2613.867
2609.545
2622.533
2622.533
2611.087
2602.533
2603.569
2596.337
2589.105
2620.533
2610.142
2601.587
2588.53
2599.779
2579.664
2579.748
2579.748
2596.194
2620.714
2633.877
2631.491
2631.175
2614.824
2629.583
2656.255
2645.61
2635.553
2639.167
2649.812
2643.233
2644.883
2625.364
2620.756
2625.925
2630.533
2632.22
2633.256
2632.239
2625.008
2603.471
2586.363
2596.42
2602.764
2588.005
2582.357
2588.935
2584.164
2615.592
2645.742
2645.742
2643.767
2620.995
2612.267
2593.006
2594.566
2607.623
2608.66
2614.732
2610.41
2605.639
2614.12
2617.756
2601.13
2602.779
2616.821
2590.149
2610.264
2561.559
2556.679
2551.511
2551.185
2539.937
2539.937
2540.681
2521.42
2510.776
2507.14
2506.396
2504.995
2504.995
2507.178
2555.883
2548.527
2526.991
2529.928
2531.614
2544.777
2544.461
2532.967
2549.593
2541.377
2535.539
2533.979
2518.229
2517.976
2516.94
2519.349
2519.349
2526.581
2531.009
2569.625
2576.203
2570.366
2565.306
2565.306
2565.39
2569.005
2551.896
2462.876
2474.196
2546.998
2520.327
2505.568
2511.405
2523.134
2530.489
2442.217
2445.705
2464.294
2528.845
2528.592
2526.441
2534.923
2545.911
2547.56
2548.794
2552.062
2542.303
2553.291
2541.797
2517.277
2520.964
2525.843
2578.47
2578.795
2572.958
2592.661
2598.498
2594.613
2574.498
2579.107
2583.715
2581.908
2580.348
2576.733
2583.312
2594.56
2593.295
2601.512
2602.84
2594.069
2594.069
2596.045
2597.057
2599.443
2597.261
2591.73
2593.917
2599.086
2598.693
2603.12
2603.12
2629.212
2629.212
2644.962
2639.794
2643.062
2629.899
2632.081
2640.636
2653.693
2653.693
2645.476
2641.154
2641.154
2660.414
2665.595
2682.041
2670.511
2611.667
2600.679
2596.071
2576.81
2576.066
2581.127
2561.608
2573.139
2573.455
2592.973
2594.009
2608.768
2613.196
2619.033
2618.289
2621.226
2647.318
2656.426
2657.986
2660.173
2663.441
2694.869
2689.221
2700.47
2711.057
2705.22
2692.057
2683.84
2678.31
2673.883
2685.413
2680.232
2688.786
2688.542
2691.036
2688.542
2704.292
2708.614
2767.458
2766.057
2755.413
2756.429
2756.113
2750.583
2733.631
2733.992
2733.992
2736.929
2747.517
2736.872
2737.889
2737.889
2746.66
2755.431
2750.262
2756.099
2752.62
2746.042
2735.398
2746.928
2755.699
2753.205
2721.777
2723.042
2731.259
2721.202
2726.081
2728.575
2743.334
2743.727
2748.498
2753.559
2768.318
2758.559
2761.827
2753.345
2753.429
2748.248
2754.827
2779.346
2795.973
2806.03
2805.714
2805.461
2806.694
2809.279
2797.833
2798.086
2767.935
2769.336
2759.279
2745.236
2744.003
2764.117
2754.358
2749.931
2772.702
2768.38
2757.735
2760.672
2762.854
2757.017
2756
2742.943
2747.37
2745.684
2740.515
2717.744
2728.331
2732.94
2730.758
2728.607
2711.655
2705.041
2693.792
2669.273
2674.92
2686.649
2684.498
2678.851
2680.5
2617.247
2611.41
2616.018
2612.383
2612.021
2618.364
2579.748
2489.757
2502.359
2566.134
2570.02
2575.857
2575.541
2579.426
2559.312
2573.354
2578.884
2584.721
2585.738
2587.003
2587.256
2586.239
2599.297
2610.791
2616.438
2603.276
2602.239
2575.568
2579.255
2549.104
2568.807
2569.169
2565.482
2565.843
2569.479
2573.907
2576.292
2581.461
2568.404
2568.404
2563.795
2556.44
2552.012
2565
2570.181
2570.181
2557.018
2561.627
2531.476
2542.12
2540.56
2542.247
2550.729
2613.982
2612.422
2614.229
2614.482
2565.777
2569.256
2570.449
2583.437
2552.009
2547.581
2554.16
2545.051
2540.623
2565.143
2533.715
2536.983
2534.047
2445.65
2496.44
2579.318
2583.005
2585.191
2602.143
2602.536
2598.651
2623.17
2639.797
2659.911
2651.429
2626.91
2620.566
2615.687
2604.699
2599.639
2600.675
2596.066
2604.548
2621.175
2617.488
2607.096
2600.482
2596.846
2606.605
2616.123
2610.286
2608.599
2612.485
2621.256
2617.569
2618.605
2607.357
2613.971
2606.739
2600.161
2597.752
2600.161
2610.218
2606.739
2605.09
2596.536
2572.017
2555.39
2550.619
2548.233
2549.634
2549.634
2522.962
2505.854
2497.125
2495.86
2497.125
2514.233
2522.962
2511.233
2518.465
2524.303
2521.366
2540.627
2529.133
2538.651
2532.036
2529.854
2530.215
2540.803
2530.745
2539.474
2539.474
2534.306
2522.776
2517.715
2507.658
2502.128
2502.128
2500.863
2499.056
2482.104
2480.455
2478.268
2488.325
2489.559
2506.005
2486.486
2482.059
2395.475
2460.523
2465.583
2454.053
2451.902
2425.81
2437.34
2440.608
2441.801
2435.223
2436.235
2434.259
2460.931
2429.503
2418.255
2417.238
2418.503
2416.316
2417.645
2434.596
2437.09
2451.133
2451.048
2442.319
2436.482
2455.742
2449.164
2435.122
2436.929
2432.321
2427.712
2437.23
2417.97
2386.542
2435.247
2445.892
2441.012
2420.898
2415.25
2415.494
2415.738
2432.089
2435.974
2445.733
2451.571
2449.595
2438.101
2457.361
2448.88
2455.223
2463.777
2474.169
2480.783
2471.024
2476.554
2477.955
2491.117
2492.13
2496.557
2497.886
2507.943
2481.851
2457.331
2437.813
2378.97
2367.982
2353.223
2351.574
2338.586
2358.104
2356.544
2336.84
2350.003
2361.732
2361.648
2323.032
2311.783
2309.289
2320.538
2289.11
2268.995
2269.08
2269.824
2267.414
2263.727
2247.377
2273.468
2277.896
2261.545
2262.581
2259.313
2258.569
2262.205
2262.521
2264.208
2254.151
2245.669
2253.024
2250.087
2241.87
2217.351
2218.679
2218.932
2207.684
2221.726
2235.768
2231.883
2221.295
2229.777
2234.657
2266.084
2258.852
2257.836
2261.523
2267.866
2256.336
2264.818
2259.17
2267.724
2272.152
2282.797
2282.881
2262.767
2264.032
2270.61
2268.423
2263.995
2268.875
2288.989
2286.495
2299.483
2280.223
2275.614
2269.777
2271.928
2270.911
2260.267
2262.417
2264.803
2303.419
2345.904
2336.917
2334.676
2321.296
2312.309
2321.642
2320.378
2322.403
2319.847
2313.106
2306.884
2305.285
2306.347
2308.037
2291.185
2279.926
2279.556
2284.278
2285.542
2277.122
2195.796
2206.314
2279.264
2276.255
2299.588
2303.366
2301.13
2305.559
2304.123
2303.864
2314.17
2312.441
2317.33
2324.741
2341.593
2344.148
2351.685
2337.296
2330.796
2329.735
2326.725
2324.997
2319.688
2313.707
2301.688
2296.799
2303.299
2285.929
2284.494
2334.401
2338.383
2333.198
2335.642
2315.906
2326.554
2336.86
2327.872
2324.094
2346.162
2355.495
2348.755
2338.106
2341.832
2335.85
2335.591
2328.054
2329.489
2335.276
2349.665
2345.128
2342.573
2322.836
2312.836
2340.167
2340.167
2326.787
2332.769
2335.778
2346.627
2358.645
2367.59
2373.256
2385.071
2365.071
2359.886
2358.196
2361.9
2356.603
2357.665
2344.356
2333.508
2329.079
2340.894
2340.894
2364.227
2364.989
2364.989
2363.927
2362.199
2277.835
2344.829
2345.866
2406.162
2428.23
2429.591
2445.73
2425.119
2435.767
2431.045
2433.248
2453.248
2451.65
2468.404
2471.414
2482.673
2474.253
2470.904
2480.238
2466.929
2467.971
2467.884
2482.273
2509.009
2503.028
2508.694
2419.098
2507.398
2503.673
2506.321
2500.099
2509.086
2522.395
2531.086
2535.975
2550.364
2549.302
2543.321
2549.543
2549.543
2549.173
2532.136
2441.702
2442.438
2454.027
2456.929
2546.198
2548.434
2543.125
2537.338
2533.634
2573.204
2572.87
2581.29
2576.753
2577.815
2558.079
2558.079
2466.719
2472.487
2478.254
2561.276
2566.573
2567.634
2517.727
2537.917
2544.657
2545.954
2546.204
2543.648
2548.37
2547.148
2533.769
2536.238
2535.201
2535.534
2552.289
2544.878
2525.142
2544.878
2598.804
2595.455
2599.159
2598.097
2601.823
2569.619
2563.119
2567.548
2563.119
2569.1
2572.665
2563.332
2564.373
2581.128
2575.461
2571.032
2569.304
2552.267
2583.162
2576.384
2587.91
2601.219
2614.599
2614.228
2607.488
2634.224
2630.875
2657.611
2670.991
2690.991
2703.009
2723.199
2719.634
2720.671
2726.458
2718.039
2707.733
2707.992
2719.807
2719.404
2718.182
2706.404
2726.14
2729.705
2727.853
2673.927
2663.079
2659.73
2724.545
2720.563
2729.255
2734.551
2740.338
2747.875
2741.375
2724.338
2725.773
2724.711
2735.36
2735.73
2718.36
2723.656
2725.897
2734.316
2725.551
2716.563
2719.032
2721.273
2720.211
2729.545
2735.526
2735.613
2738.961
2740.69
2738.838
2722.699
2732.452
2726.471
2709.434
2720.082
2717.526
2715.323
2725.323
2720.785
2732.563
2715.711
2735.711
2727.02
2757.915
2758.165
2769.943
2747.875
2764.727
2763.366
2813.273
2799.785
2779.174
2780.211
2780.125
2779.866
2775.144
2767.606
2767.693
2763.915
2778.304
2780.54
2780.454
2793.833
2813.833
2837.167
2837.569
2832.569
2821.721
2820.958
2874.884
2879.421
2877.397
2883.619
2908.744
2905.04
2909.929
2896.62
2895.579
2889.597
2894.319
2866.989
2878.767
2893.156
2903.804
2907.785
2903.063
2899.082
2883.958
2878.662
2874.958
2857.921
2867.255
2877.008
2926.915
2926.915
2927.174
2943.929
2969.054
2974.35
2972.114
2961.207
2936.082
2938.526
2936.057
2953.588
2941.773
2939.304
2935.739
2916.003
2916.003
2906.25
2904.225
2900.448
2910.201
2913.765
2917.543
2919.568
2939.304
2941.773
2951.773
2952.588
2939.1
2943.637
2957.125
2956.801
2958.065
2966.83
2957.843
2959.571
2959.657
2963.222
2952.574
2979.904
2976.556
2998.623
3015.66
3013.105
3011.377
3010.015
3000.015
3010.923
3015.352
3014.315
2999.926
3001.361
3024.694
3029.694
3024.972
3001.639
3002.401
3004.957
3003.693
2990.384
2965.259
2964.218
2966.866
2966.616
2978.431
3001.764
2985.625
2970.502
2981.409
2972.718
2979.218
2996.069
2984.051
3016.255
3016.341
3011.452
2999.434
2998.073
3001.85
3001.6
2995.934
2995.61
3027.813
3017.508
3002.384
2996.403
2983.094
2980.858
3020.427
3052.631
3046.65
3045.215
3035.461
3015.461
3022.202
3039.054
3022.299
3038.438
3035.994
3036.318
3012.985
3015.429
3016.466
3024.886
3031.664
3038.404
3041.414
3041.154
3042.451
3035.673
3048.981
3043.315
3026.463
3024.222
3007.468
3016.233
3012.508
3017.804
2998.068
3009.883
2902.387
3008.193
3013.378
3017.807
3021.372
3021.372
2913.466
2914.49
2893.717
2978.605
2988.364
2976.834
2981.443
2877.439
2956.923
2959.333
2856.1
2871.301
2972.146
2967.718
2961.375
2961.736
2959.586
2958.185
2946.691
2908.075
2902.895
2901.245
2884.294
2852.866
2855.053
2855.369
2854.625
2874.739
2875.932
2888.989
2900.238
2901.431
2960.274
2986.366
2979.788
2978.776
2977.542
2924.916
2942.024
2940.759
2942.946
2940.56
2952.09
2943.608
2948.217
2945.633
2939.795
2925.036
2920.265
2901.005
2879.468
2866.48
2934.248
2931.6
2937.582
2950.89
2955.779
2977.847
2982.569
2975.829
3029.755
3049.491
3052.139
3074.207
3072.91
3075.92
3069.42
3052.568
3056.293
3054.858
2945.756
2954.756
2852.868
3064.191
3065.414
3065.738
3056.404
2947.247
2991.59
2941.682
2932.917
2933.003
2932.753
2934.049
2907.313
2908.912
2911.356
2913.046
2922.38
2917.951
2919.012
2927.432
2934.843
2935.657
2932.648
2935.997
2942.738
2948.404
2943.108
2963.298
2935.968
2930.671
2939.437
2928.529
2934.511
2934.761
2927.224
2927.627
2936.046
2931.046
2920.741
2916.204
2917.426
2917.056
2923.278
2922.236
2931.002
2927.992
2928.395
2950.463
2963.843
2970.583
2964.602
2971.102
2956.713
2962.022
2963.873
2963.96
2955.015
2994.585
2985.819
2976.486
2978.69
2990.708
2988.06
2977.153
2978.588
2983.773
3000.528
2999.765
2999.363
2990.671
2992.912
2976.157
2978.602
2971.861
2865.723
2896.777
3002.769
3002.769
3006.75
3018.276
3016.04
3014.818
2998.679
3010.494
3010.744
3012.434
3014.285
3015.1
3017.336
3019.573
3023.554
3023.924
3033.677
3024.986
3019.801
3010.048
3029.784
3025.802
2994.907
2993.611
2981.796
2962.06
2953.073
2948.644
2938.89
2962.224
2963.265
2972.21
2992.4
2991.363
2966.238
2954.46
2955.275
2941.966
2921.355
2931.108
2922.417
2818.045
2720.871
2723.25
2728.181
2728.556
2732.68
2933.739
2945.517
2939.535
2939.202
2933.415
2932.353
2944.131
2941.576
2921.576
2915.353
2919.057
2919.381
2919.752
2915.974
2811.832
2838.186
2839.436
2939.878
2940.211
2931.792
2927.81
2902.685
2927.81
2923.829
2917.847
2923.829
2912.921
2912.662
2939.992
2931.048
2929.613
2919.86
2934.983
2933.255
2828.496
2928.366
2945.736
2938.326
2933.326
2993.622
2988.622
2991.177
2986.64
2987.043
2996.031
2889.03
2893.405
2968.364
2988.364
2988.114
3001.602
2990.753
2994.318
2996.762
2985.236
2878.621
2879.799
2896.549
2898.335
2899.07
3005.082
3013.773
3033.509
3021.491
3017.713
3071.639
3068.074
3068.333
3085.088
3070.699
3071.963
3074.204
3069.315
3078.259
3076.019
3076.105
3089.593
3076.213
3070.231
3074.213
3071.204
3079.969
3079.883
3080.285
3074.304
2964.507
2970.275
2979.68
3010.734
3017.269
3018.004
3116.295
3115.253
3113.228
3125.247
3116.259
3155.829
3160.258
3149.952
3149.628
3099.721
3106.461
3116.215
3089.478
3090.515
3111.127
3113.596
3127.985
3126.721
3109.869
3099.563
3104.748
2993.865
2999.632
3109.466
3078.571
3058.571
3059.633
3027.429
2987.86
2980.323
2982.559
2978.022
2976.586
2974.142
2953.952
2956.156
2955.785
2943.767
2952.755
2946.968
2943.242
2954.091
2954.35
2957.915
2968.764
2968.677
2974.465
2970.739
2967.035
2971.573
2976.11
2915.813
2896.077
2902.818
2908.003
2931.336
2937.559
2945.096
2880.281
2826.355
2809.318
2798.059
2795.614
2791.836
2793.565
2858.38
2863.565
2853.259
2856.608
2829.872
2835.853
2830.557
2818.779
2825.557
2839.045
2830.625
2847.477
2856.81
2874.341
2878.066
2889.844
2890.659
2893.103
2882.196
2879.187
2892.566
2906.955
2907.997
2906.775
2867.205
2894.535
2901.035
2895.739
2915.739
2912.035
2909.566
2909.566
2906.002
2888.471
2890.94
2864.204
2761.911
2855.438
2845.438
2865.628
2866.85
2865.789
2851.4
2854.965
2856.006
2854.944
2853.883
2851.414
2848.065
2861.373
2861.373
2841.373
2826.985
2824.781
2824.41
2824.66
2810.272
2756.346
2762.327
2765.336
2782.091
2786.628
2780.841
2795.23
2790.508
2795.23
2812.761
2800.742
2799.52
2800.335
2832.539
2853.15
2826.414
2857.309
2858.071
2859.67
2851.25
2851.25
2851.25
2862.776
2864.466
2876.244
2877.306
2856.678
2845.429
2856.074
2857.09
2858.102
2836.566
2848.295
2836.765
2813.994
2799.952
2800.747
2804.015
2793.623
2780.566
2778.416
2780.598
2784.212
2783.819
2773.428
2766.849
2768.114
2820.741
2827.973
2823.202
2824.395
2844.098
2832.568
2816.217
2842.889
2831.64
2851.755
2849.572
2858.301
2857.108
2859.494
2865.142
2864.78
2873.889
2877.503
2877.756
2907.907
2905.72
2917.214
2905.72
2917.214
2919.599
2923.922
2928.53
2906.994
2908.259
2896.765
2894.578
2881.59
2885.205
2891.042
2889.642
2885.214
2884.021
2888.792
2902.834
2904.235
2855.53
2835.827
2846.414
2845.402
2844.137
2841.752
2830.023
2826.755
2835.309
2829.779
2835.616
2836.881
2843.495
2845.682
2829.932
2835.462
2834.45
2836.633
2838.319
2839.648
2842.033
2832.515
2832.199
2837.078
2827.97
2827.717
2832.488
2793.872
2802.089
2795.511
2790.33
2791.342
2789.155
2780.047
2779.654
2766.596
2776.355
2776.599
2760.154
2755.545
2734.009
2712.473
2715.41
2715.325
2715.651
2720.259
2725.319
2714.928
2704.536
2677.864
2680.015
2678.979
2676.792
2696.053
2707.547
2707.294
2703.408
2766.661
2765.101
2764.708
2762.322
2742.208
2740.559
2742.968
2737.8
2739.986
2737.492
2724.435
2735.684
2715.569
2713.419
2704.864
2704.864
2705.608
2701.286
2693.069
2693.069
2673.366
2689.992
2692.143
2691.899
2681.255
2681.002
2688.357
2677.108
2668.554
2667.759
2656.229
2673.181
2666.837
2678.086
2694.437
2689.377
2691.563
2695.178
2699.605
2704.214
2706.021
2699.407
2605.241
2699.407
2702.343
2702.027
2713.756
2716.25
2719.518
2732.506
2723.777
2671.151
2666.542
2662.22
2664.714
2641.943
2643.208
2643.208
2636.63
2655.89
2661.538
2668.77
2669.095
2671.277
2654.831
2648.994
2645.108
2650.946
2646.337
2642.858
2639.59
2645.934
2626.416
2631.476
2625.639
2642.084
2630.59
2625.422
2611.38
2595.029
2568.357
2548.654
2535.596
2447.145
2448.336
2469.121
2477.911
2551.724
2552.741
2463.692
2546.127
2536.608
2530.771
2530.771
2539.542
2450.953
2452.144
2531.667
2525.324
2525.324
2542.276
2558.026
2557.633
2559.282
2552.05
2572.164
2585.152
2546.536
2544.849
2549.62
2553.506
2569.952
2580.596
2576.169
2567.06
2563.581
2532.154
2540.925
2537.039
2530.425
2537.657
2532.596
2523.488
2538.247
2538.163
2536.762
2537.078
2538.765
2541.259
2546.44
2557.428
2563.5
2563.753
2563.753
2548.994
2542.416
2541.672
2544.94
2547.349
2555.566
2562.145
2553.928
2553.928
2557.196
2557.28
2563.117
2562.873
2552.482
2546.645
2547.657
2547.973
2546.937
2524.166
2540.611
2491.907
2439.28
2419.762
2428.491
2434.328
2434.084
2422.59
2425.084
2451.756
2454.34
2452.533
2446.696
2445.901
2426.64
2420.568
2429.339
2428.303
2440.032
2442.008
2447.176
2455.947
2462.291
2462.291
2463.619
2450.631
2401.926
2397.318
2398.334
2399.895
2380.377
2369.128
2366.544
2343.773
2347.041
2345.233
2342.297
2353.285
2355.779
2329.107
2311.998
2364.625
2364.709
2365.035
2365.288
2367.872
2367.077
2366.282
2414.986
2395.726
2421.818
2426.14
2434.622
2434.369
2433.976
2444.964
2441.349
2432.578
2423.849
2419.527
2419.443
2419.081
2415.446
2464.151
2470.729
2454.378
2422.95
2406.599
2409.867
2401.313
2389.783
2394.105
2392.913
2387.265
2382.494
2377.434
2376.422
2367.693
2380.681
2349.253
2344.373
2343.357
2343.357
2343.441
2343.357
2345.333
2341.854
2355.896
2359.532
2365.062
2364.736
2358.393
2357.649
2366.131
2374.685
2371.05
2387.676
2386.483
2417.911
2476.755
2465.224
2473.953
2485.483
2487.977
2551.23
2548.821
2522.149
2483.533
2485.72
2468.768
2472.036
2465.964
2467.524
2462.464
2463.697
2472.179
2477.709
2477.393
2470.038
2469.294
2488.554
2488.554
2486.867
2511.387
2515.995
2520.767
2518.381
2517.116
2506.529
2506.529
2506.613
2508.8
2504.477
2520.227
2541.764
2561.024
2502.181
2513.91
2426.215
2510.431
2508.87
2506.684
2512.214
2517.093
2548.521
2543.913
2548.521
2562.563
2553.045
2584.473
2603.991
2602.726
2594.172
2592.364
2583.883
2591.114
2590.078
2601.524
2595.452
2597.602
2601.488
2598.551
2611.539
2601.78
2599.63
2593.792
2598.563
2605.142
2607.551
2612.732
2638.824
2644.005
2643.209
2702.053
2760.896
2751.788
2756.396
2757.432
2754.495
2755.239
2755.155
2755.899
2738.947
2748.706
2767.967
2784.593
2780.166
2775.395
2784.123
2784.919
2789.241
2780.47
2789.241
2776.078
2775.334
2772.925
2755.973
2752.494
2742.976
2738.367
2736.185
2725.598
2724.333
2724.008
2743.711
2743.711
2734.602
2715.342
2713.693
2714.009
2724.654
2736.148
2730.617
2738.834
2745.449
2747.631
2745.444
2756.938
2704.312
2681.541
2679.892
2678.875
2678.08
2655.309
2660.08
2665.261
2666.947
2675.676
2677.077
2660.631
2646.589
2652.119
2653.155
2657.041
2658.69
2645.702
2656.69
2653.075
2645.843
2635.199
2615.495
2626.14
2625.128
2605.014
2604.27
2585.009
2582.515
2602.033
2588.976
2590.169
2590.494
2573.386
2574.619
2576.268
2574.581
2575.815
2558.706
2558.313
2560.464
2535.944
2534.711
2539.319
2534.997
2539.768
2537.274
2552.033
2546.386
2557.634
2556.622
2554.236
2554.489
2550.875
2558.23
2505.604
2503.422
2416.093
2424.558
2446.535
2448.86
2536.045
2477.202
2475.051
2480.699
2485.127
2436.422
2436.815
2466.965
2467.209
2470.146
2474.917
2481.261
2479.995
2477.813
2473.386
2472.369
2491.887
2494.069
2487.491
2506.752
2507.788
2505.378
2473.95
2488.709
2477.461
2476.449
2479.928
2470.41
2470.093
2466.825
2483.934
2482.7
2396.094
2433.363
2499.78
2498.38
2500.789
2500.789
2486.747
2497.735
2492.205
2487.145
2487.145
2473.982
2469.66
2481.389
2449.961
2441.407
2439.224
2433.387
2406.715
2322.76
2341.776
2426.419
2447.955
2436.226
2419.875
2405.833
2404.816
2396.599
2401.027
2392.473
2385.895
2390.503
2398.72
2417.98
2420.366
2420.682
2425.562
2423.176
2410.014
2468.857
2470.09
2478.861
2478.066
2469.295
2457.566
2430.895
2434.373
2434.699
2442.916
2440.765
2443.175
2451.904
2456.783
2439.831
2441.639
2450.41
2456.753
2458.313
2447.325
2447.41
2453.247
2459.319
2466.551
2466.226
2457.455
2454.961
2456.154
2465.913
2446.209
2416.059
2413.565
2406.986
2400.643
2416.393
2415.128
2403.634
2407.248
2404.755
2404.429
2406.078
2408.663
2412.142
2414.292
2414.048
2408.211
2391.86
2388.245
2382.715
2402.419
2377.899
2374.631
2390.982
2376.94
2387.584
2371.139
2359.645
2357.462
2364.041
2362.065
2367.245
2303.992
2309.523
2348.139
2343.711
2312.283
2311.09
2327.536
2337.593
2332.533
2315.907
2321.437
2322.837
2324.03
2315.259
2315.652
2313.242
2315.393
2311.779
2318.122
2319.134
2306.146
2337.574
2342.453
2348.291
2361.348
2365.035
2381.48
2385.908
2366.39
2355.803
2364.574
2365.974
2346.714
2366.828
2377.473
2370.895
2369.883
2364.235
2369.416
2380.946
2364.5
2353.006
2356.693
2357.086
2354.899
2291.646
2290.381
2299.11
2299.194
2307.411
2313.755
2307.411
2244.158
2245.194
2247.002
2235.508
2251.953
2251.869
2264.926
2263.91
2268.337
2248.223
2256.705
2250.09
2245.482
2243.096
2262.614
2232.464
2220.735
2199.199
2188.211
2185.825
2176.066
2171.295
2166.687
2183.133
2187.741
2189.923
2186.655
2194.872
2190.55
2189.316
2200.846
2195.666
2189.593
2242.22
2234.988
2298.241
2321.012
2379.855
2391.301
2402.831
2391.102
2417.774
2415.587
2415.904
2402.916
2422.619
2437.378
2441.986
2453.517
2454.312
2438.562
2434.134
2458.654
2468.711
2466.217
2380.186
2466.133
2458.777
2463.205
2469.042
2470.059
2468.825
2442.733
2447.161
2443.276
2438.505
2433.896
2450.247
2450.491
2450.491
2448.105
2461.093
2481.208
2492.702
2501.184
2495.654
2506.642
2510.12
2510.437
2512.123
2514.099
2513.063
2510.654
2511.666
2510.432
2511.625
2511.941
2508.673
2505.038
2513.592
2513.592
2507.248
2515.977
2514.941
2513.255
2523.899
2524.935
2513.405
2543.556
2569.648
2569.404
2563.566
2567.994
2580.982
2597.428
2595.241
2588.009
2626.625
2627.89
2619.673
2622.941
2614.212
2602.964
2600.813
2600.729
2591.211
2587.596
2574.608
2572.426
2581.944
2576.297
2563.309
2587.828
2576.84
2580.455
2578.273
2591.435
2604.423
2621.532
2620.298
2528.892
2615.238
2623.72
2648.239
2652.848
2643.739
2642.179
2658.625
2707.33
2731.849
2737.018
2748.464
2752.349
2765.337
2791.429
2794.697
2794.95
2697.452
2708.057
2708.436
2789.223
2789.548
2809.252
2813.574
2826.562
2830.248
2822.032
2820.224
2842.995
2844.012
2827.566
2822.795
2835.783
2840.392
2842.078
2847.726
2841.654
2830.405
2835.014
2819.264
2820.95
2801.69
2815.732
2817.919
2813.31
2818.19
2816.503
2817.52
2812.339
2809.755
2807.345
2802.736
2814.267
2810.381
2806.902
2806.158
2797.429
2798.989
2805.604
2794.959
2811.405
2822.654
2816.816
2820.295
2830.352
2829.608
2824.078
2812.349
2829.458
2839.849
2841.114
2838.53
2739.512
2739.891
2830.441
2821.67
2829.026
2837.242
2843.821
2784.977
2787.164
2783.685
2780.748
2778.773
2775.505
2777.48
2758.22
2754.533
2754.533
2737.907
2739.172
2730.69
2728.28
2718.762
2709.003
2714.184
2720.021
2699.907
2700.923
2706.092
2704.443
2685.182
2677.95
2677.95
2676.301
2678.108
2683.289
2686.976
2690.611
2699.383
2710.631
2737.303
2741.911
2753.357
2748.929
2760.658
2756.05
2756.845
2761.616
2762.944
2782.462
2773.691
2761.962
2762.206
2760.02
2721.404
2715.566
2721.91
2748.581
2747.565
2745.414
2772.086
2740.658
2681.815
2681.562
2674.947
2660.188
2656.92
2653.035
2633.774
2638.096
2643.934
2646.518
2666.036
2657.307
2659.693
2659.937
2674.696
2654.581
2657.166
2657.961
2663.491
2658.611
2662.497
2656.154
2667.402
2662.233
2662.627
2667.795
2687.056
2703.502
2701.694
2671.544
2673.52
2679.167
2678.851
2684.688
2658.596
2657.268
2635.732
2640.054
2698.898
2693.717
2693.961
2689.352
2684.925
2707.696
2706.047
2717.035
2712.712
2713.456
2710.872
2713.456
2717.143
2716.89
2719.041
2729.098
2717.849
2713.241
2716.178
2711.298
2714.913
2716.889
2739.66
2741.842
2741.449
2746.509
2746.425
2762.776
2787.295
2806.998
2806.998
2808.648
2792.297
2694.891
2705.938
2801.357
2785.006
2798.063
2797.819
2806.59
2806.983
2812.631
2821.36
2821.721
2819.745
2818.512
2822.127
2812.367
2792.849
2798.018
2803.548
2804.343
2805.744
2810.172
2812.581
2714.468
2730.828
2749.417
2847.233
2835.703
2827.221
2774.595
2769.065
2768.98
2749.462
2755.3
2743.806
2742.794
2743.806
2738.625
2738.986
2728.342
2723.914
2628.894
2710.857
2706.086
2719.143
2687.715
2687.399
2688.633
2695.247
2698.861
2694.434
2693.639
2712.899
2714.164
2655.321
2674.839
2679.718
2663.092
2604.248
2604.248
2620.875
2612.146
2664.773
2664.773
2667.709
2693.801
2704.446
2721.554
2747.646
2762.405
2760.845
2757.158
2766.676
2717.971
2718.297
2729.285
2792.538
2789.27
2799.029
2790.3
2783.721
2770.559
2765.378
2770.258
2763.914
2768.523
2778.282
2776.595
2763.607
2761.113
2755.276
2763.758
2762.962
2768.8
2754.758
2754.432
2731.661
2732.023
2740.794
2736.185
2743.541
2742.14
2722.88
2727.651
2723.223
2726.858
2717.099
2702.34
2687.581
2671.136
2668.726
2668.41
2684.855
2682.705
2666.955
2686.215
2673.227
2688.977
2691.914
2690.898
2692.547
2703.191
2699.577
2683.131
2684.459
2691.691
2684.336
2694.393
2699.164
2713.923
2702.477
2702.152
2693.423
2698.303
2697.038
2702.685
2711.167
2702.396
2695.041
2687.809
2628.965
2624.357
2623.164
2643.279
2653.923
2654.248
2656.742
2662.58
2664.762
2665.155
2651.113
2644.535
2641.267
2642.062
2630.616
2630.932
2635.812
2625.167
2626.203
2601.684
2596.804
2605.286
2599.449
2508.77
2599.196
2508.526
2599.196
2603.623
2607.102
2606.066
2601.295
2596.524
2595.512
2605.569
2596.798
2506.212
2577.095
2565.601
2574.372
2576.554
2486.674
2560.108
2566.181
2566.425
2579.587
2588.696
2608.214
2617.732
2602.973
2601.166
2510.427
2595.328
2600.976
2510.244
2510.558
2592.53
2594.94
2594.547
2598.974
2596.565
2598.95
2597.301
2591.771
2593.458
2596.042
2599.657
2590.886
2579.898
2557.127
2553.44
2561.922
2578.273
2616.889
2619.075
2621.66
2626.84
2640.883
2657.834
2666.605
2664.455
2684.158
2675.387
2675.78
2665.136
2645.432
2698.059
2715.167
2734.87
2734.554
2748.596
2749.997
2748.98
2757.535
2776.795
2825.5
2822.021
2723.578
2817.699
2820.967
2806.208
2814.979
2811.093
2810.849
2812.825
2824.355
2824.039
2815.31
2814.045
2796.937
2699.369
2707.794
2709.015
2714.648
2793.25
2766.578
2758.361
2769.006
2769.399
2769.643
2788.904
2750.288
2769.548
2791.084
2790.691
2790.607
2795.215
2800.384
2791.902
2782.384
2763.123
2760.937
2758.786
2761.196
2799.812
2793.233
2767.142
2768.702
2769.718
2767.134
2764.55
2764.157
2774.214
2780.286
2779.093
2777.286
2790.343
2797.575
2781.13
2782.146
2778.667
2775.053
2776.318
2786.905
2782.026
2785.911
2785.586
2774.598
2769.417
2784.176
2793.935
2785.381
2781.902
2787.974
2791.453
2771.75
2758.693
2797.309
2791.779
2803.027
2812.545
2810.858
2812.834
2822.892
2724.419
2740.93
2840
2846.614
2848.175
2853.054
2858.114
2860.09
2890.241
2891.258
2892.586
2890.176
2903.233
2905.416
2906.681
2882.161
2881.125
2882.137
2829.511
2834.39
2842.607
2831.077
2832.113
2851.373
2751.907
2834.747
2845.139
2853.62
2855.807
2850.928
2847.313
2822.794
2811.806
2803.589
2794.86
2796.836
2800.523
2803.459
2786.508
2797.095
2801.703
2803.679
2820.03
2819.637
2815.95
2793.179
2799.017
2825.108
2845.223
2833.693
2829.265
2831.416
2830.38
2832.789
2831.773
2801.622
2800.429
2798.869
2782.423
2685.362
2722.631
2817.56
2801.114
2778.343
2780.753
2790.512
2787.244
2806.947
2813.562
2819.209
2839.324
2834.155
2838.764
2855.39
2849.86
2849.544
2750.141
2766.501
2846.792
2822.273
2811.881
2810.688
2784.596
2791.828
2793.093
2793.346
2795.931
2815.634
2798.526
2787.277
2786.482
2780.645
2819.261
2826.492
2818.276
2792.184
2803.714
2790.726
2799.834
2806.449
2817.943
2806.413
2794.967
2800.804
2784.358
2771.37
2771.623
2772.64
2771.628
2765.014
2784.274
2782.873
2791.602
2800.331
2802.139
2805.825
2795.181
2795.096
2786.88
2748.264
2746.863
2740.52
2677.267
2675.938
2677.172
2674.762
2663.268
2673.913
2677.599
2681.235
2675.705
2670.645
2669.244
2668.851
2674.032
2668.863
2673.185
2671.209
2669.233
2652.883
2642.825
2652.883
2633.179
2616.071
2623.303
2606.194
2589.748
2579.691
2583.327
2580.941
2591.929
2600.411
2604.026
2592.58
2605.637
2603.45
2578.931
2584.099
2588.87
2589.114
2588.721
2600.45
2600.057
2603.693
2604.437
2595.708
2600.889
2603.825
2614.47
2617.407
2620.343
2610.584
2619.066
2606.078
2611.916
2617.084
2616.068
2611.745
2603.264
2613.321
2616.589
2611.709
2612.071
2612.071
2616.679
2525.4
2612.794
2599.806
2602.39
2583.13
2586.744
2567.041
2547.523
2557.282
2545.836
2559.878
2571.127
2590.645
2579.396
2576.459
2578.435
2573.556
2568.947
2573.827
2565.61
2577.056
2582.893
2586.529
2596.92
2597.245
2592.637
2592.393
2597.453
2604.068
2591.08
2590.718
2570.604
2480.932
2568.955
2479.34
2557.226
2530.554
2519.566
2513.729
2509.12
2519.708
2499.593
2505.241
2506.89
2504.708
2490.666
2501.253
2501.569
2521.087
2524.355
2523.09
2511.56
2570.404
2575.283
2512.03
2518.373
2522.982
2517.334
2522.214
2510.684
2510.928
2423.337
2424.314
2427.823
2428.202
2434.324
2463.423
2551.197
2546.77
2553.384
2547.547
2540.932
2539.245
2533.598
2542.08
2555.137
2559.565
2540.304
2524.554
2519.373
2514.205
2510.59
2499.946
2494.777
2492.367
2490.185
2451.569
2443.087
2433.328
2433.084
2410.313
2391.053
2387.438
2376.45
2369.836
2361.065
2343.956
2333.899
2328.252
2324.565
2305.047
2294.402
2293.074
2290.489
2288.514
2275.456
2271.77
2266.122
2264.146
2255.664
2252.185
2243.414
2243.089
2190.462
2188.28
2188.027
2180.672
2176.985
2170.913
2160.855
2159.59
2158.795
2148.738
2143.09
2136.747
2132.319
2132.319
2106.227
2100.39
2087.402
2087.402
2084.818
2063.282
2060.345
2055.574
2036.313
2057.849
2060.786
2065.557
2068.142
2073.979
2088.738
2101.726
2120.986
2062.143
2061.899
2042.381
2041.586
2030.337
2029.976
2029.976
2027.825
2019.054
2018.729
1970.024
1961.542
1944.916
1942.506
1933.777
1929.006
1920.524
1920.524
1894.432
1884.375
1879.206
1877.02
1874.837
1872.861
1869.247
1842.575
1841.78
1838.145
1837.133
1835.867
1830.988
1825.151
1819.313
1809.795
1804.614
1801.678
1797.355
1795.38
1784.735
1779.554
1775.232
1769.395
1769.395
1758.75
1758.75
1758.75
1720.134
1719.881
1717.297
1711.459
1710.715
1709.315
1709.315
1700.206
1688.958
1686.776
1665.239
1660.071
1649.083
1644.312
1638.474
1633.595
1632.559
1632.315
1632.315
1605.643
1594.149
1593.133
1592.739
1562.589
1559.652
1542.544
1533.026
1494.41
1479.651
1469.593
1465.166
1465.166
1460.557
1440.854
1421.593
1420.849
1412.367
1403.886
1400.25
1390.491
1384.419
1375.648
1360.889
1360.889
1346.13
1326.426
1323.489
1320.905
1303.953
1300.339
1295.279
1293.092
1282.104
1279.167
1277.934
1264.877
1263.86
1256.628
1250.98
1248.571
1247.554
1244.286
1241.792
1240.105
1240.105
1240.105
1229.461
1224.852
1211.795
1211.402
1172.786
1168.358
1148.84
1146.256
1126.738
1116.093
1114.86
1106.643
1106.318
1105.306
1085.602
1075.015
1064.428
1053.179
1051.914
1035.468
1035.468
1016.208
1021.563
1020.522
1020.151
1019.901
1036.506
1018.696
1013.266
1008.139
967.568
965.062
956.074
948.476
942.543
922.307
917.465
915.733
902.014
888.296
885.581
881.707
879.631
875.976
893.956
876.331
861.195
860.854
857.688
857.265
876.102
858.007
857.607
852.327
873.432
896.556
881.169
879.958
871.504
856.239
833.206
822.558
810.114
793.699
789.157
787.604
775.847
764.438
753.312
736.896
746.158
760.909
752.715
738.431
678.095
675.647
665.14
663.207
656.938
632.021
625.603
625.211
618.793
612.882
609.897
615.394
621.24
618.859
614.554
630.256
628.012
621.373
616.357
633.119
630.924
645.956
617.535
610.825
610.825
632.655
625.7
620.245
643.269
660.554
660.554
657.054
646.289
638.789
624.985
592.25
575.02
563.25
575.036
575.036
586.734
597.167
575.533
559.433
574.186
555.349
543.448
539.448
556.728
578.666
603.111
614.367
605.223
643.399
633.665
476.117
476.117
459.133
441.423
425.794
425.794
422.401
405.694
375.392
357.237
270.944
264.181
260.292
260.292
252.347
206.977
159.59
88.09
72.25
29.13
21.065
0
