15.4
40.3
48
51.25
90.025
101.275
110.95
115.5
100.1
75.2
67.5
64.25
25.475
14.225
4.55
0
15.4
40.3
48
51.25
90.025
101.275
110.95
115.5
100.1
75.2
67.5
64.25
25.475
14.225
4.55
0
15.4
40.3
48
51.25
90.025
101.275
110.95
115.5
100.1
75.2
67.5
64.25
25.475
14.225
4.55
0
15.4
40.3
48
51.25
90.025
101.275
110.95
115.5
100.1
75.2
67.5
64.25
25.475
14.225
4.55
0
15.4
40.3
48
51.25
90.025
101.275
110.95
115.5
128.006
136.894
138.044
173.669
196.794
277.644
262.244
237.344
229.644
226.394
187.619
176.369
166.694
162.144
177.544
202.444
210.144
213.394
252.169
263.419
273.094
277.644
262.244
237.344
229.644
226.394
187.619
176.369
166.694
162.144
177.544
202.444
210.144
213.394
252.169
263.419
273.094
277.644
288.894
336.894
380.894
402.55
441.7
515.2
538.65
580.088
598.088
582.688
557.788
550.088
546.838
508.063
496.813
487.138
482.588
497.988
522.888
530.588
530.588
530.588
530.588
530.588
530.588
530.588
530.588
530.588
530.588
530.588
530.588
515.188
490.288
482.588
482.588
482.588
482.588
482.588
482.588
497.988
522.888
530.588
533.838
572.613
583.863
593.538
598.088
641.4
652.65
688.275
692.275
705.024
706.155
728.488
735.345
776.631
761.964
738.25
730.917
727.821
690.893
680.179
670.964
666.631
681.298
705.012
712.345
715.44
752.369
763.083
772.298
776.631
761.964
738.25
730.917
727.821
690.893
680.179
670.964
666.631
735.202
724.488
678.774
636.869
616.244
578.958
508.958
486.625
447.161
430.018
440.732
486.446
504.335
524.023
559.614
626.432
647.75
685.42
701.784
662.409
652.182
619.795
616.159
572.523
571.443
576.321
569.464
528.179
569.429
580.143
614.071
617.881
633.432
634.511
655.83
662.375
701.784
662.409
652.182
619.795
616.159
572.523
571.443
576.321
569.464
528.179
569.429
580.143
614.071
617.881
663.595
664.726
687.06
693.917
735.202
724.488
678.774
636.869
616.244
578.958
508.958
510.956
469.519
451.519
462.769
510.769
554.769
576.425
615.575
689.075
712.525
753.963
771.963
699.963
771.963
728.65
717.4
681.775
677.775
629.775
628.588
605.138
597.938
554.588
554.588
565.838
565.838
565.838
565.838
567.025
567.025
567.025
567.025
570.625
701.163
707.75
734.525
811.919
884.819
898.231
915.569
918.819
990.819
979.569
1044.1
996.1
952.1
987.725
943.232
922.607
885.321
889.131
910.56
840.56
894.131
871.798
871.798
832.333
857.476
840.333
851.048
896.762
896
915.688
951.278
1018.097
1039.415
1077.085
1093.449
1137.085
1170.375
1216.17
1216.17
1216.17
1216.17
1218.216
1231.256
1237.801
1237.801
1227.574
1227.574
1227.574
1227.574
1226.494
1226.494
1226.494
1226.494
1265.869
1276.097
1308.483
1312.119
1312.119
1313.199
1334.517
1341.063
1341.063
1275.608
1216.943
1184.557
1182.131
1178.494
1213.185
1159.613
1159.613
1134.47
1134.47
1134.47
1168.399
1168.399
1168.399
1189.827
1189.827
1189.827
1214.97
1214.97
1214.97
1181.042
1181.042
1181.042
1159.613
1159.613
1159.613
1134.47
1203.042
1203.042
1236.97
1239.512
1243.321
1264.75
1318.321
1318.321
1343.464
1274.893
1274.893
1233.643
1222.929
1189
1185.19
1185.19
1184.06
1161.726
1154.869
1154.869
1154.869
1165.583
1165.583
1165.583
1165.583
1166.714
1166.714
1166.714
1166.714
1156
1110.286
1068.381
1047.756
1010.47
940.47
964.044
922.606
904.606
832.606
832.606
796.981
794.313
790.313
767.813
711.563
711.563
685.163
757.163
821.694
857.319
859.988
863.988
886.488
942.738
942.738
969.138
969.138
957.888
957.888
957.888
957.888
956.7
956.7
956.7
956.7
1000.013
1011.263
1046.888
1050.888
1098.888
1100.075
1123.525
1130.725
1174.075
1102.075
1037.544
1001.919
999.25
995.25
972.75
916.5
916.5
890.1
962.1
1026.631
1062.256
1014.214
1018.024
1039.452
1093.024
1093.024
1118.167
1125.024
1125.024
1201.31
1201.31
1132.738
1071.28
1037.351
1034.81
1031
1060.05
1003.8
1003.8
977.4
977.4
977.4
977.4
977.4
977.4
999.9
999.9
999.9
999.9
956.588
945.338
909.713
905.713
857.713
856.525
833.075
825.875
782.525
825.838
837.088
872.713
876.713
880.679
881.81
904.143
911
952.286
952.286
1020.857
1020.857
1020.857
1020.857
1020.857
1020.857
999.429
999.429
999.429
999.429
1068
1129.458
1163.387
1165.929
1169.738
1191.167
1244.738
1244.738
1269.881
1224.167
1189.292
1141.315
1141.315
1141.315
1141.315
1139.173
1125.512
1118.655
1118.655
1153.53
1201.506
1215.47
1289.179
1289.179
1291.321
1304.982
1311.839
1299.929
1291.464
1290.369
1256.44
1234.417
1157.417
1169.327
1177.792
1178.887
1212.815
1212.815
1212.815
1205.958
1205.958
1129.673
1129.673
1136.53
1229.03
1305.315
1326.315
1360.244
1361.101
1402.351
1404.881
1339.426
1280.761
1248.375
1245.949
1242.313
1221.858
1170.722
1170.722
1146.722
1212.176
1270.841
1303.227
1305.653
1305.653
1326.108
1326.108
1326.108
1326.108
1286.733
1276.506
1244.119
1240.483
1196.847
1195.767
1174.449
1167.903
1128.494
1167.869
1178.097
1210.483
1214.119
1214.119
1215.199
1236.517
1243.063
1243.063
1210.676
1209.858
1226.22
1156.792
1156.792
1157.649
1157.649
1157.649
1089.077
1027.619
993.69
991.149
991.149
969.72
969.72
969.72
969.72
962.863
870.363
794.077
773.077
779.935
872.435
948.72
969.72
928.47
917.756
883.827
880.018
880.018
878.887
856.554
849.696
849.696
861.607
862.738
896.667
958.125
978.482
978.482
978.482
977.625
977.625
977.625
1011.554
1012.411
1053.661
1053.661
1094.946
1117.405
1165.381
1291.528
1310.551
1323.591
1326.017
1326.017
1260.563
1326.017
1293.631
1292.813
1253.438
1253.438
1285.824
1286.642
1326.017
1331.755
1325.495
1241.038
1171.386
1152.212
1158.473
1242.929
1312.582
1331.755
1294.06
1273.554
1229.75
1058.418
1040.223
1027.75
1072.04
1072.04
1111.449
1132.886
1178.682
1357.801
1376.824
1389.864
1392.29
1392.29
1394.08
1394.08
1402.159
1467.614
1469.659
1437.273
1436.455
1463.607
1394.179
1428.107
1428.964
1428.964
1498.393
1527.56
1562.435
1565.601
1569.03
1663.315
1681.935
1640.649
1618.19
1570.214
1382.565
1362.637
1348.976
1346.435
1346.435
1387.72
1410.179
1458.155
1458.155
1478.083
1491.744
1494.286
1494.286
1487.429
1394.929
1318.643
1297.643
1304.5
1397
1473.286
1494.286
1460.357
1459.5
1459.5
1390.071
1424
1424.857
1466.107
1535.536
1535.536
1500.661
1452.685
1438.72
1365.012
1365.012
1362.869
1349.208
1342.351
1388.065
1422.94
1470.917
1417.386
1487.744
1553.199
1555.244
1568.284
1574.83
1509.375
1574.83
1535.42
1513.983
1468.188
1468.188
1449.165
1436.125
1433.699
1433.699
1473.108
1494.545
1540.341
1540.341
1559.364
1559.364
1559.364
1559.364
1526.977
1526.159
1486.784
1420.511
1428.591
1446.364
1446.364
1458.023
1480.659
1506.068
1514.864
1514.864
1508.318
1420.023
1347.205
1327.159
1319.08
1301.307
1301.307
1289.648
1267.011
1241.602
1232.807
1232.807
1240.886
1258.659
1261.682
1273.341
1295.977
1321.386
1330.182
1351.619
1343.54
1325.767
1322.744
1311.085
1288.449
1263.04
1254.244
1232.807
1240.886
1258.659
1261.682
1273.341
1295.977
1321.386
1330.182
1351.619
1348.347
1229.676
1223.688
1199.347
1202.619
1321.29
1327.278
1351.619
1312.21
1290.773
1244.977
1244.977
1225.955
1225.955
1225.955
1225.955
1265.364
1286.801
1332.597
1511.716
1530.739
1543.778
1546.205
1546.205
1538.125
1520.352
1517.33
1505.67
1483.034
1457.625
1448.83
1427.392
1435.472
1453.244
1456.267
1467.926
1490.563
1515.972
1524.767
1546.205
1560.205
1582.841
1589.841
1592.795
1628.045
1638.273
1647.068
1651.205
1643.125
1625.352
1622.33
1610.67
1588.034
1562.625
1553.83
1532.392
1540.472
1558.244
1561.267
1572.926
1595.563
1620.972
1629.767
1629.767
1615.767
1593.131
1586.131
1583.176
1547.926
1537.699
1528.903
1524.767
1538.767
1561.403
1568.403
1571.358
1606.608
1616.835
1625.631
1629.767
1621.688
1603.915
1600.892
1589.233
1566.597
1541.188
1532.392
1532.392
1540.472
1558.244
1561.267
1504.538
1526.19
1550.495
1558.908
1579.413
1541.717
1521.212
1477.408
1306.076
1287.88
1275.408
1273.087
1273.087
1259.696
1238.043
1231.348
1228.522
1194.804
1185.022
1176.609
1172.652
1186.043
1207.696
1214.391
1217.217
1250.935
1260.717
1269.13
1273.087
1265.359
1248.359
1302.08
1290.42
1267.784
1242.375
1233.58
1212.142
1220.222
1237.994
1241.017
1252.676
1275.313
1300.722
1309.517
1330.955
1316.955
1294.318
1287.318
1284.364
1249.114
1238.886
1173.432
1164.636
1160.5
1174.5
1197.136
1204.136
1207.091
1242.341
1252.568
1261.364
1265.5
1272.5
1276.636
1293
1317
1330.04
1321.96
1304.188
1301.165
1289.506
1266.869
1241.46
1232.665
1211.227
1219.307
1237.08
1240.102
1251.761
1274.398
1299.807
1308.602
1330.04
1321.96
1304.188
1301.165
1289.506
1266.869
1241.46
1232.665
1211.227
1197.227
1174.591
1167.591
1164.636
1129.386
1119.159
1110.364
1106.227
1120.227
1142.864
1149.864
1152.818
1188.068
1198.295
1207.091
1211.227
1197.227
1174.591
1167.591
1164.636
1129.386
1119.159
1110.364
1106.227
1120.227
1142.864
1149.864
1152.818
1188.068
1198.295
1207.091
1211.227
1197.227
1174.591
1167.591
1164.636
1129.386
1119.159
1110.364
1106.227
1120.227
1142.864
1149.864
1152.818
1152.818
1152.818
1161.614
1165.75
1122.114
1088.824
1043.028
1029.699
959.341
893.886
891.841
878.801
872.256
915.892
949.182
994.977
994.977
994.977
994.977
997.023
997.023
997.023
983.023
960.386
953.386
995.69
995.69
995.69
986.476
982.143
996.81
1020.524
1027.857
1030.952
1067.881
1078.595
1087.81
1092.143
1077.476
1053.762
1046.429
1043.333
1006.405
995.69
986.476
982.143
996.81
1020.524
1027.857
1030.952
1067.881
1078.595
1087.81
1092.143
1077.476
1053.762
1046.429
1043.333
1006.405
995.69
986.476
982.143
996.81
1020.524
1027.857
1030.952
1067.881
1078.595
1087.81
1092.143
1077.476
1053.762
1046.429
1043.333
1006.405
995.69
986.476
982.143
1021.101
1021.101
1027.958
1104.958
1107.101
1117.815
1136.315
1124.405
1115.94
1114.845
1080.917
1080.917
1080.917
1092.827
1101.292
1102.387
1136.315
1158.339
1235.339
1271.839
1348.125
1350.268
1353.107
1445.607
1471.107
1484.768
1439.054
1404.179
1356.202
1356.202
1356.202
1356.202
1354.06
1354.06
1354.06
1399.774
1434.649
1482.625
1428.563
1498.92
1564.375
1566.42
1579.46
1586.006
1548.818
1548.818
1542.273
1468.773
1466.727
1456.5
1438.841
1476.028
1476.028
1482.574
1482.574
1484.619
1494.847
1512.506
1509.233
1390.563
1384.574
1360.233
1363.506
1482.176
1488.165
1512.506
1468.869
1435.58
1389.784
1376.455
1306.097
1240.642
1238.597
1283.917
1277.06
1322.774
1357.649
1405.625
1419.589
1419.589
1488.161
1490.304
1490.304
1490.304
1482.97
1478.637
1461.494
1436.351
1422.69
1430.024
1434.357
1451.5
1476.643
1490.304
1488.429
1488.429
1479.964
1411.393
1409.25
1411.125
1414.347
1422.426
1487.881
1489.926
1525.517
1648.585
1648.585
1658.813
1621.625
1621.625
1615.08
1615.08
1613.034
1602.807
1585.148
1622.335
1792.006
1798.551
1872.051
1874.097
1884.324
1901.983
1867.142
1794.324
1792.278
1789.568
1701.273
1676.932
1663.892
1698.733
1771.551
1773.597
1776.307
1864.602
1888.943
1888.943
1877.574
1876.494
1844.108
1785.443
1766.011
1766.011
1766.011
1767.091
1767.091
1767.091
1786.523
1786.523
1742.886
1709.597
1663.801
1650.472
1650.472
1585.017
1582.972
1582.972
1582.972
1582.972
1616.261
1616.261
1616.261
1616.261
1681.716
1683.761
1683.761
1690.307
1678.938
1670.858
1669.813
1637.426
1616.403
1542.903
1554.273
1562.352
1563.398
1563.398
1584.42
1584.42
1547.233
1377.563
1371.017
1297.517
1295.472
1285.244
1267.585
1304.773
1474.443
1480.989
1554.489
1556.534
1566.761
1584.42
1548.83
1425.761
1425.761
1415.534
1451.125
1574.193
1574.193
1584.42
1598.42
1621.057
1628.057
1631.011
1666.261
1676.489
1685.284
1689.42
1675.42
1652.784
1645.784
1642.83
1607.58
1597.352
1588.557
1584.42
1598.42
1621.057
1628.057
1631.011
1666.261
1676.489
1685.284
1689.42
1710.443
1759.193
1804.989
1807.034
1820.875
1806.875
1784.239
1777.239
1774.284
1739.034
1728.807
1720.011
1715.875
1729.875
1752.511
1759.511
1762.466
1762.466
1762.466
1762.466
1766.602
1752.602
1729.966
1722.966
1720.011
1720.011
1720.011
1720.011
1715.875
1729.875
1752.511
1759.511
1762.466
1762.466
1762.466
1771.261
1771.261
1771.261
1737.972
1737.972
1737.972
1737.972
1672.517
1670.472
1670.472
1663.926
1663.926
1697.216
1697.216
1697.216
1697.216
1697.216
1699.261
1699.261
1705.807
1691.807
1669.17
1662.17
1659.216
1659.216
1659.216
1650.42
1650.42
1664.42
1687.057
1694.057
1697.011
1732.261
1742.489
1751.284
1755.42
1752.148
1633.477
1627.489
1603.148
1606.42
1725.091
1731.08
1755.42
1741.42
1718.784
1711.784
1708.83
1673.58
1663.352
1654.557
1650.42
1664.42
1687.057
1694.057
1697.011
1732.261
1742.489
1751.284
1755.42
1718.233
1548.563
1542.017
1468.517
1466.472
1456.244
1438.585
1475.773
1645.443
1651.989
1725.489
1727.534
1737.761
1755.42
1741.42
1718.784
1711.784
1708.83
1673.58
1663.352
1654.557
1650.42
1650.42
1673.057
1680.057
1683.011
1718.261
1718.261
1718.261
1718.261
1683.42
1610.602
1608.557
1605.847
1517.551
1493.21
1493.21
1493.21
1470.574
1463.574
1460.619
1425.369
1425.369
1425.369
1425.369
1439.369
1462.006
1469.006
1471.96
1507.21
1517.438
1526.233
1530.369
1523.369
1519.233
1502.869
1478.869
1465.83
1472.83
1476.966
1493.33
1517.33
1530.369
1516.369
1493.733
1486.733
1483.778
1448.528
1438.301
1429.506
1425.369
1439.369
1462.006
1469.006
1471.96
1507.21
1517.438
1526.233
1530.369
1516.369
1493.733
1486.733
1483.778
1448.528
1438.301
1429.506
1425.369
1439.369
1462.006
1469.006
1471.96
1507.21
1517.438
1526.233
1530.369
1551.392
1553.182
1620
1657.386
1694.574
1708.415
1858.04
1903.835
1889.835
1867.199
1860.199
1857.244
1821.994
1811.767
1802.972
1798.835
1770.994
1737.705
1734.682
1731.409
1719.571
1700.952
1663.667
1534.738
1534.738
1524.024
1561.31
1690.238
1904.196
1914.911
1960.625
1960.625
1980.554
1987.887
2001.548
2070.976
2080.69
2102.119
2102.119
2102.119
2067.244
2067.244
2067.244
2067.244
2067.244
2065.101
2065.101
2058.244
2103.958
2138.833
2186.81
2200.774
2274.482
2343.054
2345.196
2345.196
2352.054
2385.982
2386.839
2428.089
2497.518
2463.589
2462.732
2421.482
2352.054
2352.054
2352.911
2394.161
2394.161
2355.202
2177.452
2170.595
2093.595
2091.452
2080.738
2062.238
2101.196
2175.358
2181.903
2255.403
2257.449
2267.676
2285.335
2285.335
2284.517
2245.142
2245.142
2277.528
2278.347
2317.722
2383.994
2351.608
2350.79
2311.415
2245.142
2178.505
2179.288
2216.951
2216.951
2206.076
2198.348
2197.348
2197.348
2177.239
2177.239
2188.114
2195.842
2196.842
2227.821
2247.929
2318.234
2421.818
2354.455
2322.068
2313.989
2313.17
2247.716
2313.5
2313.5
2311.357
2345.286
2347.161
2347.161
2348.018
2356.482
2397.732
2466.304
2535.732
2537.875
2464.167
2394.738
2381.964
2365.452
2362.357
2362.357
2362.357
2375.131
2391.643
2394.738
2396.881
2417.881
2455.167
2455.167
2464.988
2464.988
2442.964
2441.089
2371.089
2331.923
2292.964
2278.464
2121.714
2073.738
2095.762
2097.637
2167.637
2167.637
2167.637
2182.137
2182.137
2182.137
2148.208
2147.351
2106.101
2036.673
2070.601
2071.458
2112.708
2182.137
2136.423
2101.548
2053.571
2039.607
1965.899
1897.327
1895.185
1895.185
1888.327
1854.399
1853.542
1812.292
1742.863
1705.577
1576.649
1362.69
1351.976
1351.976
1351.976
1351.976
1351.976
1313.018
1135.268
1128.411
1051.411
1049.268
1038.554
1071.056
1111.963
1298.6
1305.8
1386.65
1388.9
1400.15
1419.575
1430.825
1478.825
1522.825
1544.481
1583.631
1657.131
1680.581
1680.581
1698.581
1694.981
1564.444
1557.856
1531.081
1534.681
1665.219
1671.806
1698.581
1741.931
1765.513
1815.888
1917.065
1936.994
1950.655
1953.196
1953.196
1953.196
1952.065
1952.065
1952.065
1931.708
1931.708
1931.708
1931.708
1931.708
1931.708
1931.708
1931.708
1924.375
1920.042
1902.899
1877.756
1864.095
1871.429
1875.762
1892.905
1918.048
1931.708
1890.423
1867.964
1910.988
1713.956
1693.031
1678.688
1676.019
1676.019
1676.019
1676.019
1676.019
1676.019
1676.019
1676.019
1676.019
1676.019
1664.769
1616.769
1568.769
1568.769
1524.769
1503.844
1496.144
1474.488
1435.338
1420.994
1347.494
1274.594
1264.394
1240.944
1240.944
1218.444
1218.444
1200.444
1211.694
1259.694
1276.708
1262.313
1302.313
1321.335
1328.335
1328.335
1363.926
1376.966
1443.784
1510.057
1531.375
1540.648
1561.102
1598.773
1598.773
1615.136
1615.136
1615.136
1615.136
1615.136
1615.136
1615.136
1615.136
1615.136
1654.545
1675.983
1721.778
1900.898
1919.92
1919.92
1919.92
1919.92
1898.898
1897.108
1830.29
1830.29
1830.29
1816.449
1816.449
1816.449
1837.472
1839.261
1906.08
1943.466
1980.653
1994.494
2144.119
2189.915
2152.727
1983.057
1976.511
1903.011
1900.966
1890.739
1873.08
1910.267
2079.938
2086.483
2159.983
2162.028
2162.028
2179.688
2140.278
2118.841
2073.045
1893.926
1874.903
1874.903
1874.903
1874.903
1914.313
1914.313
1960.108
1960.108
1960.108
1960.108
1960.108
1960.108
1949.881
1906.244
1866.244
1866.244
1830.653
1763.835
1742.517
1704.847
1688.483
1698.71
1742.347
1782.347
1802.034
1837.625
1904.443
1925.761
1963.432
1979.795
1980.614
1983.636
1944.227
1944.227
1898.432
1898.432
1898.432
1898.432
1898.432
1898.432
1937.841
1937.841
1937.841
1937.841
1937.841
1937.841
1937.841
1937.841
1937.841
1937.841
1937.841
1937.841
1973.432
2096.5
2096.5
2106.727
2067.318
2067.318
2067.318
2067.318
2067.318
2067.318
2067.318
2067.318
2057.091
2013.455
1973.455
1953.767
1918.176
1851.358
1830.04
1792.369
1776.006
1786.233
1829.869
1788.571
1807.402
1841.446
1905.359
1925.75
1961.783
1977.435
1980.913
1980.913
1987.821
2012.125
2012.125
2016.082
2017.647
2035.842
2035.842
2049.234
2070.886
2077.582
2080.408
2114.125
2123.908
2132.321
2132.321
2138.582
2142.06
2157.712
2174.603
2191.603
2209.799
2222.272
2208.88
2187.228
2180.533
2177.707
2143.989
2134.207
2125.793
2125.793
2139.185
2160.837
2167.533
2167.533
2167.533
2167.533
2167.533
2167.533
2166.75
2163.859
2164.641
2167.533
2154.141
2132.489
2125.793
2125.793
2125.793
2125.793
2125.793
2125.793
2139.185
2160.837
2167.533
2170.359
2204.076
2213.859
2222.272
2226.228
2215.353
2207.625
2206.625
2175.647
2155.538
2085.234
2096.109
2103.837
2104.837
2104.837
2104.837
2104.837
2091.446
2069.793
2063.098
2060.272
2026.554
2016.772
2008.359
2004.402
2017.793
2039.446
2046.141
2048.967
2082.685
2092.467
2100.88
2104.837
2095.054
2053.315
2015.054
1996.223
1962.179
1898.266
1963.233
1925.563
1909.199
1872.011
1702.341
1695.795
1622.295
1620.25
1620.25
1602.591
1639.778
1730.777
1737.038
1737.038
1738.995
1748.777
1765.668
1752.277
1730.625
1723.929
1721.103
1687.386
1677.603
1669.19
1665.234
1678.625
1700.277
1706.973
1709.799
1743.516
1753.299
1761.712
1765.668
1752.277
1730.625
1723.929
1721.103
1687.386
1677.603
1669.19
1665.234
1678.625
1700.277
1706.973
1709.799
1743.516
1753.299
1761.712
1765.668
1752.277
1730.625
1723.929
1721.103
1687.386
1677.603
1669.19
1665.234
1678.625
1678.625
1685.321
1685.321
1685.321
1685.321
1685.321
1685.321
1693.049
1693.049
1693.049
1693.049
1693.049
1693.049
1693.049
1693.049
1692.266
1689.375
1690.158
1693.049
1672.94
1671.228
1607.315
1571.554
1535.984
1522.745
1379.625
1335.821
1322.429
1322.429
1315.734
1315.734
1315.734
1315.734
1315.734
1315.734
1329.125
1350.777
1357.473
1360.299
1394.016
1403.799
1412.212
1416.168
1408.44
1408.44
1408.44
1408.44
1408.44
1408.44
1408.44
1408.44
1416.168
1433.168
1436.06
1447.212
1468.864
1493.168
1501.582
1522.087
1522.087
1522.087
1522.087
1522.087
1522.087
1541.652
1541.652
1541.652
1564.609
1551.217
1529.565
1522.87
1520.043
1486.326
1476.543
1468.13
1464.174
1477.565
1499.217
1505.913
1508.739
1542.457
1534.728
1544.511
1527.511
1535.924
1533.033
1536.989
1525.837
1504.185
1479.88
1471.467
1450.962
1458.69
1475.69
1478.582
1489.734
1511.386
1535.69
1544.103
1564.609
1556.88
1539.88
1536.989
1525.837
1504.185
1479.88
1471.467
1450.962
1458.69
1475.69
1478.582
1489.734
1511.386
1535.69
1544.103
1544.103
1530.712
1509.06
1502.364
1499.538
1465.821
1456.038
1447.625
1443.668
1457.06
1478.712
1485.408
1488.234
1521.951
1531.734
1540.147
1544.103
1544.103
1544.103
1544.103
1544.103
1544.103
1524.538
1524.538
1524.538
1501.582
1564.19
1620.304
1651.283
1653.603
1657.082
1676.647
1725.56
1725.56
1748.516
1740.788
1723.788
1720.897
1709.745
1688.092
1663.788
1655.375
1655.375
1663.103
1680.103
1682.995
1694.147
1715.799
1740.103
1748.516
1769.022
1755.63
1733.978
1727.283
1724.457
1690.739
1680.957
1672.543
1668.587
1626.848
1556.543
1538.348
1531.652
1519.179
1455.788
1446.918
1427.353
1427.353
1427.353
1427.353
1445.549
1452.245
1464.717
1528.109
1536.978
1556.543
1556.543
1548.815
1531.815
1528.924
1517.772
1496.12
1471.815
1463.402
1442.897
1450.625
1467.625
1470.516
1481.668
1503.321
1527.625
1536.038
1536.038
1501.995
1384.277
1384.277
1374.495
1408.538
1526.255
1526.255
1536.038
1473.429
1417.315
1386.337
1384.016
1380.538
1360.973
1312.06
1312.06
1289.103
1351.712
1407.826
1438.804
1441.125
1444.603
1464.168
1513.082
1513.082
1513.082
1505.353
1488.353
1485.462
1474.31
1452.658
1428.353
1419.94
1419.94
1427.668
1444.668
1447.56
1458.712
1480.364
1504.668
1513.082
1533.587
1530.457
1416.946
1411.217
1387.935
1387.152
1384.261
1385.043
1387.935
1380.207
1363.207
1360.315
1349.163
1327.511
1303.207
1294.793
1274.288
1282.016
1299.016
1299.016
1299.016
1320.668
1320.668
1320.668
1320.668
1258.06
1201.946
1170.967
1168.647
1165.168
1145.603
1096.69
1096.69
1096.69
1159.299
1159.299
1190.277
1192.598
1196.076
1215.641
1264.554
1264.554
1287.511
1279.783
1262.783
1262.783
1262.783
1241.13
1241.13
1241.13
1241.13
1234.435
1230.478
1214.826
1191.87
1179.397
1143.826
981.533
975.272
975.272
973.315
1007.33
989.67
1026.858
1026.858
1033.403
1106.903
1108.949
1119.176
1136.835
1071.381
1071.381
1038.994
1036.568
1032.932
1012.477
961.341
961.341
937.341
1002.795
1061.46
1046.288
1048.609
1052.087
1071.652
1120.565
1120.565
1143.522
1141.81
1141.81
1134.082
1071.473
1069.516
1071.228
1135.663
1143.391
1206
1207.957
1145.348
1089.234
1058.255
1055.935
1052.457
1032.891
983.978
983.978
1004.705
1070.159
1128.824
1161.21
1163.636
1167.273
1187.727
1238.864
1238.864
1262.864
1262.045
1259.023
1259.841
1262.864
1197.409
1138.744
1106.358
1103.932
1100.295
1079.841
1028.705
1028.705
1004.705
1070.159
1128.824
1161.21
1163.636
1167.273
1187.727
1238.864
1238.864
1262.864
1266.5
1275.295
1275.295
1293.068
1293.068
1293.068
1293.068
1293.068
1296.341
1230.886
1172.222
1139.835
1137.409
1133.773
1113.318
1062.182
1062.182
1038.182
1103.636
1103.636
1136.023
1136.023
1139.659
1160.114
1160.114
1160.114
1184.114
1182.068
1162.023
1126.432
1126.432
1117.057
1117.057
1119.102
1139.148
1174.739
1214.739
1224.114
1265.875
1200.42
1200.42
1168.034
1168.034
1164.398
1143.943
1143.943
1143.943
1119.943
1119.125
1116.102
1116.92
1119.943
1082.756
1082.756
1076.21
1002.71
1000.665
990.438
972.778
937.188
814.119
814.119
803.892
876.71
882.699
970.79
1004.08
1017.409
1013.773
1013.773
1006.551
981.142
981.142
977.006
1021.815
1001.887
1001.887
1005.696
1008.054
1015.619
1042.238
1085.988
1090.321
1092.036
1111.964
1111.964
1111.107
1107.94
1108.798
1111.964
1100.054
1091.589
1090.494
1090.494
1090.494
1090.494
1102.405
1110.869
1111.964
1145.893
1167.917
1244.917
1244.917
1244.917
1224.988
1217.655
1203.994
1134.565
1124.851
1103.423
1103.423
1149.137
1226.137
1246.065
1253.399
1267.06
1267.06
1276.774
1298.202
1298.202
1318.56
1389.131
1415.75
1436.75
1445.214
1448.31
1542.595
1543.452
1543.452
1543.452
1543.452
1543.452
1543.452
1543.452
1543.452
1555.363
1556.494
1590.423
1576.795
1596.227
1596.227
1595.409
1592.386
1593.205
1593.205
1586.659
1583.023
1566.659
1549
1604.143
1584.214
1570.554
1577.411
1581.22
1598.363
1616.863
1635.482
1655.411
1669.071
1708.03
1742.905
1867.226
1855.852
1888.239
1889.057
1928.432
1928.432
1896.045
1895.227
1855.852
1855.852
1888.239
1889.057
1889.057
1889.057
1869.625
1802.261
1776.852
1756.807
1748.727
1745.773
1655.773
1654.955
1654.955
1674.386
1741.75
1767.159
1787.205
1795.284
1798.239
1798.239
1799.057
1799.057
1798.239
1798.239
1799.057
1802.08
1769.693
1768.875
1768.875
1768.875
1801.261
1802.08
1841.455
1907.727
1921.727
1944.364
1951.364
1954.318
1989.568
1999.795
2008.591
2008.591
2028.023
2232.256
2218.256
2195.619
2188.619
2185.665
2150.415
2140.188
2131.392
2131.392
2145.392
2168.028
2175.028
2177.983
2177.983
2177.983
2177.983
2177.983
2145.597
2144.778
2105.403
2039.131
2039.131
2039.949
2039.949
2039.949
2025.949
2003.313
1996.313
1993.358
1993.358
1993.358
1993.358
1993.358
2007.358
2029.994
2036.994
2039.949
2075.199
2085.426
2094.222
2098.358
2084.358
2061.722
2054.722
2051.767
2016.517
2006.29
1997.494
1997.494
1993.358
1993.358
2007.358
2007.358
2007.358
2029.994
2029.994
2036.994
2036.994
2036.994
2036.994
2036.994
2045.79
2045.79
2045.79
2044.972
2044.972
2044.972
2077.358
2078.176
2117.551
2183.824
2169.824
2147.188
2140.188
2140.188
2140.188
2140.188
2131.392
2131.392
2130.574
2127.551
2141.551
2164.188
2171.188
2174.142
2209.392
2219.619
2228.415
2228.415
2214.415
2191.778
2184.778
2181.824
2146.574
2136.347
2127.551
2127.551
2141.551
2164.188
2171.188
2174.142
2209.392
2219.619
2228.415
2232.551
2200.165
2199.347
2159.972
2093.699
2093.699
2094.517
2133.892
2133.892
2119.892
2097.256
2090.256
2087.301
2052.051
2041.824
2033.028
2028.892
2028.892
2051.528
2058.528
2061.483
2061.483
2061.483
2070.278
2050.847
2054.983
1987.619
1962.21
1942.165
1934.085
1931.131
1931.131
1930.313
1930.313
1949.744
2017.108
2042.517
2062.563
2070.642
2073.597
2163.597
2164.415
2164.415
2164.415
2141.778
2134.778
2131.824
2131.824
2131.824
2123.028
2118.892
2132.892
2155.528
2162.528
2165.483
2200.733
2210.96
2219.756
2223.892
2223.892
2223.074
2183.699
2183.699
2183.699
2183.699
2183.699
2169.699
2147.063
2140.063
2137.108
2101.858
2091.631
2082.835
2078.699
2092.699
2115.335
2122.335
2125.29
2160.54
2170.767
2179.563
2183.699
2169.699
2147.063
2140.063
2137.108
2101.858
2091.631
2082.835
2078.699
2078.699
2101.335
2108.335
2111.29
2146.54
2146.54
2155.335
2159.472
2122.284
2088.994
2064.149
1987.149
2026.107
2060.982
2185.304
2185.304
2139.589
2062.589
2042.661
2035.327
2021.667
2021.667
2011.952
1990.524
1990.524
1990.524
1990.524
2010.452
2017.786
2017.786
2017.786
2027.5
2048.929
2048.929
2048.929
2025.214
2017.881
2014.786
1977.857
1977.857
1968.643
1964.31
1942.286
1891.214
1843.238
1841.095
1826.595
1848.619
1899.69
1947.667
1949.81
1964.31
1962.435
1891.863
1883.399
1814.827
1812.685
1814.56
1814.56
1823.024
1823.024
1825.167
1804.81
1734.238
1707.619
1686.619
1678.155
1675.06
1580.774
1579.917
1579.917
1600.274
1670.845
1697.464
1718.464
1726.929
1730.024
1824.31
1825.167
1845.792
1833.881
1825.417
1824.321
1790.393
1768.369
1691.369
1703.28
1711.744
1712.839
1746.768
1768.792
1761.892
1758.256
1756.006
1748.784
1723.375
1681.614
1677.477
1675.841
1656.818
1656.818
1660.455
1662.705
1669.926
1695.335
1737.097
1741.233
1742.869
1761.892
1880.563
1884.699
1884.699
1884.699
1884.699
1886.335
1886.335
1886.335
1886.335
1886.335
1886.335
1886.335
1886.335
1886.335
1886.335
1884.29
1864.244
1828.653
1788.653
1779.278
1737.517
1739.563
1759.608
1795.199
1835.199
1844.574
1844.574
1825.142
1757.778
1732.369
1712.324
1704.244
1701.29
1611.29
1610.472
1590.784
1610.216
1677.58
1702.989
1723.034
1731.114
1734.068
1824.068
1824.886
1824.886
1787.699
1754.409
1635.739
1635.739
1672.926
1706.216
1824.886
1824.886
1818.341
1814.705
1798.341
1780.682
1762.909
1743.886
1730.847
1737.392
1741.028
1757.392
1775.051
1792.824
1811.847
1824.886
1805.455
1738.091
1712.682
1692.636
1684.557
1681.602
1591.602
1590.784
1590.784
1610.216
1610.216
1635.625
1655.67
1663.75
1666.705
1756.705
1757.523
1757.523
1757.523
1757.523
1738.5
1731.5
1731.5
1731.5
1722.227
1701.773
1701.773
1745.409
1745.409
1764.432
1771.432
1784.472
1850.744
1860.017
1880.472
1970.472
1970.472
1970.472
1970.472
2058.563
2097.972
2097.972
2097.972
2097.972
2085.778
2070.017
2067.063
2137.42
2203.693
2215.886
2215.886
2218.841
2225.386
2225.386
2225.386
2225.386
2205.955
2001.722
2021.153
2225.386
2225.386
2225.386
2228.341
2236.42
2260.761
2263.188
2263.188
2264.824
2258.278
2258.278
2258.278
2258.278
2264.824
2264.824
2264.824
2284.869
2301.233
2366.688
2379.727
2419.727
2441.165
2429.795
2428.716
2396.33
2337.665
2318.233
2318.233
2329.602
2330.682
2363.068
2363.068
2382.5
2382.5
2363.068
2363.068
2337.659
2317.614
2309.534
2306.58
2216.58
2321.274
2321.274
2314.417
2314.417
2314.417
2293.417
2300.274
2300.274
2300.274
2300.274
2261.315
2226.44
2102.119
2102.119
2102.119
2102.119
2102.119
2102.119
2102.119
2102.119
2122.048
2131.006
2124.149
2124.149
2124.149
2124.149
2131.006
2131.006
2131.006
2152.006
2153.101
2156.196
2063.911
2022.625
2022.625
2022.625
2063.911
2063.911
2052
2043.536
2042.44
2008.512
2085.813
2004.963
2017.469
2026.356
2027.506
2063.131
2063.131
2063.131
2073.331
2094.256
2094.256
2102.2
2112.513
2185.413
2350
2398
2406.888
2426.438
2429.763
2326.274
2349.988
2376.607
2385.821
2408.28
2401.423
2401.423
2401.423
2380.423
2387.28
2479.78
2556.065
2577.065
2573.256
2564.792
2562.435
2543.815
2536.25
2533.083
2520.869
2494.25
2470.536
2426.786
2400.167
2395.833
2394.119
2384.905
2480.569
2459.644
2329.106
2337.994
2341.994
2361.544
2361.544
2251.446
2251.446
2259.012
2285.631
2285.631
2285.631
2329.381
2333.714
2342.929
2344.643
2344.643
2364.571
2364.571
2347.429
2278.857
2265.196
2223.292
2200.833
2217.976
2286.548
2300.208
2342.113
2364.571
2356.107
2337.488
2337.488
2337.488
2337.488
2337.488
2328.274
2328.274
2336.738
2355.357
2355.357
2355.357
2355.357
2381.976
2381.976
2381.976
2385.405
2376.94
2358.321
2358.321
2358.321
2358.321
2331.702
2331.702
2331.702
2340.167
2358.786
2361.952
2374.167
2397.881
2424.5
2433.714
2456.173
2456.173
2456.173
2456.173
2456.173
2493.458
2493.458
2515.792
2515.792
2515.792
2608.292
2599.827
2581.208
2578.042
2565.827
2542.113
2515.494
2506.28
2483.821
2492.286
2510.905
2399.795
2411.455
2434.091
2459.5
2468.295
2489.733
2483.188
2394.892
2322.074
2302.028
2310.824
2302.744
2284.972
2281.949
2270.29
2247.653
2222.244
2213.449
2296.393
2304.857
2323.476
2326.643
2326.643
2350.357
2376.976
2386.19
2386.19
2621.905
2647.048
2673.667
2671.792
2671.792
2663.327
2663.327
2661.185
2663.06
2609.375
2617.455
2682.909
2684.955
2676.875
2659.102
2656.08
2656.08
2633.443
2608.034
2599.239
2599.239
2607.318
2625.091
2628.114
2639.773
2662.409
2687.818
2696.614
2696.614
2710.614
2733.25
2740.25
2743.205
2778.455
2788.682
2797.477
2801.614
2808.159
2800.08
2782.307
2779.284
2767.625
2744.989
2719.58
2710.784
2710.784
2718.864
2736.636
2739.659
2751.318
2773.955
2799.364
2808.159
2829.597
2866.784
2879.824
2897.483
2897.483
2853.847
2853.847
2737.005
2718.81
2712.114
2699.641
2636.25
2627.38
2607.815
2521.728
2521.728
2521.728
2539.924
2546.62
2559.092
2559.092
2567.962
2567.962
2567.962
2583.614
2570.223
2548.571
2541.875
2539.049
2505.332
2495.549
2487.136
2483.179
2496.571
2518.223
2524.918
2527.745
2561.462
2571.245
2579.658
2579.658
2571.929
2554.929
2552.038
2540.886
2519.234
2494.929
2486.516
2466.011
2466.011
2466.011
2466.011
2466.011
2431.967
2431.967
2411.576
2411.576
2411.576
2421.359
2421.359
2459.62
2459.62
2493.663
2493.663
2514.054
2514.054
2529.707
2516.315
2494.663
2487.967
2485.141
2451.424
2441.641
2433.228
2433.228
2446.62
2468.272
2474.967
2477.793
2511.511
2521.293
2529.707
2533.663
2533.663
2537.141
2537.141
2537.141
2569.185
2589.576
2576.185
2554.533
2547.837
2545.011
2511.293
2501.511
2493.098
2489.141
2489.141
2510.793
2517.489
2520.315
2520.315
2520.315
2528.728
2528.728
2586.38
2606.886
2608.842
2621.315
2663.054
2663.054
2641.402
2634.707
2631.88
2631.88
2631.88
2623.467
2623.467
2636.859
2658.511
2665.207
2668.033
2701.75
2711.533
2719.946
2719.946
2719.946
2719.946
2682.25
2682.25
2682.25
2682.25
2682.25
2682.25
2682.25
2682.25
2682.25
2682.25
2714.092
2714.092
2714.092
2698.44
2635.832
2623.359
2585.098
2564.592
2580.245
2642.853
2655.326
2693.587
2714.092
2700.701
2679.049
2672.353
2669.527
2635.81
2626.027
2617.614
2617.614
2631.005
2652.658
2659.353
2662.179
2695.897
2705.679
2714.092
2718.049
2708.266
2708.266
2670.005
2670.005
2635.962
2635.962
2615.571
2615.571
2599.918
2609.701
2609.701
2609.701
2609.701
2643.745
2643.745
2664.136
2700.168
2715.821
2702.429
2680.777
2674.082
2671.255
2637.538
2627.755
2619.342
2615.386
2628.777
2650.429
2657.125
2659.951
2693.668
2703.451
2711.864
2715.821
2646.168
2640.44
2556.179
2524.337
2511.587
2581.239
2586.967
2671.228
2671.228
2671.228
2691.734
2698.641
2782.902
2795.652
2782.261
2760.609
2753.913
2751.087
2717.37
2707.587
2699.174
2695.217
2708.609
2730.261
2736.957
2739.783
2773.5
2783.283
2791.696
2795.652
2795.652
2813.848
2800.457
2778.804
2772.109
2769.283
2735.565
2725.783
2717.37
2713.413
2713.413
2735.065
2741.761
2744.587
2778.304
2778.304
2786.717
2790.674
2790.674
2769.022
2762.326
2759.5
2725.783
2725.783
2717.37
2713.413
2713.413
2713.413
2720.109
2722.935
2722.935
2722.935
2731.348
2731.348
2731.348
2764.674
2771.065
2771.065
2771.065
2771.065
2764.37
2761.543
2761.543
2761.543
2753.13
2753.13
2785.174
2775.391
2775.391
2775.391
2775.391
2741.348
2741.348
2720.957
2684.924
2669.272
2679.054
2679.054
2679.054
2679.054
2679.054
2679.054
2679.054
2679.054
2694.707
2866.038
2866.038
2897.016
2905.196
2920.848
2942.5
2976.543
3023.174
3016.913
3013.435
2997.783
2980.891
2963.891
2945.696
2933.223
2933.223
2933.223
2948.875
2948.875
2948.875
2948.875
2948.875
2946.918
2927.745
2893.701
2855.44
2846.473
2846.473
2880.19
2880.19
2880.19
2880.19
2886.886
2886.886
2886.886
2890.016
2952.625
2952.625
2952.625
2952.625
2936.973
2874.364
2861.891
2823.63
2803.125
2818.777
2818.777
2831.25
2831.25
2851.755
2853.321
2872.495
2894.147
2884.364
2884.364
2884.364
2884.364
2884.364
2884.364
2884.364
2884.364
2868.712
2881.462
2903.114
2914.266
2977.658
2978.69
2985.386
2986.386
2986.386
2986.386
2986.386
2986.386
3024.082
3024.082
3055.06
3055.842
3055.842
3119.234
3167.984
3167.984
3167.984
3169.94
3151.353
2956
2974.587
2974.587
2974.587
2974.587
2943.609
2942.826
2942.826
2879.435
2879.435
2880.217
2880.217
2880.217
2880.217
2880.217
2880.217
2848.375
2848.375
2848.375
2883.946
2883.946
2873.071
2865.342
2864.342
2833.364
2833.364
2833.364
2844.239
2851.967
2852.967
2852.967
2873.076
2873.076
2882.043
2882.043
2881.261
2881.261
2881.261
2881.261
2882.043
2882.043
2882.043
2908.674
2908.674
2909.674
2909.674
2909.674
2891.478
2884.783
2872.31
2872.31
2863.44
2863.44
2863.44
2863.44
2863.44
2881.636
2888.332
2888.332
2888.332
2897.201
2916.766
2916.766
2916.766
2916.766
2916.766
2916.766
2915.984
2915.984
2915.984
2915.984
2915.984
2915.984
2915.984
2934.815
2998.207
2982.554
2982.554
2970.082
2970.082
2949.576
2965.228
3027.837
3040.31
3078.571
3099.076
3130.054
3130.054
3130.054
3130.054
3130.054
3130.054
3130.837
3130.837
3130.837
3162.88
3159.402
3157.25
3150.342
3126.038
3086.092
3082.136
3080.571
3062.375
3062.375
3065.853
3065.853
3086.359
3093.266
3117.571
3117.571
3117.571
3119.136
3119.136
3119.136
3119.136
3119.136
3119.136
3119.136
3118.353
3118.353
3118.353
3149.332
3150.114
3150.114
3213.505
3213.505
3213.505
3213.505
3213.505
3175.81
3175.81
3246.114
3215.136
3214.353
3214.353
3150.962
3188.658
3188.658
3188.658
3188.658
3188.658
3197.625
3210.864
3241.842
3230.967
3229.935
3198.957
3198.957
3180.37
3180.37
3180.37
3181.402
3181.402
3181.402
3199.989
3199.989
3199.989
3199.989
3184.337
3121.728
3109.255
3070.995
3050.489
3066.141
3066.141
3066.141
3066.141
3066.141
3068.462
3132.375
3216.832
3248.674
3287.261
3302.913
3314.065
3338.37
3338.37
3356.957
3356.957
3356.957
3354.13
3346.402
3323.12
3320.799
3320.799
3319.234
3331.984
3331.984
3334.81
3342.538
3342.538
3342.538
3342.538
3344.103
3344.103
3352.516
3352.516
3352.516
3410.168
3417.076
3415.364
3350.929
3343.201
3280.592
3278.636
3280.348
3280.348
3288.076
3350.685
3352.641
3352.641
3378.076
3380.668
3380.668
3380.668
3382.625
3399.625
3401.582
3407.31
3407.31
3469.918
3469.918
3469.918
3469.918
3469.918
3451.723
3445.027
3445.027
3445.027
3436.158
3416.592
3416.592
3416.592
3416.592
3434.788
3441.484
3453.957
3517.348
3526.217
3545.783
3545.783
3561.435
3545.783
3545.783
3545.783
3545.783
3545.783
3545.783
3561.435
3561.435
3561.435
3561.435
3581.94
3600.136
3620.527
3620.527
3620.527
3620.527
3642.179
3648.875
3651.701
3651.701
3651.701
3651.701
3651.701
3651.701
3651.701
3658.397
3714.511
3714.511
3692.859
3686.163
3683.337
3683.337
3683.337
3683.337
3683.337
3683.337
3704.989
3711.685
3714.511
3714.511
3714.511
3722.924
3722.924
3722.924
3722.924
3701.272
3694.576
3691.75
3691.75
3691.75
3683.337
3683.337
3696.728
3718.38
3725.076
3727.902
3761.62
3771.402
3779.815
3779.815
3779.815
3798.989
3785.598
3763.946
3757.25
3754.424
3720.707
3710.924
3702.511
3702.511
3715.902
3715.902
3715.902
3715.902
3715.902
3715.902
3724.315
3724.315
3724.315
3724.315
3708.663
3708.663
3708.663
3708.663
3708.663
3708.663
3697.788
3690.06
3689.06
3689.06
3668.951
3668.951
3688.125
3693.853
3693.853
3693.853
3693.853
3696.446
3683.054
3683.054
3683.054
3683.054
3683.054
3683.054
3674.641
3674.641
3688.033
3709.685
3716.38
3719.207
3752.924
3752.924
3783.902
3792.315
3792.315
3792.315
3792.315
3792.315
3792.315
3792.315
3792.315
3792.315
3792.315
3792.315
3812.424
3814.136
3878.049
3913.81
3949.38
3962.62
3962.62
3962.62
3962.62
3949.228
3927.576
3920.88
3918.054
3884.337
3884.337
3875.924
3875.924
3875.924
3875.924
3882.62
3885.446
3885.446
3885.446
3893.859
3893.859
3893.859
3893.859
3887.163
3884.337
3884.337
3884.337
3875.924
3875.924
3875.924
3875.924
3875.924
3875.924
3875.924
3875.924
3882.62
3882.62
3882.62
3882.62
3882.62
3882.62
3882.62
3882.62
3882.62
3882.62
3882.62
3882.62
3882.62
3882.62
3882.62
3882.62
3902.185
3902.185
3902.185
3925.141
3925.141
3925.141
3944.315
3944.315
3944.315
3944.315
3944.315
3944.315
3945.348
3945.348
3945.348
3945.348
3945.348
3945.348
3938.652
3938.652
3938.652
3938.652
3938.652
3938.652
3952.043
3952.043
3958.739
3958.739
3958.739
3958.739
3958.739
3958.739
3940.152
3940.152
3940.152
3940.152
3940.152
3924.5
3924.5
3924.5
3924.5
3903.995
3919.647
3982.255
3982.255
3982.255
3982.255
3982.255
3982.255
3982.255
3982.255
3982.255
3962.69
3962.69
3962.69
3939.734
3939.734
3939.734
3939.734
3939.734
3939.734
3959.299
3959.299
3959.299
3982.255
3982.255
3968.864
3968.864
3962.168
3962.168
3962.168
3962.168
3962.168
3962.168
3962.168
3983.821
3983.821
3986.647
3986.647
3986.647
3986.647
3986.647
3986.647
3986.647
3964.995
3964.995
3962.168
3962.168
3962.168
3962.168
3962.168
3962.168
3983.821
3990.516
3993.342
3993.342
3993.342
3993.342
3993.342
3993.342
3993.342
3993.342
3993.342
3993.342
3993.342
3973.777
3973.777
3973.777
3950.821
3950.821
3950.821
3950.821
3950.821
3950.821
3950.821
3950.821
3950.821
3950.821
3950.821
3950.821
3950.821
3950.821
3950.821
3949.788
3949.788
3949.788
3949.788
3949.788
3959.571
3959.571
3959.571
3959.571
3960.603
3960.603
3960.603
3960.603
3960.603
3938.951
3932.255
3929.429
3929.429
3929.429
3929.429
3929.429
3925.951
3925.951
3919.043
3894.739
3894.739
3894.739
3893.174
3893.174
3893.174
3893.174
3893.174
3900.082
3924.386
3924.386
3924.386
3925.951
3944.147
3944.147
3910.429
3910.429
3910.429
3930.935
3930.935
3930.935
3930.935
3930.935
3930.935
3932.891
3932.891
3932.891
3932.891
3932.891
3932.891
3932.891
3932.891
3932.891
3932.891
3932.891
3932.891
3932.891
3932.891
3932.891
3932.891
3932.891
3932.891
3932.891
3932.891
3932.891
3912.783
3866.152
3822.348
3820.391
3807.152
3807.152
3807.152
3807.152
3809.109
3809.109
3809.109
3809.109
3799.326
3799.326
3799.326
3799.326
3798.293
3798.293
3798.293
3798.293
3798.293
3808.076
3839.054
3842.533
3842.533
3843.565
3863.957
3870.217
3870.217
3870.217
3870.217
3870.217
3870.217
3870.217
3870.217
3870.217
3870.217
3870.217
3870.217
3870.217
3870.217
3870.217
3870.217
3889.783
3889.783
3889.783
3912.739
3912.739
3933.245
3933.245
3933.245
3933.245
3933.245
3933.245
3933.245
3933.245
3933.245
3939.636
3939.636
3939.636
3939.636
3939.636
3939.636
3920.071
3920.071
3920.071
3897.114
3897.114
3897.114
3897.114
3897.114
3897.114
3916.679
3916.679
3916.679
3939.636
3948.603
3948.603
3948.603
3948.603
3948.603
3928.098
3928.098
3928.098
3928.098
3928.098
3928.098
3928.098
3943.75
3943.75
3964.255
3964.255
3954.473
3954.473
3954.473
3923.495
3920.016
3920.016
3920.016
3920.016
3918.984
3918.984
3918.984
3898.592
3892.332
3892.332
3892.332
3892.332
3892.332
3892.332
3892.332
3892.332
3892.332
3892.332
3892.332
3892.332
3915.288
3915.288
3915.288
3915.288
3915.288
3915.288
3895.723
3895.723
3895.723
3872.766
3872.766
3872.766
3872.766
3872.766
3872.766
3892.332
3892.332
3892.332
3892.332
3892.332
3892.332
3876.679
3814.071
3814.071
3814.071
3814.071
3829.723
3829.723
3829.723
3829.723
3829.723
3829.723
3829.723
3809.217
3809.217
3809.217
3809.217
3809.217
3809.217
3809.217
3809.217
3809.217
3809.217
3809.217
3809.217
3809.217
3809.217
3809.217
3809.217
3809.217
3809.217
3809.217
3809.217
3789.652
3789.652
3789.652
3789.652
3789.652
3789.652
3789.652
3771.457
3809.717
3803.022
3790.549
3727.158
3718.288
3698.723
3698.723
3698.723
3678.614
3678.614
3676.902
3695.098
3631.185
3595.424
3602.12
3602.12
3566.549
3553.31
3616.701
3625.571
3625.571
3625.571
3625.571
3625.571
3645.679
3647.391
3647.391
3647.391
3682.962
3682.962
3682.962
3682.962
3703.353
3703.353
3703.353
3703.353
3703.353
3703.353
3703.353
3703.353
3703.353
3703.353
3703.353
3703.353
3703.353
3703.353
3703.353
3704.386
3704.386
3704.386
3704.386
3704.386
3704.386
3704.386
3704.386
3704.386
3704.386
3704.386
3704.386
3704.386
3704.386
3704.386
3704.386
3704.386
3704.386
3704.386
3704.386
3704.386
3704.386
3704.386
3704.386
3704.386
3704.386
3704.386
3704.386
3704.386
3704.386
3703.353
3703.353
3703.353
3703.353
3703.353
3713.136
3713.136
3713.136
3713.136
3713.136
3713.136
3713.136
3713.136
3713.136
3713.136
3713.136
3713.136
3713.136
3713.136
3713.136
3713.136
3713.136
3713.136
3713.136
3713.136
3713.136
3713.136
3713.136
3713.136
3713.136
3713.136
3713.136
3713.136
3713.136
3713.136
3722.103
3722.103
3757.864
3757.864
3757.864
3757.864
3748.082
3748.082
3748.082
3748.082
3748.082
3748.082
3748.082
3748.082
3748.082
3748.082
3748.082
3748.082
3748.082
3748.082
3749.114
3749.114
3749.114
3749.114
3754.842
3790.413
3790.413
3790.413
3790.413
3790.413
3790.413
3790.413
3790.413
3790.413
3790.413
3790.413
3774.761
3774.761
3774.761
3774.761
3774.761
3774.761
3774.761
3774.761
3774.761
3774.761
3774.761
3774.761
3774.761
3814.707
3814.707
3814.707
3814.707
3814.707
3814.707
3813.674
3813.674
3813.674
3813.674
3813.674
3813.674
3813.674
3813.674
3813.674
3813.674
3813.674
3813.674
3813.674
3813.674
3813.674
3813.674
3813.674
3813.674
3813.674
3832.261
3832.261
3832.261
3838.957
3838.957
3846.685
3846.685
3846.685
3840.293
3840.293
3840.293
3846.685
3846.685
3846.685
3846.685
3846.685
3846.685
3846.685
3846.685
3846.685
3846.685
3846.685
3846.685
3846.685
3846.685
3846.685
3846.685
3847.717
3868.109
3874.37
3874.37
3874.37
3874.37
3872.658
3872.658
3864.929
3802.321
3800.364
3800.364
3800.364
3808.092
3808.092
3810.049
3810.049
3812.005
3822.88
3822.88
3825.473
3825.473
3805.364
3803.652
3803.652
3803.652
3768.082
3768.082
3768.082
3768.082
3768.082
3768.082
3768.082
3768.082
3768.082
3768.082
3768.082
3768.082
3768.082
3767.049
3767.049
3767.049
3748.462
3748.462
3748.462
3749.495
3749.495
3749.495
3749.495
3749.495
3749.495
3682.196
3618.804
3607.141
3607.141
3604.315
3604.315
3604.315
3604.315
3604.315
3607.141
3614.87
3614.87
3614.87
3614.87
3614.87
3614.87
3613.837
3593.446
3587.185
3587.185
3587.185
3596.054
3602.75
3602.75
3602.75
3610.804
3610.804
3610.804
3612.761
3615.353
3615.353
3615.353
3615.353
3615.353
3545.701
3539.973
3455.712
3455.712
3455.712
3455.712
3455.712
3455.712
3455.712
3455.712
3455.712
3455.712
3455.712
3455.712
3455.712
3491.473
3491.473
3491.473
3491.473
3491.473
3491.473
3491.473
3494.065
3494.065
3494.065
3494.065
3494.065
3494.065
3494.065
3494.065
3494.065
3496.891
3496.891
3496.891
3478.696
3472
3472
3408.609
3399.739
3399.739
3399.739
3399.739
3399.739
3399.739
3399.739
3399.739
3400.522
3400.522
3400.522
3400.522
3413.913
3435.565
3442.261
3445.087
3478.804
3478.804
3487.217
3487.217
3487.217
3508.87
3508.87
3508.87
3501.962
3477.658
3477.658
3477.658
3476.092
3457.897
3457.897
3461.375
3461.375
3468.283
3492.587
3532.533
3536.489
3538.054
3538.054
3538.054
3524.663
3503.011
3496.315
3493.489
3459.772
3459.772
3451.359
3451.359
3464.75
3486.402
3493.098
3495.924
3529.641
3539.424
3539.424
3547.837
3547.837
3558.712
3558.712
3545.321
3523.668
3516.973
3514.147
3480.429
3470.647
3470.647
3462.234
3462.234
3462.234
3480.821
3494.212
3494.212
3494.212
3500.908
3503.734
3503.734
3503.734
3512.147
3512.147
3499.397
3499.397
3496.571
3488.842
3488.842
3488.842
3488.842
3487.277
3487.277
3487.277
3490.103
3497.832
3497.832
3497.832
3497.832
3499.397
3499.397
3486.005
3486.005
3479.31
3476.484
3476.484
3476.484
3468.071
3468.071
3468.071
3489.723
3496.418
3499.245
3499.245
3499.245
3507.658
3507.658
3514.565
3537.522
3559.174
3559.174
3537.522
3530.826
3528
3528
3528
3519.587
3519.587
3532.978
3554.63
3561.326
3564.152
3564.152
3564.152
3564.152
3564.152
3581.043
3581.043
3567.652
3546
3539.304
3536.478
3536.478
3536.478
3536.478
3536.478
3536.478
3558.13
3564.826
3567.652
3601.37
3601.37
3609.783
3609.783
3609.783
3609.783
3609.783
3609.783
3588.13
3581.435
3578.609
3544.891
3544.891
3536.478
3536.478
3549.87
3549.87
3549.87
3549.87
3549.87
3549.87
3549.87
3549.87
3551.435
3551.435
3551.435
3551.435
3545.043
3556.196
3556.196
3562.587
3562.587
3549.196
3549.196
3549.196
3549.196
3549.196
3549.196
3549.196
3549.196
3549.196
3570.848
3570.848
3573.674
3573.674
3573.674
3573.674
3573.674
3573.674
3573.674
3573.674
3573.674
3573.674
3573.674
3573.674
3573.674
3581.402
3581.402
3581.402
3559.75
3559.75
3556.924
3556.924
3556.924
3556.924
3556.924
3556.924
3578.576
3585.272
3588.098
3588.098
3588.098
3588.098
3588.098
3588.098
3588.098
3566.446
3559.75
3556.924
3556.924
3556.924
3556.924
3556.924
3556.924
3556.924
3556.924
3566.707
3566.707
3606.652
3597.685
3606.098
3606.098
3606.098
3606.098
3598.37
3599.37
3607.098
3607.098
3630.054
3630.054
3630.054
3630.054
3545.598
3546.598
3546.598
3546.598
3546.598
3546.598
3546.598
3546.598
3546.598
3546.598
3546.598
3555.565
3555.565
3555.565
3553.609
3551.016
3551.016
3551.016
3551.016
3584.342
3584.342
3586.299
3588.891
3588.891
3588.891
3588.891
3600.043
3602.87
3602.87
3602.87
3602.87
3602.87
3616.261
3616.261
3616.261
3616.261
3616.261
3616.261
3616.261
3616.261
3617.043
3617.043
3617.043
3608.174
3608.174
3617.957
3617.957
3617.957
3617.957
3617.957
3617.957
3617.957
3617.957
3617.957
3617.957
3617.174
3617.174
3617.174
3617.174
3617.957
3617.957
3617.957
3617.957
3617.957
3617.957
3617.957
3617.957
3617.957
3617.174
3617.174
3617.174
3617.174
3617.174
3617.174
3617.174
3619.495
3619.495
3619.495
3608.342
3608.342
3601.951
3601.951
3601.951
3608.342
3598.56
3598.56
3598.56
3598.56
3598.56
3598.56
3598.56
3598.56
3598.56
3608.342
3608.342
3608.342
3608.342
3642.386
3642.386
3642.386
3642.386
3658.038
3658.038
3639.842
3639.842
3639.842
3639.842
3639.842
3639.842
3640.625
3640.625
3640.625
3667.527
3667.527
3667.527
3667.527
3665.571
3665.571
3664.788
3664.788
3664.788
3664.788
3665.571
3665.571
3665.571
3634.592
3642.772
3642.772
3642.772
3642.772
3621.12
3636.772
3636.772
3636.772
3635.989
3635.989
3635.989
3635.989
3626.207
3626.207
3626.207
3626.207
3592.163
3592.163
3592.163
3592.163
3576.511
3586.293
3586.293
3586.293
3586.293
3586.293
3586.293
3586.293
3586.293
3601.946
3589.196
3589.196
3589.196
3589.196
3589.196
3598.163
3604.859
3604.859
3520.598
3517.12
3517.12
3510.212
3485.908
3445.962
3442.005
3440.44
3440.44
3440.44
3440.44
3377.049
3377.049
3377.049
3369.321
3369.321
3367.364
3369.076
3369.076
3376.804
3376.804
3378.761
3378.761
3378.761
3378.761
3372.065
3372.065
3369.745
3305.832
3221.375
3189.533
3150.946
3135.293
3124.141
3099.837
3099.837
3163.75
3163.75
3163.75
3163.75
3163.75
3163.75
3163.75
3156.022
3163.75
3170.011
3170.011
3170.011
3160.228
3160.228
3160.228
3160.228
3160.228
3160.228
3160.228
3160.228
3144.576
3144.576
3144.576
3144.576
3144.576
3144.576
3144.576
3164.967
3164.967
3164.967
3164.967
3172.696
3172.696
3172.696
3183.848
3183.848
3183.848
3192.261
3192.261
3158.935
3158.935
3156.978
3154.386
3154.386
3154.386
3154.386
3203.136
3195.408
3195.408
3195.408
3184.255
3184.255
3184.255
3175.842
3175.842
3187.505
3195.234
3212.234
3215.125
3226.277
3247.929
3272.234
3280.647
3301.152
3294.245
3231.636
3223.908
3206.908
3204.016
3192.864
3171.212
3146.908
3138.495
3117.989
3117.989
3117.989
3117.989
3117.989
3117.989
3117.989
3117.989
3117.989
3117.989
3134.88
3131.75
3144.989
3126.402
3126.402
3126.402
3126.402
3126.402
3126.402
3126.402
3126.402
3126.402
3126.402
3134.13
3151.13
3154.022
3165.174
3186.826
3211.13
3219.543
3219.543
3219.543
3241.196
3260.761
3260.761
3260.761
3260.761
3260.761
3260.761
3260.761
3260.761
3240.37
3240.37
3240.37
3232.641
3215.641
3212.75
3201.598
3179.946
3155.641
3147.228
3147.228
3154.957
3171.957
3174.848
3174.848
3174.848
3174.848
3174.848
3174.848
3174.848
3174.848
3175.88
3175.88
3211.913
3210.913
3259.043
3251.315
3234.315
3231.424
3231.424
3231.424
3231.424
3231.424
3231.424
3239.152
3239.152
3239.152
3239.152
3239.152
3239.152
3239.152
3239.152
3250.815
3243.087
3243.087
3243.087
3243.087
3243.087
3243.087
3243.087
3243.087
3250.815
3267.815
3270.707
3270.707
3292.359
3316.663
3325.076
3345.582
3345.582
3408.19
3407.158
3407.158
3407.158
3400.766
3411.918
3411.918
3418.31
3419.092
3419.092
3418.06
3418.06
3418.06
3418.06
3418.06
3428.935
3429.967
3460.946
3460.946
3479.533
3479.533
3471.804
3454.804
3451.913
3451.913
3430.261
3405.957
3397.543
3377.038
3384.766
3401.766
3401.766
3412.918
3434.571
3434.571
3434.571
3434.571
3434.571
3434.571
3434.571
3455.076
3455.076
3447.348
3430.348
3430.348
3419.196
3397.543
3397.543
3397.543
3397.543
3397.543
3397.543
3397.543
3397.543
3397.543
3403.804
3409.533
3409.533
3416.44
3433.44
3449.092
3449.092
3449.092
3449.092
3457.962
3457.962
3457.962
3457.962
3454.832
3463.799
3467.277
3454.804
3474.913
3474.913
3495.022
3497.614
3497.614
3497.614
3513.266
3513.266
3557.071
3494.462
3494.462
3507.853
3529.505
3536.201
3539.027
3572.745
3572.745
3581.158
3581.158
3581.158
3572.745
3515.092
3481.049
3467.658
3446.005
3439.31
3436.484
3402.766
3402.766
3394.353
3394.353
3394.353
3416.005
3422.701
3425.527
3459.245
3459.245
3467.658
3467.658
3501.701
3501.701
3501.701
3480.049
3473.353
3470.527
3436.81
3436.81
3428.397
3428.397
3428.397
3450.049
3456.745
3459.571
3459.571
3459.571
3467.984
3467.984
3498.962
3498.962
3498.962
3478.457
3478.457
3459.283
3453.554
3453.554
3453.554
3453.554
3453.554
3453.554
3431.902
3425.207
3422.38
3422.38
3422.38
3413.967
3413.967
3427.359
3449.011
3455.707
3458.533
3492.25
3492.25
3500.663
3500.663
3468.62
3468.62
3469.62
3476.011
3496.402
3496.402
3498.359
3498.359
3484.967
3463.315
3456.62
3437.446
3434.62
3400.902
3400.902
3392.489
3392.489
3405.88
3427.533
3434.228
3437.054
3470.772
3470.772
3479.185
3479.185
3479.185
3479.185
3472.793
3451.141
3443.413
3451.141
3437.75
3416.098
3409.402
3406.576
3372.859
3372.859
3364.446
3364.446
3364.446
3386.098
3392.793
3395.62
3395.62
3395.62
3404.033
3404.033
3410.293
3410.293
3410.293
3410.293
3433.25
3415.054
3415.054
3393.402
3386.707
3383.88
3383.88
3383.88
3375.467
3375.467
3375.467
3375.467
3375.467
3375.467
3375.467
3375.467
3375.467
3375.467
3375.467
3375.467
3375.467
3375.467
3372.641
3364.913
3364.913
3364.913
3364.913
3363.348
3376.098
3376.098
3378.924
3386.652
3386.652
3386.652
3386.652
3388.217
3388.217
3216.886
3216.886
3216.886
3216.886
3216.886
3216.886
3216.886
3216.886
3216.886
3216.886
3216.886
3216.886
3223.582
3226.408
3260.125
3260.125
3260.125
3260.125
3308.875
3267.136
3267.136
3268.136
3268.136
3275.043
3268.136
3251.136
3235.484
3235.484
3235.484
3235.484
3226.614
3226.614
3226.614
3226.614
3226.614
3226.614
3226.614
3226.614
3226.614
3226.614
3226.614
3226.614
3226.614
3226.614
3219.918
3217.092
3183.375
3183.375
3183.375
3183.375
3183.375
3205.027
3211.723
3214.549
3248.266
3258.049
3266.462
3270.418
3262.239
3262.239
3251.087
3251.087
3244.696
3255.848
3304.598
3310.989
3310.989
3295.337
3295.337
3310.989
3332.641
3332.641
3310.989
3304.293
3301.467
3267.75
3257.967
3249.554
3245.598
3245.598
3267.25
3273.946
3276.772
3310.489
3310.489
3318.902
3318.902
3314.946
3314.946
3314.946
3314.946
3313.38
3313.38
3313.38
3313.38
3313.38
3313.38
3313.38
3291.728
3285.033
3282.207
3248.489
3248.489
3240.076
3240.076
3240.076
3240.076
3240.076
3240.076
3273.793
3273.793
3277.272
3277.272
3228.522
3228.522
3272.326
3265.087
3244.582
3257.054
3276.228
3276.228
3276.228
3253.272
3231.62
3193.924
3193.924
3175.728
3175.728
3178.321
3178.321
3147.342
3147.342
3147.342
3146.342
3147.342
3144.75
3127.859
3126.859
3157.837
3157.837
3206.75
3203.272
3203.272
3224.924
3224.924
3245.315
3243.359
3243.359
3243.359
3243.359
3243.359
3243.359
3207.788
3232.092
3240.272
3244.228
3250.489
3250.489
3320.141
3320.141
3308.989
3308.989
3302.293
3302.293
3302.293
3302.293
3302.293
3302.293
3302.293
3302.293
3302.293
3302.293
3309.201
3326.201
3341.853
3341.853
3375.897
3375.897
3384.766
3409.071
3409.071
3412.201
3412.201
3412.201
3410.489
3410.489
3402.761
3402.761
3400.804
3402.516
3402.516
3410.245
3410.245
3412.201
3396.549
3396.549
3396.549
3396.549
3394.592
3394.592
3394.592
3411.592
3434.549
3426.821
3434.549
3434.549
3434.549
3434.549
3434.549
3434.549
3504.201
3509.929
3509.929
3541.772
3541.772
3541.772
3535.511
3535.511
3465.859
3465.859
3465.859
3465.859
3465.859
3465.859
3465.859
3465.859
3474.826
3490.478
3510.043
3510.043
3533
3533
3521.848
3473.098
3466.707
3466.707
3466.707
3473.098
3473.098
3473.098
3456.098
3457.13
3438.299
3441.777
3441.777
3441.777
3441.777
3460.951
3460.951
3460.951
3436.647
3436.647
3436.647
3436.647
3436.647
3436.647
3436.647
3442.908
3442.908
3442.908
3442.908
3442.908
3451.875
3451.875
3463.027
3463.027
3463.027
3456.12
3398.467
3411.859
3411.859
3411.859
3411.859
3403.679
3430.31
3430.31
3424.049
3424.049
3424.049
3424.049
3424.049
3424.049
3424.049
3424.049
3424.049
3403.543
3473.196
3460.723
3460.723
3460.723
3479.31
3479.31
3336.19
3336.19
3336.19
3342.582
3335.674
3335.674
3335.674
3335.674
3335.674
3335.674
3335.674
3341.935
3341.935
3341.935
3361.109
3388.011
3369.424
3392.38
3350.641
3350.641
3343.734
3326.734
3311.082
3311.082
3277.038
3277.038
3268.168
3243.864
3243.864
3250.772
3267.772
3283.424
3283.424
3283.424
3283.424
3292.293
3292.293
3292.293
3276.641
3220.527
3211.56
3274.951
3277.543
3277.543
3280.136
3264.484
3242.832
3242.832
3242.832
3242.832
3242.832
3256.223
3277.875
3284.571
3287.397
3321.114
3330.897
3339.31
3339.31
3307.266
3307.266
3276.288
3270.027
3270.027
3270.027
3250.853
3250.853
3253.984
3240.592
3218.94
3212.245
3209.418
3175.701
3165.918
3157.505
3157.505
3170.897
3192.549
3199.245
3202.071
3235.788
3245.571
3253.984
3257.94
3257.94
3257.94
3257.94
3234.984
3234.984
3234.984
3221.592
3199.94
3193.245
3190.418
3156.701
3146.918
3138.505
3134.549
3147.94
3169.592
3176.288
3179.114
3179.114
3179.114
3187.527
3187.527
3176.652
3175.62
3144.641
3144.641
3126.054
3126.054
3143.054
3143.054
3143.054
3143.054
3143.054
3143.054
3143.054
3122.663
3142.228
3142.228
3128.837
3107.185
3100.489
3097.663
3097.663
3097.663
3089.25
3089.25
3102.641
3124.293
3130.989
3133.815
3167.533
3167.533
3175.946
3175.946
3175.946
3173.12
3152.728
3127.293
3120.902
3100.511
3100.511
3098.554
3098.554
3104.946
3104.946
3104.946
3104.946
3113.125
3115.082
3117.038
3117.038
3201.299
3210.266
3210.266
3229.832
3236.739
3236.739
3236.739
3236.739
3236.739
3236.739
3223.348
3201.696
3195
3192.174
3158.457
3158.457
3150.043
3150.043
3150.043
3150.043
3156.739
3159.565
3159.565
3159.565
3159.565
3159.565
3159.565
3159.565
3153.174
3134
3127.739
3127.739
3127.739
3127.739
3127.739
3127.739
3131.217
3131.217
3131.217
3131.217
3131.217
3135.174
3135.174
3135.174
3128.478
3125.652
3125.652
3125.652
3125.652
3125.652
3139.043
3160.696
3167.391
3170.217
3203.935
3203.935
3212.348
3212.348
3334.848
3342.576
3342.576
3343.092
3343.092
3307.522
3307.522
3294.13
3272.478
3265.783
3262.957
3229.239
3229.239
3220.826
3220.826
3220.826
3220.826
3220.826
3223.652
3223.652
3223.652
3223.652
3223.652
3239.304
3239.304
3239.304
3239.304
3239.304
3235.826
3235.826
3235.826
3235.826
3235.826
3298.435
3298.435
3298.435
3298.435
3290.707
3290.707
3294.185
3301.913
3321.478
3321.478
3321.478
3321.478
3321.478
3321.478
3321.478
3321.478
3318.652
3318.652
3318.652
3318.652
3318.652
3332.043
3353.696
3360.391
3363.217
3396.935
3406.717
3415.13
3419.087
3419.087
3419.087
3419.087
3434.163
3440.424
3440.424
3440.424
3440.424
3440.424
3437.598
3437.598
3437.598
3437.598
3437.598
3440.424
3440.424
3440.424
3377.815
3377.815
3377.815
3377.815
3374.337
3354.772
3354.772
3354.772
3354.772
3417.38
3417.38
3417.38
3419.701
3419.701
3439.266
3439.266
3439.266
3462.223
3448.832
3427.179
3420.484
3417.658
3383.94
3374.158
3365.745
3361.788
3361.788
3383.44
3390.136
3392.962
3392.962
3392.962
3392.962
3396.918
3396.918
3396.918
3396.918
3375.266
3368.571
3365.745
3365.745
3365.745
3365.745
3361.788
3361.788
3361.788
3368.484
3371.31
3371.31
3371.31
3371.31
3371.31
3371.31
3371.31
3371.31
3371.31
3371.31
3438.609
3376
3376
3376
3373.679
3373.679
3354.114
3354.114
3354.114
3331.158
3393.766
3393.766
3393.766
3393.766
3393.766
3413.332
3413.332
3413.332
3436.288
3415.783
3415.783
3436.288
3436.288
3468.332
3468.332
3468.332
3461.636
3458.81
3458.81
3458.81
3458.81
3458.81
3458.81
3458.81
3458.81
3458.81
3451.902
3434.902
3419.25
3419.25
3419.25
3419.25
3356.641
3347.772
3347.772
3347.772
3347.772
3347.772
3347.772
3347.772
3354.679
3335.114
3352.114
3352.114
3352.114
3367.766
3344.81
3344.81
3378.853
3378.853
3441.462
3450.332
3450.332
3481.31
3505.614
3505.614
3505.614
3509.092
3509.092
3509.092
3509.092
3509.092
3509.092
3509.092
3509.092
3509.092
3500.125
3437.516
3437.516
3406.538
3406.538
3403.06
3403.06
3403.06
3403.06
3403.06
3465.668
3465.668
3496.647
3498.967
3502.446
3522.011
3522.011
3522.011
3544.967
3544.967
3580.538
3588.951
3588.951
3588.951
3555.625
3555.625
3524.647
3511.897
3511.897
3449.288
3449.288
3418.31
3415.989
3412.511
3392.946
3392.946
3392.946
3369.989
3369.989
3369.989
3369.989
3369.989
3373.467
3393.033
3393.033
3393.033
3393.033
3393.033
3431.62
3431.62
3435.576
3401.859
3401.859
3398.38
3398.38
3432.098
3432.098
3435.576
3502.875
3502.875
3502.875
3502.875
3502.875
3502.875
3499.397
3479.832
3479.832
3479.832
3479.832
3479.832
3479.832
3479.832
3479.832
3479.832
3499.397
3499.397
3499.397
3499.397
3503.353
3503.353
3519.005
3522.484
3522.484
3506.832
3506.832
3506.832
3506.832
3506.832
3506.832
3487.266
3487.266
3487.266
3487.266
3487.266
3487.266
3440.636
3418.984
3418.984
3410.016
3394.364
3374.799
3374.799
3351.842
3351.842
3351.842
3360.81
3376.462
3396.027
3396.027
3396.027
3396.027
3396.027
3396.027
3180.81
3180.81
3196.462
3216.967
3216.967
3216.967
3204.217
3204.217
3201.391
3193.663
3193.663
3193.663
3193.663
3192.098
3192.098
3192.098
3225.815
3225.815
3241.467
3260.054
3286.685
3299.924
3323.207
3259.815
3322.424
3322.424
3324.38
3324.38
3324.38
3323.598
3323.598
3347.902
3373.337
3374.902
3374.902
3374.902
3373.337
3371.625
3371.625
3363.897
3363.897
3361.94
3361.94
3355.033
3338.033
3322.38
3322.38
3288.337
3288.337
3279.467
3255.163
3255.163
3262.071
3279.071
3279.071
3279.071
3279.071
3279.071
3279.071
3279.071
3279.071
3327.984
3329.549
3399.201
3391.473
3391.473
3416.908
3414.951
3414.951
3421.859
3386.098
3386.098
3378.37
3370.315
3370.315
3370.315
3364.587
3364.587
3364.587
3380.239
3401.891
3401.891
3378.935
3385.63
3385.63
3401.283
3401.283
3401.283
3407.674
3407.674
3407.674
3407.674
3407.674
3407.674
3407.674
3438.652
3438.652
3418.147
3418.147
3420.103
3399.712
3399.712
3401.277
3401.277
3391.495
3388.016
3379.603
3379.603
3362.603
3362.603
3362.603
3362.603
3362.603
3359.473
3332.842
3348.495
3348.495
3348.495
3284.582
3284.582
3284.582
3284.582
3284.582
3284.582
3284.582
3286.902
3350.815
3350.815
3382.658
3382.658
3398.31
3398.31
3422.614
3422.614
3421.049
3389.005
3389.005
3325.614
3325.614
3325.614
3325.614
3325.614
3306.44
3306.44
3306.44
3306.44
3306.44
3306.44
3306.44
3319.679
3319.679
3319.679
3319.679
3338.266
3344.658
3344.658
3364.223
3364.223
3364.223
3364.223
3364.223
3364.223
3355.81
3374.397
3311.788
3276.217
3269.31
3252.31
3252.31
3252.31
3252.31
3252.31
3252.31
3252.31
3252.31
3252.31
3259.217
3276.217
3291.87
3291.87
3325.913
3325.913
3334.783
3334.783
3334.783
3334.783
3338.261
3347.228
3356.196
3356.196
3349.5
3366.5
3366.5
3366.5
3366.5
3366.5
3366.5
3368.065
3349.478
3349.478
3343.087
3343.087
3343.087
3341.13
3341.13
3347.522
3347.522
3347.522
3349.478
3349.478
3338.603
3342.56
3342.56
3344.516
3347.647
3347.647
3370.603
3437.902
3440.495
3448.223
3465.223
3465.223
3465.223
3465.223
3489.527
3497.94
3497.94
3497.94
3457.995
3457.995
3479.647
3486.342
3486.342
3486.342
3486.342
3486.342
3486.342
3478.614
3461.614
3461.614
3461.614
3461.614
3437.31
3428.897
3428.897
3428.897
3428.897
3428.897
3428.897
3428.897
3428.897
3428.897
3428.897
3428.897
3428.897
3426.071
3426.071
3426.853
3426.853
3426.853
3460.179
3460.179
3446.788
3446.788
3446.788
3446.788
3446.788
3446.788
3446.788
3446.788
3446.788
3454.516
3471.516
3471.516
3449.864
3452.755
3463.908
3457.212
3457.212
3478.864
3503.168
3503.168
3503.168
3511.582
3511.582
3511.582
3511.582
3524.973
3546.625
3553.321
3553.321
3553.321
3553.321
3553.321
3553.321
3544.353
3544.353
3544.353
3533.201
3533.201
3533.201
3525.473
3508.473
3505.582
3494.429
3472.777
3448.473
3440.06
3440.06
3447.788
3447.788
3447.788
3447.788
3469.44
3493.745
3493.745
3493.745
3480.353
3458.701
3452.005
3452.005
3452.005
3452.005
3452.005
3452.005
3452.005
3473.658
3480.353
3483.179
3483.179
3483.179
3483.179
3483.179
3483.179
3483.179
3483.179
3483.179
3483.179
3495.652
3495.652
3495.652
3511.304
3511.304
3511.304
3511.304
3512.87
3524.533
3522.576
3452.272
3444.543
3444.543
3444.543
3478.587
3478.587
3478.587
3456.935
3432.63
3432.63
3432.63
3440.359
3457.359
3457.359
3457.359
3468.511
3490.163
3514.467
3522.88
3522.88
3522.88
3522.098
3522.098
3522.098
3522.098
3522.88
3522.88
3522.88
3522.88
3501.228
3494.533
3491.707
3491.707
3491.707
3491.707
3491.707
3491.707
3491.707
3491.707
3491.707
3491.707
3491.707
3491.707
3491.707
3491.707
3483.978
3466.978
3466.978
3455.826
3434.174
3409.87
3401.457
3401.457
3409.185
3426.185
3426.185
3426.185
3447.837
3472.141
3480.554
3480.554
3480.554
3480.554
3480.554
3480.554
3480.554
3480.554
3480.554
3480.554
3480.554
3480.554
3502.207
3508.902
3511.728
3545.446
3545.446
3545.446
3545.446
3537.717
3520.717
3520.717
3520.717
3499.065
3474.761
3466.348
3466.348
3474.076
3474.076
3474.076
3474.076
3474.076
3474.076
3474.076
3474.076
3474.076
3474.076
3473.293
3473.293
3473.293
3473.293
3473.293
3484.957
3484.957
3484.957
3484.957
3463.304
3456.609
3453.783
3446.054
3412.337
3412.337
3412.337
3412.337
3412.337
3412.337
3412.337
3412.337
3425.728
3425.728
3447.38
3447.38
3447.38
3454.076
3456.902
3464.63
3498.348
3498.348
3515.348
3515.348
3523.761
3523.761
3523.761
3523.761
3523.761
3532.174
3532.174
3521.299
3521.299
3513.571
3496.571
3496.571
3496.571
3496.571
3496.571
3488.158
3488.158
3474.766
3453.114
3446.418
3443.592
3409.875
3409.875
3401.462
3401.462
3401.462
3423.114
3429.81
3432.636
3432.636
3432.636
3441.049
3441.049
3441.049
3441.049
3441.049
3441.049
3441.049
3441.049
3441.049
3441.049
3441.049
3441.049
3441.049
3441.049
3441.049
3441.049
3441.832
3441.832
3441.832
3559.549
3559.549
3559.549
3559.549
3559.549
3559.549
3586.451
3586.451
3586.451
3586.451
3573.212
3570.62
3570.62
3548.967
3542.272
3539.446
3539.446
3539.446
3531.033
3531.033
3544.424
3566.076
3572.772
3575.598
3609.315
3619.098
3627.511
3631.467
3631.467
3631.467
3631.467
3654.424
3677.38
3704.283
3724.788
3724.788
3715.821
3715.821
3715.821
3702.429
3680.777
3674.082
3671.255
3637.538
3627.755
3619.342
3619.342
3615.386
3615.386
3637.038
3643.734
3646.56
3646.56
3646.56
3646.56
3646.56
3662.212
3662.212
3661.429
3661.429
3661.429
3661.429
3662.212
3662.212
3662.212
3665.342
3665.342
3665.342
3665.342
3665.342
3665.342
3665.342
3665.342
3665.342
3665.342
3703.038
3723.543
3767.348
3767.348
3785.543
3798.016
3800.337
3800.337
3800.337
3802.293
3802.293
3811.261
3811.261
3789.609
3782.913
3780.087
3780.087
3780.087
3780.087
3780.087
3780.087
3801.739
3808.435
3811.261
3844.978
3854.761
3863.174
3863.174
3863.174
3854.207
3838.554
3818.989
3818.989
3818.989
3818.989
3818.989
3827.957
3843.609
3863.174
3863.174
3863.174
3886.13
3886.13
3879.223
3862.223
3846.571
3846.571
3812.527
3812.527
3803.658
3803.658
3803.658
3810.565
3810.565
3826.217
3826.217
3826.217
3826.217
3826.217
3826.217
3826.217
3835.087
3835.087
3836.652
3836.652
3836.652
3835.87
3835.87
3835.87
3835.87
3814.217
3807.522
3804.696
3804.696
3770.978
3771.761
3761.978
3761.978
3753.565
3753.565
3753.565
3735.37
3735.37
3735.37
3697.674
3677.168
3633.364
3633.364
3615.168
3602.696
3600.375
3600.375
3600.375
3600.375
3600.375
3600.375
3618.571
3618.571
3611.875
3611.875
3611.875
3611.875
3596.223
3596.223
3596.223
3602.918
3602.918
3618.571
3618.571
3618.571
3625.266
3625.266
3625.266
3625.266
3625.266
3625.266
3626.832
3611.179
3589.527
3589.527
3588.745
3588.745
3588.745
3588.745
3588.745
3582.484
3582.484
3582.484
3582.484
3582.484
3582.484
3582.484
3582.484
3582.484
3564.288
3564.288
3564.288
3564.288
3564.288
3564.288
3564.288
3564.288
3564.288
3564.288
3564.288
3564.288
3564.288
3564.288
3530.571
3530.571
3514.918
3496.332
3469.701
3469.701
3469.701
3503.418
3503.418
3519.071
3537.658
3537.658
3537.658
3537.658
3531.397
3531.397
3531.397
3531.397
3531.397
3531.397
3531.397
3504.495
3504.495
3504.495
3504.495
3525
3543.587
3543.587
3543.587
3543.587
3543.587
3543.587
3543.587
3543.587
3543.587
3543.587
3543.587
3543.587
3543.587
3543.587
3581.283
3601.788
3601.788
3601.788
3601.788
3601.788
3601.788
3601.788
3599.196
3555.391
3521.674
3521.674
3518.196
3450.897
3450.897
3450.897
3450.897
3450.897
3410.951
3459.701
3459.701
3459.701
3459.701
3459.701
3490.679
3483.984
3478.255
3488.038
3529.777
3529.777
3529.777
3563.821
3627.734
3648.125
3648.125
3648.125
3646.168
3645.168
3645.168
3607.473
3586.967
3586.967
3586.967
3586.967
3586.967
3586.967
3586.967
3586.967
3517.315
3511.587
3511.587
3479.745
3479.745
3479.745
3459.239
3459.239
3479.745
3479.745
3474.016
3474.016
3474.016
3464.234
3422.495
3422.495
3422.495
3388.451
3324.538
3304.147
3304.147
3304.147
3304.147
3304.147
3304.147
3304.147
3304.147
3304.147
3304.147
3304.147
3319.799
3319.799
3319.799
3351.641
3351.641
3351.641
3351.641
3351.641
3353.598
3353.598
3359.859
3352.951
3352.951
3337.299
3337.299
3337.299
3337.299
3337.299
3337.299
3337.299
3335.342
3334.342
3334.342
3296.082
3293.489
3209.228
3200.261
3200.261
3180.696
3173.788
3173.788
3173.788
3173.788
3173.788
3182.755
3182.755
3202.321
3202.321
3202.321
3229.223
3229.223
3229.223
3229.223
3208.717
3190.13
3190.13
3190.13
3190.13
3190.13
3190.13
3190.13
3190.13
3208.717
3208.717
3208.717
3208.717
3208.717
3208.717
3187.065
3187.065
3187.065
3187.065
3187.065
3187.065
3187.065
3187.065
3187.065
3171.413
3181.196
3181.196
3181.196
3181.196
3215.239
3279.152
3279.152
3279.152
3294.804
3277.804
3277.804
3277.804
3277.804
3277.804
3277.804
3277.804
3277.804
3277.804
3277.804
3297.913
3297.913
3297.913
3297.913
3297.913
3297.913
3297.13
3281.478
3281.478
3281.478
3271.696
3271.696
3271.696
3271.696
3237.652
3173.739
3173.739
3173.739
3158.087
3167.87
3167.87
3206.13
3206.13
3240.174
3304.087
3324.478
3324.478
3324.478
3324.478
3324.478
3292.636
3292.636
3292.636
3292.636
3292.636
3290.679
3290.679
3284.418
3284.418
3284.418
3284.418
3284.418
3284.418
3284.418
3286.375
3286.375
3292.636
3292.636
3292.636
3292.636
3274.049
3274.049
3274.049
3274.049
3274.049
3274.049
3360.136
3380.641
3399.228
3434.799
3434.799
3461.701
3461.701
3461.701
3444.81
3444.81
3438.418
3438.418
3438.418
3436.462
3436.462
3442.853
3442.853
3442.853
3444.81
3444.81
3396.06
3386.277
3386.277
3348.016
3348.016
3313.973
3250.06
3229.668
3229.668
3229.668
3222.973
3222.973
3207.321
3207.321
3207.321
3214.016
3214.016
3229.668
3252.625
3252.625
3252.625
3252.625
3252.625
3266.016
3287.668
3294.364
3297.19
3297.19
3297.19
3305.603
3305.603
3285.098
3285.098
3285.098
3285.098
3285.098
3271.707
3250.054
3243.359
3240.533
3240.533
3240.533
3232.12
3232.12
3245.511
3267.163
3273.859
3276.685
3310.402
3320.185
3328.598
3332.554
3332.554
3332.554
3319.163
3297.511
3290.815
3287.989
3254.272
3244.489
3236.076
3232.12
3232.12
3253.772
3260.467
3263.293
3263.293
3263.293
3271.707
3271.707
3271.707
3250.054
3243.359
3240.533
3240.533
3240.533
3232.12
3232.12
3232.12
3253.772
3260.467
3263.293
3297.011
3297.011
3305.424
3305.424
3305.424
3296.457
3280.804
3261.239
3261.239
3238.283
3238.283
3280.022
3288.989
3288.989
3304.641
3324.207
3324.207
3347.163
3347.163
3344.571
3336.842
3336.842
3315.19
3308.495
3305.668
3271.951
3271.951
3263.538
3263.538
3276.929
3298.582
3305.277
3308.103
3341.821
3351.603
3360.016
3363.973
3363.973
3355.793
3269.707
3249.201
3230.614
3195.043
3195.043
3168.141
3168.141
3168.141
3168.141
3188.647
3188.647
3188.647
3188.647
3188.647
3188.647
3188.647
3188.647
3175.255
3153.603
3146.908
3144.082
3110.364
3100.582
3092.168
3088.212
3101.603
3123.255
3129.951
3132.777
3132.777
3132.777
3141.19
3141.19
3141.19
3141.19
3127.799
3106.147
3099.451
3096.625
3096.625
3096.625
3088.212
3088.212
3101.603
3123.255
3129.951
3132.777
3166.495
3176.277
3184.69
3188.647
3188.647
3188.647
3188.647
3188.647
3188.647
3188.647
3188.647
3186.69
3186.69
3180.429
3180.429
3212.272
3256.076
3256.076
3256.076
3256.076
3258.033
3258.033
3258.033
3258.033
3222.272
3208.88
3187.228
3180.533
3177.707
3143.989
3134.207
3125.793
3121.837
3121.837
3143.489
3150.185
3150.185
3150.185
3150.185
3150.185
3150.185
3106.38
3086.272
3086.272
3086.272
3064.62
3057.924
3057.924
3057.924
3057.924
3057.924
3057.924
3057.924
3079.576
3086.272
3089.098
3089.098
3089.098
3097.511
3097.511
3097.511
3086.359
3086.359
3086.359
3064.707
3058.011
3055.185
3055.185
3055.185
3046.772
3046.772
3060.163
3081.815
3088.511
3091.337
3125.054
3134.837
3143.25
3143.25
3140.658
3140.658
3133.75
3133.75
3133.75
3120.359
3098.707
3092.011
3088.054
3085.228
3051.511
3051.511
3049.554
3039.772
3031.359
3028.228
3028.228
3028.228
3032.185
3032.185
3034.141
3037.272
3104.571
3082.918
3070.446
3070.446
3070.446
3036.728
3036.728
3021.076
3002.489
3002.489
3002.489
3002.489
3036.207
3036.207
3051.859
3070.446
3097.076
3094.755
3094.755
3094.755
3088.06
3088.06
3088.06
3088.06
3088.06
3088.06
3086.495
3093.19
3097.147
3097.147
3117.255
3117.255
3117.255
3118.821
3070.071
3070.071
3061.103
3061.103
3040.598
3040.598
3040.598
3040.598
3040.598
3040.598
3040.598
3040.598
3061.103
3079.69
3115.261
3115.261
3142.163
3142.163
3142.163
3142.163
3142.163
3133.293
3125.114
3125.114
3118.853
3118.853
3118.853
3095.897
3135.842
3149.082
3172.038
3172.038
3172.038
3172.038
3172.038
3172.038
3136.005
3109.103
3086.147
3086.147
3054.304
3010.5
3010.5
3010.5
3010.5
3008.543
3008.543
3008.543
3050.283
3082.125
3125.929
3138.679
3138.679
3201.288
3203.245
3203.245
3209.505
3208.505
3208.505
3208.505
3208.505
3208.505
3201.81
3201.81
3195.114
3172.158
3172.158
3155.266
3155.266
3133.614
3133.614
3099.571
3099.571
3079.065
3060.478
3024.908
3024.908
2998.005
2998.005
2998.005
2998.005
2998.005
3016.592
3016.592
3016.592
3043.495
3043.495
3043.495
3043.495
3043.495
3043.495
3043.495
3043.495
3043.495
3040.668
3040.668
3040.668
3052.332
3052.332
3055.158
3055.158
3048.462
3048.462
3032.81
3009.853
3009.853
3016.549
3020.505
3036.158
3059.114
3059.114
3028.136
3028.136
3005.179
2974.201
2974.201
2974.201
2974.201
2925.288
2925.288
2925.288
2922.462
2910.799
2910.799
2910.799
2869.06
2837.217
2793.413
2780.663
2780.663
2718.054
2716.098
2716.098
2709.837
2751.576
2783.418
2783.418
2796.168
2796.168
2796.168
2798.125
2798.125
2798.125
2798.125
2798.125
2798.125
2798.125
2798.125
2818.63
2818.63
2809.663
2809.663
2809.663
2791.076
2791.076
2791.076
2764.174
2764.174
2764.174
2850.261
2870.766
2889.353
2924.924
2968.728
2995.63
2995.63
2995.63
2993.31
2929.397
2929.397
2902.766
2870.924
2870.924
2855.272
2855.272
2830.967
2833.288
2833.288
2833.288
2865.13
2903.717
2919.37
2919.37
2943.674
2943.674
2930.435
2930.435
2924.043
2924.043
2924.043
2922.087
2922.087
2928.478
2948.87
2948.87
2950.826
2950.826
2950.826
2950.826
2950.826
2950.826
2950.826
2932.239
2890.5
2881.533
2865.88
2846.315
2846.315
2823.359
2823.359
2823.359
2832.326
2847.978
2867.543
2867.543
2890.5
2890.5
2890.5
2869.995
2869.995
2890.5
2890.5
2910.609
2912.321
2976.234
3011.995
3047.565
3060.804
3060.804
3104.609
3104.609
3104.609
3092.946
3092.946
3086.038
3086.038
3065.647
3065.647
3023.908
2992.065
2992.065
2979.315
2979.315
2979.315
2977.359
2977.359
2977.359
2977.359
3009.201
3053.005
3053.005
3053.005
3053.005
3054.962
3054.962
3054.962
3054.962
3034.853
3034.853
3034.853
3072.516
3082.299
3113.277
3113.277
3113.277
3114.31
3134.701
3140.962
3140.962
3054.875
3034.37
3015.783
2980.212
2936.408
2909.505
2909.505
2909.505
2995.592
2995.592
3014.179
3014.179
3057.984
3057.984
3057.984
3057.984
3051.723
3051.723
3038.332
3038.332
3038.332
3038.332
3038.332
3038.332
3038.332
3038.332
3038.332
3022.679
3009.44
3009.44
3009.44
3009.44
3009.44
3009.44
3009.44
3009.44
3009.44
3009.44
3031.092
3037.788
3040.614
3074.332
3074.332
3074.332
3074.332
3074.332
3074.332
3036.668
3026.886
2995.908
2995.908
2995.908
2994.875
2974.484
2968.223
2968.223
2968.223
2968.223
2968.223
2968.223
2968.223
2969.255
2969.255
2969.255
2969.255
2969.255
2949.69
2949.69
2949.69
2928.038
2921.342
2918.516
2884.799
2884.799
2884.799
2884.799
2884.799
2906.451
2913.147
2915.973
2949.69
2949.69
2958.103
2958.103
2955.511
2955.511
2907.38
2907.38
2885.728
2879.033
2876.207
2842.489
2842.489
2834.076
2834.076
2847.467
2869.12
2875.815
2878.641
2912.359
2922.141
2930.554
2934.511
2934.511
2911.228
2911.228
2911.228
2877.511
2877.511
2861.859
2843.272
2816.641
2816.641
2816.641
2816.641
2816.641
2816.641
2816.641
2816.641
2816.641
2803.25
2781.598
2774.902
2772.076
2738.359
2728.576
2720.163
2716.207
2729.598
2751.25
2757.946
2760.772
2794.489
2804.272
2812.685
2816.641
2816.641
2816.641
2816.641
2816.641
2816.641
2815.609
2815.609
2815.609
2815.609
2853.272
2863.054
2894.033
2897.511
2897.511
2898.543
2918.935
2925.196
2925.196
2925.196
2911.804
2890.152
2883.457
2880.63
2846.913
2837.13
2828.717
2824.761
2838.152
2838.152
2838.152
2838.152
2838.152
2838.152
2838.152
2838.152
2838.152
2838.152
2858.658
2858.658
2857.625
2844.234
2844.234
2844.234
2844.234
2844.234
2844.234
2844.234
2844.234
2857.625
2879.277
2885.973
2888.799
2922.516
2932.299
2940.712
2940.712
2877.321
2877.321
2868.353
2868.353
2848.788
2848.788
2848.788
2821.886
2821.886
2821.886
2830.853
2830.853
2850.418
2850.418
2850.418
2877.321
2877.321
2868.908
2868.908
2868.908
2849.734
2836.342
2814.69
2807.995
2805.168
2771.451
2761.668
2753.255
2753.255
2766.647
2788.299
2794.995
2797.821
2831.538
2841.321
2849.734
2853.69
2816.027
2806.245
2775.266
2771.788
2771.788
2770.755
2750.364
2744.103
2744.103
2744.103
2753.886
2784.864
2784.864
2784.864
2785.897
2806.288
2812.549
2812.549
2726.462
2726.462
2707.875
2707.875
2664.071
2664.071
2664.071
2664.071
2664.071
2664.071
2657.375
2653.418
2653.418
2633.31
2633.31
2633.31
2631.745
2638.44
2642.397
2649.636
2669.745
2754.005
2747.31
2743.353
2743.353
2727.701
2729.266
2706.31
2706.31
2706.31
2686.201
2654.359
2610.554
2608.842
2544.929
2544.929
2509.168
2509.168
2509.168
2473.598
2471.641
2458.402
2458.402
2458.402
2458.402
2414.598
2414.598
2434.707
2466.549
2468.261
2532.174
2532.174
2532.174
2532.174
2532.174
2567.745
2567.745
2567.745
2569.701
2569.701
2569.701
2569.701
2569.701
2556.31
2534.658
2527.962
2525.136
2491.418
2481.636
2473.223
2469.266
2482.658
2504.31
2504.31
2504.31
2504.31
2504.31
2512.723
2512.723
2512.723
2497.071
2483.679
2462.027
2462.027
2462.027
2462.027
2462.027
2453.614
2453.614
2453.614
2475.266
2481.962
2484.788
2484.788
2484.788
2484.788
2484.788
2484.788
2484.788
2484.788
2463.136
2456.44
2453.614
2453.614
2453.614
2453.614
2453.614
2453.614
2443.832
2412.853
2412.853
2412.853
2411.821
2391.429
2385.168
2385.168
2385.168
2394.951
2394.951
2394.951
2394.951
2395.984
2395.984
2395.984
2395.984
2395.984
2363.94
2363.94
2332.962
2329.484
2329.484
2329.484
2320.516
2320.516
2320.516
2320.516
2310.734
2310.734
2310.734
2310.734
2309.701
2309.701
2309.701
2309.701
2309.701
2319.484
2350.462
2353.94
2353.94
2354.973
2375.364
2381.625
2419.321
2419.321
2419.321
2415.842
2415.842
2415.842
2415.842
2415.842
2395.734
2395.734
2395.734
2395.734
2412.734
2461.647
2461.647
2481.755
2485.712
2485.712
2485.712
2485.712
2485.712
2475.929
2444.951
2441.473
2441.473
2440.44
2420.049
2413.788
2376.092
2376.092
2385.875
2416.853
2420.332
2420.332
2421.364
2441.755
2448.016
2448.016
2448.016
2446.06
2442.103
2442.103
2440.147
2437.016
2369.717
2373.674
2373.674
2375.63
2378.761
2378.761
2378.761
2378.761
2346.918
2346.918
2346.918
2346.918
2346.918
2344.962
2344.962
2344.962
2344.962
2376.804
2420.609
2433.359
2433.359
2495.967
2497.924
2497.924
2504.185
2504.185
2494.402
2463.424
2459.946
2459.946
2458.913
2438.522
2432.261
2432.261
2432.261
2442.043
2473.022
2476.5
2473.908
2473.908
2474.94
2495.332
2495.332
2495.332
2495.332
2495.332
2497.924
2513.576
2532.408
2565.734
2586.125
2623.788
2623.788
2603.283
2603.283
2623.788
2623.788
2623.788
2619.832
2581.245
2541.299
2528.06
2505.103
2545.049
2558.288
2581.245
2562.658
2562.658
2554.929
2554.929
2545.147
2525.038
2494.06
2492.348
2488.87
2424.957
2424.957
2424.957
2423.924
2403.533
2367.962
2367.962
2367.962
2367.962
2367.962
2367.962
2367.962
2388.071
2397.853
2399.565
2399.565
2399.565
2463.478
2499.239
2499.239
2534.81
2535.842
2535.842
2549.082
2549.082
2692.201
2692.201
2692.201
2688.245
2688.245
2662.81
2658.853
2639.679
2639.679
2630.712
2615.06
2595.495
2595.495
2572.538
2572.538
2614.277
2623.245
2638.897
2658.462
2728.114
2751.071
2769.902
2777.63
2794.63
2794.63
2794.63
2816.283
2816.283
2824.696
2824.696
2797.793
2797.793
2788.011
2788.011
2788.011
2788.011
2786.978
2786.978
2786.978
2786.978
2779.25
2762.25
2762.25
2762.25
2740.598
2740.598
2732.185
2732.185
2739.913
2739.913
2739.913
2751.065
2751.065
2751.065
2759.478
2759.478
2759.478
2759.478
2779.984
2779.984
2779.984
2798.179
2798.179
2798.179
2798.179
2804.44
2806.397
2817.549
2824.457
2967.576
2986.75
3054.049
3054.049
3054.049
3046.321
3046.321
3046.321
3035.168
3035.168
3035.168
3026.755
3026.755
3034.484
3051.484
3051.484
3015.913
3015.913
3037.565
3061.87
3061.87
3061.87
3061.87
3054.141
3037.141
3037.141
3037.141
3015.489
2991.185
2991.185
2991.185
2998.913
3015.913
3018.804
3029.957
3051.609
3075.913
3084.326
3104.832
3104.832
3091.592
3091.592
3085.201
3064.81
3064.81
3062.853
3062.853
3069.245
3089.636
3097.815
3099.772
3162.38
3155.989
3155.989
3155.989
3155.989
3155.989
3155.989
3155.989
3155.989
3155.989
3155.989
3148.261
3131.261
3128.37
3117.217
3095.565
3071.261
3062.848
3042.342
3050.071
3067.071
3069.962
3081.114
3102.766
3127.071
3135.484
3155.989
3152.859
3152.859
3132.353
3132.353
3132.353
3114.158
3114.158
3114.158
3114.158
3114.158
3134.663
3134.663
3134.663
3134.663
3134.663
3134.663
3134.663
3144.446
3144.446
3144.446
3144.446
3144.446
3144.446
3144.446
3144.446
3144.446
3144.446
3144.446
3144.446
3144.446
3176.288
3182.549
3182.549
3174.821
3157.821
3154.929
3143.777
3122.125
3097.821
3089.408
3068.902
3076.63
3093.63
3096.522
3107.674
3129.326
3153.63
3162.043
3182.549
3182.549
3182.549
3182.549
3182.549
3182.549
3182.549
3182.549
3182.549
3182.549
3182.549
3182.549
3182.549
3182.549
3182.549
3182.549
3182.549
3182.549
3182.549
3182.549
3179.418
3171.69
3154.69
3151.799
3140.647
3118.995
3101.995
3077.69
3069.277
3048.772
3056.5
3073.5
3076.391
3087.543
3109.196
3109.196
3117.609
3117.609
3117.609
3085.766
3041.962
3029.212
3029.212
2966.603
2964.647
2964.647
2958.386
2958.386
2958.386
2958.386
2958.386
2958.386
2958.386
2960.342
2960.342
2960.342
2952.614
2935.614
2932.723
2921.571
2899.918
2899.918
2891.505
2891.505
2899.234
2916.234
2919.125
2930.277
2951.929
2976.234
2984.647
2984.647
2984.647
2984.647
2964.141
2964.141
2964.141
2964.141
2964.141
2964.141
2964.141
3001.837
3022.342
3066.147
3066.147
3084.342
3096.815
3099.136
3099.136
3078.63
3078.63
3078.63
3078.63
3078.63
3078.63
3078.63
3078.63
3078.63
3078.63
3078.63
3078.63
3078.63
3078.63
3078.63
3078.63
3098.196
3098.196
3098.196
3098.196
3098.196
3090.467
3073.467
3070.576
3059.424
3037.772
3013.467
3005.054
3005.054
3004.054
3004.054
3004.054
2881.554
2881.554
2881.554
2881.554
2881.554
2881.554
2861.989
2861.989
2861.989
2861.989
2924.598
2924.598
2914.815
2914.815
2945.793
2948.114
2948.114
2948.114
2951.592
2951.592
2971.158
2971.158
2971.158
2971.158
2971.158
2994.114
2994.114
2994.114
3003.897
3003.897
3042.158
3042.158
3076.201
3140.114
3160.505
3160.505
3176.158
3176.158
3176.158
3138.462
3117.957
3074.152
3074.152
3055.957
3043.484
3041.163
3041.163
3041.163
3061.668
3061.668
3061.668
3061.668
3061.668
3061.668
3061.668
2992.016
2929.408
2929.408
2898.429
2896.109
2892.63
2873.065
2873.065
2873.065
2850.109
2912.717
2968.832
2999.81
2999.81
2999.81
3019.375
3019.375
3019.375
3042.332
3042.332
3026.679
2964.071
2939.766
2936.636
2936.636
2916.13
2916.13
2916.13
2916.13
2916.13
2916.13
2916.13
2953.826
2974.332
2974.332
2974.332
2992.527
2992.527
2992.527
2992.527
2980.864
2960.359
2897.75
2841.636
2810.658
2810.658
2810.658
2791.092
2791.092
2791.092
2768.136
2830.745
2830.745
2830.745
2830.745
2830.745
2850.31
2850.31
2850.31
2873.266
2853.158
2851.446
2787.533
2751.772
2716.201
2702.962
2559.842
2559.842
2550.06
2550.06
2511.799
2511.799
2477.755
2413.842
2393.451
2393.451
2377.799
2377.799
2377.799
2377.799
2377.799
2377.799
2377.799
2377.799
2377.799
2393.451
2393.451
2394.234
2394.234
2394.234
2356.538
2336.033
2336.033
2273.424
2273.424
2273.424
2255.228
2255.228
2255.228
2255.228
2255.228
2255.228
2255.228
2235.663
2235.663
2235.663
2212.707
2275.315
2275.315
2275.315
2275.315
2275.315
2294.88
2294.88
2294.88
2317.837
2317.837
2314.359
2314.359
2314.359
2314.359
2314.359
2314.359
2314.359
2314.359
2345.337
2347.489
2381.207
2381.207
2396.859
2415.446
2442.076
2442.076
2441.293
2441.293
2441.293
2472.272
2473.054
2473.054
2473.054
2473.054
2410.446
2410.446
2410.446
2410.446
2410.446
2390.88
2390.88
2390.88
2367.924
2430.533
2486.647
2517.625
2519.946
2523.424
2542.989
2542.989
2542.989
2565.946
2564.38
2564.38
2564.38
2497.082
2497.082
2497.082
2497.082
2497.082
2497.082
2497.082
2495.125
2495.125
2495.125
2495.125
2464.147
2463.364
2463.364
2463.364
2463.364
2464.147
2464.147
2464.147
2464.147
2464.147
2464.147
2415.397
2415.397
2415.397
2415.397
2415.397
2384.418
2428.223
2441.462
2466.897
2515.647
2521.908
2557.478
2557.478
2557.478
2588.457
2525.848
2469.734
2438.755
2436.435
2432.957
2413.391
2413.391
2413.391
2390.435
2390.435
2390.435
2390.435
2390.435
2390.435
2390.435
2390.435
2390.435
2374.783
2384.565
2384.565
2384.565
2384.565
2418.609
2418.609
2418.609
2418.609
2434.261
2445.413
2445.413
2447.734
2460.484
2460.484
2460.484
2469.353
2469.353
2469.353
2469.353
2469.353
2481.016
2481.016
2481.016
2481.016
2480.234
2480.234
2480.234
2480.234
2481.016
2481.016
2481.016
2481.016
2487.277
2487.277
2556.929
2576.103
2576.103
2576.103
2575.321
2575.321
2575.321
2606.299
2607.082
2607.082
2670.473
2653.473
2653.473
2652.44
2631.935
2631.935
2631.935
2631.935
2622.152
2622.152
2622.152
2622.152
2588.109
2588.109
2588.109
2588.109
2572.457
2565.761
2561.804
2554.565
2534.457
2450.196
2450.196
2448.63
2455.326
2459.283
2466.522
2486.63
2570.891
2583.641
2585.207
2598.598
2620.25
2626.946
2629.772
2663.489
2663.489
2671.902
2671.902
2671.902
2640.924
2640.141
2640.141
2576.75
2576.75
2577.533
2577.533
2577.533
2564.141
2542.489
2535.793
2532.967
2499.25
2499.25
2490.837
2490.837
2504.228
2525.88
2532.576
2535.402
2569.12
2569.12
2569.12
2569.12
2562.859
2562.859
2493.207
2474.033
2474.033
2474.033
2474.033
2474.033
2473.033
2473.033
2464.853
2462.897
2449.505
2427.853
2421.158
2418.332
2384.614
2384.614
2384.614
2384.614
2398.005
2419.658
2426.353
2429.179
2462.897
2472.679
2481.092
2485.049
2485.049
2484.266
2484.266
2484.266
2470.875
2449.223
2442.527
2439.701
2405.984
2396.201
2387.788
2383.832
2397.223
2418.875
2425.571
2428.397
2462.114
2471.897
2480.31
2484.266
2435.353
2433.788
2364.136
2413.049
2414.614
2484.266
2471.793
2471.793
2471.793
2456.141
2442.75
2421.098
2414.402
2411.576
2377.859
2368.076
2359.663
2355.707
2369.098
2390.75
2397.446
2400.272
2433.989
2443.772
2452.185
2456.141
2435.636
2435.636
2456.141
2526.446
2526.446
2526.446
2526.446
2526.446
2532.707
2617.163
2617.163
2686.815
2705.989
2692.598
2670.946
2664.25
2661.424
2627.707
2617.924
2609.511
2605.554
2618.946
2640.598
2647.293
2650.12
2683.837
2693.62
2702.033
2705.989
2683.033
2669.641
2647.989
2641.293
2638.467
2604.75
2594.967
2586.554
2582.598
2582.598
2604.25
2610.946
2613.772
2613.772
2613.772
2622.185
2622.185
2622.967
2625.859
2598.957
2598.957
2577.304
2570.609
2567.783
2567.783
2567.783
2559.37
2559.37
2572.761
2594.413
2601.109
2603.935
2603.935
2603.935
2612.348
2612.348
2603.38
2587.728
2587.212
2580.951
2496.495
2426.842
2407.668
2413.929
2498.386
2568.038
2587.212
2573.821
2552.168
2545.473
2542.647
2542.647
2542.647
2534.234
2534.234
2547.625
2569.277
2575.973
2578.799
2612.516
2622.299
2630.712
2634.668
2628.408
2626.451
2615.299
2608.391
2465.272
2446.098
2378.799
2378.799
2385.06
2387.016
2398.168
2405.076
2405.076
2424.25
2491.549
2491.549
2468.592
2455.201
2433.549
2426.853
2424.027
2390.31
2380.527
2372.114
2368.158
2368.158
2389.81
2396.505
2396.505
2396.505
2396.505
2396.505
2396.505
2396.505
2417.011
2417.011
2375.272
2366.304
2350.652
2331.087
2261.435
2238.478
2219.647
2261.386
2270.353
2286.005
2305.571
2375.223
2398.179
2398.179
2398.179
2376.527
2369.832
2369.832
2369.832
2369.832
2369.832
2369.832
2369.832
2363.571
2279.114
2209.462
2190.288
2196.549
2196.549
2196.549
2215.723
2214.158
2214.158
2213.375
2210.484
2211.266
2214.158
2214.158
2195.571
2077.853
2077.853
2077.853
2071.592
2071.592
2071.592
2052.418
2052.418
2032.853
2032.853
2095.462
2144.212
2144.212
2153.082
2165.554
2159.163
2138.772
2130.592
2128.636
2066.027
2072.418
2092.81
2092.81
2094.766
2094.766
2093.984
2091.092
2091.875
2094.766
2071.81
2062.842
2062.842
2022.897
2009.658
1986.701
2026.647
2039.886
2062.842
2047.19
2043.234
2043.234
2043.234
2043.234
2043.234
2031.571
2031.571
2031.571
2035.049
2035.049
2048.288
2081.614
2081.614
2081.614
2081.614
2077.658
2077.658
2075.701
2072.571
2072.571
2066.179
2064.223
2064.223
2064.223
2055.255
2055.255
2035.69
2035.69
2035.69
2008.788
2008.788
2008.788
2017.755
2140.255
2159.821
2159.821
2159.821
2186.723
2186.723
2180.332
2165.255
2164.473
2161.582
2161.582
2161.582
2161.582
2142.016
2142.016
2139.696
2139.696
2139.696
2107.853
2069.266
2053.614
2053.614
2029.31
2029.31
2029.31
2029.31
1998.332
1996.179
1962.462
1962.462
1946.81
1928.223
1901.592
1901.592
1901.592
1935.31
1935.31
1950.962
1950.962
1950.962
1942.092
1933.125
1933.125
1933.125
1931.56
1931.56
1931.56
1931.56
1931.56
1922.592
1889.266
1889.266
1880.853
1880.853
1880.853
1880.853
1869.19
1869.19
1866.364
1933.663
1997.054
2008.717
2023.793
2026.62
1959.321
1959.321
1959.321
1959.321
2032.017
2032.017
2032.017
2010.58
2010.58
2010.58
2010.58
2011.398
2014.42
1992.983
1919.483
1919.483
1919.483
1892.892
1875.119
1910.839
1910.839
1888.815
1884.482
1884.482
1884.482
1903.101
1956.673
1887.42
1908.443
1912.58
1912.58
1912.58
1912.58
1905.58
1901.443
1893.875
1872.852
1784.761
1771.432
1769.795
1776.795
1780.932
1780.932
1780.932
1780.932
1780.932
1782.568
1775.347
1768.801
1766.756
1755.097
1747.875
1747.875
1727.83
1657.472
1657.472
1664.017
1666.063
1666.063
1666.063
1666.063
1666.063
1666.063
1666.063
1662.426
1676.426
1699.063
1706.063
1709.017
1744.267
1754.494
1763.29
1767.426
1753.426
1730.79
1723.79
1720.835
1685.585
1675.358
1666.563
1662.426
1676.426
1699.063
1706.063
1709.017
1744.267
1754.494
1763.29
1767.426
1766.608
1763.585
1764.403
1767.426
1767.426
1753.426
1730.79
1723.79
1720.835
1685.585
1675.358
1666.563
1662.426
1676.426
1699.063
1706.063
1709.017
1744.267
1754.494
1763.29
1767.426
1764.716
1721.08
1711.705
1695.341
1674.886
1602.068
1578.068
1578.068
1578.068
1587.443
1603.807
1624.261
1697.08
1721.08
1721.08
1707.08
1684.443
1677.443
1674.489
1639.239
1629.011
1620.216
1616.08
1630.08
1652.716
1659.716
1662.67
1697.92
1708.148
1716.943
1721.08
1685.489
1671.489
1648.852
1641.852
1638.898
1603.648
1593.42
1584.625
1580.489
1580.489
1603.125
1610.125
1613.08
1648.33
1648.33
1648.33
1648.33
1648.33
1625.693
1618.693
1615.739
1580.489
1580.489
1580.489
1580.489
1594.489
1594.489
1601.489
1604.443
1604.443
1604.443
1604.443
1604.443
1590.443
1590.443
1583.443
1580.489
1580.489
1580.489
1580.489
1580.489
1594.489
1617.125
1624.125
1627.08
1662.33
1672.557
1681.352
1685.489
1660.08
1656.443
1656.443
1642.602
1607.761
1607.761
1607.761
1607.761
1611.398
1655.034
1668.875
1703.716
1641.304
1698.957
1747.87
1747.087
1744.196
1744.978
1747.87
1734.478
1712.826
1706.13
1703.304
1669.587
1659.804
1651.391
1647.435
1660.826
1682.478
1689.174
1692
1725.717
1735.5
1743.913
1747.87
1747.87
1746.304
1732.913
1711.261
1704.565
1701.739
1668.022
1658.239
1649.826
1645.87
1659.261
1680.913
1687.609
1690.435
1724.152
1733.935
1742.348
1746.304
1732.913
1711.261
1704.565
1701.739
1668.022
1658.239
1649.826
1645.87
1659.261
1680.913
1687.609
1690.435
1724.152
1733.935
1742.348
1746.304
1732.913
1711.261
1704.565
1701.739
1668.022
1658.239
1649.826
1645.87
1645.87
1645.87
1645.087
1642.196
1642.978
1642.978
1669.88
1707.576
1715.755
1717.467
1733.12
1733.12
1733.12
1757.424
1757.424
1757.424
1792.995
1824.837
1824.837
1824.837
1824.837
1818.446
1798.054
1798.054
1796.098
1796.098
1802.489
1822.88
1831.06
1833.016
1833.016
1852.582
1864.245
1881.245
1880.462
1880.462
1878.505
1878.505
1878.505
1899.011
1896.418
1880.766
1861.935
1828.609
1808.217
1770.554
1773.147
1788.799
1807.63
1840.957
1861.348
1861.348
1861.348
1861.348
1861.348
1861.348
1861.348
1827.63
1827.63
1811.978
1811.978
1811.978
1842.957
1842.957
1876.674
1876.674
1892.326
1910.913
1937.543
1935.978
1935.978
1961.413
1961.413
1964.543
1964.543
1964.543
1964.543
1964.543
1964.543
1964.543
1964.543
1964.543
2008.348
2078.652
2087.62
2047.674
2034.435
2011.478
2051.424
2064.663
2087.62
2087.62
2052.049
2020.207
2020.207
2020.207
2055.777
2087.62
2201.13
2271.435
2265.174
2263.217
2263.217
2263.217
2263.217
2263.217
2263.217
2263.217
2269.478
2271.435
2282.587
2289.495
2432.614
2451.788
2519.087
2519.087
2507.424
2517.207
2517.207
2555.467
2555.467
2589.511
2589.511
2609.902
2609.902
2625.554
2622.076
2580.337
2567.098
2533.772
2522.109
2464.457
2415.543
2415.543
2415.543
2415.543
2415.543
2415.543
2415.543
2415.543
2415.543
2406.576
2390.924
2371.359
2301.707
2278.75
2278.75
2286.478
2303.478
2306.37
2317.522
2339.174
2363.478
2371.891
2392.397
2384.668
2367.668
2364.777
2353.625
2331.973
2307.668
2299.255
2278.75
2286.478
2286.478
2286.478
2286.478
2286.478
2286.478
2286.478
2286.478
2286.478
2276.696
2276.696
2238.435
2238.435
2204.391
2204.391
2184
2184
2168.348
2178.13
2178.13
2178.13
2178.13
2178.13
2178.13
2178.13
2178.13
2193.783
2186.054
2186.054
2186.054
2186.054
2186.054
2186.054
2186.054
2186.054
2193.783
2210.783
2213.674
2224.826
2246.478
2270.783
2279.196
2299.701
2291.973
2274.973
2272.082
2260.929
2239.277
2214.973
2206.56
2186.054
2193.783
2210.783
2213.674
2224.826
2246.478
2270.783
2279.196
2299.701
2293.005
2289.049
2289.049
2289.049
2289.049
2289.049
2287.484
2294.179
2298.136
2298.136
2318.245
2318.245
2330.995
2332.56
2324.832
2307.832
2304.94
2293.788
2272.136
2247.832
2239.418
2218.913
2226.641
2226.641
2226.641
2226.641
2226.641
2250.946
2250.946
2250.946
2243.217
2243.217
2243.217
2243.217
2243.217
2218.913
2218.913
2218.913
2226.641
2243.641
2246.533
2257.685
2279.337
2303.641
2312.054
2332.56
2332.56
2300.717
2294.457
2412.174
2444.016
2450.277
2442.549
2425.549
2422.658
2411.505
2389.853
2365.549
2357.136
2336.63
2344.359
2361.359
2364.25
2375.402
2397.054
2421.359
2429.772
2450.277
2440.495
2440.495
2440.495
2440.495
2440.495
2440.495
2440.495
2440.495
2424.842
2434.625
2434.625
2472.886
2472.886
2506.929
2570.842
2591.234
2591.234
2606.886
2599.158
2582.158
2579.266
2568.114
2546.462
2522.158
2513.745
2493.239
2500.967
2517.967
2520.859
2532.011
2553.663
2577.967
2586.38
2606.886
2599.158
2582.158
2579.266
2568.114
2546.462
2522.158
2513.745
2493.239
2457.668
2425.826
2312.315
2242.011
2277.582
2309.424
2422.935
2422.935
2413.152
2413.152
2374.891
2374.891
2340.848
2276.935
2256.543
2256.543
2240.891
2250.674
2292.413
2330.674
2330.674
2364.717
2428.63
2449.022
2485.054
2500.707
2500.707
2491.739
2369.239
2349.674
2349.674
2349.674
2322.772
2322.772
2407.033
2416
2538.5
2558.065
2564.973
2682.69
2709.592
2709.592
2689.087
2709.592
2690.027
2678.364
2661.364
2680.929
2692.592
2709.592
2699.81
2658.071
2619.81
2619.81
2585.766
2521.853
2501.462
2465.429
2449.777
2468.951
2474.679
2493.511
2529.082
2586.734
2580.342
2559.951
2551.772
2549.815
2549.815
2556.207
2576.598
2584.777
2586.734
2649.342
2649.342
2693.147
2693.147
2700.054
2704.011
2704.011
2717.402
2739.054
2745.75
2748.576
2782.293
2792.076
2800.489
2804.446
2791.054
2769.402
2762.707
2759.88
2726.163
2716.38
2707.967
2704.011
2717.402
2739.054
2745.75
2748.576
2782.293
2792.076
2800.489
2804.446
2831.076
2831.076
2831.076
2834.207
2834.207
2851.207
2851.207
2851.207
2851.207
2851.207
2851.207
2851.207
2851.207
2851.207
2851.207
2864.446
2897.772
2897.772
2897.772
2897.772
2870.87
2833.174
2824.995
2823.283
2809.891
2794.239
2772.587
2772.587
2765.891
2763.065
2763.065
2729.348
2705.043
2695.261
2695.261
2808.977
2804.841
2804.841
2804.841
2806.631
2820.631
2820.631
2843.267
2843.267
2850.267
2853.222
2853.222
2853.222
2888.472
2898.699
2907.494
2907.494
2893.494
2870.858
2863.858
2860.903
2825.653
2815.426
2806.631
2806.631
2806.631
2806.631
2806.631
2806.631
2806.631
2806.631
2806.631
2806.631
2769.443
2736.153
2617.483
2617.483
2654.67
2687.96
2687.96
2687.96
2687.96
2687.96
2687.96
2687.96
2687.96
2687.96
2687.96
2687.96
2701.96
2724.597
2731.597
2734.551
2769.801
2769.801
2769.801
2769.801
2737.415
2737.415
2702.165
2702.165
2685.801
2666.369
2638.528
2670.915
2670.915
2706.165
2719.494
2735.858
2755.29
2783.131
2776.585
2774.54
2762.881
2755.659
2606.034
2585.989
2515.631
2515.631
2522.176
2524.222
2535.881
2543.102
2692.727
2712.773
2662.125
2662.125
2648.734
2627.082
2620.386
2617.56
2583.842
2583.842
2583.842
2583.842
2597.234
2597.234
2597.234
2600.06
2600.06
2600.06
2608.473
2608.473
2564.668
2551.429
2525.995
2477.245
2470.984
2435.413
2435.413
2435.413
2404.435
2404.435
2404.435
2404.435
2404.435
2410.696
2446.266
2446.266
2446.266
2446.266
2402.462
2332.158
2323.19
2366.995
2366.995
2375.962
2362.571
2362.571
2362.571
2359.745
2359.745
2359.745
2351.332
2351.332
2351.332
2372.984
2379.679
2382.505
2382.505
2382.505
2390.918
2394.875
2394.875
2373.223
2366.527
2363.701
2363.701
2363.701
2355.288
2351.332
2364.723
2386.375
2393.071
2395.897
2429.614
2439.397
2447.81
2451.766
2438.375
2416.723
2410.027
2407.201
2373.484
2363.701
2355.288
2351.332
2364.723
2386.375
2393.071
2395.897
2429.614
2439.397
2447.81
2451.766
2467.418
2467.418
2467.418
2467.418
2467.418
2454.027
2432.375
2425.679
2422.853
2389.136
2379.353
2370.94
2366.984
2380.375
2402.027
2408.723
2411.549
2445.266
2455.049
2463.462
2467.418
2494.321
2637.44
2700.049
2726.679
2764.375
2772.103
2758.712
2737.06
2730.364
2727.538
2693.821
2684.038
2675.625
2671.668
2654.668
2605.755
2586.924
2566.815
2562.859
2562.859
2562.859
2579.859
2628.772
2628.772
2648.88
2652.837
2652.837
2652.837
2686.88
2686.88
2686.88
2696.663
2734.359
2754.864
2798.668
2798.668
2816.864
2829.337
2831.658
2831.658
2862.636
2863.418
2863.418
2926.81
2906.304
2926.81
2889.114
2868.609
2824.804
2824.804
2806.609
2794.136
2791.815
2791.815
2829.511
2850.016
2893.821
2893.821
2912.016
2924.489
2926.81
2926.81
2911.158
2911.158
2911.158
2911.158
2911.158
2926.81
2989.418
3001.891
3040.152
3060.658
3029.679
3028.897
3028.897
2965.505
2996.484
2997.266
2997.266
2997.266
2961.696
2929.853
2929.853
2929.853
2965.424
2965.424
2965.424
2965.424
2927.728
2907.223
2863.418
2863.418
2845.223
2832.75
2830.429
2830.429
2868.125
2888.63
2888.63
2888.63
2906.826
2906.826
2906.826
2906.826
2866.88
2853.641
2830.685
2799.707
2798.924
2798.924
2798.924
2798.924
2799.707
2799.707
2799.707
2793.011
2789.054
2789.054
2768.946
2768.946
2756.196
2754.63
2761.326
2765.283
2772.522
2792.63
2876.891
2876.891
2878.457
2878.457
2878.457
2880.413
2883.005
2883.005
2883.005
2883.005
2903.114
2904.826
2968.739
3004.5
3040.071
3053.31
3196.429
3240.234
3202.538
3182.033
3182.033
3182.033
3163.837
3163.837
3163.837
3163.837
3201.533
3201.533
3201.533
3201.533
3219.728
3219.728
3219.728
3219.728
3219.728
3218.946
3218.946
3218.946
3249.924
3250.707
3288.37
3288.37
3268.804
3257.141
3240.141
3259.707
3271.37
3288.37
3257.391
3256.609
3218.946
3218.946
3218.946
3219.728
3257.391
3257.391
3219.696
3219.696
3219.696
3219.696
3201.5
3201.5
3201.5
3201.5
3239.196
3239.196
3239.196
3239.196
3239.196
3239.196
3239.196
3239.196
3239.196
3239.196
3238.413
3200.75
3200.75
3200.75
3201.533
3201.533
3201.533
3201.533
3201.533
3188.293
3154.967
3154.967
3154.967
3154.967
3158.446
3158.446
3171.685
3171.685
3183.348
3183.348
3183.348
3145.652
3145.652
3145.652
3145.652
3145.652
3145.652
3145.652
3145.652
3130
3067.391
3054.918
3016.658
2996.152
3011.804
3011.804
3011.804
3011.804
3011.804
2977.761
2977.761
2977.761
2967.978
2967.978
2967.978
2967.978
2967.978
2967.978
2967.196
2967.196
2967.196
2967.196
2923.391
2923.391
2916.484
2912.527
2912.527
2912.527
2956.332
2956.332
2963.239
2967.196
2967.196
2967.196
3004.891
3004.891
3004.891
3067.5
3061.109
3040.717
3032.538
3168.335
3102.881
3096.335
3094.29
3082.631
3075.409
2925.784
3044.107
2970.399
2970.399
2931.44
2931.44
2931.44
2931.44
2857.732
2788.304
2775.53
2759.018
2755.923
2829.631
2899.06
2911.833
2911.833
2914.929
2892.905
2891.03
2821.03
2781.863
2742.905
2728.405
2571.655
2523.679
2523.679
2525.554
2525.554
2525.554
2525.554
2525.554
2525.554
2525.554
2508.411
2508.411
2508.411
2508.411
2508.411
2525.554
2594.125
2607.786
2649.69
2672.149
2603.577
2603.577
2555.601
2555.601
2545.78
2593.756
2670.756
2680.577
2680.577
2680.577
2646.649
2646.649
2609.72
2595.756
2578.613
2558.256
2529.089
2532.518
2532.518
2538.792
2564.292
2564.292
2564.292
2562.149
2559.31
2559.31
2559.31
2559.31
2595.81
2672.095
2674.238
2677.077
2769.577
2668.028
2681.068
2681.068
2681.068
2681.068
2681.068
2681.068
2681.068
2681.068
2691.295
2669.858
2691.295
2691.295
2651.886
2651.886
2739.977
2779.386
2779.386
2793.386
2816.023
2823.023
2825.977
2825.977
2825.977
2834.773
2834.773
2820.773
2798.136
2791.136
2788.182
2788.182
2788.182
2779.386
2779.386
2793.386
2816.023
2823.023
2825.977
2861.227
2871.455
2880.25
2884.386
2870.386
2847.75
2840.75
2837.795
2802.545
2792.318
2783.523
2779.386
2779.386
2779.386
2786.386
2789.341
2789.341
2789.341
2798.136
2798.136
2798.136
2863.591
2863.591
2863.591
2863.591
2861.801
2861.801
2861.801
2861.801
2861.801
2861.801
2861.801
2861.801
2863.591
2879.955
2879.955
2879.955
2879.955
2879.955
2879.955
2863.591
2856.591
2791.136
2778.097
2775.142
2775.142
2735.142
2713.705
2713.705
2704.909
2704.909
2721.273
2786.727
2800.727
2813.767
2853.767
2876.403
2883.403
2904.841
2907.795
2943.045
2953.273
2962.068
2962.068
2948.068
2925.432
2918.432
2915.477
2880.227
2870
2861.205
2861.205
2875.205
2897.841
2904.841
2907.795
2907.795
2907.795
2907.795
2907.795
2893.795
2871.159
2864.159
2861.205
2861.205
2861.205
2861.205
2861.205
2875.205
2897.841
2904.841
2907.795
2943.045
2953.273
2962.068
2966.205
2952.205
2929.568
2922.568
2919.614
2884.364
2874.136
2865.341
2861.205
2875.205
2897.841
2904.841
2907.795
2943.045
2953.273
2962.068
2966.205
2966.205
2964.415
2964.415
2964.415
2964.415
2964.415
2964.415
2964.415
2985.438
2987.227
3054.045
3091.432
3091.432
3105.273
3105.273
3105.273
3039.818
2988.852
2988.852
2979.58
2966.54
2966.54
2966.54
2966.54
2975.813
2975.813
2961.813
2939.176
2932.176
2929.222
2893.972
2883.744
2874.949
2870.813
2884.813
2884.813
2884.813
2887.767
2887.767
2887.767
2896.563
2896.563
2962.017
2962.017
2994.403
2996.83
3000.466
3020.92
3072.057
3072.057
3072.057
3058.057
3058.057
3058.057
3055.102
3055.102
3055.102
3046.307
3046.307
3046.307
3046.307
3046.307
3046.307
3046.307
3046.307
3046.307
3046.307
3042.67
3042.67
3028.83
3028.83
3016.636
3016.636
3016.636
3016.636
3016.636
3016.636
3016.636
3016.636
3016.636
3016.636
2951.182
2951.182
2930.727
2918.534
2900.761
2921.216
2933.409
2951.182
2951.182
2951.182
2951.182
2951.182
2951.182
2951.182
2951.182
2951.182
2965.182
2987.818
2994.818
2997.773
3033.023
3043.25
3052.045
3056.182
2990.727
2990.727
2958.341
2955.915
2952.278
2931.824
2880.688
2880.688
2880.688
2880.688
2880.688
2880.688
2880.688
2880.688
2880.688
2880.688
2880.688
2880.688
2866.688
2844.051
2837.051
2834.097
2798.847
2788.619
2779.824
2775.688
2772.977
2756.614
2736.926
2702.085
2680.767
2680.767
2683.477
2683.477
2683.477
2683.477
2683.477
2683.477
2595.386
2586.011
2457.943
2437.489
2430.267
2307.199
2279.074
2279.074
2279.074
2279.074
2279.074
2279.074
2279.074
2279.074
2279.074
2279.074
2190.983
2151.574
2151.574
2151.574
2151.574
2151.574
2151.574
2151.574
2151.574
2151.574
2151.574
2151.574
2151.574
2151.574
2151.574
2151.574
2151.574
2151.574
2151.574
2151.574
2151.574
2151.574
2151.574
2151.574
2135.21
2069.756
2056.716
2016.716
1995.278
2011.642
2077.097
2077.097
2077.097
2077.097
2077.097
2077.097
2077.097
2066.869
2102.46
2225.528
2429.761
2439.989
2439.989
2439.989
2439.989
2439.989
2439.989
2439.989
2439.989
2439.989
2439.989
2505.443
2564.108
2564.108
2566.534
2566.534
2586.989
2586.989
2586.989
2610.989
2559.852
2558.216
2485.398
2419.943
2361.278
2361.278
2358.852
2358.852
2338.398
2338.398
2338.398
2314.398
2379.852
2438.517
2470.903
2365.793
2369.272
2388.837
2437.75
2437.75
2460.707
2460.707
2523.315
2489.989
2420.337
2418.38
2415.788
2331.332
2412.96
2399.92
2392.92
2388.784
2381.216
2360.193
2272.102
2272.102
2270.466
2205.011
2146.347
2113.96
2111.534
2107.898
2186.845
2133.274
2133.274
2108.131
2176.702
2238.161
2238.161
2238.161
2238.161
2259.589
2259.589
2259.589
2284.732
2284.732
2236.756
2236.756
2168.185
2160.619
2156.286
2094.827
2094.827
2094.827
2094.827
2094.827
2272.577
2320.554
2299.125
2299.125
2299.125
2299.125
2306.69
2311.024
2285.881
2285.881
2354.452
2415.911
2449.839
2452.381
2456.19
2477.619
2477.619
2477.619
2502.762
2434.19
2372.732
2338.804
2336.262
2332.452
2311.024
2311.024
2311.024
2285.881
2285.881
2285.881
2285.881
2288.423
2288.423
2309.851
2309.851
2309.851
2334.994
2312.97
2311.095
2241.095
2201.929
2201.929
2187.429
2187.429
2187.429
2118.857
2118.857
2101.714
2033.143
2033.143
2033.143
2033.143
2033.143
2030.601
2030.601
2030.601
2009.173
2026.315
2026.315
2094.887
2094.887
2069.744
2083.405
2125.31
2147.768
2147.768
2147.768
2147.768
2147.768
2189.054
2189.054
2185.625
2185.625
2179.351
2153.851
2157.28
2157.28
2163.554
2163.554
2134.387
2134.387
2134.387
2130.958
2130.958
2112.339
2089.881
2112.339
2075.054
1946.125
1732.167
1721.452
1758.738
1887.667
1887.667
1898.381
1850.405
1773.405
1763.583
1811.56
1802.716
1812.091
1795.727
1730.273
1717.233
1677.233
1655.795
1672.159
1672.159
1672.159
1672.159
1693.597
1732.972
1743.199
1775.585
1779.222
1779.222
1780.301
1801.619
1808.165
1847.574
1847.574
1847.574
1847.574
1847.574
1847.574
1847.574
1847.574
1847.574
1808.165
1808.165
1896.256
1935.665
1979.301
1961.528
1910.392
1910.392
1889.369
1885.233
1885.233
1885.233
1845.858
1835.631
1803.244
1799.608
1799.608
1798.528
1777.21
1770.665
1731.256
1770.631
1780.858
1813.244
1816.881
1779.625
1780.658
1801.049
1807.31
1845.005
1825.832
1820.103
1801.272
1765.701
1708.049
1590.332
1558.489
1552.228
1669.946
1701.788
1708.049
1670.386
1660.603
1629.625
1626.147
1584.408
1583.375
1634.028
1627.483
1588.074
1588.074
1598.301
1630.688
1630.688
1630.688
1631.767
1631.767
1631.767
1631.767
1611.313
1599.119
1581.347
1601.801
1613.994
1631.767
1615.403
1615.403
1615.403
1615.403
1593.966
1610.33
1675.784
1688.824
1728.824
1750.261
1714.67
1591.602
1591.602
1581.375
1616.966
1740.034
1944.267
1954.494
1954.494
1944.267
1911.881
1911.881
1911.881
1910.801
1910.801
1910.801
1910.801
1950.176
1960.403
1992.79
1996.426
1996.426
1997.506
2018.824
2025.369
2064.778
2071.324
2074.96
2091.324
2108.983
2126.756
2145.778
2145.778
2106.403
2096.176
2063.79
2060.153
2060.153
2059.074
2037.756
2031.21
1991.801
2031.176
2041.403
2073.79
2077.426
2121.063
2122.142
2143.46
2150.006
2189.415
2199.642
2243.278
2243.278
2243.278
2278.869
2345.688
2367.006
2367.006
2383.369
2383.369
2383.369
2383.369
2381.58
2365.216
2365.216
2365.216
2365.216
2393.341
2393.341
2393.341
2393.341
2409.705
2409.705
2409.705
2409.705
2321.614
2282.205
2238.568
2238.568
2277.977
2277.977
2238.602
2228.375
2195.989
2192.352
2148.716
2147.636
2126.318
2119.773
2080.364
2119.739
2129.966
2162.352
2165.989
2209.625
2210.705
2232.023
2238.568
2277.977
2297.409
2297.409
2294.136
2294.136
2288.148
2288.148
2291.42
2291.42
2297.409
2297.409
2287.182
2243.545
2243.545
2243.545
2207.955
2141.136
2119.818
2119.818
2103.455
2113.682
2157.318
2197.318
2197.318
2232.909
2299.727
2299.727
2299.727
2316.091
2294.653
2278.29
2212.835
2199.795
2159.795
2138.358
2154.722
2220.176
2233.216
2273.216
2294.653
2124.983
2079.188
2079.188
2071.966
2067.83
2067.83
2067.83
2113.625
2113.625
2120.847
2124.983
2124.983
2085.608
2075.381
2042.994
2039.358
1995.722
1994.642
1973.324
1966.778
1927.369
1927.369
1937.597
1969.983
1969.983
1969.983
1971.063
1992.381
1992.381
1992.381
2011.813
2079.176
2104.585
2124.631
2132.71
2135.665
2225.665
2226.483
2226.483
2226.483
2216.256
2183.869
2183.869
2183.869
2182.79
2161.472
2161.472
2161.472
2161.472
2161.472
2161.472
2161.472
2161.472
2162.551
2162.551
2162.551
2162.551
2152.324
2108.688
2068.688
2068.688
2033.097
1966.278
1966.278
1966.278
1949.915
1960.142
1960.142
2000.142
2019.83
2019.83
2019.83
2019.83
2019.83
2036.193
2050.193
2072.83
2079.83
2082.784
2118.034
2128.261
2137.057
2141.193
2105.602
1982.534
1778.301
1768.074
1754.074
1731.438
1724.438
1721.483
1686.233
1676.006
1667.21
1663.074
1677.074
1699.71
1706.71
1709.665
1744.915
1755.142
1763.938
1768.074
1768.074
1768.074
1768.074
1768.074
1768.074
1766.994
1766.994
1766.994
1766.994
1766.994
1777.222
1809.608
1809.608
1809.608
1810.688
1810.688
1810.688
1810.688
1796.688
1774.051
1767.051
1764.097
1728.847
1718.619
1709.824
1705.688
1719.688
1742.324
1749.324
1752.278
1787.528
1797.756
1806.551
1810.688
1810.688
1771.278
1771.278
1761.051
1761.051
1721.051
1701.364
1701.364
1701.364
1701.364
1701.364
1685
1695.227
1695.227
1735.227
1735.227
1770.818
1837.636
1858.955
1858.955
1875.318
1861.318
1838.682
1831.682
1828.727
1793.477
1783.25
1774.455
1770.318
1784.318
1806.955
1813.955
1816.909
1852.159
1862.386
1871.182
1875.318
1855.886
1788.523
1763.114
1743.068
1734.989
1732.034
1642.034
1641.216
1641.216
1660.648
1728.011
1753.42
1773.466
1781.545
1784.5
1874.5
1875.318
1812.614
1799.223
1777.571
1770.875
1768.049
1734.332
1724.549
1716.136
1712.179
1725.571
1747.223
1753.918
1756.745
1790.462
1800.245
1808.658
1812.614
1796.962
1734.353
1721.88
1683.62
1663.114
1663.114
1653.332
1622.353
1622.353
1622.353
1621.321
1621.321
1621.321
1621.321
1607.929
1586.277
1579.582
1576.755
1543.038
1533.255
1524.842
1520.886
1534.277
1555.929
1562.625
1565.451
1599.168
1608.951
1617.364
1621.321
1607.929
1586.277
1579.582
1576.755
1543.038
1533.255
1524.842
1520.886
1534.277
1555.929
1562.625
1565.451
1599.168
1608.951
1617.364
1621.321
1627.582
1712.038
1712.038
1731.212
1717.821
1696.168
1689.473
1686.647
1652.929
1643.147
1634.734
1630.777
1630.777
1652.429
1659.125
1659.125
1659.125
1659.125
1667.538
1667.538
1623.734
1553.429
1544.462
1544.462
1544.462
1544.462
1534.679
1534.679
1496.418
1496.418
1462.375
1398.462
1378.071
1378.071
1362.418
1362.418
1340.766
1334.071
1334.071
1334.071
1334.071
1325.658
1325.658
1339.049
1360.701
1367.397
1370.223
1403.94
1413.723
1422.136
1426.092
1412.701
1391.049
1384.353
1381.527
1347.81
1338.027
1329.614
1325.658
1339.049
1360.701
1367.397
1370.223
1403.94
1413.723
1422.136
1426.092
1419.832
1335.375
1335.375
1316.201
1322.462
1406.918
1476.571
1495.745
1526.723
1527.505
1527.505
1590.897
1577.505
1555.853
1549.158
1546.332
1512.614
1502.832
1494.418
1490.462
1459.484
1458.701
1458.701
1395.31
1426.288
1427.071
1464.734
1528.125
1509.538
1445.103
1420.799
1401.625
1393.897
1391.071
1304.984
1363.483
1343.795
1363.227
1430.591
1456
1476.045
1484.125
1487.08
1577.08
1577.898
1597.585
1597.585
1597.585
1597.585
1597.585
1591.04
1553.852
1553.852
1553.852
1553.852
1547.307
1459.011
1386.193
1366.148
1372.693
1460.989
1460.989
1481.034
1460.58
1448.386
1430.614
1451.068
1463.261
1481.034
1448.648
1447.83
1408.455
1342.182
1374.568
1375.386
1414.761
1481.034
1448.648
1447.83
1408.455
1342.182
1374.568
1375.386
1414.761
1481.034
1474.489
1386.193
1386.193
1366.148
1372.693
1460.989
1533.807
1553.852
1521.466
1520.648
1481.273
1415
1447.386
1448.205
1487.58
1553.852
1553.852
1553.852
1553.852
1553.852
1553.852
1553.852
1553.852
1553.852
1521.466
1520.648
1481.273
1415
1447.386
1448.205
1487.58
1553.852
1547.307
1459.011
1386.193
1366.148
1372.693
1460.989
1533.807
1553.852
1534.42
1467.057
1441.648
1421.602
1413.523
1410.568
1320.568
1319.75
1300.063
1319.494
1319.494
1344.903
1364.949
1373.028
1375.983
1375.983
1376.801
1376.801
1373.528
1373.528
1367.54
1367.54
1370.813
1489.483
1495.472
1519.813
1527.892
1545.665
1548.688
1560.347
1582.983
1608.392
1617.188
1638.625
1606.239
1605.42
1566.045
1499.773
1491.693
1473.92
1470.898
1459.239
1436.602
1411.193
1402.398
1380.96
1389.04
1406.813
1409.835
1421.494
1444.131
1469.54
1478.335
1499.773
1493.227
1404.932
1332.114
1312.068
1303.989
1286.216
1283.193
1271.534
1248.898
1223.489
1214.693
1193.256
1201.335
1219.108
1222.131
1233.79
1256.426
1281.835
1290.631
1290.631
1284.085
1280.449
1264.085
1246.426
1228.653
1209.631
1209.631
1216.176
1219.813
1236.176
1253.835
1271.608
1290.631
1290.631
1282.551
1264.778
1261.756
1250.097
1227.46
1202.051
1193.256
1193.256
1201.335
1219.108
1222.131
1233.79
1256.426
1281.835
1290.631
1312.068
1303.989
1286.216
1283.193
1271.534
1248.898
1223.489
1214.693
1193.256
1201.335
1219.108
1222.131
1233.79
1256.426
1281.835
1290.631
1312.068
1303.989
1286.216
1283.193
1271.534
1248.898
1223.489
1214.693
1193.256
1201.335
1201.335
1201.335
1201.335
1223.972
1249.381
1249.381
1249.381
1241.301
1241.301
1241.301
1241.301
1218.665
1193.256
1193.256
1193.256
1201.335
1219.108
1222.131
1233.79
1256.426
1281.835
1290.631
1312.068
1292.636
1292.636
1312.068
1312.068
1349.256
1518.926
1525.472
1598.972
1601.017
1611.244
1628.903
1620.824
1603.051
1600.028
1588.369
1565.733
1540.324
1531.528
1510.091
1518.17
1535.943
1538.966
1550.625
1573.261
1598.67
1607.466
1628.903
1628.903
1583.108
1583.108
1575.886
1571.75
1571.75
1571.75
1617.545
1617.545
1624.767
1628.903
1696.267
1688.188
1670.415
1667.392
1655.733
1633.097
1607.688
1598.892
1577.455
1558.023
1558.023
1532.614
1512.568
1504.489
1501.534
1501.534
1500.716
1500.716
1520.148
1587.511
1612.92
1632.966
1641.045
1644
1734
1734.818
1734.818
1664.46
1598.188
1585.994
1585.994
1583.04
1583.04
1583.04
1595.233
1595.233
1598.188
1570.063
1570.063
1570.063
1570.063
1553.699
1553.699
1553.699
1553.699
1534.267
1466.903
1441.494
1421.449
1413.369
1410.415
1320.415
1319.597
1319.597
1319.597
1319.597
1345.006
1345.006
1353.085
1353.085
1353.085
1353.085
1353.085
1315.898
1146.227
1139.682
1066.182
1064.136
1053.909
1036.25
1073.438
1243.108
1249.653
1323.153
1325.199
1335.426
1353.085
1341.426
1341.426
1339
1325.67
1325.67
1325.67
1316.398
1316.398
1316.398
1316.398
1313.688
1313.688
1313.688
1313.688
1313.688
1313.688
1316.398
1332.761
1352.449
1387.29
1408.608
1447.983
1487.392
1508.83
1554.625
1658.364
1676.56
1689.033
1691.353
1691.353
1671.788
1660.125
1643.125
1643.125
1643.125
1643.125
1643.125
1643.125
1618.821
1618.821
1611.092
1611.092
1611.092
1611.092
1611.092
1573.397
1552.891
1577.682
1398.563
1379.54
1366.5
1364.074
1364.074
1403.483
1424.92
1470.716
1470.716
1489.739
1502.778
1505.205
1505.205
1501.932
1383.261
1377.273
1352.932
1356.205
1356.205
1362.193
1362.193
1362.193
1362.193
1322.784
1301.347
1255.551
1255.551
1236.528
1223.489
1221.063
1221.063
1260.472
1281.909
1281.909
1281.909
1300.932
1300.932
1300.932
1300.932
1263.744
1094.074
1087.528
1014.028
1011.983
1001.756
984.097
1021.284
1021.284
1027.83
1027.83
1029.875
1040.102
1057.761
1018.352
996.915
996.915
996.915
977.892
977.892
977.892
977.892
1017.301
1038.739
1084.534
1263.653
1282.676
1295.716
1298.142
1313.903
1374.176
1462.472
1585.54
1599.54
1622.176
1629.176
1632.131
1667.381
1677.608
1686.403
1690.54
1676.54
1653.903
1646.903
1643.949
1608.699
1598.472
1589.676
1585.54
1599.54
1622.176
1629.176
1632.131
1667.381
1677.608
1686.403
1690.54
1651.131
1629.693
1583.898
1404.778
1385.756
1372.716
1370.29
1354.528
1393.938
1415.375
1461.17
1640.29
1659.313
1672.352
1674.778
1674.778
1660.778
1638.142
1631.142
1628.188
1592.938
1582.71
1573.915
1569.778
1583.778
1606.415
1613.415
1616.369
1651.619
1661.847
1670.642
1674.778
1660.778
1638.142
1631.142
1628.188
1592.938
1582.71
1573.915
1569.778
1583.778
1606.415
1613.415
1616.369
1651.619
1661.847
1670.642
1674.778
1635.369
1613.932
1568.136
1389.017
1369.994
1356.955
1354.528
1354.528
1340.528
1317.892
1310.892
1307.938
1272.688
1262.46
1253.665
1249.528
1263.528
1286.165
1293.165
1296.119
1331.369
1341.597
1350.392
1354.528
1340.528
1317.892
1310.892
1307.938
1272.688
1262.46
1253.665
1249.528
1263.528
1286.165
1293.165
1296.119
1331.369
1341.597
1350.392
1354.528
1340.528
1317.892
1310.892
1307.938
1272.688
1262.46
1253.665
1249.528
1208.592
1230.245
1236.94
1239.766
1273.484
1283.266
1291.679
1295.636
1289.375
1285.897
1270.245
1253.353
1236.353
1218.158
1218.158
1224.418
1227.897
1243.549
1260.44
1277.44
1277.44
1277.44
1264.049
1242.397
1235.701
1232.875
1199.158
1189.375
1180.962
1230.506
1230.506
1230.506
1237.506
1240.46
1240.46
1240.46
1240.46
1240.46
1203.273
1203.273
1196.727
1196.727
1194.682
1184.455
1166.795
1203.983
1203.983
1210.528
1284.028
1286.074
1296.301
1313.96
1313.96
1268.165
1268.165
1260.943
1256.807
1189.443
1300.022
1300.022
1300.022
1306.929
1310.886
1310.886
1310.886
1310.886
1304.19
1301.364
1301.364
1301.364
1301.364
1301.364
1314.755
1336.408
1343.103
1345.929
1379.647
1389.429
1397.842
1401.799
1383.212
1383.212
1401.799
1401.799
1388.408
1366.755
1360.06
1357.234
1323.516
1313.734
1305.321
1301.364
1314.755
1336.408
1343.103
1345.929
1379.647
1389.429
1397.842
1401.799
1388.408
1366.755
1360.06
1357.234
1323.516
1313.734
1305.321
1301.364
1265.793
1265.793
1259.533
1189.228
1187.272
1177.489
1160.598
1196.168
1358.462
1364.723
1435.027
1436.984
1446.766
1463.658
1463.658
1463.658
1463.658
1465.978
1465.978
1485.543
1485.543
1485.543
1508.5
1508.5
1508.5
1508.5
1528.065
1539.728
1556.728
1553.598
1553.598
1547.87
1547.87
1547.87
1547.87
1547.87
1545.549
1545.549
1525.984
1525.984
1525.984
1503.027
1565.636
1621.75
1652.728
1655.049
1658.527
1678.092
1727.005
1727.005
1749.962
1751.918
1771.092
1805.136
1843.397
1852.364
1892.31
1829.701
1773.587
1742.609
1740.288
1736.81
1717.245
1668.332
1668.332
1645.375
1707.984
1764.098
1795.076
1797.397
1800.875
1820.44
1869.353
1869.353
1892.31
1829.701
1773.587
1742.609
1740.288
1736.81
1717.245
1668.332
1668.332
1645.375
1707.984
1707.984
1738.962
1741.283
1744.761
1764.326
1764.326
1764.326
1787.283
1793.978
1797.935
1813.587
1836.543
1849.016
1786.408
1786.408
1755.429
1753.109
1749.63
1730.065
1730.065
1730.065
1707.109
1769.717
1825.832
1856.81
1859.13
1862.609
1882.174
1882.174
1882.174
1905.13
1787.413
1755.571
1749.31
1749.31
1781.152
1787.413
1787.413
1787.413
1787.413
1778.543
1778.543
1841.152
1889.902
1928.489
1937.359
1949.832
1914.261
1751.967
1745.707
1675.402
1673.446
1663.663
1646.772
1682.342
1844.636
1850.897
1850.897
1852.853
1852.853
1852.853
1790.245
1734.13
1703.152
1700.832
1697.353
1754.051
1754.051
1754.051
1730.051
1730.051
1730.051
1762.438
1762.438
1762.438
1762.438
1762.438
1762.438
1762.438
1762.438
1763.256
1763.256
1763.256
1763.256
1763.256
1730.869
1730.869
1730.869
1730.869
1730.869
1730.869
1730.869
1796.324
1854.989
1887.375
1889.801
1893.438
1913.892
1965.028
1965.028
1989.028
1989.028
1988.21
1988.21
1988.21
2020.597
2021.415
2060.79
2127.063
2061.608
2002.943
1970.557
1968.131
1964.494
1944.04
1892.903
1892.903
1868.903
1934.358
1993.023
2025.409
2027.835
2031.472
2051.926
2103.063
2103.063
2127.063
2141.063
2163.699
2170.699
2173.653
2208.903
2208.903
2217.699
2217.699
2185.313
2184.494
2145.119
2078.847
2078.847
2079.665
2079.665
2079.665
2014.21
1955.545
1923.159
1920.733
1917.097
1896.642
1845.506
1845.506
1821.506
1807.506
1784.869
1777.869
1774.915
1739.665
1739.665
1730.869
1730.869
1744.869
1767.506
1774.506
1777.46
1812.71
1822.938
1831.733
1835.869
1821.869
1799.233
1792.233
1789.278
1754.028
1743.801
1735.006
1730.869
1744.869
1767.506
1774.506
1777.46
1812.71
1822.938
1831.733
1835.869
1835.869
1835.051
1835.051
1835.051
1867.438
1868.256
1824.69
1888.082
1889.114
1904.766
1942.429
2000.082
2070.386
2085.462
2088.94
2105.832
2114.799
2087.897
1944.777
1882.168
1855.538
1817.842
1810.114
1796.723
1775.071
1768.375
1765.549
1731.832
1722.049
1713.636
1709.679
1723.071
1744.723
1751.418
1754.245
1787.962
1797.745
1806.158
1810.114
1779.136
1778.353
1740.69
1753.54
1753.54
1754.358
1754.358
1754.358
1740.358
1717.722
1710.722
1707.767
1672.517
1662.29
1653.494
1649.358
1663.358
1685.994
1692.994
1692.994
1692.994
1692.994
1701.79
1705.926
1691.926
1669.29
1662.29
1662.29
1662.29
1662.29
1653.494
1649.358
1649.358
1649.358
1649.358
1652.313
1652.313
1652.313
1661.108
1661.108
1623.92
1454.25
1447.705
1447.705
1445.659
1445.659
1445.659
1482.847
1652.517
1659.063
1659.063
1661.108
1671.335
1688.994
1688.994
1688.176
1688.176
1688.176
1720.563
1721.381
1721.381
1721.381
1721.381
1721.381
1721.381
1718.426
1718.426
1718.426
1709.631
1709.631
1723.631
1746.267
1753.267
1753.267
1753.267
1753.267
1753.267
1753.267
1583.597
1583.597
1583.597
1576.375
1572.239
1572.239
1741.909
1787.705
1787.705
1794.926
1799.063
1799.063
1870.065
1846.351
1839.018
1839.018
1839.018
1839.018
1839.018
1839.018
1853.685
1877.399
1884.732
1887.827
1924.756
1935.47
1944.685
1949.018
1950.149
1951.006
1969.625
1976.958
1988.869
1954.94
1954.083
1954.083
1954.083
1947.226
1943.417
1926.274
1907.774
1889.155
1889.155
1889.155
1896.012
1896.012
1913.155
1931.655
1950.274
1970.202
1970.202
1955.536
1931.821
1924.488
1921.393
1884.464
1873.75
1864.536
1860.202
1874.869
1898.583
1905.917
1909.012
1945.94
1956.655
1965.869
1970.202
1955.536
1931.821
1924.488
1921.393
1884.464
1873.75
1864.536
1860.202
1874.869
1898.583
1905.917
1909.012
1945.94
1945.94
1955.155
1955.155
1934.798
1934.798
1955.155
1955.155
1940.488
1916.774
1909.44
1906.345
1869.417
1869.417
1860.202
1860.202
1868.667
1801.5
1804.523
1816.182
1838.818
1864.227
1873.023
1894.46
1857.273
1687.602
1681.057
1681.057
1679.011
1668.784
1651.125
1688.313
1857.983
1864.528
1864.528
1866.574
1876.801
1894.46
1886.381
1868.608
1865.585
1853.926
1831.29
1805.881
1797.085
1860.202
1868.667
1887.286
1890.452
1902.667
1926.381
1953
1962.214
1984.673
1963.244
1950.47
1931.851
1953.28
1966.054
1984.673
1976.208
1957.589
1954.423
1942.208
1918.494
1891.875
1882.661
1860.202
1868.667
1887.286
1890.452
1902.667
1926.381
1953
1962.214
1984.673
1976.208
1957.589
1954.423
1942.208
1918.494
1891.875
1882.661
1860.202
1868.667
1887.286
1890.452
1902.667
1926.381
1953
1962.214
1984.673
1977.339
1973.006
1955.863
1930.72
1917.06
1924.393
1841.057
1857.42
1881.42
1894.46
1886.381
1868.608
1865.585
1853.926
1831.29
1805.881
1797.085
1775.648
1783.727
1801.5
1804.523
1816.182
1838.818
1864.227
1873.023
1894.46
1886.381
1868.608
1865.585
1853.926
1831.29
1805.881
1797.085
1775.648
1783.727
1801.5
1804.523
1816.182
1838.818
1864.227
1873.023
1894.46
1886.381
1868.608
1865.585
1853.926
1831.29
1805.881
1797.085
1775.648
1783.727
1783.727
1783.727
1783.727
1783.727
1783.727
1783.727
1783.727
1793.955
1837.591
1877.591
1897.278
1932.869
1999.688
2021.006
2058.676
2075.04
2066.96
2066.96
2066.96
2066.96
2066.96
2066.96
2066.96
2066.96
2075.04
2092.813
2092.813
2092.813
2092.813
2118.222
2127.017
2127.017
2118.938
2101.165
2101.165
2101.165
2101.165
2075.756
2066.96
2066.96
2087.983
2089.773
2156.591
2156.591
2193.778
2193.778
2193.778
2193.778
2192.699
2191.881
2174.108
2167.108
2155.739
2156.818
2157.636
2175.409
2182.409
2193.778
2133.506
2045.21
1922.142
1911.915
1868.278
1928.551
1888.551
1868.864
1868.864
1833.273
1833.273
1766.455
1745.136
1707.466
1691.102
1701.33
1744.966
1744.966
1744.966
1780.557
1847.375
1847.375
1847.375
1863.739
1826.551
1656.881
1650.335
1650.335
1648.29
1638.063
1620.403
1657.591
1827.261
1833.807
1824.38
1826.337
1836.12
1853.011
1843.228
1801.489
1801.489
1801.489
1767.446
1703.533
1703.533
1703.533
1687.88
1697.663
1739.402
1777.663
1796.495
1830.538
1894.451
1914.842
1950.875
1966.527
1964.571
1945.397
1911.353
1873.092
1864.125
1824.179
1826.136
1845.31
1879.353
1917.614
1926.582
1966.527
1965.495
1949.842
1912.179
1854.527
1784.223
1769.147
1765.668
1748.777
1739.81
1740.842
1756.495
1794.158
1851.81
1922.114
1937.19
1937.19
1937.19
1946.158
1936.375
1894.636
1856.375
1837.543
1803.5
1739.587
1719.196
1683.163
1667.511
1677.293
1677.293
1677.293
1677.293
1711.337
1711.337
1711.337
1711.337
1726.989
1706.88
1705.168
1641.255
1641.255
1605.685
1605.685
1605.685
1605.685
1625.793
1627.505
1691.418
1727.179
1762.75
1775.989
1775.989
1819.793
1784.223
1621.929
1615.668
1545.364
1543.408
1533.625
1516.734
1552.304
1714.598
1720.859
1791.163
1793.12
1793.12
1810.011
1647.717
1603.913
1603.913
1597.005
1593.049
1593.049
1755.342
1799.147
1799.147
1806.054
1810.011
1810.011
1800.228
1800.228
1800.228
1800.228
1766.185
1766.185
1766.185
1766.185
1750.533
1749.5
1748.717
1731.717
1725.022
1714.147
1715.179
1715.962
1715.962
1715.962
1715.962
1709.701
1709.701
1694.049
1677.158
1660.158
1641.962
1641.962
1639.37
1623.717
1604.886
1571.56
1551.168
1513.505
1494.918
1494.918
1513.505
1513.505
1513.505
1513.505
1501.842
1501.842
1499.016
1566.315
1629.707
1641.37
1641.37
1644.196
1637.5
1633.543
1617.891
1594.935
1582.462
1589.158
1593.114
1608.766
1631.723
1644.196
1624.63
1612.967
1595.967
1560.397
1398.103
1455.108
1381.608
1379.563
1379.563
1361.903
1361.903
1368.585
1347.563
1345.773
1278.955
1241.568
1204.381
1190.54
1190.54
1144.744
1165.767
1167.557
1234.375
1271.761
1308.949
1322.79
1472.415
1518.21
1518.21
1491.619
1491.619
1488.347
1488.347
1488.347
1488.347
1502.347
1524.983
1531.983
1534.938
1570.188
1580.415
1589.21
1593.347
1579.347
1556.71
1549.71
1546.756
1511.506
1501.278
1492.483
1488.347
1502.347
1524.983
1531.983
1534.938
1570.188
1580.415
1589.21
1593.347
1579.347
1556.71
1549.71
1546.756
1511.506
1501.278
1492.483
1488.347
1502.347
1524.983
1531.983
1534.938
1570.188
1580.415
1589.21
1593.347
1579.347
1556.71
1549.71
1546.756
1511.506
1501.278
1492.483
1488.347
1502.347
1524.983
1531.983
1534.938
1534.938
1534.938
1543.733
1547.869
1546.79
1545.972
1545.972
1545.972
1545.972
1547.051
1547.869
1565.642
1572.642
1584.011
1570.011
1547.375
1540.375
1537.42
1537.42
1537.42
1528.625
1524.489
1538.489
1561.125
1568.125
1571.08
1606.33
1616.557
1625.352
1629.489
1615.489
1592.852
1585.852
1582.898
1547.648
1537.42
1528.625
1524.489
1538.489
1561.125
1568.125
1571.08
1606.33
1606.33
1615.125
1619.261
1605.261
1582.625
1575.625
1572.67
1537.42
1537.42
1528.625
1524.489
1538.489
1561.125
1568.125
1571.08
1606.33
1616.557
1625.352
1629.489
1668.898
1690.335
1660.647
1831.978
1850.174
1862.647
1864.967
1864.967
1851.576
1829.924
1823.228
1820.402
1786.685
1776.902
1768.489
1764.533
1777.924
1799.576
1806.272
1809.098
1842.815
1852.598
1861.011
1864.967
1863.935
1848.283
1810.62
1832.648
1759.148
1743.386
1743.386
1743.386
1734.011
1735.091
1751.455
1790.83
1851.102
1851.102
1851.102
1854.739
1872.398
1881.773
1867.773
1845.136
1838.136
1835.182
1799.932
1789.705
1780.909
1776.773
1790.773
1813.409
1820.409
1823.364
1858.614
1858.614
1867.409
1867.409
1828
1892.589
1844.613
1656.964
1637.036
1623.375
1620.833
1620.833
1662.119
1684.577
1732.554
1732.554
1752.482
1766.143
1768.685
1768.685
1754.018
1730.304
1722.97
1719.875
1682.946
1682.946
1673.732
1673.732
1688.399
1712.113
1719.446
1722.542
1759.47
1770.185
1779.399
1779.399
1764.732
1741.018
1733.685
1730.589
1693.661
1682.946
1673.732
1673.732
1632.446
1609.988
1562.012
1562.012
1542.083
1528.423
1525.881
1525.881
1567.167
1589.625
1637.601
1825.25
1845.179
1858.839
1861.381
1861.381
1839.357
1837.482
1767.482
1728.315
1689.357
1674.857
1518.107
1470.131
1473.94
1481.506
1523.411
1557.339
1516.054
1493.595
1445.619
1257.97
1238.042
1224.381
1221.839
1221.839
1263.125
1285.583
1333.56
1452.063
1471.085
1484.125
1486.551
1502.313
1651.938
1712.21
1672.801
1651.364
1605.568
1426.449
1407.426
1394.386
1391.96
1441.732
1441.732
1464.19
1464.19
1464.19
1484.119
1484.119
1484.119
1484.119
1509.262
1331.512
1283.536
1283.536
1275.97
1335.219
1335.219
1449.387
1497.363
1497.363
1504.929
1509.262
1509.262
1543.19
1535.857
1531.524
1514.381
1489.238
1475.577
1482.911
1487.244
1504.387
1529.53
1543.19
1577.119
1595.738
1604.952
1604.952
1582.494
1582.494
1582.494
1562.565
1562.565
1562.565
1562.565
1565.405
1568.571
1566.429
1545.429
1508.143
1466.238
1456.417
1412.667
1414.81
1435.81
1473.095
1515
1524.821
1568.571
1609.821
1620.536
1654.464
1658.274
1626.534
1627.614
1648.932
1655.477
1694.886
1695.966
1694.886
1694.068
1676.295
1669.295
1657.926
1659.006
1659.824
1677.597
1684.597
1695.966
1719.966
1719.966
1742.602
1755.932
1755.932
1793.602
1825.989
1826.807
1866.182
1848.435
1810.772
1800.989
1770.011
1766.533
1724.793
1723.761
1703.37
1697.109
1659.413
1697.076
1706.859
1737.837
1741.315
1741.315
1742.348
1762.739
1769
1806.696
1806.696
1788.109
1788.109
1757.13
1763.391
1762.609
1724.946
1661.554
1692.533
1693.315
1693.315
1693.315
1694.348
1742.478
1784.217
1816.06
1859.864
1872.614
1872.614
1935.223
1937.179
1937.179
1943.44
1963.946
1932.967
1932.185
1932.185
1932.185
1963.163
1963.946
2001.609
2065
2027.337
2017.554
1986.576
1983.098
1983.098
1982.065
2050.841
2044.295
2004.886
2044.261
2054.489
2086.875
2090.511
2090.511
2091.591
2112.909
2112.909
2112.909
2156.545
2124.159
2123.341
2083.966
2017.693
2050.08
2050.898
2090.273
2156.545
2222.818
2246.818
2207.443
2197.216
2164.83
2161.193
2161.193
2160.114
2138.795
2138.795
2138.795
2138.795
2149.023
2181.409
2181.409
2181.409
2182.489
2203.807
2203.807
2203.807
2171.42
2170.602
2131.227
2064.955
2097.341
2098.159
2137.534
2203.807
2220.17
2252.557
2259.778
2299.188
2320.625
2320.625
2353.011
2353.83
2381.67
2393.864
2361.477
2360.659
2321.284
2255.011
2255.011
2255.83
2255.83
2255.83
2255.83
2245.602
2213.216
2213.216
2213.216
2212.136
2190.818
2190.818
2190.818
2230.193
2240.42
2272.807
2276.443
2276.443
2277.523
2298.841
2298.841
2298.841
2315.205
2316.994
2256.722
2256.722
2256.722
2256.722
2256.722
2256.722
2256.722
2250.04
2250.04
2256.722
2256.722
2255.903
2255.903
2255.903
2460.136
2508.886
2516.108
2476.733
2466.506
2434.119
2430.483
2430.483
2429.403
2408.085
2408.085
2408.085
2408.085
2418.313
2418.313
2421.949
2421.949
2423.028
2444.347
2444.347
2444.347
2460.71
2511.028
2467.392
2434.102
2435.892
2390.097
2376.767
2376.767
2311.313
2309.267
2309.267
2302.722
2302.722
2336.011
2336.011
2336.011
2336.011
2336.011
2338.057
2338.057
2338.057
2346.136
2363.909
2366.932
2378.591
2401.227
2426.636
2435.432
2456.869
2457.915
2459.96
2459.96
2426.67
2420.125
2420.125
2453.415
2459.96
2451.881
2434.108
2431.085
2419.426
2396.79
2371.381
2362.585
2341.148
2349.227
2367
2370.023
2381.682
2404.318
2429.727
2438.523
2459.96
2458.881
2458.063
2440.29
2433.29
2421.92
2423
2423.818
2441.591
2448.591
2459.96
2459.96
2458.881
2442.517
2403.142
2342.869
2342.869
2342.869
2339.233
2321.574
2312.199
2313.278
2329.642
2369.017
2429.29
2429.29
2429.29
2432.926
2450.585
2459.96
2451.881
2434.108
2431.085
2419.426
2396.79
2371.381
2362.585
2341.148
2349.227
2367
2370.023
2370.023
2392.659
2418.068
2426.864
2426.864
2448.182
2448.182
2437.955
2437.955
2434.318
2434.318
2433.239
2411.92
2411.92
2411.92
2411.92
2411.92
2411.92
2411.92
2411.92
2411.92
2411.92
2411.92
2411.92
2412.966
2437.307
2461.648
2453.568
2435.795
2432.773
2432.773
2410.136
2384.727
2375.932
2375.932
2384.011
2401.784
2404.807
2416.466
2439.102
2464.511
2473.307
2494.744
2486.665
2468.892
2465.869
2454.21
2431.574
2406.165
2397.369
2375.932
2384.011
2401.784
2404.807
2416.466
2439.102
2464.511
2464.511
2473.307
2494.744
2486.665
2468.892
2465.869
2454.21
2431.574
2406.165
2397.369
2375.932
2384.011
2401.784
2404.807
2404.807
2404.807
2430.216
2439.011
2439.011
2489.33
2489.33
2489.33
2489.33
2489.33
2489.33
2489.33
2489.33
2489.33
2489.33
2489.33
2499.557
2531.943
2535.58
2535.58
2536.659
2536.659
2536.659
2536.659
2528.58
2510.807
2507.784
2507.784
2507.784
2482.375
2473.58
2473.58
2481.659
2499.432
2502.455
2514.114
2536.75
2562.159
2570.955
2592.392
2594.438
2586.358
2568.585
2565.563
2553.903
2531.267
2505.858
2497.063
2475.625
2483.705
2501.477
2501.477
2501.477
2501.477
2526.886
2535.682
2535.682
2535.682
2536.222
2529.222
2525.085
2508.722
2484.722
2471.682
2463.602
2445.83
2445.83
2445.83
2445.83
2420.42
2411.625
2411.625
2427.989
2430.415
2454.415
2456.205
2463.205
2471.625
2483.818
2483.818
2473.591
2441.205
2437.568
2437.568
2436.489
2436.489
2436.489
2436.489
2436.489
2436.489
2436.489
2436.489
2436.489
2437.568
2458.886
2458.886
2458.886
2460.676
2460.676
2474.676
2497.313
2504.313
2507.267
2542.517
2552.744
2561.54
2565.676
2565.676
2655.676
2655.676
2783.744
2769.744
2747.108
2740.108
2737.153
2701.903
2691.676
2682.881
2678.744
2692.744
2715.381
2722.381
2725.335
2760.585
2760.585
2760.585
2760.585
2746.585
2723.949
2716.949
2713.994
2678.744
2678.744
2678.744
2678.744
2678.744
2701.381
2708.381
2711.335
2711.335
2711.335
2711.335
2711.335
2711.335
2711.335
2711.335
2711.335
2711.335
2710.256
2688.938
2688.938
2688.938
2688.938
2655.648
2655.648
2655.648
2655.648
2655.648
2653.602
2653.602
2653.602
2579.967
2611.81
2655.614
2668.364
2668.364
2730.973
2732.929
2745.402
2751.663
2751.663
2751.663
2730.011
2723.315
2720.489
2720.489
2720.489
2720.489
2720.489
2733.88
2755.533
2762.228
2765.054
2798.772
2808.554
2816.967
2820.924
2823.516
2661.223
2617.418
2617.418
2610.511
2606.554
2606.554
2606.554
2650.359
2650.359
2657.266
2661.223
2661.223
2647.832
2626.179
2619.484
2616.658
2582.94
2573.158
2564.745
2560.788
2574.179
2595.832
2602.527
2605.353
2639.071
2648.853
2657.266
2657.266
2800.386
2800.386
2786.995
2765.342
2758.647
2755.821
2722.103
2712.321
2703.908
2703.908
2717.299
2738.951
2745.647
2748.473
2782.19
2791.973
2800.386
2804.342
2804.342
3019.56
3006.168
2984.516
2977.821
2974.995
2941.277
2931.495
2923.082
2919.125
2919.125
2940.777
2947.473
2950.299
2984.016
2984.016
2992.429
2992.429
3016.734
3016.734
3016.734
3029.973
3029.973
3008.321
3001.625
2998.799
2965.082
2965.082
2956.668
2956.668
2970.06
2991.712
2998.408
3001.234
3034.951
3034.951
3043.364
3043.364
3046.495
3033.103
3011.451
3004.755
3001.929
2968.212
2968.212
2959.799
2959.799
2959.799
2959.799
2966.495
2969.321
2969.321
2969.321
2969.321
2969.321
3053.777
3052.745
3051.962
3034.962
3028.266
3017.391
3018.424
3019.207
3036.207
3042.902
3053.777
3053.777
3053.777
3047.082
3044.255
3044.255
3044.255
3044.255
3044.255
3057.647
3079.299
3085.995
3088.821
3122.538
3132.321
3140.734
3144.69
3171.321
3172.886
3159.495
3137.842
3131.147
3128.321
3138.103
3104.386
3094.603
3086.19
3082.234
3082.234
3088.929
3146.582
3146.582
3177.56
3177.56
3213.321
3245.364
3246.397
3204.658
3172.815
3129.011
3116.261
3116.261
3053.652
3051.696
3039.223
3032.962
3032.962
3064.804
3108.609
3108.609
3108.609
3108.609
3110.565
3110.565
3110.565
3110.565
3195.022
3195.022
3195.022
3195.022
3195.022
3195.022
3195.022
3198.978
3197.022
3177.848
3143.804
3105.543
3096.576
3056.63
3059.457
3059.457
3059.457
3066.364
3078.837
3148.489
3148.489
3157.457
3168.332
3168.332
3179.484
3192.234
3192.234
3191.201
3175.549
3137.886
3080.234
3080.234
3080.234
3076.755
3059.864
3050.897
3051.929
3067.582
3067.582
3067.582
3067.582
3067.582
3067.582
3067.582
3067.582
3074.277
3075.989
3075.989
3075.989
3091.641
3099.696
3099.696
3125.13
3159.174
3185.804
3208.761
3146.152
3097.402
3058.815
3049.946
3037.473
3037.473
3005.63
2961.826
2961.826
2961.826
2961.826
2959.87
2959.87
2959.87
2959.87
2959.87
2959.87
2959.87
2959.87
2959.87
2961.826
2961.826
2961.826
2963.391
2964.957
2964.957
3003.543
3003.543
2997.152
2997.152
3003.543
3039.304
3038.272
3037.489
3020.489
3013.793
3002.918
3003.951
3004.734
3021.734
3028.429
3039.304
3040.304
3043.783
3045.935
3052.842
3077.147
3117.092
3121.049
3122.614
3140.81
3140.81
3171.788
3174.38
3186.853
3206.418
3209.245
3210.027
3210.027
3210.027
3258.158
3291.484
3291.484
3309.679
3328.853
3337.266
3401.179
3436.75
3445.62
3445.62
3445.62
3445.62
3445.62
3445.62
3445.62
3445.62
3443.663
3443.663
3443.663
3443.663
3475.505
3519.31
3519.31
3519.31
3519.31
3521.266
3521.266
3521.266
3536.918
3546.701
3546.701
3546.701
3546.701
3580.745
3580.745
3536.94
3600.853
3600.853
3600.853
3593.946
3593.946
3589.989
3605.641
3605.641
3607.207
3638.185
3638.185
3638.185
3638.185
3674.217
3674.217
3674.217
3664.435
3664.435
3664.435
3664.435
3630.391
3566.478
3566.478
3566.478
3550.826
3560.609
3560.609
3560.609
3560.609
3560.609
3560.609
3560.609
3560.609
3576.261
3609.978
3609.978
3609.978
3542.679
3479.288
3467.625
3467.625
3464.799
3464.799
3464.799
3464.799
3464.799
3467.625
3534.924
3537.245
3537.245
3560.201
3560.201
3562.353
3561.321
3560.538
3543.538
3536.842
3525.967
3527
3527
3527
3533.696
3533.696
3617.957
3617.957
3617.957
3638.462
3638.462
3638.462
3640.614
3630.832
3630.832
3630.832
3630.832
3630.832
3630.832
3630.832
3630.832
3615.179
3624.962
3624.962
3624.962
3624.962
3659.005
3659.005
3679.397
3679.397
3695.049
3695.049
3695.049
3663.207
3619.402
3619.402
3619.402
3619.402
3617.446
3617.446
3617.446
3617.446
3617.446
3617.446
3617.446
3617.446
3617.446
3619.402
3619.402
3619.402
3619.402
3637.989
3664.891
3664.891
3664.891
3676.043
3724.793
3731.185
3737.576
3737.576
3785.707
3785.707
3785.707
3785.707
3785.707
3785.707
3785.707
3785.707
3832.337
3832.337
3822.554
3822.554
3822.554
3822.554
3788.511
3788.511
3768.12
3768.12
3752.467
3752.467
3752.467
3752.467
3752.467
3752.467
3752.467
3752.467
3752.467
3752.467
3752.467
3752.467
3752.467
3752.467
3752.467
3752.467
3752.467
3752.467
3752.467
3758.728
3792.772
3792.772
3811.359
3811.359
3811.359
3811.359
3811.359
3811.359
3811.359
3811.359
3811.359
3811.359
3811.359
3811.359
3811.359
3811.359
3811.359
3811.359
3811.359
3811.359
3811.359
3829.946
3829.946
3837.674
3836.641
3820.989
3820.989
3820.989
3820.989
3820.989
3820.989
3820.989
3820.989
3822.022
3837.674
3837.674
3837.674
3837.674
3837.674
3837.674
3837.674
3837.674
3846.641
3846.641
3846.641
3846.641
3846.641
3846.641
3846.641
3846.641
3846.641
3846.641
3846.641
3846.641
3909.25
3909.25
3940.228
3940.228
3940.228
3959.793
3959.793
3959.793
3982.75
3982.75
3982.75
3982.75
3982.75
3982.75
3982.75
3982.75
3982.75
3982.75
4007.054
4007.054
3944.446
3944.446
3913.467
3913.467
3913.467
3893.902
3893.902
3893.902
3870.946
3870.946
3870.946
3870.946
3870.946
3870.946
3890.511
3890.511
3890.511
3913.467
3946.793
3946.793
3948.75
3951.342
3951.342
3951.342
3951.342
3951.342
3954.234
3954.234
3954.234
3954.234
3960.929
3963.755
3963.755
3963.755
3972.168
3972.168
3968.69
3966.538
3959.63
3935.326
3895.38
3891.424
3889.859
3871.663
3871.663
3871.663
3871.663
3871.663
3871.663
3871.663
3871.663
3873.228
3873.228
3873.228
3873.228
3873.228
3873.228
3873.228
3873.228
3873.228
3873.228
3873.228
3853.663
3853.663
3853.663
3830.707
3830.707
3830.707
3830.707
3830.707
3830.707
3830.707
3830.707
3830.707
3830.707
3830.707
3830.707
3830.707
3830.707
3830.707
3830.707
3828.75
3828.75
3828.75
3828.75
3828.75
3828.75
3828.75
3828.75
3828.75
3828.75
3830.707
3830.707
3830.707
3830.707
3830.707
3824.011
3821.185
3821.185
3821.185
3812.772
3812.772
3812.772
3812.772
3812.772
3812.772
3812.772
3812.772
3812.772
3812.772
3797.12
3766.141
3759.234
3721.538
3701.033
3716.685
3747.663
3754.571
3792.266
3812.772
3820.5
3820.5
3820.5
3820.5
3820.5
3820.5
3820.5
3820.5
3820.5
3820.5
3820.5
3827.196
3830.022
3830.022
3830.022
3830.022
3830.022
3830.022
3830.022
3836.413
3836.413
3836.413
3836.413
3836.413
3836.413
3836.413
3836.413
3836.413
3836.413
3836.413
3836.413
3836.413
3836.413
3836.413
3836.413
3836.413
3836.413
3836.413
3856.804
3856.804
3856.804
3856.804
3850.109
3847.283
3847.283
3847.283
3847.283
3847.283
3847.283
3847.283
3847.283
3847.283
3847.283
3847.283
3847.283
3847.283
3846.25
3846.25
3846.25
3839.554
3839.554
3840.587
3841.37
3858.37
3865.065
3865.065
3865.065
3865.065
3865.065
3865.065
3865.065
3865.065
3865.065
3865.065
3865.065
3865.065
3865.065
3865.065
3865.065
3865.065
3865.065
3865.065
3865.065
3878.457
3900.109
3900.109
3900.109
3906.804
3937.783
3940.609
3940.609
3940.609
3940.609
3940.609
3940.609
3960.174
3960.174
3960.174
3960.174
3983.13
4031.261
4031.261
4062.239
4048.848
4027.196
4020.5
4017.674
4017.674
4017.674
4017.674
4017.674
4031.065
4031.065
4037.761
4037.761
4037.761
4037.761
4037.761
4037.761
4037.761
4037.761
4038.543
4038.543
4038.543
4038.543
4038.543
4062.848
4062.848
4062.848
4031.87
4031.87
4031.87
4012.304
4012.304
4012.304
3989.348
3989.348
3989.348
3989.348
3989.348
3989.348
4008.913
4008.913
4008.913
4008.913
3995.522
3995.522
3988.826
3988.826
3988.826
3988.826
3988.826
3988.826
3988.826
4010.478
4017.174
4020
4020
4020
4020
4020
4020
4013.609
4013.609
4020
4028.967
4028.967
4007.315
4000.62
3997.793
3997.793
3997.793
3997.793
3997.793
3997.793
3997.793
3997.793
4000.62
4000.62
4000.62
4000.62
4000.62
3989.467
3940.717
3934.326
3934.326
3983.076
3989.467
4005.12
4005.12
4005.12
4005.12
4005.12
4005.12
3985.554
3985.554
3985.554
3985.554
4008.511
4008.511
4008.511
4008.511
4008.511
4008.511
4005.685
4005.685
4005.685
4005.685
4005.685
4019.076
4040.728
4047.424
4050.25
4083.967
4083.967
4083.967
4083.967
4091.696
4098.603
4085.212
4063.56
4056.864
4054.038
4020.321
4020.321
4020.321
4020.321
4020.321
4020.321
4027.016
4029.842
4029.842
4029.842
4029.842
4029.842
4029.842
4029.842
4037.571
4037.571
4037.571
4030.875
4028.049
4028.049
4028.049
4028.049
4028.049
4028.049
4028.049
4028.049
4028.832
4028.832
4028.832
4028.832
4028.832
4028.832
4028.832
4028.832
4028.832
4026.875
4026.875
4026.875
4026.875
4026.875
4026.875
4026.875
4026.875
4026.875
4028.832
4028.832
4028.832
4028.832
4028.832
4028.832
4028.832
4028.832
4028.832
4028.832
4028.832
4028.832
4028.832
4028.832
4028.832
4028.832
4028.832
4028.832
4028.832
4028.832
4028.832
4028.832
4028.832
4028.832
4028.832
4028.832
4028.832
4028.832
4028.049
4028.049
4028.049
4028.049
4028.832
4028.832
4092.223
4092.223
4092.223
4092.223
4092.223
4092.223
4092.223
4092.223
4092.223
4092.223
4092.223
4092.223
4092.223
4092.223
4092.223
4092.223
4092.223
4093.223
4093.223
4093.223
4093.223
4093.223
4093.223
4093.223
4093.223
4093.223
4093.223
4100.951
4100.951
4100.951
4100.951
4100.951
4125.255
4133.668
4133.668
4130.777
4132.734
3989.614
3989.614
3988.832
3988.832
3925.44
3925.44
3925.44
3925.44
3925.44
3917.712
3917.712
3917.712
3917.712
3917.712
3893.408
3884.995
3884.995
3892.723
3909.723
3909.723
3909.723
3909.723
3909.723
3918.136
3918.136
3924.527
3924.527
3924.527
3924.527
3916.799
3899.799
3899.799
3899.799
3899.799
3899.799
3891.386
3891.386
3899.114
3916.114
3919.005
3919.005
3919.005
3943.31
3951.723
3951.723
3951.723
3987.293
3987.293
3987.293
3987.293
3979.565
3962.565
3959.674
3959.674
3959.674
3968.641
3944.337
3935.924
3935.924
3943.652
3960.652
3960.652
3960.652
3960.652
3984.957
3984.957
3984.957
3984.957
3984.957
3984.957
3984.957
4015.935
4016.717
4016.717
4016.717
3983.391
3983.391
3981.435
3978.842
3978.842
3978.842
3978.842
3978.842
3978.842
3978.842
3981.435
3981.435
3981.435
3981.435
3950.457
3942.728
3925.728
3925.728
3925.728
3925.728
3901.424
3901.424
3901.424
3909.152
3926.152
3929.043
3940.196
3961.848
3961.848
3970.261
3970.261
3970.261
3962.533
3945.533
3942.641
3931.489
3909.837
3909.837
3901.424
3901.424
3904.25
3873.272
3872.489
3872.489
3872.489
3872.489
3873.272
3873.272
3873.272
3884.147
3884.147
3907.103
3868.842
3867.81
3867.027
3850.027
3843.332
3843.332
3843.332
3843.332
3842.549
3842.549
3842.549
3873.527
3874.31
3874.31
3874.31
3852.658
3860.712
3860.712
3861.712
3861.712
3861.712
3861.712
3861.712
3861.712
3861.712
3859.755
3859.755
3859.755
3828.777
3827.995
3827.995
3827.995
3827.995
3779.245
3772.853
3772.853
3772.853
3779.245
3779.245
3802.201
3808.897
3777.918
3776.886
3761.234
3761.234
3761.234
3761.234
3761.234
3761.234
3761.234
3752.266
3752.266
3767.918
3767.918
3767.918
3767.918
3767.918
3767.918
3767.918
3776.886
3776.886
3810.603
3834.908
3834.908
3834.908
3793.168
3793.168
3793.168
3793.168
3793.168
3793.168
3793.168
3793.168
3791.603
3791.603
3791.603
3795.082
3797.234
3804.141
3828.446
3828.446
3832.402
3833.967
3833.967
3833.967
3834.75
3841.011
3841.011
3910.663
3929.837
3929.837
3930.87
3930.87
3895.299
3895.299
3895.299
3895.299
3895.299
3895.299
3895.299
3895.299
3895.299
3863.457
3857.196
3857.196
3857.196
3857.196
3865.25
3880.902
3880.902
3901.408
3901.408
3901.408
3901.408
3901.408
3901.408
3901.408
3901.408
3901.408
3900.625
3900.625
3900.625
3900.625
3900.625
3876.321
3876.321
3876.321
3876.321
3876.321
3876.321
3876.321
3876.321
3874.609
3877.739
3871.478
3871.478
3801.826
3782.652
3782.652
3782.652
3782.652
3801.826
3810.793
3809.761
3927.478
3927.478
3927.478
3927.478
3906.973
3906.973
3906.973
3906.973
3906.973
3906.973
3906.973
3944.668
3965.174
3965.174
3965.174
3983.37
3983.37
3983.37
3983.37
3985.082
3985.082
3985.082
3985.082
3985.082
3982.489
3982.489
3982.489
3982.489
3982.489
3982.489
3982.489
3963.315
3969.576
3969.576
3969.576
3988.75
3987.75
3987.75
3972.098
3934.402
3913.897
3913.897
3913.897
3895.701
3895.701
3895.701
3895.701
3895.701
3916.207
3916.207
3916.207
3934.402
3934.402
3934.402
3934.402
3934.402
3917.402
3917.402
3927.185
3927.185
3927.185
3920.793
3931.946
3931.946
3938.337
3890.207
3883.946
3883.946
3883.946
3864.772
3864.772
3864.772
3864.772
3864.772
3864.772
3864.772
3844.266
3844.266
3844.266
3826.071
3826.071
3826.071
3826.071
3826.071
3826.071
3826.071
3826.071
3844.266
3844.266
3844.266
3844.266
3867.223
3866.19
3866.19
3866.19
3866.19
3866.19
3869.668
3869.668
3889.234
3909.342
3886.386
3886.386
3886.386
3886.386
3886.386
3868.19
3868.19
3868.19
3868.19
3905.886
3926.391
3970.196
3970.196
3988.391
4000.864
4000.864
4000.864
4000.864
4000.864
4000.864
4000.864
4000.864
4007.125
4007.125
4007.125
4026.299
4043.299
4043.299
4036.908
4036.908
4043.299
4043.299
4043.299
4043.299
4016.668
4018.234
3994.951
3992.995
3992.995
3955.299
3934.793
3890.989
3890.989
3872.793
3860.321
3860.321
3860.321
3854.06
3854.06
3854.06
3834.886
3837.712
3837.712
3837.712
3838.495
3838.495
3872.212
3872.212
3872.212
3872.212
3872.212
3907.783
3939.625
3939.625
3939.625
3958.799
3961.391
3959.679
3975.332
3975.332
3996.984
4003.679
4006.505
4006.505
4006.505
4006.505
4006.505
4015.473
3991.168
3991.168
3991.168
3992.734
3992.734
3992.734
3992.734
3971.082
3964.386
3961.56
3961.56
3961.56
3961.56
3961.56
3961.56
3961.56
3968.255
3971.082
3971.082
3971.082
3971.082
3971.082
3970.082
3970.082
3970.082
3970.082
3970.082
3970.082
3963.386
3960.56
3960.56
3960.56
3960.56
3960.56
3960.56
3982.212
3988.908
3988.908
3988.908
3988.908
3988.908
3988.908
3988.908
3988.908
3988.908
3988.908
3988.908
3988.908
3988.908
3992.864
3992.864
3971.212
3964.516
3964.516
3964.516
3964.516
3964.516
3964.516
3964.516
3964.516
3964.516
3964.516
3964.516
3964.516
3964.516
3964.516
3964.516
3964.516
3964.516
3964.516
3964.516
3964.516
3964.516
3964.516
3964.516
3964.516
3964.516
3986.168
3992.864
3995.69
3995.69
3995.69
3995.69
3995.69
3994.908
3994.908
3994.908
3994.908
3998.038
3913.582
3913.582
3913.582
3913.582
3913.582
3913.582
3913.582
3913.582
3913.582
3891.929
3885.234
3882.408
3882.408
3882.408
3882.408
3882.408
3882.408
3904.06
3910.755
3913.582
3913.582
3913.582
3913.582
3913.582
3913.582
3905.527
3905.527
3882.245
3879.652
3879.652
3858
3851.304
3848.478
3848.478
3848.478
3848.478
3848.478
3861.87
3883.522
3890.217
3893.043
3926.761
3926.761
3935.174
3935.174
3935.174
3935.174
3935.174
3924.022
3924.022
3917.63
3928.783
3928.783
3935.174
3938.652
3931.745
3918.353
3896.701
3890.005
3887.179
3853.462
3853.462
3845.049
3845.049
3845.049
3866.701
3873.397
3876.223
3909.94
3909.94
3909.94
3909.94
3916.332
3916.332
3900.679
3900.679
3900.679
3900.679
3900.679
3900.679
3900.679
3891.712
3843.582
3843.582
3843.582
3821.929
3815.234
3812.408
3778.69
3778.69
3778.69
3778.69
3792.082
3813.734
3820.429
3820.429
3820.429
3820.429
3820.429
3820.429
3820.429
3845.864
3832.473
3810.821
3804.125
3804.125
3804.125
3804.125
3804.125
3804.125
3817.516
3839.168
3845.864
3848.69
3882.408
3892.19
3900.603
3904.56
3897.864
3897.864
3897.864
3898.647
3901.538
3901.538
3888.147
3866.495
3859.799
3856.973
3823.255
3813.473
3805.06
3801.103
3809.158
3805.679
3803.527
3796.62
3772.315
3772.315
3768.359
3766.793
3766.793
3766.793
3766.793
3766.793
3773.701
3798.005
3798.005
3798.005
3799.571
3799.571
3799.571
3799.571
3799.571
3818.402
3819.435
3799.043
3799.043
3799.043
3799.043
3799.043
3799.043
3799.043
3799.043
3799.043
3799.826
3811.489
3831.995
3831.995
3831.995
3856.299
3869.69
3867.978
3800.679
3798.359
3798.359
3798.359
3798.359
3811.75
3811.75
3831.859
3796.288
3764.446
3764.446
3764.446
3751.207
3693.554
3729.125
3760.967
3874.478
3874.478
3842.435
3806.402
3806.402
3812.663
3845.989
3845.207
3842.315
3843.098
3845.989
3845.989
3845.989
3845.989
3852.897
3875.853
3875.853
3895.418
3895.418
3895.418
3895.418
3904.386
3904.386
3910.114
3910.114
3714.761
3714.761
3711.283
3729.478
3729.478
3763.196
3776.587
3776.587
3776.587
3776.587
3776.587
3776.587
3780.065
3780.065
3780.065
3780.065
3780.582
3800.69
3800.69
3800.69
3800.69
3799.908
3797.016
3797.799
3797.799
3797.799
3759.212
3759.212
3759.212
3776.212
3753.255
3762.223
3731.245
3720.092
3720.092
3713.701
3724.853
3773.603
3779.995
3788.962
3788.962
3788.962
3788.962
3788.962
3788.962
3788.962
3788.962
3788.962
3788.446
3740.315
3713.685
3713.685
3713.685
3713.685
3713.685
3713.685
3713.685
3713.685
3713.685
3713.685
3721.413
3738.413
3738.413
3749.565
3749.565
3749.565
3757.978
3757.978
3757.978
3542.761
3542.761
3542.761
3530.011
3530.011
3521.598
3513.87
3496.87
3496.87
3485.717
3485.717
3485.717
3477.304
3477.304
3485.033
3502.033
3502.033
3513.185
3534.837
3559.141
3567.554
3588.06
3572.408
3541.429
3534.522
3496.826
3476.321
3491.973
3522.951
3529.859
3529.859
3529.859
3529.859
3529.859
3529.859
3522.13
3505.13
3505.13
3493.978
3472.326
3448.022
3439.609
3419.103
3426.832
3443.832
3443.832
3443.832
3443.832
3468.136
3468.136
3468.136
3494.766
3463.788
3456.06
3439.06
3439.06
3439.06
3439.06
3414.755
3414.755
3414.755
3422.484
3439.484
3439.484
3439.484
3461.136
3485.44
3485.44
3485.44
3484.658
3484.658
3485.44
3485.44
3477.712
3460.712
3460.712
3460.712
3439.06
3414.755
3414.755
3414.755
3422.484
3439.484
3442.375
3453.527
3475.179
3499.484
3507.897
3507.897
3556.81
3556.81
3493.418
3493.418
3493.418
3485.69
3468.69
3465.799
3454.647
3432.995
3408.69
3400.277
3400.277
3408.005
3425.005
3425.005
3425.005
3425.005
3449.31
3457.723
3457.723
3457.723
3400.071
3400.071
3426.973
3419.245
3402.245
3402.245
3402.245
3402.245
3377.94
3369.527
3369.527
3377.255
3394.255
3394.255
3394.255
3394.255
3418.56
3426.973
3426.973
3391.402
3359.56
3246.049
3246.049
3281.62
3281.62
3281.62
3281.62
3330.37
3330.37
3323.462
3315.734
3298.734
3298.734
3298.734
3298.734
3274.429
3266.016
3266.016
3266.016
3219.386
3219.386
3221.342
3221.342
3214.951
3214.951
3221.342
3220.56
3220.56
3221.342
3221.342
3221.342
3221.342
3221.342
3221.342
3221.342
3221.342
3242.995
3249.69
3252.516
3252.516
3252.516
3252.516
3252.516
3336.973
3336.973
3336.973
3315.321
3308.625
3305.799
3305.799
3305.799
3305.799
3305.799
3319.19
3340.842
3347.538
3350.364
3384.082
3393.864
3402.277
3402.277
3402.277
3402.277
3402.277
3402.277
3399.451
3399.451
3462.842
3462.842
3462.842
3465.668
3465.668
3465.668
3465.668
3452.277
3430.625
3423.929
3421.103
3387.386
3377.603
3369.19
3369.19
3382.582
3404.234
3410.929
3413.755
3447.473
3457.255
3465.668
3469.625
3457.962
3444.571
3422.918
3416.223
3413.397
3379.679
3369.897
3361.484
3357.527
3370.918
3392.571
3399.266
3402.092
3435.81
3445.592
3454.005
3454.005
3454.005
3454.005
3462.418
3462.418
3462.418
3462.418
3449.027
3427.375
3420.679
3417.853
3384.136
3374.353
3365.94
3365.94
3365.94
3387.592
3394.288
3397.114
3397.114
3397.114
3405.527
3405.527
3438.853
3436.261
3432.783
3432.783
3432.783
3432.783
3432.266
3432.266
3432.266
3432.266
3432.266
3432.266
3442.049
3319.549
3382.158
3382.158
3360.505
3353.81
3350.984
3350.984
3350.984
3342.571
3342.571
3342.571
3364.223
3370.918
3373.745
3373.745
3373.745
3373.745
3373.745
3372.962
3372.962
3373.745
3373.745
3390.745
3390.745
3390.745
3390.745
3384.049
3372.897
3324.147
3317.755
3328.908
3377.658
3384.049
3384.049
3384.049
3384.049
3362.397
3355.701
3352.875
3352.875
3352.875
3352.875
3352.875
3366.266
3387.918
3394.614
3397.44
3431.158
3431.158
3439.571
3439.571
3439.571
3426.179
3404.527
3397.832
3395.005
3361.288
3361.288
3352.875
3352.875
3366.266
3387.918
3394.614
3397.44
3431.158
3440.94
3449.353
3449.353
3447.033
3448.989
3461.462
3461.462
3458.87
3458.87
3458.087
3446.424
3425.918
3425.918
3425.918
3401.614
3401.614
3402.397
3414.06
3434.565
3434.565
3441.473
3461.864
3486.168
3486.168
3486.168
3479.261
3454.957
3454.957
3454.957
3453.391
3453.391
3453.391
3453.391
3453.391
3460.299
3484.603
3484.603
3484.603
3486.168
3486.168
3486.168
3486.168
3548.777
3535.386
3513.734
3507.038
3504.212
3470.495
3460.712
3452.299
3452.299
3452.299
3452.299
3452.299
3452.299
3452.299
3452.299
3452.299
3452.299
3460.478
3460.478
3460.478
3460.478
3460.478
3460.478
3460.478
3460.478
3460.478
3473.87
3495.522
3502.217
3505.043
3538.761
3538.761
3547.174
3547.174
3545.609
3532.217
3510.565
3503.87
3501.043
3467.326
3467.326
3458.913
3458.913
3502.717
3501.935
3501.935
3501.935
3510.348
3518.527
3482.957
3482.957
3482.957
3482.957
3485.848
3485.848
3495.63
3495.63
3495.63
3495.63
3529.674
3529.674
3550.065
3550.065
3565.717
3581.37
3643.978
3643.978
3674.957
3674.957
3674.957
3694.522
3694.522
3694.522
3717.478
3737.87
3745.598
3745.598
3745.598
3714.62
3721.011
3721.011
3658.402
3658.402
3627.424
3627.424
3627.424
3607.859
3607.859
3607.859
3584.902
3647.511
3647.511
3647.511
3649.832
3649.832
3669.397
3669.397
3669.397
3692.353
3738.984
3738.984
3676.375
3676.375
3676.375
3675.342
3612.734
3612.734
3612.734
3610.413
3610.413
3590.848
3590.848
3590.848
3567.891
3567.891
3567.891
3567.891
3567.891
3567.891
3567.891
3567.891
3567.891
3567.891
3544.935
3544.935
3544.935
3535.152
3535.152
3535.152
3535.152
3501.109
3501.109
3480.717
3480.717
3465.065
3465.065
3465.065
3465.065
3465.065
3465.065
3465.065
3465.065
3465.065
3465.065
3465.065
3465.065
3465.065
3499.109
3495.978
3509.217
3509.217
3509.217
3509.217
3509.217
3509.217
3509.217
3509.217
3509.217
3509.217
3571.826
3571.826
3602.804
3602.804
3602.804
3622.37
3622.37
3622.37
3647.804
3670.761
3670.761
3670.761
3670.761
3670.761
3670.761
3670.761
3695.065
3695.065
3695.065
3695.065
3693.109
3691.543
3679.88
3667.408
3667.408
3604.799
3604.799
3573.821
3573.821
3573.821
3554.255
3554.255
3554.255
3531.299
3531.299
3531.299
3531.299
3531.299
3531.299
3550.864
3550.864
3550.864
3550.864
3548.712
3548.712
3548.712
3548.712
3548.712
3548.712
3568.821
3572.777
3603.755
3671.054
3677.315
3678.88
3678.88
3678.88
3678.88
3672.62
3679.527
3701.179
3701.179
3701.179
3701.179
3701.179
3701.179
3681.614
3681.614
3681.614
3658.658
3658.658
3658.658
3658.658
3658.658
3658.658
3658.658
3678.223
3678.223
3678.223
3678.223
3678.223
3701.179
3701.179
3701.179
3701.179
3701.179
3701.179
3701.179
3701.179
3710.962
3710.962
3710.962
3710.962
3710.962
3710.962
3710.962
3710.962
3726.614
3717.647
3766.397
3766.397
3766.397
3766.397
3764.245
3753.092
3704.342
3697.951
3706.13
3706.13
3706.13
3706.13
3706.13
3706.13
3706.13
3706.13
3706.13
3706.13
3706.13
3706.13
3702.174
3702.174
3702.174
3702.174
3702.174
3702.174
3682.609
3682.609
3682.609
3659.652
3659.652
3659.652
3659.652
3659.652
3659.652
3679.217
3679.217
3679.217
3679.217
3679.217
3679.217
3741.826
3772.804
3773.587
3773.587
3773.587
3773.587
3773.587
3773.587
3773.587
3773.587
3774.62
3774.62
3774.62
3774.62
3774.62
3774.62
3774.62
3774.62
3774.62
3774.62
3774.62
3755.054
3755.054
3755.054
3755.054
3755.054
3755.054
3786.033
3786.033
3786.033
3786.033
3786.033
3786.033
3755.054
3755.054
3755.054
3724.076
3723.293
3723.293
3723.293
3723.293
3723.293
3723.293
3723.293
3744.946
3735.163
3735.163
3735.163
3735.163
3735.163
3735.163
3735.163
3735.163
3719.511
3719.511
3719.511
3719.511
3719.511
3719.511
3719.511
3719.511
3719.511
3735.163
3735.163
3735.946
3735.946
3735.946
3735.946
3736.946
3736.946
3736.946
3736.946
3736.946
3736.946
3735.913
3735.913
3735.913
3735.913
3735.913
3745.696
3776.674
3776.674
3776.674
3777.707
3777.707
3777.707
3777.707
3777.707
3777.707
3746.728
3746.728
3746.728
3746.728
3746.728
3746.728
3746.728
3746.728
3746.728
3746.728
3746.728
3746.728
3746.728
3746.728
3746.728
3746.728
3767.234
3790.19
3790.19
3790.19
3790.19
3790.19
3790.19
3821.168
3821.168
3821.168
3821.168
3821.168
3829.582
3829.582
3837.995
3837.995
3871.712
3871.712
3871.712
3871.712
3840.734
3840.734
3840.734
3840.734
3840.734
3840.734
3840.734
3840.734
3840.734
3840.734
3840.734
3840.734
3840.734
3840.734
3840.734
3840.734
3878.429
3898.935
3942.739
3942.739
3960.935
3960.935
3960.935
3960.935
3960.935
3960.935
3960.935
3951.152
3920.174
3920.174
3920.174
3919.141
3919.141
3919.141
3919.141
3919.141
3919.141
3919.141
3919.141
3919.141
3920.174
3920.174
3920.174
3920.174
3923.304
3900.348
3882.152
3882.152
3882.152
3882.152
3882.152
3882.152
3882.152
3882.152
3882.152
3866.5
3869.092
3869.092
3869.092
3884.745
3884.745
3884.745
3884.745
3884.745
3884.745
3884.745
3884.745
3884.745
3885.527
3885.527
3885.527
3885.527
3860.092
3774.005
3736.31
3715.804
3672
3672
3653.804
3653.804
3653.804
3653.804
3653.804
3674.31
3674.31
3674.31
3674.31
3674.31
3674.31
3674.31
3663.158
3664.19
3664.19
3675.853
3675.853
3675.853
3675.853
3675.853
3675.853
3674.821
3674.821
3674.821
3674.821
3674.821
3674.821
3674.821
3674.821
3674.821
3674.821
3674.821
3674.821
3674.821
3677.413
3658.826
3661.652
3661.652
3660.87
3660.87
3660.87
3660.87
3660.87
3660.87
3660.87
3660.87
3660.87
3660.87
3660.87
3660.87
3660.87
3667.261
3654.511
3666.174
3666.957
3666.957
3646.451
3646.451
3646.451
3646.451
3646.451
3646.451
3646.451
3646.451
3646.451
3646.451
3646.451
3664.647
3664.647
3664.647
3664.647
3675.522
3675.522
3675.522
3675.522
3675.522
3639.761
3615.457
3615.457
3615.457
3615.457
3588.826
3588.826
3588.826
3588.826
3588.826
3588.826
3588.826
3588.826
3588.826
3598.609
3629.587
3629.587
3629.587
3630.62
3630.62
3630.62
3630.62
3715.076
3715.076
3707.348
3686.842
3671.19
3623.06
3623.06
3622.277
3610.614
3590.109
3590.109
3583.201
3558.897
3558.897
3558.897
3570.56
3570.56
3570.56
3570.56
3594.864
3594.864
3594.864
3594.864
3594.864
3576.668
3576.668
3576.668
3576.668
3576.668
3576.668
3576.668
3576.668
3576.668
3576.668
3576.668
3576.668
3576.668
3556.163
3556.163
3549.772
3540.804
3563.761
3548.109
3547.326
3562.978
3493.326
3493.326
3493.326
3493.326
3486.418
3476.636
3452.332
3452.332
3421.353
3421.353
3421.353
3421.353
3419.788
3419.788
3418.755
3418.755
3418.755
3418.755
3418.755
3422.234
3422.234
3422.234
3422.234
3432.016
3456.321
3487.299
3487.299
3490.777
3490.777
3490.777
3492.342
3492.342
3493.375
3513.766
3513.766
3520.027
3557.723
3557.723
3557.723
3557.723
3557.723
3557.723
3557.723
3557.723
3557.723
3557.723
3620.332
3621.897
3606.245
3606.245
3640.288
3646.549
3646.549
3673.451
3673.451
3673.451
3673.451
3673.451
3673.451
3673.451
3673.451
3673.451
3673.451
3673.451
3673.451
3665.038
3662.212
3662.212
3519.092
3534.745
3556.397
3559.288
3559.288
3552.38
3529.424
3529.424
3509.859
3509.859
3516.766
3539.723
3539.723
3559.288
3559.288
3549.505
3518.527
3515.049
3515.049
3514.016
3493.625
3487.364
3449.668
3449.668
3459.451
3490.429
3490.429
3490.429
3491.462
3511.853
3511.853
3511.853
3500.978
3500.978
3509.158
3509.158
3509.158
3522.397
3522.397
3522.397
3522.397
3522.397
3556.114
3556.114
3559.592
3559.592
3590.571
3606.223
3606.223
3606.223
3606.223
3606.223
3608.179
3645.875
3639.614
3639.614
3629.832
3598.853
3598.853
3598.853
3597.821
3577.429
3577.429
3577.429
3577.429
3587.212
3587.212
3587.212
3587.212
3588.245
3608.636
3608.636
3608.636
3574.918
3574.918
3574.918
3574.918
3601.821
3598.995
3598.995
3636.69
3636.69
3616.299
3597.712
3624.342
3622.386
3620.821
3631.973
3631.973
3631.973
3622.19
3622.19
3622.19
3622.19
3621.158
3600.766
3600.766
3600.766
3600.766
3600.766
3600.766
3600.766
3600.766
3601.799
3601.799
3601.799
3601.799
3601.799
3610.766
3641.745
3661.853
3663.565
3727.478
3727.478
3727.478
3727.478
3727.478
3727.478
3729.435
3729.435
3729.435
3729.435
3729.435
3761.277
3767.538
3733.495
3733.495
3721.022
3713.293
3716.424
3716.424
3738.076
3744.772
3747.598
3747.598
3747.598
3756.011
3756.011
3756.011
3745.136
3744.136
3744.652
3744.652
3744.652
3723
3716.304
3713.478
3713.478
3713.478
3705.065
3705.065
3718.457
3740.109
3746.804
3749.63
3783.348
3783.348
3791.761
3791.761
3791.761
3791.761
3791.761
3791.761
3791.761
3790.728
3790.728
3790.728
3790.728
3789.016
3790.728
3834.533
3857.489
3844.098
3822.446
3815.75
3812.924
3779.207
3779.207
3770.793
3770.793
3770.793
3792.446
3799.141
3799.141
3799.141
3799.141
3807.554
3807.554
3805.989
3796.207
3831.777
3831.777
3831.777
3810.125
3803.429
3803.429
3803.429
3803.429
3795.016
3795.016
3808.408
3830.06
3836.755
3839.582
3873.299
3883.082
3891.495
3891.495
3891.495
3891.495
3925.212
3889.451
3876.06
3854.408
3847.712
3844.886
3811.168
3801.386
3792.973
3792.973
3806.364
3828.016
3834.712
3837.538
3837.538
3837.538
3845.951
3845.951
3822.995
3822.995
3822.995
3845.951
3845.951
3845.951
3832.56
3810.908
3804.212
3801.386
3801.386
3801.386
3792.973
3792.973
3806.364
3806.364
3813.06
3813.06
3813.06
3813.06
3813.06
3813.06
3782.082
3782.082
3782.082
3782.082
3782.082
3782.082
3757.777
3757.777
3757.777
3757.777
3757.777
3757.777
3757.777
3757.777
3782.082
3782.082
3782.082
3782.082
3782.082
3768.69
3768.69
3761.995
3770.962
3819.092
3819.092
3819.092
3819.092
3819.092
3819.092
3832.484
3854.136
3860.832
3863.658
3863.658
3863.658
3872.071
3872.071
3885.462
3882.332
3882.332
3859.375
3862.505
3849.114
3827.462
3820.766
3817.94
3817.94
3817.94
3809.527
3809.527
3822.918
3822.918
3829.614
3832.44
3832.44
3832.44
3832.44
3832.44
3832.44
3832.44
3816.788
3816.788
3816.788
3823.484
3827.44
3843.092
3866.049
3866.049
3859.141
3859.141
3859.141
3926.44
3926.44
3917.473
3883.429
3883.429
3883.429
3870.038
3870.038
3863.342
3860.516
3860.516
3860.516
3860.516
3860.516
3860.516
3860.516
3860.516
3863.342
3863.342
3863.342
3863.342
3863.342
3863.342
3825.647
3825.647
3825.647
3825.647
3825.647
3816.777
3825.19
3825.19
3825.19
3825.19
3825.19
3825.19
3825.19
3825.19
3874.103
3874.103
3874.103
3847.201
3846.201
3846.201
3846.201
3846.201
3843.375
3843.375
3843.375
3843.375
3843.375
3843.375
3865.027
3871.723
3874.549
3874.549
3874.549
3874.549
3874.549
3874.549
3874.549
3874.549
3874.549
3852.897
3846.201
3843.375
3843.375
3843.375
3843.375
3843.375
3843.375
3843.375
3861.962
3861.962
3861.962
3888.864
3888.864
3888.864
3886.038
3886.038
3885.005
3864.897
3863.185
3799.272
3799.272
3799.272
3799.272
3799.272
3799.272
3799.272
3800.984
3800.984
3800.984
3800.984
3800.984
3800.984
3800.984
3716.527
3683.201
3683.201
3682.418
3618.505
3618.505
3610.777
3609.995
3609.995
3609.995
3587.038
3587.038
3587.038
3587.038
3575.375
3575.375
3575.375
3575.375
3551.071
3673.571
3674.353
3686.016
3686.016
3686.016
3686.016
3710.321
3710.321
3710.321
3691.147
3675.495
3644.516
3637.609
3637.609
3637.609
3653.261
3684.239
3691.147
3691.147
3711.652
3692.087
3692.087
3672.522
3672.522
3665.614
3665.614
3665.614
3665.614
3665.614
3665.614
3665.614
3665.614
3665.614
3684.201
3684.201
3684.201
3684.201
3684.201
3687.027
3687.027
3687.027
3687.027
3687.027
3683.549
3683.549
3683.549
3659.245
3659.245
3659.245
3657.679
3657.679
3657.679
3657.679
3657.679
3664.587
3664.587
3664.587
3664.587
3666.152
3666.152
3666.152
3650.5
3628.848
3628.848
3628.848
3628.848
3628.848
3628.848
3628.848
3628.848
3595.13
3595.13
3595.13
3477.413
3477.413
3477.413
3477.413
3477.413
3477.413
3477.413
3477.413
3477.413
3458.826
3458.826
3458.826
3431.924
3431.924
3431.924
3431.924
3452.429
3471.016
3506.587
3506.587
3533.489
3533.489
3533.489
3533.489
3517.837
3517.837
3525.565
3542.565
3542.565
3542.565
3542.565
3566.87
3575.283
3575.283
3567.554
3550.554
3550.554
3550.554
3550.554
3526.25
3517.837
3517.837
3525.565
3542.565
3545.457
3545.457
3567.109
3591.413
3599.826
3620.332
3584.761
3584.761
3577.033
3560.033
3557.141
3557.141
3535.489
3511.185
3502.772
3482.266
3489.995
3506.995
3506.995
3506.995
3506.995
3531.299
3531.299
3531.299
3523.571
3506.571
3506.571
3506.571
3506.571
3482.266
3482.266
3482.266
3489.995
3506.995
3509.886
3521.038
3542.69
3566.995
3575.408
3575.408
3575.408
3575.408
3567.679
3550.679
3547.788
3536.636
3514.984
3490.679
3482.266
3482.266
3489.995
3506.995
3509.886
3521.038
3542.69
3566.995
3575.408
3595.913
3588.185
3571.185
3568.293
3557.141
3535.489
3511.185
3502.772
3482.266
3489.995
3489.995
3489.995
3489.995
3489.995
3489.995
3489.995
3489.995
3489.995
3489.995
3441.082
3441.082
3441.082
3441.082
3441.082
3441.082
3441.082
3441.082
3425.429
3406.842
3406.842
3406.842
3406.842
3406.842
3404.016
3404.016
3404.016
3404.016
3422.603
3422.603
3446.908
3466.082
3466.082
3468.908
3468.908
3468.908
3468.908
3468.908
3467.196
3467.196
3467.196
3467.196
3467.196
3467.196
3467.196
3487.304
3489.016
3552.929
3552.929
3588.5
3601.739
3601.739
3601.739
3594.011
3594.011
3594.011
3594.011
3594.011
3594.011
3594.011
3594.011
3601.739
3601.739
3593.685
3593.685
3593.685
3593.685
3617.989
3617.989
3617.989
3610.261
3610.261
3610.261
3610.261
3610.261
3585.957
3585.957
3585.957
3593.685
3610.685
3610.685
3610.685
3610.685
3634.989
3634.989
3634.989
3634.989
3634.989
3634.989
3634.989
3634.989
3634.989
3634.989
3650.641
3713.25
3725.723
3763.984
3784.489
3776.761
3759.761
3759.761
3759.761
3759.761
3735.457
3735.457
3735.457
3735.457
3735.457
3714.951
3696.364
3660.793
3660.793
3633.891
3633.891
3633.891
3633.891
3633.891
3652.478
3652.478
3652.478
3652.478
3652.478
3652.478
3636.826
3636.826
3636.826
3636.826
3636.826
3636.826
3636.826
3636.826
3636.826
3633.935
3610.978
3574.946
3568.554
3561.859
3557.902
3542.25
3519.293
3519.293
3525.989
3529.946
3545.598
3568.554
3568.554
3564.598
3564.598
3564.598
3564.598
3564.598
3546.011
3546.011
3521.707
3502.533
3502.533
3499.707
3499.707
3499.707
3499.707
3518.293
3518.293
3542.598
3561.772
3569.5
3572.326
3572.326
3573.109
3573.109
3526.478
3492.761
3492.761
3489.283
3489.283
3523
3523
3523
3523
3509.609
3509.609
3509.609
3509.609
3493.957
3431.348
3418.875
3380.614
3360.109
3375.761
3375.761
3375.761
3375.761
3396.266
3395.266
3395.266
3395.266
3376.679
3376.679
3376.679
3376.679
3376.679
3376.679
3376.679
3397.185
3415.772
3451.342
3451.342
3451.342
3451.342
3451.342
3417.625
3400.625
3400.625
3400.625
3380.516
3378.804
3314.891
3314.891
3279.321
3266.082
3266.082
3266.082
3266.082
3266.082
3264.37
3141.87
3141.087
3129.424
3129.424
3129.424
3129.424
3105.12
3105.12
3105.902
3105.902
3126.408
3126.408
3126.408
3150.712
3150.712
3150.712
3150.712
3132.125
3132.125
3107.821
3107.821
3083.516
3083.516
3064.342
3064.342
3056.614
3056.614
3053.788
3053.788
3093.734
3156.342
3155.56
3155.56
3155.56
3155.56
3179.864
3198.451
3218.56
3218.56
3218.56
3218.56
3218.56
3218.56
3226.288
3229.114
3229.114
3229.114
3229.114
3229.114
3229.114
3229.114
3229.114
3313.375
3351.071
3351.071
3332.484
3332.484
3332.484
3332.484
3332.484
3332.484
3335.962
3335.962
3384.875
3384.875
3385.391
3385.391
3385.391
3385.391
3379
3375.522
3375.522
3375.522
3375.522
3375.522
3375.522
3375.522
3375.522
3375.522
3375.522
3375.522
3375.522
3378.652
3378.652
3378.652
3394.304
3415.957
3415.957
3400.304
3400.304
3400.304
3400.304
3379.799
3395.451
3458.06
3470.533
3470.533
3491.038
3491.038
3470.533
3451.946
3416.375
3416.375
3416.375
3416.375
3416.375
3416.375
3436.88
3455.467
3455.467
3455.467
3482.37
3482.37
3482.37
3495.761
3517.413
3524.109
3526.935
3560.652
3570.435
3578.848
3578.848
3578.848
3578.848
3578.848
3578.848
3571.94
3571.94
3571.94
3571.94
3570.375
3570.375
3570.375
3556.984
3535.332
3528.636
3525.81
3492.092
3482.31
3473.897
3473.897
3487.288
3508.94
3515.636
3518.462
3552.179
3561.962
3570.375
3570.375
3562.647
3553.679
3553.679
3490.288
3490.288
3490.288
3487.462
3487.462
3550.853
3562.516
3562.516
3565.342
3565.342
3558.435
3535.478
3535.478
3515.913
3515.913
3522.821
3545.777
3545.777
3545.777
3532.386
3510.734
3504.038
3501.212
3467.495
3457.712
3449.299
3449.299
3449.299
3470.951
3477.647
3480.473
3514.19
3514.19
3514.19
3514.19
3514.19
3429.929
3416.538
3416.538
3394.886
3388.19
3385.364
3351.647
3351.647
3351.647
3351.647
3365.038
3386.69
3393.386
3396.212
3429.929
3429.929
3438.342
3438.342
3434.864
3429.136
3410.549
3410.549
3410.549
3410.549
3402.821
3399.995
3399.995
3399.995
3399.995
3399.995
3399.995
3399.995
3399.995
3407.723
3407.723
3407.723
3407.723
3407.723
3407.723
3394.332
3372.679
3365.984
3363.158
3329.44
3329.44
3321.027
3321.027
3321.027
3321.027
3327.723
3330.549
3330.549
3330.549
3330.549
3330.549
3330.549
3330.549
3323.853
3321.027
3321.027
3321.027
3321.027
3321.027
3321.027
3342.679
3349.375
3352.201
3352.201
3352.201
3360.614
3360.614
3358.022
3358.022
3358.022
3358.022
3336.37
3329.674
3326.848
3326.848
3326.848
3318.435
3318.435
3331.826
3353.478
3360.174
3363
3396.717
3396.717
3405.13
3405.13
3357
3331.565
3318.174
3296.522
3289.826
3287
3253.283
3253.283
3244.87
3244.87
3244.87
3244.87
3244.87
3244.87
3244.87
3244.87
3244.87
3244.87
3160.609
3122.913
3122.913
3207.174
3244.87
3244.87
3244.87
3244.87
3244.87
3244.87
3244.87
3244.87
3244.87
3244.87
3258.261
3279.913
3286.609
3289.435
3323.152
3332.935
3341.348
3345.304
3345.304
3324.799
3306.212
3306.212
3306.212
3279.31
3279.31
3279.31
3279.31
3299.815
3318.402
3318.402
3318.402
3345.304
3345.304
3345.304
3329.652
3267.043
3254.571
3254.571
3234.065
3249.717
3312.326
3312.326
3312.326
3312.326
3298.935
3277.283
3270.587
3267.761
3234.043
3224.261
3215.848
3211.891
3225.283
3246.935
3253.63
3256.457
3290.174
3290.174
3298.587
3298.587
3285.196
3263.543
3256.848
3254.022
3220.304
3220.304
3211.891
3211.891
3211.891
3211.891
3191.5
3184.804
3180.848
3165.196
3142.239
3142.239
3142.239
3142.239
3142.239
3142.239
3142.239
3142.239
3142.239
3142.239
3142.239
3134.511
3134.511
3134.511
3134.511
3134.511
3153.098
3153.098
3177.402
3196.576
3204.304
3207.13
3293.217
3294
3294
3250.196
3250.196
3250.196
3247.065
3216.087
3189.457
3185.978
3185.978
3137.065
3137.065
3136.549
3136.549
3128.495
3128.495
3128.495
3128.495
3128.495
3128.495
3122.103
3122.103
3088.777
3151.386
3151.386
3182.364
3182.364
3185.842
3205.408
3205.408
3205.408
3228.364
3204.06
3204.06
3204.06
3183.554
3164.967
3164.967
3164.967
3138.065
3138.065
3138.065
3224.152
3244.658
3263.245
3298.815
3298.815
3298.815
3298.815
3298.815
3271.913
3271.913
3272.696
3272.696
3272.696
3224.565
3214.783
3152.174
3152.174
3121.196
3121.196
3117.717
3098.152
3098.152
3098.152
3075.196
3137.804
3137.804
3137.804
3137.804
3141.283
3160.848
3160.848
3160.848
3160.848
3145.196
3082.587
3082.587
3082.587
3082.587
3082.587
3098.239
3098.239
3098.239
3098.239
3118.745
3034.484
2996.788
2996.788
2978.201
2978.201
2953.897
2934.723
2926.995
2924.168
2838.082
2837.299
2837.299
2837.299
2836.516
2836.516
2836.516
2867.495
2868.277
2905.94
2969.332
2969.332
2969.332
2969.332
2969.332
2906.723
2906.723
2906.723
2906.723
2903.245
2883.679
2883.679
2883.679
2883.679
2946.288
2946.288
2977.266
2977.266
2977.266
2996.832
2996.832
2996.832
3019.788
3019.788
3019.788
2999.679
2979.288
2979.288
2948.31
2947.527
2909.864
2846.473
2877.451
2878.234
2878.234
2941.625
2918.668
2856.06
2856.06
2825.082
2825.082
2825.082
2805.516
2805.516
2805.516
2782.56
2845.168
2845.168
2876.147
2876.147
2879.625
2899.19
2899.19
2899.19
2922.147
2922.147
2922.147
2922.147
2922.147
2922.147
2921.364
2921.364
2900.859
2900.859
2900.859
2876.554
2876.554
2877.337
2889
2909.505
2909.505
2916.413
2940.717
2940.717
2909.739
2908.957
2908.957
2845.565
2876.543
2877.326
2914.989
2914.989
2852.38
2852.38
2821.402
2821.402
2817.924
2798.359
2798.359
2798.359
2775.402
2838.011
2838.011
2838.011
2838.011
2838.011
2857.576
2857.576
2857.576
2880.533
2870.75
2870.75
2893.707
2894.739
2906.402
2939.728
2939.728
3003.641
3004.424
3004.424
2941.815
2941.815
2941.815
2910.837
2910.837
2910.837
2910.054
2890.489
2852.826
2852.826
2852.826
2852.826
2852.826
2829.87
2830.652
2830.652
2893.261
2893.261
2893.261
2924.239
2924.239
2924.239
2943.804
2943.804
2943.804
2966.761
2966.761
2965.196
2949.543
2927.891
2943.543
2943.543
2953.326
2953.326
2953.326
2953.326
2953.326
2953.326
2953.326
2953.326
2968.978
2882.891
2862.386
2843.799
2808.228
2808.228
2808.228
2808.228
2808.228
2894.315
2914.821
2933.408
2933.408
2933.408
2960.31
2960.31
2960.31
2897.701
2897.701
2866.723
2866.723
2866.723
2847.158
2847.158
2847.158
2824.201
2824.201
2824.201
2824.201
2824.201
2824.201
2843.766
2843.766
2843.766
2843.766
2843.766
2842.984
2842.984
2842.984
2842.984
2842.984
2842.984
2842.984
2842.984
2827.332
2827.332
2827.332
2827.332
2806.826
2822.478
2885.087
2897.56
2897.56
2918.065
2918.065
2918.065
2918.065
2918.065
2918.065
2918.065
2898.5
2898.5
2898.5
2898.5
2961.109
2961.109
2992.087
2992.087
2995.565
3015.13
3015.13
3015.13
3038.087
3038.087
3038.087
3038.087
3038.087
2975.478
2952.522
2952.522
2889.913
2889.913
2858.935
2858.935
2855.457
2835.891
2835.891
2835.891
2812.935
2779.217
2779.217
2779.217
2779.217
2769.435
2803.152
2803.152
2803.152
2803.152
2803.152
2803.152
2803.152
2803.152
2803.152
2803.152
2803.152
2787.5
2797.283
2797.283
2835.543
2854.375
2888.418
2952.332
2972.723
2972.723
2988.375
2980.321
2946.995
2907.049
2844.44
2844.44
2844.44
2820.136
2800.027
2800.027
2800.027
2839.973
2902.582
2902.582
2902.582
2926.886
2946.995
2946.995
2946.995
2935.332
2935.332
2935.332
2925.549
2925.549
2887.288
2868.457
2834.413
2770.5
2750.109
2750.109
2734.457
2734.457
2734.457
2734.457
2734.457
2768.5
2768.5
2768.5
2768.5
2784.152
2716.853
2716.853
2716.853
2716.853
2630.766
2610.261
2591.674
2591.674
2591.674
2564.772
2564.772
2564.772
2564.772
2585.277
2603.864
2639.435
2639.435
2666.337
2666.337
2666.337
2603.728
2602.163
2602.163
2602.163
2602.163
2602.163
2602.163
2586.511
2523.902
2511.429
2511.429
2490.924
2506.576
2569.185
2581.658
2619.918
2640.424
2633.728
2620.489
2620.489
2620.489
2620.489
2620.489
2586.446
2586.446
2586.446
2586.446
2570.793
2580.576
2622.315
2660.576
2660.576
2694.62
2758.533
2778.924
2814.957
2830.609
2844
2865.652
2872.348
2875.174
2908.891
2918.674
2927.087
2931.043
2928.152
2912.5
2881.522
2874.614
2874.614
2854.109
2869.761
2900.739
2907.647
2945.342
2965.848
2952.457
2930.804
2924.109
2921.283
2887.565
2877.783
2869.37
2865.413
2865.413
2865.413
2872.109
2874.935
2874.935
2874.935
2883.348
2883.348
2883.348
2876.957
2874.065
2874.065
2874.065
2867.37
2864.543
2864.543
2864.543
2856.13
2856.13
2869.522
2891.174
2897.87
2900.696
2934.413
2934.413
2934.413
2934.413
2921.022
2899.37
2892.674
2889.848
2856.13
2856.13
2856.13
2856.13
2869.522
2891.174
2897.87
2900.696
2934.413
2944.196
2952.609
2956.565
2956.565
2955.533
2954.75
2941.359
2919.707
2913.011
2910.185
2876.467
2866.685
2858.272
2854.315
2854.315
2875.967
2882.663
2885.489
2919.207
2919.207
2927.62
2927.62
2917.837
2876.098
2837.837
2837.837
2803.793
2739.88
2719.489
2683.457
2667.804
2667.804
2583.348
2583.348
2562.842
2544.255
2508.685
2508.685
2481.783
2481.783
2481.783
2481.783
2481.783
2501.891
2521.065
2521.065
2521.065
2521.065
2521.065
2521.065
2499.413
2492.717
2489.891
2456.174
2456.174
2447.761
2447.761
2461.152
2482.804
2489.5
2492.326
2526.043
2535.826
2544.239
2548.196
2501.565
2479.913
2466.522
2444.87
2438.174
2435.348
2401.63
2391.848
2383.435
2379.478
2392.87
2414.522
2421.217
2424.043
2457.761
2467.543
2475.957
2479.913
2479.913
2479.913
2464.261
2401.652
2389.179
2350.918
2330.413
2346.065
2408.674
2421.147
2459.408
2479.913
2466.522
2444.87
2438.174
2435.348
2401.63
2391.848
2383.435
2379.478
2392.87
2414.522
2421.217
2424.043
2457.761
2467.543
2475.957
2479.913
2479.913
2448.071
2441.81
2441.81
2473.652
2479.913
2417.304
2414.712
2401.321
2379.668
2372.973
2370.147
2336.429
2326.647
2318.234
2314.277
2327.668
2349.321
2356.016
2358.842
2392.56
2402.342
2410.755
2414.712
2414.712
2396.516
2388.103
2374.712
2353.06
2346.364
2343.538
2309.821
2300.038
2291.625
2287.668
2287.668
2309.321
2316.016
2316.016
2316.016
2316.016
2316.016
2316.016
2313.19
2300.717
2292.538
2300.266
2317.266
2320.158
2331.31
2331.31
2352.962
2377.266
2385.679
2406.185
2406.185
2406.185
2384.533
2377.837
2377.837
2377.837
2377.837
2377.837
2377.837
2370.109
2353.109
2350.217
2339.065
2317.413
2293.109
2284.696
2264.19
2271.918
2288.918
2291.81
2302.962
2324.614
2348.918
2357.332
2377.837
2377.837
2377.054
2365.391
2344.886
2344.886
2337.978
2313.674
2436.174
2436.957
2448.62
2469.125
2472.016
2478.924
2503.228
2495.5
2478.5
2475.609
2464.457
2442.804
2418.5
2410.087
2389.582
2397.31
2414.31
2417.201
2428.353
2450.005
2474.31
2482.723
2503.228
2503.228
2500.636
2492.908
2475.908
2473.016
2461.864
2440.212
2415.908
2407.495
2386.989
2394.717
2411.717
2414.609
2425.761
2447.413
2471.717
2480.13
2500.636
2466.918
2493.821
2493.821
2556.429
2583.06
2620.755
2628.484
2631.375
2650.549
2658.603
2685.505
2665.397
2665.397
2665.397
2665.397
2649.745
2649.745
2665.397
2687.049
2679.321
2662.321
2659.429
2648.277
2626.625
2602.321
2593.908
2573.402
2581.13
2598.13
2601.022
2612.174
2633.826
2658.13
2666.543
2687.049
2687.049
2685.092
2685.092
2685.092
2685.092
2685.092
2685.092
2683.136
2675.408
2658.408
2655.516
2644.364
2622.712
2598.408
2589.995
2569.489
2577.217
2594.217
2597.109
2608.261
2629.913
2654.217
2662.63
2683.136
2683.136
2674.168
2625.418
2625.418
2602.462
2602.462
2594.734
2577.734
2574.842
2563.69
2542.038
2517.734
2509.321
2488.815
2496.543
2513.543
2513.543
2513.543
2513.543
2513.543
2513.543
2513.543
2494.37
2494.37
2486.641
2469.641
2469.641
2469.641
2469.641
2469.641
2469.641
2469.641
2469.641
2469.641
2469.641
2469.641
2469.641
2469.641
2478.054
2478.054
2462.402
2399.793
2387.321
2455.835
2434.398
2450.761
2450.761
2463.801
2463.801
2485.239
2485.239
2485.239
2485.239
2485.239
2485.239
2485.239
2485.239
2476.443
2476.443
2476.443
2456.756
2434.119
2434.119
2434.119
2434.119
2434.119
2434.119
2434.119
2434.119
2420.119
2403.756
2403.756
2394.96
2388.415
2366.977
2357.602
2357.602
2350.381
2326.381
2326.381
2326.381
2530.614
2537.835
2561.835
2586.176
2606.631
2606.631
2588.858
2586.813
2580.267
2580.267
2580.267
2580.267
2545.017
2545.017
2538.017
2536.227
2536.227
2536.227
2519.864
2519.864
2511.443
2511.443
2511.443
2500.074
2500.074
2500.074
2498.438
2498.438
2482.074
2482.074
2469.034
2469.034
2447.597
2447.597
2447.597
2423.597
2422.517
2410.324
2375.483
2375.483
2308.665
2307.847
2331.847
2332.926
2345.119
2379.96
2379.96
2379.96
2380.778
2374.097
2338.847
2338.847
2337.057
2337.057
2328.506
2286.744
2221.29
2221.29
2221.29
2195.881
2174.858
2174.858
2174.858
2216.619
2282.074
2297.835
2447.46
2472.869
2493.892
2493.892
2493.892
2467.301
2467.301
2443.301
2537.625
2534.196
2524.375
2487.446
2487.446
2487.446
2487.446
2524.375
2429.318
2432.955
2503.313
2494.517
2494.517
2494.517
2443.381
2443.381
2443.381
2443.381
2457.381
2480.017
2487.017
2489.972
2525.222
2525.222
2535.449
2544.244
2548.381
2548.381
2540.301
2507.915
2493.915
2471.278
2464.278
2461.324
2426.074
2415.847
2407.051
2402.915
2416.915
2439.551
2446.551
2449.506
2484.756
2484.756
2493.551
2493.551
2493.551
2465.426
2447.653
2433.653
2411.017
2404.017
2401.063
2365.813
2365.813
2357.017
2357.017
2371.017
2393.653
2400.653
2403.608
2438.858
2449.085
2457.881
2462.017
2462.017
2461.477
2452.102
2324.034
2323.216
2311.023
2289.585
2286.563
2279.341
2253.932
2253.932
2246.71
2253.256
2253.256
2253.256
2273.301
2259.301
2236.665
2229.665
2226.71
2191.46
2181.233
2172.438
2168.301
2182.301
2204.938
2211.938
2214.892
2250.142
2260.369
2269.165
2273.301
2272.483
2258.483
2235.847
2228.847
2225.892
2190.642
2180.415
2171.619
2167.483
2181.483
2204.119
2211.119
2214.074
2249.324
2259.551
2268.347
2272.483
2256.119
2239.756
2217.119
2203.119
2180.483
2173.483
2170.528
2135.278
2125.051
2116.256
2112.119
2126.119
2148.756
2155.756
2158.71
2193.96
2204.188
2212.983
2217.119
2256.528
2277.966
2277.966
2277.966
2296.989
2296.989
2296.989
2296.989
2290.307
2290.307
2276.307
2253.67
2246.67
2243.716
2208.466
2198.239
2189.443
2185.307
2185.307
2207.943
2214.943
2217.898
2217.898
2217.898
2217.898
2217.898
2217.898
2211.352
2211.352
2211.352
2191.307
2197.852
2286.148
2286.148
2306.193
2306.193
2283.557
2276.557
2273.602
2273.602
2273.602
2273.602
2273.602
2273.602
2296.239
2303.239
2306.193
2341.443
2341.443
2350.239
2350.239
2350.239
2519.909
2528.46
2530.506
2491.097
2469.659
2469.659
2469.659
2450.636
2450.636
2450.636
2450.636
2450.636
2450.636
2450.636
2450.636
2450.636
2450.636
2450.636
2450.636
2450.636
2428
2421
2418.045
2382.795
2382.795
2374
2374
2388
2410.636
2417.636
2420.591
2455.841
2466.068
2474.864
2479
2479
2428.682
2414.682
2392.045
2385.045
2382.091
2346.841
2336.614
2336.614
2336.614
2327.818
2323.682
2323.682
2323.682
2337.682
2337.682
2337.682
2360.318
2367.318
2378.688
2381.642
2416.892
2424.972
2435.199
2436.244
2445.04
2477.426
2498.449
2502.585
2464.082
2457.821
2373.364
2373.364
2354.19
2360.451
2444.908
2514.56
2533.734
2533.734
2553.842
2555.554
2619.467
2619.467
2619.467
2619.467
2619.467
2663.272
2663.272
2663.272
2663.272
2663.272
2663.272
2663.272
2663.272
2663.272
2663.272
2700.967
2721.473
2765.277
2765.277
2783.473
2795.946
2795.946
2795.946
2795.946
2782.554
2760.902
2754.207
2751.38
2717.663
2707.88
2699.467
2695.511
2693.554
2693.554
2655.859
2635.353
2591.549
2591.549
2573.353
2560.88
2560.88
2560.88
2598.576
2619.082
2662.886
2662.886
2681.082
2693.554
2693.554
2693.554
2687.293
2602.837
2533.185
2514.011
2520.272
2604.728
2674.38
2693.554
2673.446
2670.315
2662.136
2624.44
2603.935
2560.13
2560.13
2541.935
2529.462
2529.462
2529.462
2567.158
2587.663
2631.467
2631.467
2649.663
2662.136
2664.457
2664.457
2658.196
2573.739
2504.087
2484.913
2491.174
2575.63
2645.283
2664.457
2652.793
2654.75
2673.924
2707.967
2746.228
2755.196
2795.141
2757.446
2736.94
2693.136
2693.136
2674.94
2662.467
2660.147
2660.147
2660.147
2656.19
2625.212
2557.913
2551.652
2550.087
2550.087
2550.087
2550.087
2541.674
2535.413
2450.957
2381.304
2362.13
2277.674
2279.995
2343.908
2428.364
2460.207
2498.793
2514.446
2525.598
2549.902
2549.902
2581.745
2625.549
2625.549
2625.549
2625.549
2627.505
2627.505
2633.766
2633.766
2633.766
2570.375
2558.712
2558.712
2555.886
2623.185
2686.576
2698.239
2698.239
2701.065
2701.065
2692.098
2692.098
2691.065
2670.957
2669.245
2605.332
2605.332
2605.332
2605.332
2605.332
2561.527
2581.636
2583.348
2647.261
2683.022
2718.592
2718.592
2718.592
2718.592
2718.592
2715.462
2692.505
2658.462
2614.658
2614.658
2614.658
2605.69
2605.69
2605.69
2570.12
2530.174
2467.565
2452.489
2309.37
2285.065
2264.957
2264.957
2264.957
2264.957
2264.957
2264.957
2264.957
2289.261
2289.261
2289.261
2289.261
2289.261
2257.418
2213.614
2213.614
2213.614
2213.614
2211.658
2211.658
2205.397
2205.397
2237.239
2281.043
2281.043
2281.043
2281.043
2283
2283
2283
2256.098
2222.054
2222.054
2199.098
2198.065
2186.402
2153.076
2153.076
2153.076
2152.293
2175.25
2176.283
2187.946
2221.272
2221.272
2221.272
2222.054
2235.446
2257.098
2263.793
2266.62
2300.337
2310.12
2318.533
2322.489
2314.076
2300.685
2279.033
2272.337
2269.511
2235.793
2226.011
2217.598
2213.641
2227.033
2248.685
2255.38
2258.207
2291.924
2301.707
2310.12
2314.076
2314.076
2314.076
2381.375
2383.696
2383.696
2370.304
2348.652
2341.957
2339.13
2305.413
2295.63
2287.217
2283.261
2296.652
2318.304
2325
2327.826
2361.543
2371.326
2379.739
2383.696
2370.304
2348.652
2341.957
2339.13
2305.413
2295.63
2287.217
2283.261
2296.652
2318.304
2325
2327.826
2361.543
2371.326
2379.739
2383.696
2383.696
2368.043
2337.065
2330.158
2292.462
2271.957
2261.082
2253.353
2252.353
2221.375
2201.266
2130.962
2141.837
2149.565
2150.565
2181.543
2201.652
2271.957
2258.565
2236.913
2230.217
2227.391
2193.674
2183.891
2175.478
2171.522
2184.913
2206.565
2213.261
2216.087
2249.804
2259.587
2268
2271.957
2223.207
2203.098
2201.386
2137.473
2101.712
2066.141
2066.141
2066.141
2066.141
2086.25
2087.962
2151.875
2187.636
2223.207
2236.446
2236.446
2236.446
2223.054
2201.402
2194.707
2191.88
2158.163
2148.38
2139.967
2136.011
2149.402
2171.054
2177.75
2180.576
2214.293
2214.293
2222.707
2226.663
2223.837
2227.793
2227.793
2229.75
2232.88
2300.179
2286.788
2265.136
2258.44
2255.614
2221.897
2221.897
2213.484
2209.527
2222.918
2244.571
2251.266
2254.092
2287.81
2297.592
2306.005
2309.962
2276.245
2257.413
2253.935
2286.028
2286.028
2272.028
2249.392
2242.392
2239.438
2204.188
2193.96
2185.165
2181.028
2195.028
2217.665
2224.665
2227.619
2262.869
2273.097
2281.892
2281.892
2077.659
2070.438
2046.438
2022.097
2001.642
2001.642
2008.864
2032.864
2032.864
2053.318
2053.318
2039.318
2016.682
2009.682
2006.727
1971.477
1961.25
1952.455
1952.455
1966.455
1989.091
1996.091
1999.045
2034.295
2034.295
2043.091
2043.091
2043.091
2009.801
1964.006
1964.006
1964.006
1964.006
1961.96
1961.96
1961.96
2005.597
2038.886
2084.682
2098.011
2168.369
2168.369
2170.415
2183.455
2190
2176
2153.364
2146.364
2143.409
2108.159
2108.159
2099.364
2099.364
2099.364
2122
2129
2131.955
2167.205
2167.205
2176
2180.136
2171.585
2171.585
2148.949
2141.949
2138.994
2103.744
2103.744
2094.949
2090.813
2076.813
2075.767
2079.04
2197.71
2203.699
2228.04
2200.199
2183.835
2172.176
2172.176
2211.551
2221.778
2254.165
2286.551
2287.369
2191.397
2233.136
2233.136
2233.136
2234.168
2254.56
2260.821
2298.516
2298.516
2298.516
2267.538
2266.755
2266.755
2266.755
2297.734
2298.516
2298.516
2361.908
2324.245
2314.462
2283.484
2280.005
2238.266
2237.234
2216.842
2210.582
2271.653
2271.653
2281.881
2281.881
2281.881
2281.881
2282.96
2304.278
2310.824
2310.824
2289.801
2288.011
2221.193
2183.807
2146.619
2132.778
2132.778
2132.778
2100.392
2099.574
2099.574
2033.301
2065.688
2066.506
2105.881
2105.881
2062.244
2028.955
1983.159
1969.83
1899.472
1899.472
1897.426
1884.386
1877.841
1921.477
1954.767
2000.563
2013.892
2084.25
2149.705
2151.75
2151.75
2158.295
2125.909
2125.091
2085.716
2085.716
2118.102
2118.92
2064.457
2127.848
2127.848
2118.065
2118.065
2118.065
2118.065
2117.033
2096.641
2185.398
2185.398
2185.398
2195.625
2195.625
2195.625
2195.625
2196.705
2218.023
2218.023
2218.023
2204.182
2164.773
2132.386
2233.071
2191.821
2122.393
2122.393
2123.25
2123.25
2123.25
2123.25
2112.536
2112.536
2112.536
2112.536
2111.405
2089.071
2089.071
2089.071
2130.321
2141.036
2141.036
2141.036
2141.036
2142.167
2164.5
2171.357
2171.357
2171.357
2170.5
2170.5
2170.5
2170.5
2171.357
2171.357
2171.357
2171.357
2169.214
2148.214
2110.929
2069.024
2059.202
2015.452
2017.595
2038.595
2075.881
2117.786
2127.607
2127.607
2127.607
2127.607
2126.75
2126.75
2126.75
2085.5
2074.786
2074.786
2074.786
2074.786
2073.655
2051.321
2044.464
2044.464
2085.714
2096.429
2130.357
2134.167
2134.167
2135.298
2157.631
2164.488
2164.488
2164.488
2164.488
2184.417
2191.75
2205.411
2274.839
2284.554
2305.982
2400.268
2366.339
2325.089
2314.375
2280.446
2276.637
2276.637
2275.506
2253.173
2246.315
2246.315
2246.315
2257.03
2257.03
2257.03
2257.03
2258.161
2258.161
2258.161
2258.161
2212.446
2177.571
2129.595
2115.631
2041.923
1973.351
1971.208
1971.208
1964.351
2010.065
2044.94
2092.917
2011.114
2081.472
2146.926
2148.972
2162.011
2168.557
2175.778
2193.551
2209.915
2209.915
2245.506
2373.574
2382.847
2408.256
2408.256
2408.256
2396.886
2388.807
2387.761
2355.375
2334.352
2260.852
2272.222
2280.301
2281.347
2281.347
2302.369
2302.369
2312.597
2312.597
2312.597
2312.597
2312.597
2312.597
2333.915
2333.915
2350.278
2350.278
2350.278
2340.051
2340.051
2340.051
2340.051
2338.972
2338.972
2338.972
2338.972
2338.972
2338.972
2338.972
2338.972
2338.972
2338.972
2338.972
2338.972
2338.972
2338.972
2338.972
2338.972
2338.972
2313.563
2313.563
2313.563
2313.563
2313.563
2280.273
2273.727
2273.727
2273.727
2273.727
2310.915
2344.205
2462.875
2426.098
2426.098
2426.098
2426.098
2426.098
2426.098
2426.098
2426.098
2426.098
2426.098
2463.761
2473.543
2504.522
2508
2549.739
2550.772
2571.163
2577.424
2615.12
2605.337
2605.337
2605.337
2605.337
2605.337
2605.337
2584.946
2584.946
2569.293
2569.293
2569.293
2569.293
2569.293
2569.293
2569.293
2569.293
2569.293
2584.946
2581.815
2468.304
2462.576
2439.293
2442.424
2442.424
2448.152
2448.152
2410.489
2400.707
2369.728
2366.25
2324.511
2323.478
2303.087
2296.826
2259.13
2259.13
2259.13
2259.13
2259.13
2259.13
2259.13
2259.13
2259.13
2259.13
2266.859
2283.859
2286.75
2297.902
2319.554
2343.859
2352.272
2372.777
2331.038
2299.196
2255.391
2242.641
2175.342
2112.734
2110.777
2193.682
2187.136
2230.773
2264.063
2309.858
2323.188
2393.545
2393.545
2395.591
2408.631
2408.631
2408.631
2408.631
2408.631
2408.631
2408.631
2408.631
2408.631
2408.631
2392.267
2402.494
2446.131
2486.131
2486.131
2521.722
2588.54
2609.858
2647.528
2663.892
2655.813
2638.04
2635.017
2623.358
2600.722
2575.313
2566.517
2545.08
2553.159
2570.932
2570.932
2570.932
2593.568
2618.977
2618.977
2618.977
2594.977
2593.898
2581.705
2546.864
2546.864
2546.864
2546.045
2546.045
2546.045
2546.045
2546.045
2546.045
2546.045
2546.864
2546.864
2546.864
2546.864
2546.864
2546.864
2546.864
2546.864
2546.864
2546.864
2538.784
2521.011
2521.011
2521.011
2498.375
2472.966
2472.966
2472.966
2481.045
2498.818
2498.818
2498.818
2521.455
2546.864
2555.659
2555.659
2547.58
2529.807
2529.807
2529.807
2507.17
2481.761
2472.966
2472.966
2481.045
2498.818
2501.841
2513.5
2536.136
2561.545
2570.341
2591.778
2583.699
2565.926
2562.903
2551.244
2528.608
2503.199
2494.403
2472.966
2481.045
2498.818
2501.841
2513.5
2536.136
2561.545
2570.341
2563.119
2563.119
2545.347
2528.983
2528.983
2493.392
2365.324
2356.051
2330.642
2330.642
2337.864
2355.636
2372
2372
2372
2372
2381.273
2406.682
2406.682
2398.602
2380.83
2377.807
2366.148
2343.511
2318.102
2309.307
2309.307
2317.386
2335.159
2338.182
2349.841
2372.477
2397.886
2406.682
2428.119
2420.04
2402.267
2399.244
2387.585
2364.949
2339.54
2330.744
2309.307
2317.386
2335.159
2338.182
2349.841
2372.477
2397.886
2406.682
2428.119
2417.892
2374.256
2334.256
2334.256
2298.665
2231.847
2210.528
2172.858
2156.494
2166.722
2210.358
2152.516
2171.348
2205.391
2269.304
2289.696
2325.728
2341.38
2333.652
2316.652
2313.761
2302.609
2280.957
2256.652
2248.239
2227.734
2235.462
2252.462
2255.353
2266.505
2288.158
2312.462
2320.875
2341.38
2333.652
2316.652
2313.761
2302.609
2280.957
2256.652
2248.239
2227.734
2227.734
2227.734
2209.538
2202.842
2190.37
2126.978
2118.109
2098.543
2012.457
2012.457
2082.761
2100.957
2107.652
2107.652
2107.652
2116.522
2136.087
2136.087
2126.304
2084.565
2046.304
2027.473
1993.429
1929.516
1995.903
1958.233
1941.869
1904.682
1871.392
1752.722
1679.222
1679.222
1679.222
1679.222
1679.222
1744.676
1803.341
1803.341
1805.767
1809.403
1829.858
1829.858
1829.858
1853.858
1810.222
1776.932
1731.136
1717.807
1647.449
1647.449
1723.756
1710.095
1710.095
1755.81
1790.685
1838.661
1852.625
1852.625
1921.196
1923.339
1937
1943.857
1958.524
1982.238
1989.571
1992.667
2029.595
2040.31
2049.524
2053.857
2039.19
2015.476
2008.143
2005.048
1968.119
1957.405
1948.19
1943.857
1958.524
1982.238
1989.571
1992.667
2029.595
2040.31
2049.524
2053.857
1985.286
1923.827
1923.827
1921.286
1917.476
1896.048
1896.048
1896.048
1870.905
1939.476
1939.476
1973.405
1975.946
1979.756
2001.185
2001.185
2001.185
2026.327
2011.661
1987.946
1980.613
1977.518
1940.589
1929.875
1920.661
1916.327
1930.994
1954.708
1962.042
1965.137
2002.065
2012.78
2021.994
2026.327
2021.994
2021.994
2019.851
2016.423
1942.714
1947.048
2182.762
2184.905
2188.333
2188.333
2119.762
2119.762
2085.833
2083.292
2079.482
2058.054
2058.054
2058.054
2032.911
2101.482
2101.482
2135.411
2135.411
2139.22
2160.649
2160.649
2160.649
2160.649
2145.982
2122.268
2114.935
2111.839
2074.911
2064.196
2054.982
2050.649
2065.315
2089.03
2096.363
2099.458
2136.387
2147.101
2156.315
2160.649
2145.982
2122.268
2114.935
2111.839
2074.911
2064.196
2054.982
2050.649
2065.315
2089.03
2096.363
2099.458
2136.387
2147.101
2156.315
2160.649
2092.077
2092.077
2058.149
2058.149
2054.339
2032.911
2032.911
2032.911
2032.911
2101.482
2162.94
2196.869
2196.869
2196.869
2218.298
2218.298
2218.298
2243.44
2235.875
2217.256
2200.113
2200.113
2200.113
2200.113
2190.399
2163.78
2163.78
2171.345
2189.964
2207.107
2223.619
2260.905
2286.205
2295.477
2320.886
2379.551
2365.551
2342.915
2335.915
2332.96
2297.71
2287.483
2278.688
2274.551
2288.551
2311.188
2318.188
2321.142
2356.392
2366.619
2375.415
2379.551
2368.182
2360.102
2359.057
2359.057
2338.034
2338.034
2349.403
2357.483
2358.528
2390.915
2411.938
2485.438
2471.438
2448.801
2441.801
2438.847
2403.597
2393.369
2384.574
2380.438
2394.438
2417.074
2424.074
2427.028
2427.028
2427.028
2435.824
2439.96
2374.506
2315.841
2283.455
2283.455
2283.455
2263
2263
2263
2239
2304.455
2304.455
2304.455
2306.881
2306.881
2327.335
2327.335
2327.335
2351.335
2337.335
2314.699
2307.699
2304.744
2304.744
2304.744
2295.949
2291.813
2305.813
2328.449
2335.449
2338.403
2373.653
2383.881
2392.676
2396.813
2331.358
2331.358
2331.358
2328.932
2328.932
2308.477
2308.477
2308.477
2284.477
2349.932
2349.932
2349.932
2349.932
2349.932
2370.386
2370.386
2370.386
2370.386
2356.386
2333.75
2326.75
2323.795
2288.545
2278.318
2269.523
2265.386
2279.386
2302.023
2309.023
2311.977
2347.227
2357.455
2366.25
2366.25
2352.25
2329.614
2322.614
2319.659
2284.409
2274.182
2265.386
2265.386
2279.386
2279.386
2279.386
2282.341
2282.341
2282.341
2282.341
2282.341
2216.886
2216.886
2216.886
2216.886
2216.886
2196.432
2196.432
2196.432
2196.432
2196.432
2196.432
2196.432
2196.432
2196.432
2196.432
2196.432
2196.432
2196.432
2182.432
2182.432
2182.432
2179.477
2179.477
2179.477
2179.477
2179.477
2135.841
2102.551
2056.756
2043.426
2043.426
1977.972
1975.926
1962.886
1956.341
1999.977
2033.267
2079.063
2079.063
2079.063
2144.517
2146.563
2146.563
2153.108
2153.108
2153.108
2153.108
2153.108
2153.108
2153.108
2153.108
2153.108
2153.108
2218.563
2277.227
2309.614
2312.04
2315.676
2336.131
2387.267
2387.267
2411.267
2407.994
2407.994
2402.006
2402.006
2405.278
2523.949
2529.938
2529.938
2529.938
2522.716
2498.716
2498.716
2478.261
2478.261
2485.483
2509.483
2509.483
2529.938
2464.483
2405.818
2373.432
2371.006
2367.369
2346.915
2295.778
2295.778
2271.778
2271.778
2271.778
2271.778
2271.778
2308.966
2342.256
2460.926
2460.926
2458.5
2391.682
2303.386
2270.097
2229.756
2213.392
2201.733
2176.324
2178.75
2245.568
2333.864
2367.153
2407.494
2423.858
2435.517
2460.926
2458.881
2438.835
2403.244
2363.244
2353.869
2353.869
2355.915
2375.96
2411.551
2451.551
2460.926
2502.688
2568.142
2568.142
2494.642
2475.619
2468.619
2468.619
2468.619
2459.347
2438.892
2438.892
2482.528
2556.028
2575.051
2582.051
2595.091
2661.364
2670.636
2691.091
2691.091
2683.869
2666.097
2649.733
2633.972
2598.381
2470.313
2461.04
2435.631
2376.966
2384.188
2401.96
2418.324
2418.324
2453.915
2453.915
2463.188
2488.597
2488.597
2444.96
2411.67
2365.875
2365.875
2365.875
2300.42
2298.375
2298.375
2291.83
2335.466
2368.756
2414.551
2427.881
2498.239
2498.239
2500.284
2500.284
2500.284
2434.83
2500.284
2429.926
2427.5
2466.909
2488.347
2534.142
2713.261
2732.284
2745.324
2747.75
2747.75
2710.563
2677.273
2558.602
2558.602
2595.79
2629.08
2747.75
2747.75
2708.341
2686.903
2641.108
2461.989
2442.966
2429.926
2427.5
2427.5
2427.5
2427.5
2473.295
2473.295
2473.295
2473.295
2473.295
2473.295
2407.841
2473.295
2466.074
2448.301
2431.938
2431.938
2396.347
2396.347
2387.074
2361.665
2361.665
2368.886
2386.659
2403.023
2418.784
2454.375
2454.375
2463.648
2463.648
2463.648
2463.648
2463.648
2463.648
2463.648
2463.648
2463.648
2462.83
2486.83
2487.909
2500.102
2534.943
2534.943
2601.761
2602.58
2602.58
2602.58
2556.784
2556.784
2556.784
2556.784
2556.784
2556.784
2596.193
2617.631
2617.631
2617.631
2636.653
2636.653
2636.653
2636.653
2593.017
2559.727
2513.932
2500.602
2430.244
2430.244
2428.199
2428.199
2428.199
2357.841
2291.568
2279.375
2279.375
2276.42
2346.778
2413.051
2425.244
2441.006
2443.96
2432.591
2424.511
2423.466
2391.08
2370.057
2296.557
2307.926
2316.006
2317.051
2349.438
2370.46
2443.96
2404.551
2383.114
2383.114
2383.114
2364.091
2364.091
2364.091
2364.091
2403.5
2424.938
2470.733
2534.641
2552.837
2565.31
2567.63
2567.63
2578.783
2646.082
2658.554
2675.554
2695.12
2759.033
2696.424
2759.033
2721.337
2700.832
2777.801
2598.682
2579.659
2566.619
2564.193
2564.193
2564.193
2585.631
2585.631
2585.631
2585.631
2585.631
2585.631
2585.631
2582.358
2463.688
2457.699
2457.699
2460.972
2460.972
2466.96
2491.301
2447.665
2374.165
2355.142
2348.142
2335.102
2268.83
2259.557
2239.102
2239.102
2239.102
2239.102
2239.102
2246.102
2246.102
2246.102
2255.375
2275.83
2275.83
2308.216
2309.034
2348.409
2414.682
2414.682
2393.244
2393.244
2393.244
2393.244
2393.244
2393.244
2393.244
2360.858
2360.04
2320.665
2254.392
2286.778
2287.597
2326.972
2393.244
2360.858
2360.04
2320.665
2254.392
2286.778
2287.597
2326.972
2393.244
2327.79
2393.244
2396.881
2440.517
2454.358
2489.199
2501.392
2501.392
2501.392
2464.205
2430.915
2312.244
2312.244
2349.432
2382.722
2382.722
2382.722
2350.335
2349.517
2310.142
2243.869
2243.869
2244.688
2244.688
2244.688
2237.466
2219.693
2203.33
2187.568
2151.977
2151.977
2142.705
2142.705
2142.705
2149.926
2167.699
2184.063
2184.063
2184.063
2184.063
2184.063
2209.472
2209.472
2223.472
2246.108
2253.108
2256.063
2291.313
2301.54
2310.335
2314.472
2300.472
2277.835
2270.835
2267.881
2232.631
2222.403
2213.608
2209.472
2209.472
2232.108
2239.108
2242.063
2277.313
2277.313
2286.108
2290.244
2290.244
2289.426
2289.426
2289.426
2289.426
2289.426
2289.426
2289.426
2289.426
2266.79
2259.79
2256.835
2221.585
2221.585
2212.79
2208.653
2222.653
2245.29
2252.29
2255.244
2290.494
2300.722
2309.517
2313.653
2313.653
2313.653
2313.653
2313.653
2313.653
2314.472
2314.472
2314.472
2300.472
2277.835
2270.835
2267.881
2232.631
2222.403
2213.608
2209.472
2223.472
2246.108
2253.108
2256.063
2291.313
2301.54
2310.335
2314.472
2300.472
2277.835
2270.835
2267.881
2232.631
2222.403
2213.608
2209.472
2209.472
2232.108
2232.108
2232.108
2232.108
2232.108
2232.108
2232.108
2166.653
2232.108
2232.926
2235.949
2235.949
2235.131
2235.131
2235.131
2235.131
2212.494
2212.494
2212.494
2212.494
2212.494
2212.494
2212.494
2226.494
2249.131
2256.131
2259.085
2294.335
2304.563
2313.358
2216.734
2203.342
2181.69
2174.995
2172.168
2138.451
2128.668
2120.255
2212.494
2226.494
2249.131
2256.131
2256.131
2256.131
2256.131
2264.926
2269.063
2282.903
2268.903
2246.267
2239.267
2239.267
2239.267
2239.267
2230.472
2226.335
2240.335
2262.972
2269.972
2272.926
2308.176
2318.403
2327.199
2331.335
2327.199
2102.199
2100.153
2096.881
2096.881
2101.017
2326.017
2328.063
2331.335
2401.693
2387.693
2365.057
2358.057
2355.102
2319.852
2309.625
2300.83
2296.693
2310.693
2333.33
2340.33
2343.284
2378.534
2388.761
2397.557
2401.693
2387.693
2365.057
2358.057
2355.102
2319.852
2309.625
2300.83
2296.693
2310.693
2310.693
2317.693
2317.693
2317.693
2317.693
2317.693
2317.693
2303.693
2303.693
2296.693
2296.693
2296.693
2296.693
2296.693
2296.693
2295.875
2292.852
2293.67
2296.693
2231.239
2229.193
2209.148
2173.557
2133.557
2124.182
2082.42
2075.199
2057.426
2041.063
2041.063
2041.063
2041.063
2041.063
2015.653
2015.653
2022.875
2040.648
2057.011
2072.773
2108.364
2236.432
2245.705
2271.114
2271.114
2271.114
2271.114
2271.114
2264.114
2264.114
2264.114
2254.841
2234.386
2234.386
2278.023
2278.023
2297.045
2304.045
2317.085
2383.358
2392.631
2413.085
2413.085
2375.898
2342.608
2342.608
2342.608
2331.239
2323.159
2322.114
2289.727
2268.705
2195.205
2195.205
2203.284
2204.33
2204.33
2225.352
2225.352
2224.534
2221.511
2222.33
2222.33
2232.557
2276.193
2316.193
2316.193
2351.784
2418.602
2439.92
2439.92
2456.284
2453.011
2453.011
2447.023
2422.682
2425.955
2425.955
2431.943
2431.943
2467.534
2467.534
2467.534
2477.761
2479.551
2488.824
2516.665
2537.688
2526.028
2455.67
2442.631
2424.858
2404.403
2337.585
2349.244
2419.602
2432.642
2450.415
2470.869
2470.051
2470.051
2536.869
2537.688
2540.71
2530.483
2486.847
2446.847
2446.847
2411.256
2344.438
2323.119
2323.119
2306.756
2316.983
2257.984
2296.245
2296.245
2330.288
2394.201
2414.592
2450.625
2466.277
2439.375
2439.375
2376.766
2350.136
2312.44
2304.712
2301.234
2259.495
2246.255
2313.517
2301.324
2301.324
2301.324
2304.96
2304.96
2318.801
2353.642
2353.642
2353.642
2353.642
2373.074
2577.307
2577.307
2570.085
2546.085
2546.085
2525.631
2515.403
2471.767
2431.767
2431.767
2396.176
2329.358
2308.04
2270.369
2254.006
2254.006
2254.006
2254.006
2254.006
2254.006
2254.006
2254.006
2254.006
2270.369
2263.148
2245.375
2229.011
2213.25
2177.659
2049.591
2040.318
2014.909
2014.909
2022.131
2039.903
2056.267
2056.267
2091.858
2219.926
2229.199
2229.199
2229.199
2228.381
2225.358
2226.176
2229.199
2205.199
2204.119
2191.926
2157.085
2157.085
2090.267
2089.449
2113.449
2114.528
2126.722
2161.563
2161.563
2228.381
2229.199
2229.199
2229.199
2229.199
2229.199
2229.199
2229.199
2229.199
2229.199
2212.835
2223.063
2266.699
2266.699
2266.699
2302.29
2369.108
2390.426
2390.426
2406.79
2405.972
2402.949
2403.767
2406.79
2406.79
2406.79
2406.79
2406.79
2406.79
2406.79
2363.153
2363.153
2344.131
2337.131
2324.091
2257.818
2248.545
2228.091
2228.091
2271.727
2345.227
2364.25
2371.25
2384.29
2450.563
2459.835
2480.29
2480.29
2444.699
2444.699
2444.699
2434.472
2470.063
2470.063
2470.063
2480.29
2470.063
2426.426
2426.426
2426.426
2390.835
2324.017
2302.699
2302.699
2286.335
2321.176
2321.176
2323.222
2325.932
2325.932
2325.932
2325.932
2325.114
2322.091
2322.909
2325.932
2318.71
2300.938
2284.574
2284.574
2248.983
2120.915
2111.642
2111.642
2111.642
2109.852
2100.58
2072.739
2149.417
2151.292
2161.006
2190.173
2212.196
2209.03
2188.03
2179.208
2149.744
2149.744
2149.744
2149.744
2149.744
2141.28
2140.185
2140.185
2118.161
2118.161
2130.071
2138.536
2139.631
2173.56
2195.583
2169.284
1999.614
1991.063
1989.017
1988.199
1985.176
1985.994
1989.017
2003.017
2025.653
2032.653
2035.608
2070.858
2081.085
2089.881
2094.017
2090.744
2090.744
2084.756
2084.756
2070.756
2048.119
2041.119
2038.165
2002.915
1992.688
1983.892
1979.756
1993.756
2016.392
2023.392
2026.347
2061.597
2071.824
2080.619
2084.756
2070.756
2048.119
2041.119
2038.165
2002.915
1992.688
1983.892
1979.756
1993.756
2016.392
2023.392
2026.347
2061.597
2071.824
2080.619
2084.756
2092.835
2110.608
2113.631
2125.29
2147.926
2173.335
2182.131
2203.568
2199.932
2199.932
2186.091
2151.25
2151.25
2151.25
2151.25
2154.886
2198.523
2212.364
2247.205
2247.205
2247.205
2247.205
2233.205
2210.568
2203.568
2200.614
2165.364
2155.136
2146.341
2142.205
2156.205
2178.841
2185.841
2188.795
2224.045
2234.273
2243.068
2243.068
2234.989
2217.216
2214.193
2202.534
2179.898
2154.489
2145.693
2124.256
2132.335
2150.108
2150.108
2150.108
2150.108
2150.108
2150.108
2150.108
2142.028
2124.256
2124.256
2124.256
2124.256
2124.256
2124.256
2124.256
2132.335
2150.108
2150.108
2150.108
2150.108
2175.517
2184.313
2184.313
2170.313
2147.676
2140.676
2137.722
2102.472
2092.244
2083.449
2083.449
2097.449
2120.085
2127.085
2130.04
2165.29
2175.517
2184.313
2188.449
2152.858
2152.858
2152.858
2142.631
2178.222
2301.29
2505.523
2515.75
2507.67
2489.898
2489.898
2489.898
2489.898
2464.489
2455.693
2455.693
2463.773
2481.545
2484.568
2496.227
2518.864
2544.273
2553.068
2574.506
2560.506
2537.869
2530.869
2527.915
2492.665
2482.438
2473.642
2469.506
2483.506
2506.142
2505.324
2512.324
2509.301
2512.256
2547.506
2557.733
2558.551
2567.347
2570.369
2574.506
2566.426
2548.653
2545.631
2533.972
2511.335
2485.926
2477.131
2455.693
2463.773
2481.545
2484.568
2387.696
2409.348
2433.652
2442.065
2462.571
2449.179
2427.527
2420.832
2418.005
2384.288
2374.505
2366.092
2362.136
2375.527
2397.179
2403.875
2406.701
2440.418
2450.201
2458.614
2462.571
2454.842
2437.842
2545.631
2533.972
2511.335
2485.926
2477.131
2455.693
2463.773
2481.545
2481.545
2481.545
2481.545
2506.955
2515.75
2515.75
2513.324
2446.506
2358.21
2324.92
2284.58
2268.216
2256.557
2231.148
2233.574
2300.392
2388.688
2421.977
2462.318
2478.682
2490.341
2515.75
2501.75
2479.114
2472.114
2469.159
2433.909
2423.682
2414.886
2410.75
2410.75
2433.386
2440.386
2443.341
2478.591
2478.591
2487.386
2487.386
2479.307
2461.534
2461.534
2461.534
2461.534
2436.125
2427.33
2427.33
2435.409
2453.182
2456.205
2467.864
2490.5
2515.909
2524.705
2546.142
2538.063
2520.29
2517.267
2505.608
2482.972
2457.563
2448.767
2427.33
2435.409
2453.182
2456.205
2467.864
2490.5
2478.841
2504.25
2433.892
2442.688
2464.125
2451.085
2433.313
2412.858
2346.04
2357.699
2357.699
2370.739
2388.511
2408.966
2475.784
2475.784
2453.148
2446.148
2443.193
2407.943
2407.943
2399.148
2399.148
2413.148
2413.148
2420.148
2423.102
2423.102
2423.102
2423.102
2423.102
2415.023
2397.25
2394.227
2382.568
2359.932
2334.523
2325.727
2304.29
2290.29
2290.29
2283.29
2280.335
2280.335
2280.335
2280.335
2280.335
2294.335
2316.972
2323.972
2326.926
2362.176
2372.403
2381.199
2385.335
2371.335
2348.699
2341.699
2338.744
2303.494
2293.267
2284.472
2280.335
2236.699
2163.199
2144.176
2137.176
2124.136
2057.864
2048.591
2028.136
2028.136
2028.136
2028.136
2047.159
2054.159
2067.199
2133.472
2142.744
2163.199
2163.199
2195.585
2196.403
2195.585
2234.96
2301.233
2298.21
2263.369
2263.369
2261.324
2258.614
2258.614
2258.614
2258.614
2258.614
2258.614
2260.659
2263.369
2263.369
2263.369
2276.409
2244.023
2243.205
2203.83
2137.557
2169.943
2170.761
2170.761
2170.761
2166.625
1941.625
1939.58
1936.307
1865.949
1846.517
1642.284
1661.716
1865.949
1833.563
1832.744
1832.744
1832.744
1865.131
1865.949
1905.324
1971.597
2037.051
2037.051
2069.438
2069.438
2073.074
2093.528
2093.528
2093.528
2117.528
2115.739
2106.466
2078.625
2057.602
2059.392
2068.665
2096.506
2117.528
2085.142
2084.324
2044.949
1978.676
2011.063
2011.881
2051.256
2117.528
2117.528
2117.528
2117.528
2117.528
2117.528
2117.528
2117.528
2117.528
2114.256
2048.801
2048.801
2016.415
2016.415
2012.778
1992.324
1992.324
1992.324
1968.324
2033.778
2033.778
2033.778
2033.778
2033.778
2033.778
2033.778
2033.778
2033.778
2001.392
2000.574
1961.199
1894.926
1927.313
1928.131
1967.506
2033.778
1998.188
1875.119
1670.886
1660.659
1696.25
1819.318
1935.571
1945.353
1882.745
1882.745
1882.745
1882.745
1882.745
1882.745
1882.745
1882.745
1882.745
1945.353
2001.467
2032.446
2034.766
2038.245
2057.81
2057.81
2057.81
2080.766
2049.788
2049.005
2011.342
1947.951
1978.929
1979.712
2017.375
2017.375
1954.766
1898.652
1867.674
1865.353
1861.875
1842.31
1842.31
1842.31
1819.353
1881.962
1881.962
1912.94
1912.94
1916.418
1935.984
1935.984
1935.984
1958.94
1927.962
1927.179
1889.516
1889.516
1876.277
1889.516
1826.908
1826.908
1795.929
1795.929
1792.451
1772.886
1772.886
1772.886
1749.929
1812.538
1868.652
1868.652
1870.973
1874.451
1894.016
1894.016
1894.016
1894.016
1914.125
1915.837
1979.75
2015.511
2051.082
2064.321
2064.321
2064.321
2001.712
1945.598
1945.598
1943.277
1939.799
1920.234
1920.234
1920.234
1920.234
1982.842
2038.957
2069.935
2072.255
2075.734
2095.299
2144.212
2144.212
2167.168
2167.168
2167.168
2147.06
2127.886
2127.886
2127.886
2127.886
2127.886
2117.011
2109.283
2108.283
2077.304
2057.196
1986.891
1997.766
2005.495
2006.495
2006.495
2006.495
2006.495
1943.886
1887.772
1856.793
1854.473
1850.995
1831.429
1782.516
1782.516
1759.56
1822.168
1878.283
1909.261
1911.582
1911.582
1931.147
1931.147
1931.147
1954.103
1931.147
1930.114
1918.451
1885.125
1885.125
1821.212
1820.429
1899.54
1855.903
1842.063
1807.222
1807.222
1807.222
1807.222
1810.858
1810.858
1824.699
1859.54
1859.54
1859.54
1859.54
1794.085
1735.42
1703.034
1700.608
1700.608
1680.153
1680.153
1680.153
1656.153
1721.608
1780.273
1812.659
1815.085
1818.722
1839.176
1890.313
1890.313
1914.313
1848.858
1790.193
1757.807
1755.381
1751.744
1731.29
1680.153
1680.153
1656.153
1656.153
1656.153
1654.108
1730.036
1730.036
1730.036
1716.375
1716.375
1716.375
1696.446
1689.113
1675.452
1606.024
1596.31
1574.881
1574.881
1620.595
1697.595
1717.524
1724.857
1738.518
1807.946
1817.661
1839.089
1839.089
1801.804
1756.519
1531.863
1520.613
1559.763
1695.138
1919.794
1931.044
1938.744
1943.294
1961.294
1987.694
2002.038
2000.069
1989.869
1959.244
1936.119
1938.088
1948.288
1978.913
2002.038
1978.913
1976.944
1903.444
1862.319
1821.413
1806.188
1806.188
1806.188
1829.313
1831.281
1904.781
1945.906
1986.813
2002.038
2166.625
2217
2139.606
2066.706
2053.294
2035.956
2032.706
2110.1
2183
2196.413
2213.75
2217
2232.4
2257.3
2265
2268.25
2307.025
2318.275
2327.95
2332.5
2319.675
2319.675
2305.331
2285.781
2263.281
2189.781
2189.781
2189.781
2189.781
2209.331
2231.831
2231.831
2216.431
2191.531
2183.831
2180.581
2141.806
2130.556
2120.881
2116.331
2131.731
2156.631
2164.331
2167.581
2206.356
2217.606
2227.281
2231.831
2216.431
2191.531
2183.831
2180.581
2141.806
2130.556
2120.881
2116.331
2131.731
2156.631
2164.331
2167.581
2206.356
2217.606
2227.281
2231.831
2216.431
2191.531
2183.831
2180.581
2141.806
2130.556
2120.881
2116.331
2131.731
2156.631
2164.331
2167.581
2206.356
2217.606
2227.281
2231.831
2216.431
2191.531
2183.831
2180.581
2141.806
2130.556
2120.881
2116.331
2131.731
2156.631
2164.331
2167.581
2167.581
2167.581
2177.256
2181.806
2166.406
2141.506
2133.806
2130.556
2130.556
2130.556
2120.881
2116.331
2131.731
2156.631
2164.331
2167.581
2206.356
2217.606
2227.281
2231.831
2216.431
2191.531
2183.831
2180.581
2141.806
2130.556
2120.881
2116.331
2131.731
2156.631
2164.331
2167.581
2206.356
2217.606
2227.281
2231.831
2216.431
2191.531
2183.831
2180.581
2141.806
2130.556
2120.881
2116.331
2131.731
2156.631
2164.331
2167.581
2206.356
2217.606
2227.281
2231.831
2192.681
2057.306
1832.65
1821.4
1860.55
1995.925
1995.925
2007.175
1991.775
1966.875
1959.175
1955.925
1917.15
1905.9
1896.225
1891.675
1907.075
1931.975
1939.675
1942.925
1981.7
1992.95
2002.625
2007.175
1985.8
1761.144
1782.519
2007.175
1991.775
1966.875
1959.175
1955.925
1917.15
1905.9
1896.225
1891.675
1907.075
1931.975
1939.675
1942.925
1981.7
1992.95
2002.625
2007.175
1991.775
1966.875
1959.175
1955.925
1917.15
1905.9
1896.225
1891.675
1843.675
1762.825
1741.9
1734.2
1719.856
1646.956
1636.756
1614.256
1614.256
1583.101
1583.101
1603.03
1610.363
1624.024
1693.452
1703.167
1724.595
1724.595
1720.786
1720.786
1706.286
1669.786
1669.786
1669.786
1669.786
1673.595
1673.595
1688.095
1724.595
1737.369
1737.369
1790.94
1820.405
1820.405
1829.363
1831.238
1848.381
1848.381
1890.643
1890.643
1868.619
1866.744
1796.744
1757.577
1718.619
1704.119
1547.369
1499.393
1521.417
1523.292
1593.292
1632.458
1671.417
1685.917
1842.667
1890.643
1878.732
1870.268
1869.173
1869.173
1869.173
1869.173
1881.083
1889.548
1890.643
1924.571
1946.595
2023.595
2021.72
2012.006
1982.839
1960.815
1962.69
1972.405
1972.405
1972.405
1972.405
2013.69
2013.69
2006.357
2002.024
1984.881
1959.738
1946.077
1953.411
1957.744
1974.887
2000.03
2013.69
1976.405
1847.476
1847.476
1836.762
1853.905
1922.476
1936.137
1978.042
2000.5
1978.476
1976.601
1906.601
1867.435
1828.476
1813.976
1657.226
1609.25
1609.25
1609.25
1609.25
1590.631
1569.202
1569.202
1581.417
1655.125
1668.786
1687.405
1708.833
1778.833
1849.405
1943.69
1943.69
1902.405
1902.405
1994.69
2035.976
2035.976
1990.262
1990.262
1970.333
1963
1949.339
1879.911
1870.196
1848.768
1848.768
1808.369
1808.369
1827.392
1834.392
1847.432
1913.705
1922.977
1943.432
1943.432
1949.977
2038.273
2111.091
2131.136
2170.545
2191.983
2237.778
2311.815
2330.011
2342.484
2344.804
2344.804
2343.092
2334.223
2334.223
2334.223
2335.935
2344.804
2371.435
2391.543
2385.283
2300.826
2231.174
2212
2218.261
2302.717
2372.37
2391.543
2375.891
2313.283
2300.81
2262.549
2242.043
2257.696
2257.696
2270.168
2270.168
2290.674
2287.196
2287.196
2273.957
2240.63
2228.967
2228.967
2180.054
2183.533
2225.272
2238.511
2271.837
2283.5
2283.5
2332.413
2294.717
2274.212
2230.408
2059.076
2040.88
2028.408
2118.182
2118.182
2157.591
2179.028
2224.824
2403.943
2422.966
2436.006
2438.432
2438.432
2431.886
2343.591
2270.773
2250.727
2257.273
2257.273
2257.273
2277.318
2237.909
2216.472
2170.676
1991.557
1972.534
1959.494
1957.068
1957.068
1996.477
2017.915
2063.71
2063.71
2082.733
2095.773
2095.773
2095.773
2095.773
2095.773
2105.148
2112.369
2112.369
2115.392
2115.392
2115.392
2123.472
2141.244
2144.267
2155.926
2178.563
2203.972
2212.767
2234.205
2226.125
2208.352
2205.33
2193.67
2171.034
2145.625
2136.83
2115.392
2123.472
2141.244
2144.267
2155.926
2178.563
2203.972
2212.767
2234.205
2222.835
2214.756
2213.71
2181.324
2160.301
2086.801
2067.369
1863.136
1882.568
2086.801
2078.722
2060.949
2057.926
2046.267
2023.631
1998.222
1989.426
1967.989
1976.068
1993.841
1996.864
2008.523
2031.159
2056.568
2065.364
2086.801
2047.392
2025.955
1980.159
1980.159
1961.136
1948.097
1948.097
1948.097
1948.097
1948.097
1948.097
1948.097
1967.119
1967.119
1967.119
1967.119
1960.574
1960.574
1960.574
1940.528
1947.074
2035.369
2108.188
2128.233
2120.153
2102.381
2099.358
2087.699
2065.063
2039.653
2030.858
2009.42
2017.5
2035.273
2038.295
2049.955
2072.591
2098
2106.795
2128.233
2114.392
2128.233
2040.142
2000.733
2000.733
2088.824
2128.233
2128.233
2120.153
2102.381
2099.358
2087.699
2065.063
2039.653
2030.858
2009.42
2009.42
2009.42
2009.42
2009.42
2009.42
2009.42
2009.42
2009.42
2009.42
2009.42
2009.42
2009.42
1990.398
1990.398
1990.398
1990.398
1990.398
1990.398
1990.398
2029.807
2029.807
2029.807
2051.244
2097.04
2097.04
2097.04
2276.159
2276.159
2295.182
2308.222
2316.301
2318.727
2336.5
2336.5
2339.523
2351.182
2373.818
2399.227
2408.023
2429.46
2421.381
2403.608
2400.585
2388.926
2366.29
2340.881
2332.085
2310.648
2318.727
2336.5
2336.5
2348.159
2370.795
2396.205
2405
2426.438
2426.438
2426.438
2426.438
2549.506
2582.795
2589.341
2572.977
2572.977
2559.938
2553.392
2553.392
2465.097
2443.659
2370.841
2350.795
2367.159
2373.705
2439.159
2452.199
2540.494
2580.494
2653.313
2674.75
2694.795
2686.716
2668.943
2668.943
2657.284
2634.648
2609.239
2600.443
2579.006
2587.085
2604.858
2604.858
2604.858
2604.858
2604.858
2613.653
2613.653
2606.653
2602.517
2586.153
2562.153
2549.114
2549.114
2549.114
2565.477
2565.477
2565.477
2526.068
2504.631
2458.835
2279.716
2260.693
2247.653
2245.227
2245.227
2237.148
2219.375
2219.375
2219.375
2219.375
2219.375
2210.58
2210.58
2224.58
2247.216
2254.216
2257.17
2292.42
2302.648
2311.443
2315.58
2313.153
2246.335
2158.04
2124.75
2084.409
2068.045
2056.386
2030.977
2033.403
2100.222
2188.517
2221.807
2262.148
2278.511
2290.17
2315.58
2301.58
2278.943
2271.943
2268.989
2233.739
2223.511
2214.716
2210.58
2224.58
2247.216
2254.216
2257.17
2292.42
2302.648
2311.443
2315.58
2309.034
2220.739
2147.92
2127.875
2113.875
2091.239
2084.239
2081.284
2046.034
2035.807
2027.011
2022.875
2036.875
2059.511
2066.511
2069.466
2104.716
2114.943
2123.739
2127.875
2113.875
2091.239
2084.239
2081.284
2046.034
2035.807
2027.011
2022.875
2036.875
2059.511
2066.511
2069.466
2104.716
2114.943
2123.739
2127.875
2113.875
2091.239
2084.239
2081.284
2046.034
2035.807
2027.011
2022.875
2022.875
2045.511
2052.511
2055.466
2090.716
2090.716
2099.511
2103.648
2113.875
2113.875
2113.875
2113.875
2113.875
2113.875
2113.875
2113.875
2130.239
2167.426
2167.426
2173.972
2247.472
2249.517
2249.517
2267.176
2267.176
2244.54
2237.54
2234.585
2199.335
2199.335
2190.54
2186.403
2186.403
2209.04
2216.04
2218.994
2254.244
2254.244
2263.04
2263.04
2295.426
2296.244
2234.071
2297.462
2255.723
2255.723
2237.527
2230.832
2218.359
2154.967
2146.098
2126.533
2126.533
2126.533
2104.88
2098.185
2095.359
2061.641
2061.641
2146.557
2146.557
2160.557
2183.193
2190.193
2193.148
2228.398
2238.625
2247.42
2251.557
2249.767
2240.494
2212.653
2191.631
2193.42
2202.693
2230.534
2251.557
2219.17
2218.352
2178.977
2112.705
2145.091
2145.909
2145.909
2145.909
2131.909
2109.273
2102.273
2099.318
2064.068
2053.841
2045.045
2040.909
2040.909
2063.545
2070.545
2073.5
2073.5
2073.5
2073.5
2073.5
2057.136
1991.682
1978.642
1938.642
1917.205
1933.568
1999.023
2012.063
2052.063
2073.5
1985.409
1946
1946
1946
1985.409
1985.409
1957.284
1957.284
1948.733
2039.655
2022.512
2022.512
1980.25
1980.25
2009.714
2051
2059.958
2061.833
2078.976
2078.976
2121.238
2121.238
2121.238
2097.524
2090.19
2087.095
2087.095
2087.095
2087.095
2087.095
2101.762
2125.476
2132.81
2135.905
2172.833
2183.548
2192.762
2197.095
2186.381
2186.381
2186.381
2186.381
2186.381
2186.381
2186.381
2186.381
2169.238
2179.952
2124.5
2124.5
2124.5
2160.091
2226.909
2248.227
2285.898
2302.261
2269.875
2269.057
2269.057
2269.057
2301.443
2302.261
2341.636
2407.909
2393.909
2371.273
2364.273
2361.318
2326.068
2315.841
2307.045
2302.909
2316.909
2339.545
2346.545
2349.5
2384.75
2394.977
2403.773
2407.909
2393.909
2371.273
2364.273
2361.318
2326.068
2315.841
2307.045
2302.909
2270.523
2269.705
2230.33
2164.057
2196.443
2197.261
2236.636
2202.783
2171.804
2171.022
2230.33
2164.057
2164.057
2164.875
2164.875
2164.875
2164.875
2164.875
2155.5
2148.278
2148.278
2145.256
2145.256
2145.256
2235.256
2235.256
2244.631
2251.852
2251.852
2254.875
2263.426
2263.426
2281.199
2281.199
2281.199
2281.199
2285.335
2285.335
2285.335
2275.108
2231.472
2231.472
2231.472
2195.881
2129.063
2107.744
2070.074
2151.506
2162.22
2207.935
2249.839
2270.464
2307.75
2377.75
2400.083
2439.548
2456.69
2452.881
2407.167
2392.667
2356.167
2343.393
2343.393
2289.821
2293.631
2339.345
2353.845
2390.345
2390.345
2390.345
2390.345
2378.131
2304.423
2290.762
2272.143
2250.714
2180.714
2192.929
2266.637
2280.298
2298.917
2320.345
2390.345
2390.345
2389.488
2389.488
2389.488
2423.417
2424.274
2424.274
2424.274
2475.345
2495.702
2498.542
2533.417
2747.375
2708.417
2708.417
2701.56
2624.56
2622.417
2622.417
2603.917
2642.875
2642.875
2649.732
2649.732
2651.875
2662.589
2681.089
2663.946
2595.375
2561.446
2547.786
2505.881
2505.024
2482.565
2482.565
2482.565
2499.708
2568.28
2581.94
2581.94
2604.399
2593.685
2547.97
2506.065
2485.44
2448.155
2378.155
2355.821
2316.357
2299.214
2309.929
2355.643
2288.568
2308.256
2343.847
2410.665
2431.983
2469.653
2486.017
2486.017
2446.608
2446.608
2534.699
2574.108
2503.929
2494.147
2452.408
2414.147
2395.315
2361.272
2297.359
2380.466
2342.795
2326.432
2334.511
2334.511
2334.511
2318.148
2318.148
2318.148
2325.148
2329.284
2345.648
2369.648
2369.648
2376.193
2379.83
2396.193
2413.852
2431.625
2450.648
2463.688
2447.324
2381.869
2368.83
2368.83
2347.392
2363.756
2363.756
2363.756
2363.756
2385.193
2348.006
2348.006
2341.46
2341.46
2339.415
2329.188
2311.528
2348.716
2348.716
2348.716
2348.716
2350.761
2350.761
2350.761
2348.972
2339.699
2311.858
2290.835
2292.625
2301.898
2329.739
2350.761
2331.33
2127.097
2146.528
2146.528
2058.438
2019.028
1975.392
1975.392
2014.801
2014.801
2028.801
2051.438
2058.438
2061.392
2061.392
2061.392
2070.188
2070.188
1980.188
1980.188
1970.813
1963.591
1963.591
1960.568
1952.017
1952.017
2042.017
2042.017
2051.392
2058.614
2125.977
2125.977
2134.528
2134.528
2120.528
2097.892
2090.892
2087.938
2087.938
2087.938
2079.142
2079.142
2093.142
2115.778
2122.778
2125.733
2160.983
2171.21
2180.006
2184.142
2170.142
2147.506
2140.506
2137.551
2102.301
2092.074
2083.278
2079.142
2093.142
2115.778
2122.778
2125.733
2160.983
2171.21
2180.006
2184.142
2167.778
2167.778
2167.778
2167.778
2146.341
2162.705
2228.159
2228.159
2228.159
2249.597
2235.597
2212.96
2205.96
2203.006
2167.756
2157.528
2148.733
2144.597
2158.597
2181.233
2188.233
2191.188
2226.438
2236.665
2245.46
2249.597
2212.409
2212.409
2212.409
2212.409
2210.364
2210.364
2210.364
2247.551
2417.222
2423.767
2423.767
2425.813
2436.04
2453.699
2439.699
2417.063
2410.063
2407.108
2371.858
2361.631
2352.835
2348.699
2362.699
2385.335
2392.335
2395.29
2430.54
2440.767
2449.563
2453.699
2439.699
2417.063
2410.063
2407.108
2371.858
2361.631
2352.835
2348.699
2362.699
2385.335
2392.335
2395.29
2430.54
2440.767
2449.563
2453.699
2450.063
2406.426
2392.585
2357.744
2357.744
2357.744
2357.744
2343.744
2321.108
2314.108
2311.153
2275.903
2265.676
2256.881
2252.744
2252.744
2275.381
2282.381
2282.381
2282.381
2282.381
2291.176
2291.176
2291.176
2268.54
2261.54
2261.54
2261.54
2261.54
2252.744
2252.744
2266.744
2289.381
2296.381
2299.335
2334.585
2344.813
2353.608
2357.744
2343.744
2321.108
2314.108
2311.153
2275.903
2265.676
2256.881
2252.744
2266.744
2289.381
2296.381
2299.335
2334.585
2344.813
2353.608
2357.744
2349.665
2357.744
2343.744
2321.108
2314.108
2311.153
2275.903
2265.676
2256.881
2252.744
2266.744
2289.381
2296.381
2299.335
2334.585
2344.813
2353.608
2357.744
2357.744
2318.335
2318.335
2304.335
2281.699
2274.699
2271.744
2236.494
2226.267
2217.472
2213.335
2196.972
2131.517
2131.517
2131.517
2110.08
2126.443
2191.898
2204.938
2244.938
2244.938
2233.278
2162.92
2149.881
2132.108
2111.653
2044.835
2056.494
2126.852
2139.892
2157.665
2178.119
2244.938
2284.313
2294.54
2326.926
2330.563
2270.973
2272.005
2292.397
2298.658
2336.353
2334.641
2325.772
2299.141
2279.033
2211.734
2148.342
2136.679
2121.603
2118.777
2186.076
2249.467
2261.13
2276.207
2279.033
2243.462
2081.168
2074.908
2074.908
2072.951
2063.168
2046.277
2081.848
2081.848
2088.109
2158.413
2160.37
2170.152
2187.043
2149.38
2139.598
2108.62
2105.141
2063.402
2062.37
2134.795
2128.25
2088.841
2128.216
2138.443
2170.83
2174.466
2174.466
2175.545
2196.864
2203.409
2242.818
2235.818
2231.682
2215.318
2191.318
2191.318
2163.193
2123.784
2115.233
2113.443
2097.08
2097.08
2056.739
2056.739
2084.864
2124.273
2132.824
2134.614
2150.977
2355.21
2395.551
2420.96
2381.585
2371.358
2338.972
2335.335
2335.335
2334.256
2312.938
2306.392
2266.983
2306.358
2306.358
2306.358
2306.358
2306.358
2307.438
2307.438
2313.983
2313.983
2333.415
2400.778
2426.188
2446.233
2454.313
2457.267
2547.267
2548.085
2548.085
2531.722
2466.267
2453.227
2413.227
2413.227
2429.591
2495.045
2508.085
2548.085
2569.523
2479.523
2479.523
2470.148
2462.926
2395.563
2395.563
2500.679
2500.679
2594.964
2594.964
2604.786
2612.351
2682.923
2686.089
2695.048
2695.048
2653.798
2653.798
2653.798
2653.798
2653.798
2652.667
2652.667
2645.81
2645.81
2687.06
2697.774
2731.702
2735.512
2735.512
2736.643
2758.976
2765.833
2765.833
2751.333
2765.833
2724.583
2713.869
2679.94
2676.131
2676.131
2675
2652.667
2645.81
2645.81
2645.81
2656.524
2656.524
2656.524
2656.524
2657.655
2657.655
2664.512
2664.512
2625.554
2625.554
2618.696
2541.696
2539.554
2528.839
2510.339
2549.298
2549.298
2556.155
2633.155
2635.298
2646.012
2664.512
2657.655
2653.845
2636.702
2618.202
2599.583
2579.655
2565.994
2572.851
2576.661
2593.804
2493.563
2511.335
2530.358
2543.398
2494.648
2475.216
2472.506
2439.216
2234.983
2283.733
2303.165
2305.875
2339.165
2339.165
2331.085
2339.165
2339.165
2328.938
2328.938
2328.938
2328.938
2327.858
2327.858
2321.313
2321.313
2360.688
2370.915
2403.301
2403.301
2403.301
2404.381
2425.699
2432.244
2432.244
2412.813
2345.449
2320.04
2299.994
2291.915
2288.96
2198.96
2198.142
2198.142
2217.574
2284.938
2310.347
2330.392
2338.472
2341.426
2431.426
2432.244
2345.326
2326.739
2326.739
2311.087
2248.478
2236.005
2197.745
2177.239
2192.891
2255.5
2267.973
2306.234
2326.739
2289.076
2279.293
2248.315
2248.315
2248.315
2247.283
2226.891
2220.63
2220.63
2258.293
2268.076
2299.054
2302.533
2302.533
2303.565
2303.565
2309.826
2309.826
2272.163
2262.38
2231.402
2227.924
2227.924
2226.891
2226.891
2220.63
2220.63
2258.293
2268.076
2299.054
2302.533
2302.533
2303.565
2323.957
2330.217
2330.217
2343.609
2365.261
2371.957
2374.783
2408.5
2418.283
2426.696
2430.652
2395.082
2395.082
2388.821
2318.516
2316.56
2306.777
2289.886
2325.457
2325.457
2331.717
2331.717
2333.674
2343.457
2360.348
2346.957
2325.304
2318.609
2315.783
2282.065
2272.283
2263.87
2259.913
2273.304
2294.957
2301.652
2304.478
2338.196
2347.978
2356.391
2360.348
2341.761
2277.326
2253.022
2233.848
2226.12
2223.293
2137.207
2233.534
2213.847
2233.278
2233.278
2258.688
2278.733
2286.813
2289.767
2289.767
2290.585
2290.585
2251.21
2240.983
2208.597
2204.96
2204.96
2203.881
2182.563
2279.637
2279.637
2320.887
2331.601
2365.53
2369.339
2415.054
2416.185
2438.518
2445.375
2486.661
2471.994
2448.28
2440.946
2437.851
2400.923
2390.208
2380.994
2376.661
2376.661
2376.661
2376.661
2376.661
2376.661
2376.661
2376.661
2376.661
2445.232
2506.69
2540.619
2427.563
2431.199
2451.653
2502.79
2502.79
2526.79
2526.79
2526.79
2526.79
2526.79
2526.79
2526.79
2526.79
2526.79
2540.79
2563.426
2570.426
2573.381
2608.631
2618.858
2627.653
2631.79
2617.79
2595.153
2588.153
2585.199
2549.949
2539.722
2530.926
2526.79
2540.79
2563.426
2570.426
2573.381
2608.631
2618.858
2627.653
2631.79
2592.415
2582.188
2549.801
2546.165
2502.528
2501.449
2480.131
2473.585
2434.176
2368.722
2310.057
2277.67
2275.244
2271.608
2358.351
2304.78
2304.78
2279.637
2348.208
2348.208
2382.137
2384.679
2388.488
2409.917
2463.488
2463.488
2488.631
2471.488
2402.917
2389.256
2347.351
2324.893
2310.226
2286.512
2279.179
2276.083
2239.155
2228.44
2219.226
2214.893
2229.56
2253.274
2260.607
2263.702
2300.631
2311.345
2320.56
2324.893
2256.321
2256.321
2222.393
2219.851
2216.042
2194.613
2141.042
2141.042
2115.899
2184.47
2245.929
2279.857
2265.19
2267.732
2244.018
2236.685
2240.494
2261.923
2258.827
2221.899
2275.47
2275.47
2264.756
2289.899
2280.685
2276.351
2291.018
2314.732
2322.065
2325.161
2362.089
2372.804
2382.018
2386.351
2292.065
2292.065
2282.244
2274.679
2204.107
2200.94
2191.982
2191.982
2286.268
2443.018
2341.347
2348.568
2415.932
2418.955
2427.506
2427.506
2413.506
2390.869
2383.869
2380.915
2345.665
2335.438
2326.642
2322.506
2336.506
2359.142
2366.142
2369.097
2404.347
2414.574
2423.369
2427.506
2362.051
2303.386
2271
2268.574
2264.938
2244.483
2193.347
2193.347
2169.347
2169.347
2169.347
2169.347
2169.347
2169.347
2169.347
2169.347
2169.347
2169.347
2157.688
2087.33
2074.29
2056.517
2036.063
1969.244
1980.903
1980.903
1980.903
1998.676
2019.131
2019.131
2005.131
1982.494
1975.494
1972.54
1937.29
1927.063
1918.267
1914.131
1928.131
1950.767
1957.767
1960.722
1995.972
2006.199
2014.994
2019.131
2005.131
1982.494
1975.494
1972.54
1937.29
1927.063
1918.267
1914.131
1928.131
1950.767
1957.767
1960.722
1995.972
2006.199
2014.994
2019.131
1999.699
1999.699
1974.29
1954.244
1946.165
1943.21
1943.21
1942.392
1942.392
1961.824
2029.188
2054.597
2074.642
2082.722
2085.676
2175.676
2176.494
2176.494
2176.494
2176.494
2176.494
2176.494
2176.494
2176.494
2176.494
2176.494
2176.494
2241.949
2300.614
2333
2333
2336.636
2357.091
2357.091
2357.091
2381.091
2367.091
2344.455
2337.455
2334.5
2299.25
2289.023
2280.227
2276.091
2268.011
2276.091
2238.903
2238.903
2232.358
2232.358
2230.313
2220.085
2202.426
2239.614
2409.284
2415.83
2489.33
2423.875
2425.92
2436.148
2377.483
2345.097
2362.756
2362.756
2359.119
2338.665
2338.665
2338.665
2314.665
2380.119
2380.119
2412.506
2414.932
2414.932
2435.386
2435.386
2435.386
2459.386
2441.614
2441.614
2441.614
2441.614
2437.477
2437.477
2437.477
2455.25
2506.386
2526.074
2547.097
2551.233
2720.903
2720.903
2655.449
2655.449
2623.063
2620.636
2620.636
2600.182
2600.182
2600.182
2576.182
2641.636
2700.301
2732.688
2732.688
2732.688
2753.142
2753.142
2753.142
2777.142
2774.716
2707.898
2619.602
2586.313
2545.972
2529.608
2517.949
2492.54
2427.085
2368.42
2336.034
2336.034
2336.034
2315.58
2315.58
2315.58
2291.58
2291.58
2291.58
2291.58
2294.006
2294.006
2314.46
2314.46
2314.46
2338.46
2389.597
2393.733
2395.369
2415.415
2452.602
2476.602
2487.972
2487.972
2487.972
2487.972
2485.545
2485.545
2465.091
2465.091
2465.091
2441.091
2454.42
2454.42
2457.375
2465.455
2465.455
2465.455
2465.455
2467.091
2500.591
2481.159
2413.795
2388.386
2368.341
2360.261
2357.307
2267.307
2266.489
2266.489
2285.92
2353.284
2378.693
2398.739
2406.818
2409.773
2499.773
2500.591
2520.278
2531.648
2545.489
2618.989
2634.75
2656.188
2656.188
2658.233
2658.233
2664.222
2696.608
2716.653
2649.29
2559.29
2559.29
2559.29
2522.102
2352.432
2345.886
2272.386
2270.341
2260.114
2242.455
2279.642
2279.642
2286.188
2286.188
2288.233
2298.46
2316.119
2319.392
2333.233
2384.199
2384.199
2390.188
2409.21
2412.233
2412.233
2412.233
2412.233
2412.233
2412.233
2440.358
2440.358
2440.358
2462.994
2466.631
2466.631
2499.017
2523.358
2530.04
2557.881
2566.432
2547
2479.636
2454.227
2434.182
2426.102
2423.148
2333.148
2332.33
2312.642
2332.074
2332.074
2357.483
2377.528
2385.608
2388.563
2265.494
2265.494
2266.313
2233.023
2233.023
2226.477
2349.545
2382.835
2389.381
2438.131
2431.585
2427.949
2411.585
2393.926
2376.153
2357.131
2344.091
2350.636
2354.273
2370.636
2388.295
2406.068
2425.091
2438.131
2438.131
2508.489
2480.364
2440.955
2432.403
2430.614
2414.25
2210.017
2169.676
2144.267
2172.392
2211.801
2220.352
2222.142
2238.506
2238.506
2278.847
2304.256
2214.256
2064.631
2055.256
2048.034
1980.67
1977.648
1969.097
1969.097
1970.176
2007.364
2097.364
2097.364
2106.739
2106.739
2106.739
2106.739
2106.739
2106.739
2109.761
2149.136
2155.818
2169.659
2161.58
2169.659
2348.778
2351.733
2351.733
2355.369
2414.034
2376.847
2376.847
2370.301
2370.301
2368.256
2358.028
2340.369
2274.185
2436.478
2442.739
2442.739
2444.696
2444.696
2444.696
2444.696
2444.696
2444.696
2444.696
2444.696
2417.793
2417.793
2417.793
2503.88
2524.386
2542.973
2578.543
2622.348
2649.25
2649.25
2649.25
2649.25
2630.663
2630.663
2606.359
2587.185
2579.457
2576.63
2576.63
2575.848
2575.848
2611.609
2611.609
2634.565
2653.152
2653.152
2606.522
2587.935
2585.342
2553.5
2553.5
2600.13
2618.717
2621.31
2653.152
2848.505
2991.625
2991.625
2991.625
2991.625
2992.408
2992.408
2992.408
3000.136
3000.136
3000.136
3000.136
3000.136
3000.136
3008.549
3008.549
3008.549
3008.549
3007.766
3007.766
3007.766
3038.745
3039.527
3039.527
3039.527
3031.799
3031.799
3031.799
3031.799
3031.799
3031.799
3023.386
3023.386
3031.114
3048.114
3048.114
3048.114
3048.114
3072.418
3080.832
3080.832
3082.984
3071.832
3071.832
3071.832
3054.832
3035.266
3035.266
3046.418
3046.418
3046.418
3063.418
3082.984
3082.984
3075.255
3058.255
3058.255
3058.255
3058.255
3033.951
3025.538
3025.538
3033.266
3050.266
3050.266
3050.266
3071.918
3096.223
3096.223
3096.223
3096.223
3096.223
3117.875
3124.571
3124.571
3124.571
3124.571
3132.984
3132.984
3102.005
3101.223
3101.223
3101.223
3101.223
3101.223
3101.223
3101.223
3093.495
3076.495
3076.495
3076.495
3054.842
3030.538
3030.538
3030.538
3038.266
3038.266
3038.266
3038.266
3038.266
3038.266
3038.266
3038.266
3038.266
3016.614
3009.918
3009.918
3009.918
3009.918
3001.505
3001.505
3014.897
3036.549
3043.245
3046.071
3046.071
3046.071
3046.071
3046.071
3038.342
3038.342
3038.342
3038.342
3038.342
3038.342
3038.342
3038.342
3046.071
3063.071
3065.962
3077.114
3098.766
3123.071
3131.484
3151.989
3151.989
3065.902
3045.397
3026.81
2991.239
2947.435
2920.533
2920.533
2920.533
2920.533
2941.038
2941.038
2941.038
2941.038
2941.038
2941.038
2941.038
2972.88
2965.152
2948.152
2945.261
2934.109
2912.457
2888.152
2879.739
2859.234
2866.962
2883.962
2886.853
2898.005
2919.658
2943.962
2952.375
2972.88
2959.489
2937.837
2931.141
2928.315
2928.315
2928.315
2928.315
2928.315
2941.707
2963.359
2970.054
2970.054
2970.054
2972.88
3006.598
3006.598
3016.38
3016.38
3024.793
3028.75
3059.728
3060.511
3060.511
3060.511
3060.511
3084.815
3120.386
3120.386
3120.386
3120.386
3120.386
3120.386
3120.386
3140.777
3140.777
3156.429
3163.125
3167.082
3167.082
3167.082
3167.082
3167.082
3168.647
3176.701
3168.973
3151.973
3149.082
3137.929
3116.277
3091.973
3083.56
3063.054
3070.783
3087.783
3090.674
3101.826
3123.478
3147.783
3156.196
3176.701
3141.13
3114.239
3107.693
3107.693
3105.648
3105.648
3105.648
3091.648
3069.011
3062.011
3059.057
3023.807
3013.58
3004.784
3000.648
3014.648
3014.648
3021.648
3024.602
3024.602
3024.602
3024.602
3024.602
3035.972
3027.892
3010.119
3007.097
2995.438
2972.801
2947.392
2938.597
2917.159
2925.239
2943.011
2943.011
2943.011
2965.648
2991.057
2999.852
3021.29
2927.625
2948.13
2991.935
2991.935
3010.13
3022.603
3024.924
3024.924
2993.946
2993.163
2993.163
2993.163
3024.141
3024.924
3062.587
3125.978
3112.587
3112.587
3105.891
3103.065
3103.065
3103.065
3103.065
3103.065
3103.065
3124.717
3131.413
3134.239
3134.239
3134.239
3142.652
3146.609
3138.88
3121.88
3121.88
3121.88
3100.228
3075.924
3067.511
3047.005
3047.005
3095.136
3095.136
3073.484
3066.788
3063.962
3063.962
3063.962
3055.549
3051.592
3064.984
3086.636
3093.332
3096.158
3129.875
3129.875
3138.288
3142.245
3157.897
3126.918
3126.136
3088.473
3025.082
3056.06
3056.842
3056.842
3120.234
3120.234
3177.886
3164.495
3142.842
3136.147
3133.321
3099.603
3099.603
3091.19
3087.234
3087.234
3108.886
3115.582
3118.408
3118.408
3118.408
3126.821
3126.821
3089.125
3068.62
3024.815
3024.815
3006.62
2994.147
2991.826
2991.826
2991.826
2991.826
2991.826
2991.826
2991.826
2991.826
2991.826
2991.826
2991.826
2991.826
2991.826
2991.826
2991.826
2991.826
2971.435
2971.435
2955.783
2965.565
2965.565
2965.565
2965.565
2999.609
2999.609
3020
3020
3035.652
3035.652
3014
3007.304
3004.478
3004.478
3004.478
2996.065
2996.065
2996.065
3017.717
3024.413
3011.174
3011.174
3011.174
3011.174
3011.174
3011.174
3011.174
3034.13
3118.587
3032.5
3032.5
3023.533
3023.533
3023.533
3023.533
3023.533
3023.533
3109.62
3109.62
3118.587
3125.495
3125.495
3128.386
3136.565
3136.565
3142.957
3111.978
3111.196
3111.196
3047.804
3056.772
3056.772
3035.12
3028.424
3028.424
3028.424
3028.424
3028.424
3028.424
3028.424
3028.424
3028.424
3031.25
3031.25
3031.25
3031.25
3031.25
3046.902
3080.62
3072.891
3080.62
3080.62
3080.62
3080.62
3080.62
3080.62
3080.62
3080.62
3080.62
3080.62
3080.62
3080.62
3080.62
3098.815
3098.815
3098.815
3098.815
3098.815
3098.815
3098.815
3098.815
3095.989
3095.989
3095.989
3095.989
3095.989
3109.38
3131.033
3137.728
3140.554
3174.272
3174.272
3174.272
3174.272
3160.88
3139.228
3132.533
3129.707
3095.989
3095.989
3095.989
3095.989
3095.989
3075.484
3075.484
3075.484
3075.484
3075.484
3075.484
3075.484
3075.484
3095.989
3114.576
3150.147
3150.147
3177.049
3177.049
3177.049
3156.543
3156.543
3156.543
3156.543
3156.543
3156.543
3156.543
3156.543
3156.543
3138.348
3138.348
3138.348
3138.348
3176.043
3196.549
3196.549
3196.549
3214.745
3204.962
3204.962
3204.962
3204.962
3204.962
3204.962
3204.962
3170.918
3170.918
3150.527
3150.527
3134.875
3134.875
3134.875
3134.875
3134.875
3134.875
3134.875
3134.875
3134.875
3150.527
3169.701
3169.701
3185.353
3185.353
3219.071
3181.375
3160.87
3160.87
3160.87
3142.674
3142.674
3142.674
3142.674
3142.674
3142.674
3142.674
3142.674
3142.674
3142.674
3142.674
3142.674
3142.674
3142.674
3159.674
3159.674
3159.674
3159.674
3159.674
3159.674
3159.674
3159.674
3159.674
3144.022
3153.804
3153.804
3153.804
3153.804
3187.848
3187.848
3208.239
3208.239
3223.891
3223.891
3223.891
3223.891
3227.022
3227.022
3227.022
3227.022
3227.022
3227.022
3227.022
3227.022
3227.022
3235.989
3235.989
3235.989
3235.989
3238.815
3238.815
3218.31
3199.723
3164.152
3164.152
3137.25
3137.25
3137.25
3223.337
3223.337
3223.337
3223.337
3223.337
3250.239
3250.239
3250.239
3240.457
3240.457
3240.457
3240.457
3206.413
3206.413
3186.022
3186.022
3170.37
3164.109
3160.63
3144.978
3128.087
3111.087
3092.891
3080.418
3086.679
3090.158
3105.81
3122.701
3139.701
3157.897
3157.897
3157.897
3157.897
3196.158
3313.875
3323.658
3326.788
3333.696
3367.413
3367.413
3367.413
3367.413
3367.413
3379.886
3379.886
3551.217
3538.467
3538.467
3535.641
3527.913
3527.913
3527.913
3527.913
3526.348
3539.098
3539.098
3541.924
3549.652
3572.935
3572.935
3572.935
3574.5
3574.5
3574.5
3574.5
3566.772
3574.826
3574.826
3488.739
3488.739
3479.772
3472.864
3472.864
3469.973
3461.793
3461.793
3461.793
3461.793
3470.761
3470.761
3470.761
3470.761
3470.761
3470.761
3470.761
3502.603
3416.516
3416.516
3416.516
3416.516
3416.516
3389.614
3389.614
3389.614
3389.614
3389.614
3389.614
3389.614
3389.614
3389.614
3389.614
3389.614
3389.614
3389.614
3410.12
3383.217
3345.522
3337.342
3335.63
3319.978
3319.978
3281.391
3257.087
3257.087
3257.087
3257.087
3273.978
3273.978
3262.826
3262.826
3262.826
3245.826
3226.261
3226.261
3232.652
3232.652
3280.783
3292.446
3312.554
3312.554
3312.554
3312.554
3314.266
3315.978
3338.935
3360.587
3366.848
3366.848
3386.413
3319.114
3255.723
3244.06
3228.984
3226.158
3226.158
3226.158
3237.821
3237.821
3240.647
3240.647
3240.647
3240.647
3240.647
3240.647
3240.647
3240.647
3240.647
3240.647
3240.647
3261.152
3261.152
3261.152
3261.152
3261.152
3261.152
3261.152
3261.152
3262.717
3282.283
3282.283
3282.283
3282.283
3282.283
3282.283
3282.283
3282.283
3282.283
3235.652
3235.652
3217.065
3217.065
3214.473
3214.473
3182.63
3182.63
3182.63
2987.277
3033.908
3052.495
3055.087
3086.929
3086.929
3069.929
3021.016
3002.185
2982.076
2978.12
2815.826
2815.826
2832.826
2832.826
2832.826
2832.826
2832.826
2832.826
2832.826
2832.826
2852
2852
2845.304
2841.348
2841.348
2841.348
2841.348
2841.348
2839.783
2846.478
2850.435
2857.674
2877.783
2962.043
2974.793
2976.359
2976.359
2976.359
2976.359
2976.359
2976.359
2976.359
2976.359
2976.359
2976.359
2998.011
3004.707
3007.533
3007.533
3007.533
3015.946
3015.946
3015.946
3015.946
3015.946
3015.946
3015.946
2994.293
2987.598
2984.772
2984.772
2984.772
2976.359
2976.359
2976.359
2998.011
2998.011
3000.837
3000.837
3000.837
3000.837
3000.837
3000.837
3025.141
3025.141
3003.489
3003.489
3000.663
3000.663
3000.663
3000.663
3000.663
3014.054
3035.707
3042.402
3045.228
3078.946
3088.728
3097.141
3101.098
3103.418
3090.027
3068.375
3061.679
3058.853
3025.136
3015.353
3006.94
3002.984
3002.984
3002.984
3002.984
3002.984
3002.984
3002.984
3002.984
3002.984
3041.571
3041.571
3041.571
3041.571
3041.571
3041.571
3041.571
3041.571
3041.571
3041.571
3041.571
3054.962
3076.614
3083.31
3086.136
3119.853
3119.853
3128.266
3128.266
3128.266
3114.875
3093.223
3086.527
3083.701
3049.984
3049.984
3041.571
3041.571
3041.571
3063.223
3063.223
3069.918
3132.527
3135.353
3135.353
3135.353
3135.353
3135.353
3184.103
3184.103
3163.598
3163.598
3163.598
3163.598
3163.598
3163.598
3163.598
3249.685
3270.19
3288.777
3324.348
3324.348
3351.25
3351.25
3351.25
3360.12
3360.12
3338.467
3331.772
3328.946
3328.946
3328.946
3328.946
3328.946
3342.337
3363.989
3370.685
3373.511
3407.228
3417.011
3425.424
3429.38
3429.38
3432.511
3463.489
3450.098
3428.446
3421.75
3418.924
3385.207
3375.424
3367.011
3363.054
3363.054
3384.707
3391.402
3394.228
3394.228
3394.228
3394.228
3394.228
3394.228
3394.228
3394.228
3385.261
3385.261
3385.261
3385.261
3385.261
3385.261
3385.261
3385.261
3385.261
3385.261
3385.261
3385.261
3385.261
3385.261
3388.391
3396.804
3396.804
3375.152
3368.457
3365.63
3365.63
3365.63
3365.63
3365.63
3365.63
3365.63
3365.63
3365.63
3365.63
3365.63
3374.043
3374.043
3409.614
3409.614
3409.614
3409.614
3409.614
3409.614
3409.614
3410.647
3410.647
3410.647
3410.647
3410.647
3410.647
3410.647
3402.234
3402.234
3402.234
3402.234
3408.495
3492.951
3562.603
3581.777
3519.168
3519.168
3603.429
3798.783
3805.174
3805.174
3805.174
3805.174
3805.174
3805.174
3820.826
3820.826
3820.826
3800.321
3820.826
3820.826
3814.565
3730.109
3660.457
3641.283
3647.543
3647.543
3647.543
3666.717
3660.457
3656.978
3641.326
3624.435
3607.435
3589.239
3589.239
3503.152
3482.647
3464.06
3428.489
3428.489
3401.587
3401.587
3401.587
3401.587
3401.587
3401.587
3401.587
3401.587
3401.587
3401.587
3401.587
3401.587
3414.06
3414.06
3414.06
3477.451
3477.451
3477.451
3471.19
3471.19
3471.19
3452.016
3458.277
3458.277
3458.277
3458.277
3458.277
3458.277
3458.277
3461.408
3461.408
3461.408
3464
3464
3464
3485.652
3502.652
3515.402
3542.033
3588.663
3612.967
3612.967
3612.967
3614.679
3614.679
3614.679
3614.679
3614.679
3614.679
3614.679
3608.418
3608.418
3608.418
3608.418
3614.679
3614.679
3614.679
3633.853
3650.853
3650.853
3615.283
3615.283
3615.283
3615.283
3650.853
3682.696
3682.696
3682.696
3682.696
3682.696
3682.696
3682.696
3682.696
3682.696
3682.696
3682.696
3676.435
3676.435
3676.435
3657.261
3663.522
3663.522
3663.522
3663.522
3663.522
3663.522
3629.804
3629.804
3629.804
3629.804
3663.522
3663.522
3663.522
3663.522
3670.217
3690.609
3690.609
3775.065
3795.571
3795.571
3795.571
3789.31
3789.31
3789.31
3789.31
3789.31
3789.31
3791.902
3791.902
3791.902
3791.902
3791.902
3791.902
3791.902
3791.902
3791.902
3791.902
3798.598
3799.38
3821.033
3821.033
3821.033
3821.033
3822.033
3824.859
3824.859
3824.859
3824.859
3824.859
3824.859
3824.859
3824.859
3824.859
3824.859
3824.859
3824.859
3824.859
3830.587
3830.587
3830.587
3830.587
3828.875
3828.875
3828.875
3828.875
3828.875
3828.875
3828.875
3828.875
3828.875
3828.875
3828.875
3828.875
3828.875
3828.875
3828.875
3830.587
3857.217
3865.272
3865.272
3865.272
3865.272
3865.272
3865.272
3852.522
3852.522
3849.696
3841.967
3818.685
3818.685
3818.685
3817.12
3817.12
3817.12
3819.946
3819.946
3819.946
3819.946
3819.946
3821.511
3772.598
3765.902
3761.946
3754.707
3734.598
3650.337
3637.587
3636.022
3642.717
3642.717
3642.717
3642.717
3642.717
3642.717
3644.283
3608.712
3576.87
3576.87
3576.87
3576.87
3576.87
3576.87
3576.87
3571.141
3550.636
3550.636
3552.592
3552.592
3558.321
3558.321
3558.321
3558.321
3596.016
3596.016
3617.668
3624.364
3627.19
3627.19
3627.19
3635.603
3635.603
3517.886
3486.043
3479.783
3597.5
3629.342
3635.603
3635.603
3635.603
3637.168
3637.168
3637.168
3615.516
3608.821
3605.995
3605.995
3605.995
3597.582
3597.582
3597.582
3619.234
3625.929
3628.755
3662.473
3662.473
3662.473
3662.473
3670.527
3670.527
3683
3683
3672.125
3672.125
3672.125
3650.473
3643.777
3640.951
3607.234
3607.234
3607.234
3607.234
3607.234
3628.886
3628.886
3631.712
3631.712
3631.712
3640.125
3640.125
3673.451
3626.821
3608.234
3605.641
3573.799
3573.799
3620.429
3639.016
3641.609
3641.609
3641.609
3643.174
3643.174
3663.565
3690.467
3690.467
3668.815
3668.815
3665.989
3665.989
3665.989
3657.576
3657.576
3670.967
3692.62
3699.315
3702.141
3702.141
3702.141
3710.554
3710.554
3718.967
3727.837
3679.087
3665.696
3644.043
3637.348
3634.522
3634.522
3634.522
3626.109
3626.109
3639.5
3661.152
3667.848
3670.674
3704.391
3704.391
3712.804
3712.804
3732.913
3713.739
3713.739
3700.348
3678.696
3672
3669.174
3635.457
3635.457
3627.043
3627.043
3640.435
3662.087
3668.783
3671.609
3705.326
3715.109
3723.522
3727.478
3731.435
3731.435
3718.043
3696.391
3689.696
3686.87
3653.152
3643.37
3634.957
3631
3631
3652.652
3652.652
3652.652
3652.652
3652.652
3661.065
3661.065
3661.065
3709.978
3709.978
3709.978
3709.978
3688.326
3688.326
3688.326
3688.326
3688.326
3679.913
3679.913
3679.913
3701.565
3708.261
3711.087
3711.087
3711.087
3719.5
3719.5
3725.761
3738.234
3736.277
3736.277
3736.277
3736.277
3736.277
3736.277
3736.277
3736.277
3736.277
3756.386
3758.098
3758.098
3758.098
3793.668
3793.668
3793.668
3793.668
3793.668
3792.636
3792.636
3770.984
3764.288
3761.462
3761.462
3761.462
3753.049
3753.049
3753.049
3753.049
3756.179
3756.179
3756.179
3756.179
3756.179
3756.179
3756.179
3756.179
3756.179
3756.179
3756.179
3756.179
3756.179
3756.179
3756.179
3756.179
3777.832
3784.527
3787.353
3787.353
3787.353
3795.766
3795.766
3795.766
3798.359
3798.359
3776.707
3770.011
3767.185
3767.185
3767.185
3758.772
3758.772
3766.951
3884.668
3884.668
3884.668
3884.668
3884.668
3884.668
3884.668
3904.234
3904.234
3904.234
3904.234
3907.712
3907.712
3913.44
3913.44
3913.44
3913.44
3913.44
3913.44
3913.44
3909.484
3958.234
3958.234
3958.234
3958.234
3958.234
3958.234
3938.668
3938.668
3938.668
3938.668
3938.668
3938.668
3938.668
3938.668
3938.668
3958.234
3958.234
3958.234
3981.19
3981.19
3981.19
3981.19
3981.19
3981.19
3981.19
3981.19
3981.19
3981.19
3981.19
3981.19
3981.19
3981.19
3981.19
3981.19
3981.19
3981.19
3996.842
4022.277
4023.842
4030.234
4030.234
4030.234
4030.234
4030.234
4030.234
4030.234
4010.668
4010.668
4010.668
3987.712
3987.712
3987.712
3987.712
3987.712
3987.712
3987.712
3987.712
3987.712
3987.712
4021.429
4023.141
4023.141
4023.141
3987.571
3987.571
3987.571
3987.571
3987.571
3987.571
3988.353
3988.353
3988.353
3985.527
3985.527
3985.527
3985.527
3985.527
3985.527
3985.527
3985.527
3985.527
3985.527
3985.527
3985.527
3985.527
3985.527
3985.527
4005.092
4005.092
4005.092
4028.049
4037.832
4037.832
4037.832
4037.832
4037.832
4037.832
4058.223
4058.223
4058.223
4058.223
4058.223
4071.462
4071.462
4070.679
4070.679
4070.679
4070.679
4071.462
4071.462
4071.462
4071.462
4134.853
4134.853
4134.853
4134.853
4134.853
4134.853
4134.853
4115.288
4115.288
4115.288
4092.332
4092.332
4092.332
4092.332
4092.332
4092.332
4092.332
4092.332
4092.332
4092.332
4092.332
4099.239
4099.239
4099.239
4074.935
4043.957
4043.957
4043.957
4043.174
4043.174
4043.174
4043.174
4043.957
4043.957
4043.957
4054.832
4054.832
4054.832
4054.832
4054.832
4054.832
4054.832
4022.989
4022.989
4022.989
4022.989
4022.989
4022.989
4022.989
4022.989
4022.989
4022.989
4022.989
4022.989
4022.989
4022.989
3987.418
3949.755
3951.712
3951.712
3941.929
3941.929
3941.929
3941.929
3941.929
3941.929
3921.538
3921.538
3921.538
3921.538
3921.538
3921.538
3921.538
3921.538
3921.538
3921.538
3921.538
3937.19
3937.19
3937.19
3936.408
3936.408
3936.408
3936.408
3937.19
3937.19
3937.19
3940.321
3940.321
3940.321
3940.321
3940.321
3940.321
3940.321
3940.321
3940.321
3940.321
3940.321
3940.321
3940.321
3940.321
3940.321
3959.886
3959.886
3959.886
3982.842
3982.842
3982.842
3982.842
3982.842
3959.886
3967.94
3967.94
3947.832
3946.12
3946.12
3946.12
3910.549
3910.549
3910.549
3910.549
3897.31
3897.31
3897.31
3897.31
3896.527
3896.527
3896.527
3896.527
3896.527
3896.527
3896.527
3896.527
3876.962
3876.962
3876.962
3854.005
3854.005
3854.005
3854.005
3854.005
3854.005
3873.571
3873.571
3873.571
3896.527
3896.527
3896.527
3896.527
3908.19
3925.19
3925.19
3925.19
3925.19
3925.19
3925.19
3905.625
3905.625
3905.625
3882.668
3882.668
3882.668
3882.668
3882.668
3882.668
3882.668
3882.668
3882.668
3867.016
3876.799
3876.799
3876.799
3876.799
3910.842
3910.842
3931.234
3931.234
3946.886
3946.886
3946.886
3946.886
3929.886
3929.886
3929.886
3929.886
3929.886
3929.886
3929.886
3946.886
3946.886
3946.886
3946.886
3946.886
3946.886
3946.886
3950.016
3916.299
3916.299
3916.299
3916.299
3950.016
3950.016
3950.016
3950.016
3950.016
3950.016
3950.016
3950.016
3970.522
3970.522
3970.522
3970.522
3970.522
3970.522
3970.522
3970.522
3970.522
3970.522
3970.522
3972.087
3962.304
3962.304
3962.304
3962.304
3928.261
3928.261
3907.87
3907.87
3892.217
3902
3902
3902
3902
3902
3902
3922.391
3922.391
3938.043
3938.043
3867.739
3867.739
3867.739
3846.087
3855.054
3855.054
3864.022
3855.842
3855.842
3846.06
3847.625
3847.625
3847.625
3847.625
3847.625
3847.625
3827.234
3827.234
3811.582
3827.234
3803.951
3811.679
3811.679
3811.679
3811.679
3811.679
3811.679
3811.679
3811.679
3812.462
3812.462
3797.386
3790.69
3790.69
3790.69
3790.69
3790.69
3790.69
3789.125
3795.821
3799.777
3799.777
3799.777
3799.777
3799.777
3801.342
3816.995
3809.266
3809.266
3809.266
3809.266
3809.266
3809.266
3809.266
3809.266
3816.995
3833.995
3833.995
3845.147
3866.799
3891.103
3899.516
3920.022
3920.022
3920.022
3912.293
3895.293
3895.293
3884.141
3862.489
3838.185
3829.772
3809.266
3816.995
3833.995
3833.995
3833.995
3833.995
3858.299
3866.712
3866.712
3866.712
3882.364
3874.636
3857.636
3857.636
3857.636
3857.636
3833.332
3824.918
3824.918
3824.918
3824.918
3824.918
3824.918
3824.918
3824.918
3833.332
3833.332
3833.332
3810.375
3803.984
3803.984
3803.984
3803.984
3803.984
3803.984
3803.984
3795.571
3795.571
3803.299
3803.299
3803.299
3803.299
3803.299
3809.995
3809.995
3813.951
3822.364
3838.016
3838.016
3860.973
3873.446
3873.446
3870.554
3870.554
3870.554
3901.533
3893.804
3893.804
3893.804
3893.804
3893.804
3893.804
3885.391
3885.391
3893.12
3893.12
3893.12
3893.12
3893.12
3917.424
3925.837
3925.837
3934.804
3935.837
3935.837
3928.109
3928.109
3928.109
3928.109
3928.109
3903.804
3895.391
3895.391
3903.12
3920.12
3920.12
3920.12
3941.772
3966.076
3974.489
3974.489
3974.489
3974.489
3974.489
3974.489
3991.489
3983.761
3966.761
3966.761
3966.761
3945.109
3920.804
3912.391
3912.391
3920.12
3937.12
3937.12
3948.272
3948.272
3948.272
3956.685
3956.685
3963.592
3955.864
3938.864
3938.864
3927.712
3927.712
3927.712
3919.299
3919.299
3919.299
3919.299
3919.299
3919.299
3927.027
3930.984
3930.984
3930.984
3930.984
3930.984
3927.853
3927.853
3927.853
3930.679
3930.679
3921.712
3921.712
3921.712
3921.712
3921.712
3921.712
3934.185
3934.185
3923.31
3938.386
3972.429
3972.429
3989.429
3997.842
3997.842
3997.842
3995.016
3995.016
3995.016
3995.016
3995.016
3993.451
3993.451
3993.451
3996.277
4004.005
4004.005
4004.005
4004.005
4005.571
3958.94
3940.353
3937.761
3937.761
3937.761
3937.761
3937.761
3940.353
3940.353
3940.353
3940.353
3940.353
3921.766
3921.766
3921.766
3921.766
3942.272
3942.272
3959.272
3912.641
3912.641
3912.641
3912.641
3900.978
3900.978
3898.152
3898.152
3898.152
3909.815
3909.815
3912.641
3912.641
3909.511
3928.685
3937.554
3945.734
3927.538
3935.717
3937.674
3953.326
3953.326
3956.152
3950.424
3950.424
3918.38
3918.38
3918.38
3918.38
3918.38
3747.049
3747.049
3747.049
3747.049
3747.049
3720.418
3720.418
3742.071
3748.766
3748.766
3748.766
3748.766
3748.766
3748.766
3748.766
3748.766
3727.114
3720.418
3720.418
3720.418
3720.418
3720.418
3720.418
3720.418
3742.071
3748.766
3751.592
3751.592
3751.592
3760.005
3760.005
3760.005
3760.005
3760.005
3738.353
3731.658
3728.832
3728.832
3728.832
3720.418
3720.418
3733.81
3755.462
3762.158
3764.984
3798.701
3798.701
3807.114
3807.114
3818.777
3818.777
3818.777
3818.777
3818.777
3818.777
3818.777
3820.342
3820.342
3820.342
3810.56
3804.168
3804.168
3804.168
3790.777
3769.125
3762.429
3759.603
3725.886
3725.886
3717.473
3717.473
3717.473
3739.125
3745.821
3748.647
3748.647
3748.647
3748.647
3752.603
3749.777
3749.777
3749.777
3728.125
3721.429
3718.603
3718.603
3718.603
3718.603
3714.647
3714.647
3714.647
3721.342
3721.342
3721.342
3721.342
3721.342
3721.342
3721.342
3673.212
3673.212
3673.212
3666.516
3666.516
3666.516
3666.516
3666.516
3666.516
3666.516
3666.516
3673.212
3676.038
3676.038
3676.038
3676.038
3676.038
3674.473
3674.473
3684.255
3684.255
3684.255
3685.821
3685.821
3685.821
3685.821
3679.125
3676.299
3676.299
3676.299
3676.299
3676.299
3676.299
3676.299
3676.299
3676.299
3676.299
3676.299
3676.299
3676.299
3691.951
3691.951
3691.951
3694.543
3694.543
3694.543
3694.543
3694.543
3694.543
3694.543
3694.543
3694.543
3694.543
3716.196
3722.891
3722.891
3722.891
3722.891
3722.891
3722.891
3725.484
3725.484
3733.897
3733.897
3733.897
3666.598
3666.598
3644.946
3638.25
3638.25
3638.25
3638.25
3638.25
3638.25
3638.25
3659.902
3666.598
3666.598
3666.598
3666.598
3666.598
3666.598
3666.598
3714.728
3714.728
3714.728
3693.076
3686.38
3686.38
3686.38
3686.38
3686.38
3686.38
3699.772
3721.424
3728.12
3730.946
3764.663
3774.446
3782.859
3782.859
3782.859
3782.859
3782.859
3782.859
3782.859
3782.859
3776.163
3772.207
3756.554
3733.598
3721.125
3721.125
3721.125
3721.125
3721.125
3721.125
3707.734
3686.082
3679.386
3676.56
3642.842
3633.06
3624.647
3624.647
3626.359
3634.413
3628.022
3636.989
3633.859
3633.859
3633.859
3633.859
3633.859
3633.859
3633.859
3633.859
3633.859
3633.859
3633.859
3600.141
3600.141
3600.141
3600.141
3600.141
3600.141
3631.984
3632.766
3632.766
3632.766
3632.766
3632.766
3632.766
3632.766
3632.766
3632.766
3632.766
3632.766
3632.766
3632.766
3632.766
3632.766
3632.766
3632.766
3632.766
3632.766
3632.766
3640.821
3640.821
3639.109
3639.109
3639.109
3639.109
3605.391
3605.391
3605.391
3605.391
3639.109
3639.109
3642.587
3642.587
3633.717
3633.717
3633.717
3633.717
3667.043
3680.283
3644.712
3644.712
3644.712
3644.712
3651.62
3672.125
3672.125
3672.125
3672.125
3672.125
3672.125
3672.125
3672.125
3672.125
3672.125
3692.63
3692.63
3692.63
3692.63
3692.63
3692.63
3692.63
3694.587
3694.587
3694.587
3694.587
3694.587
3694.587
3696.152
3696.152
3689.245
3689.245
3682.853
3682.853
3682.853
3682.853
3682.853
3662.348
3662.348
3662.348
3662.348
3662.348
3662.348
3662.348
3662.348
3662.348
3662.348
3662.348
3662.348
3662.348
3662.348
3662.348
3662.348
3655.652
3651.696
3651.696
3651.696
3651.696
3651.696
3650.13
3656.826
3656.826
3656.826
3656.826
3656.826
3656.826
3658.391
3658.391
3658.391
3637.886
3658.391
3658.391
3658.391
3636.739
3637.255
3637.255
3656.821
3593.429
3596.321
3594.168
3580.929
3567.69
3567.69
3567.69
3567.69
3567.69
3567.69
3567.69
3567.69
3567.69
3605.386
3625.891
3669.696
3669.696
3687.891
3700.364
3700.364
3700.364
3692.31
3692.31
3692.31
3676.658
3640.897
3640.897
3644.853
3647.679
3681.005
3681.005
3681.005
3703.962
3703.962
3666.266
3645.761
3601.957
3601.957
3583.761
3571.288
3571.288
3571.288
3571.288
3548.332
3548.332
3548.332
3548.332
3548.332
3532.679
3532.679
3532.679
3540.859
3540.859
3549.826
3549.826
3549.826
3530.652
3530.652
3473
3473
3473
3499.63
3499.63
3461.043
3461.043
3461.043
3461.043
3430.065
3430.065
3430.065
3419.19
3419.19
3413.462
3413.462
3413.462
3413.462
3409.984
3467.636
3474.332
3471.201
3448.245
3363.984
3168.63
3168.63
3168.63
3168.63
3168.63
3168.63
3168.63
3168.63
3168.63
3167.065
3167.065
3167.065
3170.543
3170.543
3170.543
3170.543
3170.543
3170.543
3172.109
3172.109
3172.109
3256.37
3252.891
3259.283
3259.283
3259.283
3242.283
3269.185
3269.185
3269.185
3301.027
3301.027
3301.027
3301.027
3301.027
3302.984
3302.984
3302.984
3367.418
3367.418
3367.418
3367.418
3367.418
3367.418
3374.114
3378.071
3393.723
3416.679
3416.679
3413.549
3329.092
3329.092
3326.201
3326.201
3326.201
3323.609
3323.609
3323.609
3370.239
3370.239
3372.832
3372.832
3372.832
3372.832
3394.484
3394.484
3394.484
3458.397
3402.283
3408.543
3408.543
3478.196
3497.37
3498.37
3481.37
3481.37
3481.37
3481.37
3481.37
3481.37
3481.37
3481.37
3481.37
3481.37
3481.37
3481.37
3481.37
3464.37
3464.37
3464.37
3464.37
3464.37
3464.37
3464.37
3481.37
3481.37
3481.37
3481.37
3481.37
3481.37
3481.37
3481.37
3481.37
3481.37
3490.337
3490.337
3484.076
3484.076
3414.424
3395.25
3401.511
3401.511
3401.511
3420.685
3420.685
3458.946
3521.554
3521.554
3552.533
3552.533
3556.011
3575.576
3575.576
3575.576
3575.576
3575.576
3457.859
3426.016
3419.755
3419.755
3451.598
3451.598
3453.554
3453.554
3453.554
3453.554
3453.554
3450.728
3443
3443
3443
3443
3441.435
3356.978
3356.978
3356.978
3294.37
3294.37
3263.391
3263.391
3259.913
3240.348
3240.348
3240.348
3240.348
3240.348
3240.348
3240.348
3240.348
3240.348
3240.348
3240.348
3240.348
3240.348
3097.228
3097.228
3090.967
3090.967
3090.967
3071.793
3071.793
3071.793
3071.793
3090.967
3070.462
3090.967
3090.967
3042.217
3073.196
3073.978
3073.978
3137.37
3137.37
3137.37
3137.37
3137.37
3137.37
3137.37
3137.37
3137.37
3137.37
3199.978
3199.978
3230.957
3233.277
3236.755
3256.321
3256.321
3256.321
3256.321
3269.712
3291.364
3298.06
3300.886
3334.603
3344.386
3352.799
3356.755
3341.103
3341.103
3309.261
3309.261
3309.261
3309.261
3309.261
3307.304
3307.304
3307.304
3307.304
3307.304
3307.304
3307.304
3307.304
3307.304
3309.261
3309.261
3309.261
3309.261
3309.261
3295.87
3274.217
3267.522
3264.696
3230.978
3221.196
3212.783
3208.826
3222.217
3222.217
3228.913
3231.739
3231.739
3231.739
3231.739
3231.739
3198.022
3189.054
3189.054
3215.957
3215.957
3215.957
3153.348
3122.37
3121.587
3121.587
3121.587
3090.609
3027.217
3024.897
3021.418
3052.397
3032.832
3032.832
3033.614
3033.614
3033.614
3097.005
3097.005
3097.005
3097.005
3097.005
3097.005
3097.005
3097.005
3116.571
3116.571
3116.571
3116.571
3108.158
3061.527
3060.527
3047.136
3047.136
3040.44
3037.614
3037.614
3037.614
3037.614
3037.614
3037.614
3018.44
3018.44
3018.44
3020.397
3026.658
3111.114
3111.114
3111.114
3132.766
3132.766
3139.462
3142.288
3142.288
3142.288
3142.288
3142.288
3142.288
3142.288
3142.288
3120.636
3113.94
3111.114
3111.114
3111.114
3111.114
3111.114
3111.114
3132.766
3139.462
3139.462
3139.462
3139.462
3139.462
3139.462
3162.418
3162.418
3162.418
3159.288
3194.859
3194.859
3194.859
3194.859
3194.859
3194.859
3175.293
3175.293
3175.293
3175.293
3175.293
3175.293
3206.272
3206.272
3206.272
3225.837
3225.837
3225.837
3225.837
3310.098
3310.098
3318.277
3336.473
3305.495
3304.712
3304.712
3241.321
3272.299
3273.082
3273.082
3336.473
3336.473
3336.473
3336.473
3314.821
3308.125
3308.125
3308.125
3308.125
3308.125
3308.125
3308.125
3329.777
3329.777
3329.777
3329.777
3329.777
3329.777
3329.777
3329.777
3317.304
3317.304
3317.304
3317.304
3295.652
3295.652
3295.652
3295.652
3295.652
3295.652
3295.652
3295.652
3295.652
3302.348
3305.174
3305.174
3305.174
3305.174
3305.174
3305.174
3305.174
3274.196
3274.196
3274.196
3254.63
3254.63
3254.63
3254.63
3317.239
3317.239
3348.217
3348.217
3348.217
3367.783
3367.783
3367.783
3390.739
3384.478
3300.022
3300.022
3300.022
3306.283
3390.739
3390.739
3409.913
3378.935
3378.152
3378.152
3314.761
3345.739
3346.522
3346.522
3346.522
3346.522
3346.522
3346.522
3346.522
3346.522
3355.489
3348.793
3345.967
3345.967
3345.967
3345.967
3345.967
3359.359
3381.011
3387.707
3390.533
3424.25
3434.033
3442.446
3446.402
3446.402
3464.598
3531.897
3469.288
3469.288
3438.31
3438.31
3438.31
3418.745
3418.745
3418.745
3395.788
3458.397
3458.397
3458.397
3458.397
3458.397
3477.962
3477.962
3477.962
3500.918
3500.918
3487.527
3465.875
3459.179
3456.353
3422.636
3412.853
3404.44
3400.484
3413.875
3435.527
3442.223
3445.049
3478.766
3478.766
3487.179
3487.179
3456.201
3455.418
3455.418
3455.418
3455.418
3456.201
3456.201
3456.201
3456.201
3475.766
3437.505
3417.114
3417.114
3403.723
3382.071
3375.375
3372.549
3338.832
3338.832
3330.418
3330.418
3330.418
3352.071
3358.766
3361.592
3361.592
3361.592
3361.592
3361.592
3361.592
3355.332
3270.875
3270.875
3251.701
3189.092
3189.092
3189.092
3189.092
3189.092
3169.527
3169.527
3169.527
3146.571
3209.179
3209.179
3240.158
3240.158
3243.636
3243.636
3243.636
3243.636
3243.636
3243.636
3242.853
3242.853
3221.201
3221.201
3214.505
3214.505
3211.679
3211.679
3242.658
3243.44
3243.44
3243.44
3243.44
3243.44
3243.44
3243.44
3265.092
3271.788
3274.614
3308.332
3308.332
3308.332
3308.332
3375.63
3369.239
3353.587
3353.587
3353.587
3331.935
3325.239
3322.413
3288.696
3288.696
3288.696
3288.696
3226.087
3226.087
3195.109
3195.109
3191.63
3191.63
3191.63
3191.63
3191.63
3191.63
3191.63
3189.038
3158.06
3157.277
3157.277
3157.277
3166.147
3166.147
3166.147
3166.147
3166.147
3166.147
3166.147
3166.147
3166.147
3164.19
3164.19
3164.19
3205.929
3237.772
3281.576
3281.576
3348.875
3348.875
3350.832
3363.304
3369.565
3321.435
3321.435
3330.402
3298.56
3291.864
3291.864
3291.864
3291.864
3291.864
3293.821
3293.821
3292.255
3298.951
3302.908
3302.908
3302.908
3302.908
3302.908
3304.473
3270.755
3270.755
3267.277
3267.277
3300.995
3300.995
3304.473
3304.473
3292
3174.283
3174.283
3174.283
3174.283
3161.533
3161.533
3161.533
3224.924
3223.359
3231.772
3231.772
3207.467
3205.902
3156.989
3150.293
3146.337
3130.685
3107.728
3107.728
3114.424
3114.424
3118.38
3134.033
3156.989
3169.462
3208.049
3204.571
3204.571
3204.571
3204.571
3212.625
3212.625
3212.625
3211.06
3211.06
3211.06
3211.06
3211.06
3217.967
3242.272
3242.272
3246.228
3247.793
3247.793
3247.793
3255.973
3255.973
3302.603
3312.386
3312.386
3325.777
3325.777
3331.505
3331.505
3331.505
3304.875
3312.929
3312.929
3315.821
3313.228
3313.228
3319.489
3319.489
3319.489
3331.152
3331.152
3331.152
3354.109
3354.109
3347.717
3347.717
3348.5
3348.5
3328.935
3328.935
3309.761
3268.022
3236.179
3192.375
3192.375
3125.076
3125.076
3123.12
3110.647
3104.386
3087.386
3087.386
3087.386
3087.386
3087.386
3087.386
3087.386
3089.342
3089.342
3095.603
3112.603
3130.799
3130.799
3130.799
3013.082
3013.082
3046.408
3116.06
3116.06
3118.652
3118.652
3118.652
3118.652
3098.147
3118.652
3118.652
3119.685
2948.353
2948.353
2948.353
2956.082
2973.082
2975.973
2987.125
3008.777
3033.082
3041.495
3062
3063
3057.272
3057.272
3057.272
3058.054
3050.326
3033.326
3030.435
3019.283
2997.63
2973.326
2964.913
2944.408
2952.136
2969.136
2972.027
2972.027
2993.679
2985.625
3009.929
3018.342
3018.342
3017.56
3017.56
3018.342
3021.234
3009.571
3009.571
2990.397
2982.668
2965.668
2962.777
2962.777
2941.125
2916.821
2908.408
2908.408
2916.136
2933.136
2936.027
2947.179
2968.832
2993.136
3001.549
3001.549
3001.549
3001.549
3001.549
2993.821
2976.821
2973.929
2962.777
2941.125
2916.821
2908.408
2908.408
2916.136
2916.136
2916.136
2916.136
2916.136
2916.136
2924.549
2924.549
2917.853
2910.125
2910.125
2910.125
2910.125
2910.125
2910.125
2901.712
2901.712
2909.44
2926.44
2929.332
2940.484
2940.484
2964.788
2964.788
2964.788
2964.788
2964.788
2957.06
2940.06
2937.168
2926.016
2926.016
2901.712
2901.712
2901.712
2909.44
2909.44
2909.44
2909.44
2909.44
2909.44
2917.853
2917.853
2918.636
2910.908
2910.908
2910.908
2910.908
2910.908
2910.908
2902.495
2902.495
2910.223
2927.223
2927.223
2927.223
2927.223
2927.223
2935.636
2935.636
2915.245
2925.027
2962.723
2970.902
2970.902
2963.174
2946.174
2946.174
2946.174
2946.174
2946.174
2937.761
2937.761
2945.489
2962.489
2965.38
2965.38
2987.033
3011.337
3019.75
3040.255
3009.277
2992.386
2988.908
2962.277
2954.549
2937.549
2934.658
2934.658
2913.005
2888.701
2880.288
2859.783
2839.674
2839.674
2839.674
2839.674
2842.5
2842.5
2842.5
2852.283
2852.283
2852.283
2852.283
2852.283
2852.283
2886.326
2950.239
2970.63
2970.63
2986.283
2985.5
2982.609
2983.391
2983.391
2983.391
2976.484
2976.484
2976.484
2976.484
2995.071
2995.071
2995.071
2995.071
2993.114
2993.114
2986.853
2986.853
2986.853
2986.853
2986.853
2986.853
2986.853
2988.81
2988.81
2988.81
2988.81
2988.81
2988.81
2988.81
2985.984
2985.984
2985.984
2985.984
2985.984
2985.984
2985.984
2985.984
2988.81
2988.81
2988.81
2997.223
2997.223
3003.614
2995.435
2995.435
2995.435
2995.435
2992.609
2992.609
2992.609
2984.196
2984.196
2997.587
3019.239
3025.935
3028.761
3062.478
3072.261
3080.674
3080.674
3080.674
3080.674
3093.147
3096.277
3096.277
3119.234
3105.842
3084.19
3077.495
3074.668
3040.951
3031.168
3022.755
3022.755
3022.755
3044.408
3051.103
3053.929
3053.929
3053.929
3062.342
3062.342
3062.342
3015.712
3015.712
3013.12
3013.12
3013.12
3059.75
3059.75
3062.342
3062.342
3062.342
3085.299
3085.299
3063.647
3056.951
3054.125
3054.125
3054.125
3045.712
3045.712
3045.712
3067.364
3074.06
3076.886
3110.603
3120.386
3128.799
3128.799
3128.799
3142.19
3190.321
3180.538
3180.538
3180.538
3180.538
3180.538
3146.495
3082.582
3062.19
3062.19
3046.538
3056.321
3056.321
3056.321
3056.321
3090.364
3090.364
3110.755
3110.755
3126.408
3126.408
3149.364
3176.266
3176.266
3238.875
3265.505
3265.505
3273.234
3273.234
3251.582
3244.886
3242.06
3208.342
3198.56
3190.147
3190.147
3190.147
3211.799
3211.799
3214.625
3214.625
3214.625
3223.038
3223.038
3216.777
3216.777
3215.995
3215.995
3215.995
3215.995
3213.674
3212.109
3212.109
3190.457
3190.457
3187.63
3187.63
3187.63
3179.217
3179.217
3192.609
3214.261
3220.957
3223.783
3257.5
3267.283
3275.696
3279.652
3279.652
3281.609
3281.609
3281.609
3281.609
3280.576
3280.576
3280.576
3267.185
3245.533
3238.837
3236.011
3202.293
3192.511
3184.098
3180.141
3180.141
3201.793
3208.489
3211.315
3211.315
3211.315
3219.728
3219.728
3219.728
3223.207
3223.207
3223.207
3221.495
3188.168
3188.168
3166.516
3159.821
3156.995
3156.995
3156.995
3148.582
3148.582
3161.973
3183.625
3190.321
3193.147
3226.864
3236.647
3234.935
3243.348
3243.348
3243.348
3233.565
3233.565
3233.565
3233.565
3199.522
3199.522
3179.13
3179.13
3163.478
3173.261
3173.261
3173.261
3173.261
3173.261
3173.261
3173.261
3173.261
3188.913
3182.217
3178.261
3162.609
3139.652
3127.179
3113.788
3092.136
3085.44
3082.614
3048.897
3039.114
3030.701
3030.701
3030.701
3030.701
3030.701
3033.527
3033.527
3033.527
3033.527
3033.527
3052.359
3052.359
3052.359
3052.359
3052.359
3052.359
3049.533
3049.533
3049.533
3049.533
3049.533
3016.207
2946.554
2946.554
2943.962
2943.962
2943.962
2943.962
2977.288
3046.94
3048.897
3051.489
3135.946
3159.228
3159.228
3178.402
3178.402
3210.245
3210.245
3210.245
3210.245
3211.027
3211.027
3211.027
3211.027
3211.027
3211.027
3211.027
3211.027
3211.027
3209.071
3209.071
3209.071
3209.071
3240.913
3240.913
3240.913
3240.913
3303.522
3305.478
3305.478
3305.478
3322.37
3318.413
3318.413
3315.587
3319.543
3322.37
3300.717
3276.413
3276.413
3276.413
3269.505
3245.201
3245.201
3241.245
3239.679
3239.679
3239.679
3239.679
3239.679
3239.679
3239.679
3239.679
3239.679
3241.245
3241.245
3241.245
3231.462
3231.462
3231.462
3231.462
3231.462
3231.462
3231.462
3231.462
3215.81
3215.81
3215.81
3215.81
3215.81
3215.81
3215.81
3215.81
3215.81
3231.462
3218.989
3218.989
3239.098
3239.098
3230.685
3230.685
3230.685
3230.685
3219.022
3219.022
3216.196
3216.196
3216.196
3216.196
3216.196
3219.022
3193.587
3192.804
3192.804
3192.804
3172.696
3166.435
3166.435
3157.467
3157.467
3175.663
3175.663
3186.815
3197.69
3196.908
3196.908
3197.69
3197.69
3178.125
3157.62
3178.125
3178.125
3178.125
3178.125
3178.125
3178.125
3178.125
3178.125
3178.125
3178.125
3178.125
3178.125
3178.125
3162.473
3155.777
3151.821
3151.821
3151.821
3151.821
3151.821
3150.255
3156.951
3160.908
3160.908
3181.016
3181.016
3181.016
3182.582
3185.473
3185.473
3185.473
3188.603
3161.701
3158.875
3158.875
3158.875
3158.875
3158.875
3158.875
3192.592
3192.592
3192.592
3202.375
3202.375
3202.375
3202.375
3203.408
3203.408
3209.668
3209.668
3209.668
3210.701
3219.668
3185.951
3185.951
3182.473
3182.473
3182.473
3181.69
3181.69
3182.473
3185.364
3185.364
3185.364
3153.522
3153.522
3153.522
3153.522
3090.913
3088.957
3088.957
3088.957
3088.957
3088.957
3088.957
3088.957
3088.957
3088.957
3090.913
3090.913
3090.913
3090.913
3090.913
3090.913
3090.913
3090.913
3081.13
3081.13
3081.13
3081.13
3080.098
3080.098
3073.837
3073.837
3073.837
3083.62
3114.598
3114.598
3114.598
3115.63
3136.022
3136.022
3136.022
3169.348
3169.348
3169.348
3169.348
3169.348
3165.391
3165.391
3165.391
3156.978
3145.315
3145.315
3135.533
3104.554
3104.554
3104.554
3103.522
3083.13
3083.13
3083.13
3083.13
3092.913
3123.891
3123.891
3123.891
3124.924
3124.924
3124.924
3124.924
3090.88
3090.88
3090.88
3089.315
3109.821
3118.234
3118.234
3118.234
3118.234
3117.451
3114.56
3115.342
3115.342
3115.342
3117.299
3117.299
3137.804
3137.804
3137.804
3156
3168.473
3168.473
3168.473
3135.147
3065.495
3063.538
3060.946
2976.489
2953.207
2953.207
2936.207
2936.207
2936.207
2936.207
2936.207
2936.207
2936.207
2936.207
2936.207
2936.207
2936.207
2936.207
2936.207
2936.207
2998.815
3007.685
3018.837
3082.228
3102.734
3102.734
3102.734
3110.788
3104.092
3104.092
3094.31
3063.332
3063.332
3063.332
3062.299
3062.299
3062.299
3062.299
3062.299
3062.299
3062.299
3062.299
3062.299
3062.299
3062.299
3062.299
3062.299
3062.299
3062.299
3062.299
3073.962
3073.962
3053.457
3053.457
3053.457
3035.261
3022.788
3022.788
3022.788
3022.788
3043.293
3043.293
3043.293
3043.293
3043.293
3043.293
3043.293
3035.239
3048.63
3048.63
3016.788
3016.788
3016.788
3016.788
3016.788
3016.788
3016.788
3016.788
3016.788
3016.788
3016.788
3016.788
3016.788
3026.571
3057.549
3057.549
3057.549
3058.582
3058.582
3058.582
3058.582
3058.582
3058.582
3058.582
3058.582
3058.582
3058.582
3058.582
3056.625
3056.625
3056.625
3056.625
3088.467
3132.272
3132.272
3132.272
3132.272
3132.272
3134.228
3134.228
3134.228
3169.989
3157.516
3157.516
3156.734
3136.228
3136.228
3136.228
3137.011
3137.011
3137.011
3137.011
3137.011
3137.011
3137.011
3137.011
3137.011
3137.011
3137.011
3137.011
3137.011
3137.011
3137.011
3131.283
3122.315
3124.272
3102.62
3104.332
3104.332
3104.332
3104.332
3104.332
3122.918
3122.918
3122.918
3129.614
3120.745
3123.571
3123.571
3123.571
3123.571
3123.571
3121.614
3118.788
3118.788
3118.788
3109.005
3078.027
3078.027
3078.027
3076.995
3076.995
3076.995
3068.94
3068.94
3068.94
3078.723
3078.723
3078.723
3078.723
3078.723
3079.755
3100.147
3100.147
3093.451
3093.451
3093.451
3090.625
3090.625
3090.625
3090.625
3090.625
3090.625
3090.625
3097.321
3100.147
3100.147
3100.147
3108.56
3108.56
3108.56
3108.56
3108.56
3108.56
3108.56
3108.56
3108.56
3108.56
3108.56
3146.255
3166.761
3210.565
3210.565
3228.761
3228.761
3228.761
3228.761
3228.761
3228.761
3228.761
3245.652
3245.652
3245.652
3238.957
3236.13
3236.13
3236.13
3227.717
3227.717
3227.717
3227.717
3227.717
3230.543
3230.543
3230.543
3230.543
3230.543
3210.038
3210.038
3210.038
3210.038
3210.038
3210.038
3210.038
3207.212
3207.212
3207.212
3207.212
3207.212
3207.212
3207.212
3213.908
3216.734
3216.734
3216.734
3216.734
3216.734
3213.603
3222.571
3222.571
3184.875
3164.37
3120.565
3120.565
3102.37
3102.37
3102.37
3102.37
3102.37
3102.37
3102.37
3102.37
3102.37
3102.37
3102.37
3102.37
3102.37
3092.587
3092.587
3092.587
3092.587
3091.554
3071.163
3071.163
3071.163
3071.163
3080.946
3080.946
3080.946
3080.946
3081.978
3102.37
3102.37
3102.37
3102.886
3102.886
3102.886
3096.19
3093.364
3093.364
3104.516
3104.516
3104.516
3104.516
3117.908
3139.56
3146.255
3149.082
3182.799
3182.799
3182.799
3182.799
3182.799
3182.799
3182.799
3182.799
3182.799
3185.391
3185.391
3185.391
3185.391
3185.391
3185.391
3182.799
3182.016
3182.016
3166.364
3166.364
3152.973
3131.321
3124.625
3121.799
3088.082
3088.082
3088.082
3088.082
3101.473
3123.125
3129.821
3132.647
3166.364
3176.147
3184.56
3184.56
3150.842
3133.842
3120.451
3098.799
3092.103
3089.277
3089.277
3055.56
3055.56
3045.777
3045.777
3037.364
3037.364
3037.364
3037.364
3037.364
3050.755
3072.408
3072.408
3072.408
3079.103
3081.929
3115.647
3125.429
3133.842
3137.799
3139.511
3139.511
3129.728
3129.728
3129.728
3129.728
3128.696
3108.304
3108.304
3108.304
3108.304
3118.087
3149.065
3149.065
3149.065
3150.098
3170.489
3170.489
3170.489
3157.098
3135.446
3128.75
3125.924
3092.207
3082.424
3074.011
3070.054
3083.446
3105.098
3111.793
3114.62
3114.62
3114.62
3114.62
3114.62
3117.446
3096.94
3096.94
3096.94
3096.94
3096.94
3096.94
3096.94
3095.375
3095.375
3095.375
3095.375
3095.375
3102.283
3126.587
3126.587
3126.587
3128.152
3128.152
3128.152
3125.326
3125.326
3158.652
3145.261
3123.609
3116.913
3114.087
3114.087
3114.087
3114.087
3114.087
3127.478
3149.13
3155.826
3158.652
3158.652
3158.652
3158.652
3158.652
3158.652
3138.147
3122.495
3122.495
3122.495
3109.103
3087.451
3080.755
3077.929
3077.929
3077.929
3077.929
3077.929
3077.929
3099.582
3106.277
3106.277
3106.277
3106.277
3106.277
3106.277
3068.582
3068.582
3068.582
3036.739
2992.935
2992.935
2992.935
2992.935
2990.978
2990.978
2990.978
2990.978
2990.978
2990.978
2990.978
2990.978
2990.978
2992.935
2992.935
2999.196
3003.152
3003.152
3000.56
3000.56
3000.56
2990.777
2959.799
2959.799
2959.799
2958.766
2938.375
2938.375
2938.375
2938.375
2938.375
2948.158
2948.158
2948.158
2948.158
2949.19
2949.19
2955.451
2955.451
2955.451
2955.451
2933.799
2927.103
2927.103
2927.103
2927.103
2927.103
2927.103
2927.103
2927.103
2927.103
2907.929
2907.929
2861.299
2861.299
2858.707
2858.707
2858.707
2856.75
2856.75
2846.967
2846.967
2846.967
2846.967
2845.935
2845.935
2839.674
2839.674
2886.304
2886.304
2886.304
2886.304
2886.304
2913.207
2976.598
2976.598
2967.63
2967.63
2967.63
2969.587
2969.587
2969.587
2969.587
2969.587
2969.587
2969.587
2969.587
3039.239
3039.239
3070.217
3071
3108.663
3172.054
3172.054
3164
3177.239
3190.63
3207.522
3207.522
3215.576
3217.288
3186.31
3185.527
3147.864
3084.473
3115.451
3116.234
3116.234
3116.234
3105.359
3104.842
3110.571
3110.571
3127.462
3127.462
3114.989
3084.011
3083.228
3083.228
3083.228
3083.228
3084.011
3084.011
3084.011
3104.402
3104.402
3104.402
3131.033
3131.033
3131.033
3131.033
3131.033
3131.033
3131.033
3129.076
3129.076
3122.815
3131.783
3125.087
3121.13
3121.13
3101.022
3101.022
3101.022
3099.457
3099.457
3099.457
3097.891
3118.283
3118.283
3117.5
3117.5
3117.5
3117.5
3118.283
3118.283
3118.283
3118.283
3164.913
3251
3251
3237.761
3237.761
3259.413
3256.821
3319.429
3310.462
3310.462
3309.679
3309.679
3309.679
3309.679
3310.462
3310.462
3310.462
3326.114
3347.766
3349.478
3356.386
3360.342
3360.342
3360.342
3329.364
3329.364
3329.364
3328.582
3328.582
3328.582
3328.582
3329.364
3329.364
3329.364
3329.364
3297.522
3297.522
3297.522
3297.522
3297.522
3297.522
3277.016
3292.668
3292.668
3292.668
3292.668
3292.668
3292.668
3292.668
3292.668
3292.668
3277.016
3277.016
3277.016
3213.625
3213.625
3213.625
3212.842
3212.842
3212.842
3212.842
3214.799
3205.929
3205.929
3188.929
3188.929
3188.929
3190.641
3190.641
3190.641
3190.641
3190.641
3190.641
3190.641
3141.891
3108.565
3108.565
3092.913
3102.696
3102.696
3102.696
3075.793
3075.793
3075.793
3075.793
3060.141
3058.185
3096.772
3096.772
3096.772
3118.424
3125.12
3127.946
3161.663
3161.663
3170.076
3170.076
3171.641
3168.511
3170.467
3178.647
3178.647
3178.647
3169.679
3169.679
3169.679
3148.027
3141.332
3138.505
3104.788
3104.788
3096.375
3096.375
3109.766
3131.418
3138.114
3140.94
3174.658
3184.44
3192.853
3192.853
3212.962
3212.962
3148.527
3135.136
3113.484
3106.788
3103.962
3070.245
3060.462
3052.049
3052.049
3052.049
3073.701
3080.397
3083.223
3083.223
3083.223
3091.636
3091.636
3075.984
3074.951
3074.951
3053.299
3046.603
3043.777
3043.777
3043.777
3035.364
3035.364
3048.755
3070.408
3077.103
3079.929
3113.647
3123.429
3131.842
3131.842
3138.234
3138.234
3149.897
3148.185
3154.576
3141.185
3119.533
3112.837
3110.011
3110.011
3076.293
3066.511
3058.098
3058.098
3071.489
3093.141
3099.837
3102.663
3102.663
3102.663
3111.076
3111.076
3111.076
3111.076
3104.168
3079.864
3079.864
3079.864
3078.299
3078.299
3078.299
3081.777
3081.777
3088.685
3112.989
3112.989
3112.989
3114.554
3114.554
3114.554
3127.793
3158.772
3150.592
3150.592
3173.549
3257.81
3266.777
3266.777
3286.342
3293.25
3293.25
3320.152
3320.152
3320.152
3320.152
3320.152
3320.152
3320.152
3320.152
3328.332
3314.94
3293.288
3286.592
3283.766
3283.766
3283.766
3275.353
3275.353
3288.745
3310.397
3317.092
3319.918
3353.636
3363.418
3371.832
3371.832
3371.832
3396.136
3382.745
3361.092
3354.397
3351.571
3317.853
3308.071
3299.658
3299.658
3299.658
3321.31
3328.005
3330.832
3330.832
3330.832
3330.832
3330.832
3349.418
3368.005
3365.114
3365.114
3343.462
3336.766
3333.94
3333.94
3333.94
3333.94
3333.94
3333.94
3355.592
3362.288
3365.114
3365.114
3365.114
3365.114
3365.114
3365.114
3370.842
3362.788
3362.788
3362.788
3341.136
3334.44
3331.614
3331.614
3331.614
3331.614
3331.614
3331.614
3353.266
3359.962
3362.788
3396.505
3396.505
3396.505
3396.505
3395.723
3380.647
3380.647
3358.995
3352.299
3349.473
3315.755
3315.755
3315.755
3314.043
3314.043
3314.043
3314.043
3314.043
3327.435
3327.435
3349.087
3349.087
3355.783
3355.783
3358.609
3358.609
3392.326
3392.326
3412.435
3420.848
3422.56
3422.56
3422.56
3422.56
3458.13
3458.13
3458.13
3458.13
3458.13
3458.13
3458.13
3458.13
3431.228
3417.837
3396.185
3389.489
3386.663
3352.946
3352.946
3344.533
3344.533
3337.625
3358.13
3358.13
3358.13
3422.043
3423.043
3423.043
3423.043
3424.609
3420.652
3417.826
3421.783
3424.609
3424.609
3448.913
3450.625
3483.951
3483.951
3483.951
3483.951
3483.951
3483.951
3490.342
3490.342
3514.647
3527.886
3527.886
3526.321
3526.321
3526.321
3526.321
3526.321
3533.228
3533.228
3534.261
3534.261
3534.261
3531.13
3531.13
3531.13
3531.13
3531.13
3568.826
3568.826
3559.859
3590.837
3583.109
3567.457
3545.804
3545.804
3567.457
3567.457
3569.168
3555.929
3582.832
3582.832
3515.533
3517.489
3494.533
3494.533
3494.533
3494.533
3446.402
3446.402
3446.402
3426.837
3426.837
3426.837
3429.728
3445.38
3436.413
3436.413
3436.413
3432.457
3432.457
3405.826
3385.717
3384.005
3384.005
3384.005
3348.435
3348.435
3348.435
3348.435
3368.543
3370.255
3370.255
3370.255
3370.255
3370.255
3370.255
3370.255
3370.255
3306.342
3306.342
3306.342
3306.342
3306.342
3323.234
3323.234
3323.234
3331.647
3334.473
3332.516
3335.647
3313.995
3313.995
3338.299
3365.201
3365.201
3414.114
3414.114
3414.114
3414.114
3414.114
3437.071
3437.071
3399.375
3399.375
3393.647
3393.647
3431.342
3431.342
3431.342
3431.342
3424.435
3366.783
3358.728
3350.549
3350.549
3350.549
3342.37
3342.37
3325.37
3363.065
3300.457
3291.587
3280.435
3217.043
3196.538
3196.538
3196.538
3196.538
3205.408
3205.408
3205.408
3205.408
3205.408
3205.408
3205.408
3205.408
3167.147
3167.147
3187.538
3185.826
3185.826
3185.826
3185.826
3201.478
3201.478
3233.321
3233.321
3233.321
3229.842
3229.842
3222.935
3198.63
3198.63
3198.63
3197.065
3197.065
3197.065
3197.065
3197.065
3203.973
3228.277
3228.277
3232.234
3233.799
3251.995
3251.995
3242.212
3242.212
3242.212
3253.875
3253.875
3253.875
3260.266
3266.527
3249.527
3249.527
3249.527
3249.527
3242.832
3242.832
3242.832
3242.832
3222.723
3221.011
3221.011
3221.011
3221.011
3221.011
3221.011
3221.011
3221.011
3221.011
3198.054
3179.467
3181.424
3193.087
3193.087
3230.783
3230.783
3251.174
3251.174
3264.413
3258.022
3258.022
3220.326
3220.326
3220.326
3220.326
3220.326
3223.457
3223.457
3234.609
3233.826
3233.826
3258.13
3249.951
3231.755
3231.755
3231.755
3231.755
3231.755
3231.755
3231.755
3228.929
3235.321
3168.022
3168.022
3205.717
3290.174
3294.13
3286.076
3286.076
3288.033
3291.163
3291.163
3291.163
3291.163
3272.967
3276.098
3276.098
3254.446
3270.098
3270.098
3270.098
3270.098
3303.815
3322.402
3342.908
3345.734
3394.484
3421.114
3441.505
3450.473
3442.06
3430.397
3450.902
3459.772
3461.484
3461.484
3461.484
3461.484
3461.484
3461.484
3461.484
3461.484
3453.071
3453.071
3453.071
3453.071
3441.918
3441.918
3441.918
3440.353
3441.136
3468.038
3468.038
3490.995
3490.995
3490.995
3490.995
3490.995
3490.995
3529.582
3529.582
3535.973
3535.973
3535.19
3532.299
3532.299
3511.793
3522.668
3522.668
3522.668
3504.473
3504.473
3504.473
3501.88
3501.88
3501.88
3501.88
3501.88
3501.88
3504.473
3520.125
3520.125
3553.451
3573.842
3573.842
3573.842
3565.663
3532.337
3540.391
3540.391
3542.348
3542.348
3540.783
3540.783
3540.783
3517.826
3517.826
3530.576
3527.098
3527.098
3506.989
3509.88
3509.88
3508.88
3511.473
3477.755
3477.755
3477.755
3477.755
3466.092
3456.31
3456.31
3456.31
3449.402
3425.098
3425.098
3421.141
3419.576
3401.38
3401.38
3401.38
3401.38
3401.38
3401.38
3383.185
3383.185
3383.185
3402.75
3402.75
3402.75
3402.75
3318.489
3309.522
3309.522
3289.957
3283.049
3283.049
3256.147
3256.147
3256.147
3265.114
3265.114
3284.679
3284.679
3284.679
3284.679
3284.679
3311.582
3292.016
3292.016
3290.304
3298.359
3275.402
3275.402
3275.402
3275.402
3275.402
3275.402
3227.272
3227.272
3227.272
3236.239
3254.826
3245.859
3276.837
3276.837
3275.837
3294.033
3278.38
3278.38
3294.033
3315.685
3315.685
3316.201
3316.201
3316.201
3316.201
3339.158
3370.136
3370.136
3370.136
3285.875
3277.005
3241.245
3239.288
3245.549
3245.549
3245.549
3245.549
3241.592
3241.592
3263.245
3199.853
3199.853
3208.821
3218.603
3216.647
3216.647
3216.647
3216.647
3263.277
3255.223
3255.223
3254.19
3250.234
3247.408
3251.364
3254.19
3263.158
3263.158
3263.158
3263.158
3263.158
3263.158
3178.897
3178.897
3200.549
3200.549
3200.549
3200.549
3200.549
3200.549
3200.549
3200.549
3238.245
3221.353
3182.766
3182.766
3173.799
3173.799
3173.799
3192.973
3192.973
3191.016
3215.321
3151.929
3195.734
3176.902
3141.332
3127.94
3127.94
3127.94
3139.603
3139.603
3092.973
3095.864
3112.864
3113.897
3113.897
3113.897
3127.136
3127.136
3127.136
3139.609
3139.609
3139.609
3139.609
3139.609
3139.609
3139.609
3257.326
3289.168
3295.429
3295.429
3318.386
3285.06
3277.005
3277.005
3277.005
3346.658
3333.266
3333.266
3333.266
3320.027
3320.027
3320.027
3320.027
3320.027
3320.027
3340.418
3340.418
3356.071
3356.071
3356.071
3394.658
3381.266
3381.266
3358.31
3358.31
3356.353
3343.88
3330.489
3311.902
3311.902
3330.489
3330.489
3330.489
3330.489
3330.489
3329.457
3329.457
3336.364
3326.582
3323.451
3332.418
3332.418
3329.527
3353.832
3353.832
3351.005
3335.353
3313.701
3329.353
3351.005
3330.897
3330.897
3322.027
3322.027
3322.027
3322.027
3322.027
3322.027
3322.027
3330.897
3330.897
3330.897
3351.402
3351.402
3351.402
3362.554
3354.375
3352.81
3366.049
3366.049
3366.049
3345.658
3359.049
3359.049
3405.679
3405.679
3454.429
3455.995
3455.995
3454.283
3454.283
3448.554
3468.946
3468.946
3468.946
3477.359
3477.359
3477.359
3478.924
3478.924
3512.641
3512.641
3512.641
3512.641
3521.511
3519.554
3513.163
3511.207
3494.315
3488.054
3488.054
3499.207
3476.25
3476.25
3475.467
3483.522
3483.522
3546.13
3548.723
3548.723
3546.766
3548.478
3540.299
3540.299
3549.266
3549.266
3517.424
3537.533
3520.533
3520.533
3520.533
3508.87
3511.19
3560.103
3526.777
3562.538
3562.538
3562.538
3562.538
3551.386
3554.212
3574.717
3574.717
3574.717
3581.109
3583.065
3545.37
3545.37
3558.609
3511.978
3485.076
3485.076
3422.467
3395.837
3395.837
3388.109
3388.109
3389.674
3389.674
3370.5
3376.761
3408.603
3408.603
3408.603
3408.603
3408.603
3431.56
3423.147
3423.147
3426.277
3450.582
3477.484
3490.723
3490.723
3469.071
3469.071
3475.978
3524.109
3526.065
3528.217
3528.217
3543.87
3516.967
3470.337
3488.924
3488.924
3511.88
3511.88
3534.837
3583.75
3572.875
3572.875
3572.875
3572.875
3569.745
3581.408
3581.408
3581.408
3581.408
3572.44
3597.875
3597.875
3597.875
3597.875
3597.875
3573.571
3573.571
3622.321
3606.668
3585.016
3579.288
3579.288
3569.505
3577.685
3577.685
3577.685
3577.685
3594.685
3590.728
3567.772
3559.592
3559.592
3550.625
3550.625
3531.06
3531.06
3531.06
3531.06
3531.06
3615.321
3624.288
3624.288
3643.853
3650.761
3650.761
3677.663
3677.663
3677.663
3677.663
3683.391
3710.022
3694.37
3694.37
3694.37
3687.462
3687.462
3688.495
3688.495
3671.603
3671.603
3671.603
3671.603
3671.603
3674.734
3683.701
3683.701
3684.217
3682.505
3682.505
3663.918
3663.918
3657.011
3640.12
3640.12
3642.076
3642.076
3642.076
3651.043
3651.043
3651.043
3634.152
3634.152
3634.152
3636.745
3636.745
3616.353
3585.375
3596.527
3616.918
3616.918
3615.207
3607.152
3607.152
3607.935
3598.967
3598.967
3529.315
3531.908
3531.908
3529.082
3564.652
3564.652
3562.696
3562.696
3565.288
3565.288
3565.288
3565.288
3544.783
3544.783
3544.783
3544.783
3544.783
3553.652
3553.652
3553.652
3564.804
3531.478
3528.886
3513.234
3513.234
3479.908
3459.516
3459.516
3462.109
3477.761
3477.761
3477.761
3477.761
3477.761
3500.717
3500.717
3507.109
3507.109
3507.109
3507.109
3503.152
3500.326
3504.283
3507.109
3550.913
3550.913
3548.022
3521.391
3521.391
3555.435
3555.435
3555.435
3555.435
3555.435
3532.478
3520.815
3520.815
3500.424
3500.424
3489.272
3476.033
3438.337
3438.337
3375.728
3367.315
3367.315
3328.728
3328.728
3264.815
3264.815
3264.033
3264.033
3262.321
3213.408
3211.842
3199.092
3113.005
3112.489
3092.098
3065.196
3065.196
3065.196
3065.196
3065.196
3046.609
3046.609
3042.652
3027
3027
3025.288
3025.288
3025.288
3023.332
3023.332
3023.332
3023.332
3023.332
3014.462
3014.462
3014.462
2993.957
2993.957
2993.957
2987.565
2987.565
2987.565
2963.261
2956.87
2956.87
2943.63
2943.63
2937.37
2852.913
2850.957
2850.957
2850.957
2802.207
2802.207
2775.304
2775.304
2775.304
2775.304
2775.304
2768.913
2768.913
2768.913
2768.913
2768.913
2765.783
2765.783
2765.783
2747.196
2736.321
2736.321
2736.321
2736.321
2618.603
2586.761
2580.5
2698.217
2730.06
2736.321
2735.321
2732.19
2732.19
2732.19
2732.19
2732.19
2730.234
2730.234
2723.842
2720.712
2714.321
2714.321
2714.321
2713.288
2712.255
2712.255
2712.255
2627.995
2619.027
2619.027
2599.462
2592.554
2592.554
2592.554
2565.652
2565.652
2565.652
2574.62
2574.62
2594.185
2601.092
2601.092
2627.995
2627.995
2614.755
2603.092
2582.701
2579.81
2542.114
2526.462
2495.484
2495.484
2493.527
2493.527
2493.527
2493.527
2493.527
2490.935
2490.935
2471.37
2471.37
2444.467
2444.467
2420.163
2412.109
2412.109
2381.13
2342.543
2342.543
2342.543
2336.152
2328.098
2281.467
2250.489
2241.522
2241.522
2241.522
2241.522
2241.522
2241.522
2229.859
2229.859
2223.467
2223.467
2203.076
2194.663
2183
2183
2183
2183
2183
2181.043
2181.043
2181.043
2160.652
2160.652
2159.087
2159.087
2159.087
2127.245
2127.245
2108.658
2105.832
2096.864
2096.864
2092.908
2090.082
2090.082
2090.082
2052.386
2029.429
2013.777
1989.473
1987.908
1954.19
1954.19
1945.321
1918.418
1918.418
1900.223
1891.353
1888.223
1850.527
1850.527
1844.266
1844.266
1819.962
1819.962
1819.962
1817.136
1800.136
1800.136
1797.005
1797.005
1776.5
1752.196
1752.196
1752.196
1752.196
1752.196
1750.043
1706.239
1706.239
1679.609
1679.609
1679.609
1666.37
1645.864
1645.864
1643.272
1627.62
1627.62
1627.62
1627.62
1627.62
1630.212
1645.864
1664.696
1698.022
1718.413
1756.076
1756.076
1693.467
1691.147
1672.56
1672.56
1670.603
1670.603
1670.603
1670.603
1634.842
1585.929
1583.973
1582.261
1512.609
1463.696
1439.391
1416.435
1414.87
1388.239
1369.065
1357.402
1357.402
1334.446
1321.973
1321.973
1313.918
1313.918
1302.766
1301.054
1301.054
1280.946
1280.946
1247.228
1247.228
1246.712
1222.408
1222.408
1222.408
1222.408
1222.408
1201.902
1199.31
1199.31
1190.342
1179.19
1179.19
1179.19
1169.408
1147.755
1147.755
1138.788
1138.788
1129.821
1129.821
1110.255
1103.348
1103.348
1076.446
1076.446
1160.707
1169.674
1292.174
1311.739
1318.647
1318.647
1345.549
1345.549
1338.641
1338.641
1329.674
1327.082
1327.082
1324.19
1324.19
1324.19
1285.603
1285.603
1285.603
1263.951
1263.951
1255.772
1255.772
1246.902
1235.75
1226.783
1226.783
1215.63
1206.663
1157.913
1126.071
1099.168
1099.168
1099.168
1099.168
1099.168
1099.168
1099.168
1099.168
1099.168
1099.168
1052.538
1052.538
1052.538
1052.538
1039.299
1039.299
1026.06
1026.06
1012.821
995.821
995.304
988.397
968.005
954.614
954.614
954.614
974.006
850.938
817.648
849.726
849.726
884.601
891.458
891.458
928.681
928.681
928.681
928.681
921.481
900.106
844.044
844.044
803.138
803.138
803.138
803.138
803.138
796.55
794.3
794.3
755.15
725.9
724.713
723.813
697.413
697.413
697.413
697.413
642.063
642.063
624.063
624.063
624.063
624.063
597.663
597.663
597.663
571.263
571.263
567.663
564.681
564.681
467.781
457.469
316.594
294.094
286.15
286.15
255.213
255.213
352.113
362.425
503.3
525.8
533.744
669.119
700.056
736.906
733.925
730.944
712.944
691.288
652.963
629.513
586.2
586.2
575.888
525.513
525.513
525.513
525.513
525.513
525.513
525.513
525.513
488.894
481.694
384.794
374.481
233.606
211.106
203.163
67.788
36.85
0
