882
4758
8634
9729
13401
17769
13893
13011
16887
17769
14097
9729
5853
4758
8430
12798
16674
17769
17985
19641
20677
27973
24301
23419
22324
18448
14572
10204
14080
18448
19543
23215
27091
27973
28903
36535
39975
65616
76872
78300
79395
75519
71151
70056
66384
70752
71847
75519
79395
75519
74637
78513
79395
75519
74424
70752
66384
70260
74628
78300
79395
82755
99036
99092
99092
95216
90848
87176
86081
87176
91052
95420
99092
98210
94334
89966
86294
85199
81323
82979
108620
114300
115230
123854
127526
128838
132588
174588
176758
180790
181462
191262
200586
203456
209280
210099
210981
217301
219749
219749
219749
219911
213591
211143
211143
211143
210981
210099
212547
218867
219749
226817
226979
226979
219911
219911
219749
213429
212547
210099
210981
213429
219749
226817
226979
243260
233460
232641
231969
229099
223275
213951
214623
224423
217355
214907
215726
214844
214682
198401
201271
194951
200775
210099
210099
210261
217329
217329
223649
223649
223649
223649
217329
210261
210099
210099
212547
213429
219749
226817
226979
243260
239228
237058
195058
199090
201260
201260
208892
217516
243157
245467
243019
242137
241975
234907
228587
212306
213188
217064
216182
212306
213188
217064
211240
201440
200768
199949
190625
187755
188574
194398
195070
204870
214194
217064
213188
212306
213188
217064
219644
219905
225585
226680
225798
221922
222804
226680
226624
226624
210343
206983
207039
209349
225630
228990
225114
224232
215608
189967
182335
180025
205666
207976
215608
224232
220200
220200
218030
222062
264062
266232
273864
274959
278319
275449
266125
256325
255653
249829
249010
249829
255653
265453
265453
268323
268995
276595
284227
285263
285951
288121
289549
306874
310546
323335
324023
325143
325983
326775
334071
334071
335191
340987
342107
343419
352159
359189
362939
374195
376643
378092
379692
382272
383721
390201
391785
399441
412401
412401
412401
414571
416971
416971
426295
426789
426789
439872
440547
441999
441999
454788
455628
461308
462508
463348
463348
463348
466708
479668
479668
479668
487456
487618
488410
488410
490810
499434
505754
507182
514651
514707
515547
518787
531870
532558
541182
542634
542634
543426
543426
543426
543426
550494
560952
578662
578824
580994
582194
582194
584774
577478
576790
576790
573920
573248
567424
566605
556805
557477
557477
558296
558296
558296
558296
550696
551190
552285
559315
561625
561793
561793
561955
562483
561055
561727
572647
572647
572647
572647
572647
572647
572647
571527
558738
558738
556290
555195
559071
566367
567055
571267
571267
573577
574105
574345
574345
575137
575137
575137
575137
575137
577551
581919
582849
588529
571204
571996
592864
591744
591744
566103
558471
549847
547537
547537
547537
547537
547537
547537
547537
547537
536617
535945
535945
535945
535945
535945
546865
546865
547537
547537
547537
547537
547537
551413
551413
551469
551469
549069
556857
553497
561129
561129
562557
563232
569910
571362
574802
595670
602348
623216
619544
619544
615512
573512
571342
571342
571342
571342
574402
576802
578972
587712
589161
587849
599105
599105
599105
588185
588185
587513
587513
587513
587513
588825
600185
600857
611777
619433
628757
628757
631337
644297
644297
644297
645116
647286
647286
647286
647286
648078
658998
662238
662238
662926
663187
667555
666460
666460
666460
665011
665011
658531
655951
654502
641542
639958
632302
632302
632302
632302
634882
634882
634882
633282
633282
633120
634156
634156
624832
624832
624040
625076
637865
637865
637865
638705
638705
638033
638033
637214
637214
637214
637214
637214
637214
638033
638033
638033
638033
637865
636829
641713
641713
634081
632769
632769
621849
619269
607909
598585
597913
590257
590419
591091
591091
591091
591091
591091
591091
591091
591091
583459
583459
584278
576490
576490
576490
576490
579730
579730
585554
584434
580684
580684
567601
566926
566926
566926
566926
566926
579886
579724
574044
574044
577104
577272
577272
575820
579492
581208
581883
582723
582723
586163
584735
584735
584735
584735
584735
584735
584735
584063
584063
584063
584063
584063
584063
584735
584735
584735
584735
584735
584735
584735
584945
576205
575365
575365
575527
575527
575527
575527
593237
593237
593731
593203
586173
586173
586173
587829
575040
577210
577210
575040
571600
570912
570120
569432
573308
569948
569948
566708
557968
550180
554392
553192
547396
568264
568264
566815
570565
570565
570565
570565
570565
570565
570565
569893
569893
569893
570565
581485
581485
581485
581485
581485
581485
581485
581485
581485
581485
570229
575113
582181
574549
582018
582018
599728
588472
587632
585462
578394
583278
562410
541542
541598
520730
520236
521055
521055
521055
524295
524295
513375
512881
507201
502833
498465
497790
497790
499740
499740
499740
499740
499740
525381
525381
534005
534005
527327
533007
533847
533847
527169
527169
527169
526350
526350
526350
526350
515430
515430
515430
515430
515430
514758
514758
514758
514758
514758
514758
514758
514758
514758
515430
515430
516742
516214
520426
507466
506626
506626
513106
500023
500551
504301
504139
504139
504139
504139
505567
512597
513633
517845
525314
525314
526002
526002
526002
523422
523422
523422
523422
523422
529902
532482
545442
545442
545442
545442
545442
543132
550200
550200
550200
537240
537240
537240
543720
542880
539820
543060
539184
539184
537014
537014
540374
572714
572714
572714
572546
568334
568334
568334
568334
568334
568334
568334
570504
570504
570504
569832
569832
569832
569832
569832
569832
569832
569832
569832
580752
580752
580752
580752
580752
581424
581424
581424
580584
576708
569678
571988
571988
569678
569678
568748
567296
567296
567296
566504
565816
565816
557192
553952
553790
551620
550420
550420
539962
522252
519672
519672
519672
513848
513848
526931
514142
518018
518690
518690
518690
518690
520002
516942
517203
517203
518803
511507
511507
511507
511507
500587
500587
500587
500587
500587
500587
499915
499915
503947
503947
503947
505547
505307
505517
487807
491557
490105
485221
485277
486069
486597
486597
484647
497436
496644
496644
496644
496383
494727
492313
491277
493227
501015
495335
495279
501957
501957
501957
501957
513213
513213
514641
513953
521609
521609
537890
544958
541286
541286
534806
531056
531056
532712
525644
525644
535444
535444
539194
542944
550012
552882
552882
552882
558562
558562
563364
563364
556296
548827
543943
543943
543103
536623
536833
533593
515883
527139
527139
523899
521499
520824
520824
520136
521736
520917
522369
522425
529493
529655
545936
546818
553138
555586
555586
555530
554738
554738
565658
564622
559738
559738
561454
545173
545117
542807
539447
539503
539503
539503
539503
539665
539721
542961
542961
542289
550913
552033
552963
556713
558025
558025
541744
541582
534514
528194
525746
524864
524864
524864
525026
525026
527474
527474
528510
567582
567372
566060
566060
576518
576518
572306
571466
571466
571466
567254
568703
568703
567391
567391
567391
560911
560911
547951
547951
547951
545371
519730
519730
519730
511106
519730
527362
529672
555313
557263
564732
561292
561292
540424
542374
542374
546742
546742
546904
545304
541428
541428
541266
541266
538818
538818
538818
538818
538818
545138
545300
545300
547748
547748
552116
552116
548366
561722
561722
561560
563160
570060
570060
570222
570483
583839
589519
589735
589735
589735
589735
589735
588019
588547
588547
586377
587196
587196
587196
585246
585246
585246
582798
582798
582636
576316
582636
582636
585084
585084
585084
585246
584752
584224
584224
584392
584392
584392
581152
598477
598421
596111
612392
615262
615262
617212
613180
613180
613180
620649
620649
616899
616080
609012
602692
602692
600244
600082
600082
600082
607150
608032
624313
630633
633081
633243
633243
633243
633243
631073
614792
614792
620424
620424
620424
622594
623906
624434
624434
611645
611645
611645
611645
611645
611117
604797
588516
581448
580566
580404
577956
566700
560022
563082
552624
552624
553118
551518
551518
553118
545822
545606
543950
542914
542914
544570
557359
553999
556447
556447
562495
565075
576331
597199
597199
602083
602083
602083
602293
601173
607851
607851
607851
633492
634422
634422
647505
651381
651381
651381
651381
650345
656025
656025
656025
656025
656025
662345
665705
665705
665705
665705
665705
658805
657205
624865
624865
613945
615895
615895
615895
615895
615895
615895
614295
614295
610419
608703
612735
611943
611943
611943
611943
620567
620567
621255
609999
606249
606193
613489
613489
612061
604405
591322
585642
572286
572070
571809
571647
571647
571647
571647
571809
572025
572025
572025
572025
572025
572286
572286
564817
570273
568821
572697
570747
570579
563110
562582
563076
563076
562866
562866
559626
557676
554806
554806
553357
552045
548295
546345
546345
547381
547909
560992
560731
561931
561931
561001
561001
561495
570165
577065
569433
560809
558499
532858
558499
567123
569433
576729
576729
577417
585049
575249
577199
576380
568592
568592
564842
564842
564842
564842
567422
567422
573742
574778
574778
574834
574834
574834
574834
580290
578690
578690
578528
576872
576872
576872
576816
568192
572068
572068
572068
572068
566388
563940
559572
559572
559362
559362
558834
558834
558834
519762
506973
506973
503097
503097
503979
503979
487698
487698
487698
487488
474132
473444
473444
471274
471274
471274
473444
473444
473282
473282
473282
455957
452897
452897
452897
452897
452897
439814
439814
439814
443690
447362
451730
452825
452825
452825
452881
472901
472901
472901
472685
472685
472685
472685
472523
472262
472424
472424
472685
472685
472685
472685
472685
475925
475925
474889
470521
469639
469639
470521
470521
470521
470521
469209
469209
464841
463746
459870
456198
457293
460965
464841
464841
459209
452889
449529
444073
443143
441715
438275
427019
419387
393746
392651
400283
403723
414979
415909
417004
418432
444073
442978
439306
435430
435430
439798
443470
444565
435895
439771
439771
437821
437133
433101
433101
432219
433101
436977
436977
436483
436483
436483
436427
436427
433847
433847
427527
427527
426491
430163
437231
437287
469627
470315
476635
477671
477671
480251
479156
475484
471608
467240
471116
475484
479156
480251
478595
478595
474719
474719
449078
449078
435995
435065
435065
442361
446237
447167
447167
472808
472808
485891
485891
485891
479213
473757
473757
473757
471587
471587
471587
458627
457808
457808
457808
457314
453438
452343
448671
444303
445398
449766
453438
457314
456820
456820
455938
452062
444766
436142
428510
426200
400559
402869
411493
437134
444766
440398
439303
435427
431755
435427
439795
440890
444766
444766
444766
444766
433510
430930
426046
426046
405178
405178
399130
399130
416455
421339
432595
432595
432595
438643
438643
441223
444391
454191
458067
458067
459783
468407
468407
468407
464039
460163
459068
455396
455135
454973
454973
454973
454973
451733
451733
451733
451895
455135
455135
455396
455396
455396
455396
455396
453446
453446
444822
444822
445704
453000
460469
460469
460469
453173
453173
451973
448097
447569
427549
427493
447513
447569
440669
438499
438499
438499
440669
444701
444701
442121
442121
435801
428733
396393
392721
392665
391977
390941
390941
390941
390941
390885
390941
394301
410582
412892
412892
412892
412892
412631
412631
412469
409229
409229
409445
415125
428481
431721
431883
431883
431883
432144
428472
427542
421862
413238
409488
383847
382191
380879
381809
390433
394183
394183
399863
399863
399863
399863
374222
371912
363288
355656
357966
365598
391239
399863
392394
391358
389930
389930
385718
378688
378688
382564
382564
383600
383600
383600
379724
366641
366641
366641
359345
359345
333704
332774
347074
354370
354370
358246
358246
359176
372259
372259
374707
387496
393976
395576
397886
399198
405518
405462
385442
405462
405518
405518
403348
399316
399316
401486
401486
396602
379277
379277
379277
379277
373229
370649
359393
380261
382841
394097
395217
395217
395217
401265
406149
402909
397229
383873
383873
383657
383495
383495
383234
383234
383396
383396
383657
386897
386897
386897
392577
390177
382708
381280
374960
374904
366280
366336
368736
370164
377633
377633
377633
379217
385697
386579
390455
390671
391871
392546
392546
392714
394430
394430
394924
394924
394042
390166
390166
390166
381542
373910
371600
345959
371600
379232
381542
390166
390166
390166
394042
394924
374904
374848
374904
374904
371664
365984
365984
365984
365984
365984
365822
365561
365561
365822
365984
365984
365984
365984
365984
365984
358688
345605
344675
344675
344675
340799
326499
326499
333795
346878
361178
362108
362108
387749
387749
387749
383873
382991
386867
387749
387749
387749
387749
387749
387749
387749
387749
387749
387749
380280
379398
372102
379398
380280
387749
383873
382991
382991
382991
380821
379726
377146
371466
371205
373785
374880
374880
375141
378501
417573
417783
418819
411187
408877
383236
374612
374612
374612
374612
374351
374351
374351
374351
374189
383513
389193
389454
392694
406050
406266
406428
406428
401544
401544
390288
390288
389168
368300
365720
359672
360792
363372
368256
389124
395172
412497
423753
423753
423753
423697
409397
409397
402101
402101
401171
375530
375530
362447
366323
366323
366323
373619
374549
374549
374549
374549
375431
377879
394160
401228
401390
407710
407710
404470
398790
398529
389205
388989
388827
375471
375633
375894
376110
385434
388674
402030
407710
440050
440050
440050
440050
440050
440050
440050
440050
440050
440050
440050
440050
440050
440050
440050
440050
440050
440050
444852
444852
444852
444852
444852
444852
444852
438532
436084
429016
428134
411853
411691
414139
420459
421341
428409
428571
444852
444796
441436
439126
422845
426205
426261
428571
444852
428571
428409
421341
420459
414139
411691
418759
418921
421369
422251
428571
428571
428571
428571
428571
427779
427779
428571
428571
428571
428571
424695
414895
411727
411727
410011
401387
401387
414176
417344
419060
428860
432736
434686
443310
457610
455162
448842
448842
441774
440892
440730
441612
444060
450380
457448
473729
473891
461102
459502
457192
454744
448264
441944
440632
443080
455869
462349
463949
470269
472579
473891
470531
431459
431249
430213
430051
427603
420535
419653
413333
397052
413333
413333
413333
415781
415943
422263
419815
413495
413495
413495
413333
397052
387728
387467
387251
387089
354749
351509
338153
332473
332734
332896
332896
332896
332896
332896
332896
332896
325600
318131
317249
324718
325600
332896
347196
364521
374321
377381
378981
380293
393082
398714
399242
399242
399242
399242
399242
399242
399242
400691
407171
420131
422711
424295
424295
418247
413363
396038
393458
382202
382202
361334
360214
371574
377370
378210
378210
378210
378210
378210
370914
370914
369984
366108
367038
399378
412461
438102
445398
445398
449274
449274
448238
448238
448238
448238
444362
444362
444362
445398
449610
449610
457079
457079
452277
452277
452277
452277
452115
452115
451854
451854
451854
451854
451854
451854
451854
451854
451854
451854
451854
451854
451854
451854
451854
456656
456656
456656
456656
456656
456656
456656
463334
463334
463334
463334
468966
468966
467382
467382
464802
451842
445362
443913
450393
451977
451977
451977
451977
451977
439188
436128
418803
404503
402903
397271
395959
395431
385631
385631
385631
387231
387231
387231
387231
387759
387759
387759
380691
380691
377821
372141
367339
367339
367339
367339
367339
372141
372141
372141
372141
377821
376891
351250
351250
318910
305827
298531
298531
294655
294655
294655
294655
295585
295585
295585
295585
295585
306505
341449
342761
352085
354665
354665
355337
355337
355337
348857
348857
348857
348857
347273
344693
344021
342709
342709
342709
307765
298441
287521
288193
295849
298429
299741
310661
345605
354929
354929
365786
365786
369662
369662
369662
364860
364860
364860
364860
364860
364860
364860
403932
445932
445932
445932
458892
458892
458892
458892
463694
463694
463694
462094
461566
461566
461566
461566
461566
461566
461566
463166
463166
463166
463166
463166
463166
463166
463166
460586
425642
416318
408662
408662
397742
397070
395758
407118
418038
418038
419350
421930
422602
422602
422602
418726
418726
419608
423484
416015
408719
407837
408719
416015
423484
421174
421118
417758
401477
401477
390117
390117
389445
386865
385553
385553
374633
385553
388133
399493
407149
407149
407821
407821
409133
407533
405223
392434
385954
384642
378322
375874
377186
379496
385816
385816
385816
387416
387416
386534
382658
383540
387416
376496
375184
374512
371932
360572
352916
352916
352916
362240
397184
398496
401076
401076
401076
401748
401748
400866
396990
396990
396990
395678
393098
392426
392426
392426
383102
348158
348158
348158
348158
348158
348158
348158
348158
348158
348158
348158
361241
361403
362195
363779
377135
377135
388391
388391
388391
397715
397715
400129
400921
403981
397303
397303
403981
403981
407653
411013
411013
411853
422893
422949
423210
462282
487923
489372
497004
497692
497692
497692
497692
496762
496762
496762
496762
496762
504058
504988
508864
508864
508864
521947
521947
521947
521947
521947
521947
521947
521947
521947
521947
521947
522619
523931
558875
558875
561455
569111
580031
580031
580087
580087
580087
580087
580087
581123
588153
591903
592998
592998
592998
603456
603456
603618
603618
603618
603618
603618
603618
603618
603618
603618
603618
603618
602018
611818
624607
624607
625919
631551
632079
632079
633679
633679
633679
632367
629787
622131
621459
586515
586515
575595
575595
575595
575595
575595
575595
575595
575595
575595
617595
617595
619251
619251
619251
619779
637489
639937
640612
646068
620427
612795
611367
607927
606832
605902
594646
594646
598086
598086
598086
598086
598086
599016
599072
601652
601652
601814
601814
601814
603984
604776
619896
619896
632856
634572
634572
621489
622017
624431
624431
628463
628463
629558
629502
628074
620605
620605
620605
618205
625501
627901
635370
635370
635370
635370
635426
635426
635426
635426
635426
635426
635426
635426
635426
655446
663102
669150
669150
668462
668462
667013
671045
660188
671045
677525
677525
635525
630723
591651
591651
591651
591651
578691
578691
578691
578691
578691
586323
599283
599283
599283
599283
599283
599283
595611
595611
595611
595611
597195
593319
579019
575851
563062
553262
551546
549596
540972
549596
551312
564101
566051
569219
569219
573095
587395
587395
587395
593875
593875
599699
592067
597523
595109
607898
594542
594542
600862
602311
603151
603151
606021
606021
606861
606699
606699
606699
603639
603639
603639
602603
613061
611477
611216
605760
622041
622041
621879
621879
626763
626763
636563
647420
647420
636380
636380
636380
636380
636380
637692
640752
640752
640752
640752
640752
639912
639912
641364
641364
638004
636909
636909
636909
639219
639219
632739
631947
631419
631419
624389
621975
621975
620259
620259
614803
614803
616403
603443
602651
577010
566552
568862
568862
566282
566282
553493
544169
545621
545621
534365
534365
533837
532237
532237
522437
509648
509648
508336
502704
517004
526804
528404
529716
530244
530244
533304
546093
546093
549533
549533
550352
537269
537269
537269
537269
533393
526097
526097
525167
538250
539180
553480
553480
564840
568716
576012
576012
576012
593722
593666
554594
554594
555269
561749
561749
561221
566853
566853
546833
550583
549743
551399
551399
551399
551343
548895
548895
548895
548895
548895
546725
546725
539256
531960
531078
531078
538374
545843
545843
538547
538547
539387
538292
538292
538292
530823
530823
526611
525575
519527
519527
519527
518735
518735
519771
519771
519771
519771
519771
520563
514243
496533
496533
496749
496911
496911
496911
496911
502543
491686
491686
491686
491686
491686
491686
491630
491630
495062
495062
493478
493478
493478
501110
490652
490652
490652
490652
489977
485093
481343
482183
485933
480137
468777
467937
473733
474573
474573
474573
474573
482361
482571
482571
482571
479511
482381
482381
478349
479024
479024
472346
479024
490384
494752
452752
456964
457174
457174
456355
471475
471475
471259
469543
469375
469375
469375
468881
468206
468206
467006
467174
468056
468056
469772
470266
470266
470941
470941
470941
486061
477437
476507
476507
476507
472757
472757
472757
467077
465421
465421
466351
467663
467663
467663
467663
467663
467663
467663
463631
463469
463469
462017
469313
470765
470765
488090
472970
472970
472970
472970
470100
470100
470100
470100
470100
470100
470100
470100
462468
449508
449564
450764
452348
452348
473216
474644
463787
463787
464579
478879
478879
471223
471223
474655
474655
481333
486135
486135
486135
486135
488535
488535
494855
499247
499775
500895
500895
500895
500895
494415
494415
488783
491183
492495
486671
487553
494621
478340
479996
480524
489264
491664
491664
491664
491664
491664
491664
491664
490352
489512
483880
483880
481570
479970
477660
477660
477660
476348
470028
470028
472338
485127
487575
489175
495495
495495
495495
494046
501076
504748
491959
490647
489047
479247
464947
461887
461359
461359
461359
461359
461359
461359
461359
461359
461359
461887
461887
463487
455699
459059
460775
459935
459935
467231
467287
466447
466447
464137
464809
472441
462641
462641
463523
463523
463523
467195
467195
467195
463763
463763
463707
463707
465423
465423
473211
471611
474551
474551
474551
472151
468401
469829
470865
469413
469413
463093
463093
463093
459217
451921
438838
437908
426548
426548
412248
412248
412248
417132
427590
427380
433700
433700
433700
433700
436868
436868
435212
435212
438380
441548
440756
425636
425636
424516
424516
424516
423841
435201
435201
442497
446169
446169
428844
432516
431634
413924
413924
413924
412268
409868
409868
451868
451868
451868
451652
451652
448212
448212
448212
454036
454966
454174
454174
467134
482254
482254
482926
485340
485178
489390
489446
487862
498719
513839
513629
513629
513629
513101
513101
513101
513773
513717
510847
509131
509131
509131
508603
509395
508195
512997
514117
525373
527683
520051
519376
515944
519004
515254
515254
512314
525103
525103
521743
520291
515923
524593
526903
526903
526903
526903
519607
523819
519427
504307
497239
503287
503287
501975
509763
510257
510257
506045
506045
513075
521699
532619
533438
525806
526901
526901
515541
510739
510739
510739
510739
510739
510739
510739
510211
508611
508611
525936
538725
544357
544885
546485
546485
546485
546485
546485
557405
546947
546947
550379
547799
546704
546704
546443
546443
546443
546443
546443
552491
552491
551063
551903
552833
553652
549980
549980
543302
543302
536822
533654
544112
546062
552542
559220
560150
559114
566410
560090
563530
556500
556500
557595
557763
536895
529599
529599
529599
530391
531840
517540
517540
530623
530623
529195
525523
530325
527157
526485
526485
527937
527937
531609
527937
527937
519197
518315
518315
518315
511019
503550
503550
511019
511019
514895
518927
515759
513359
513359
513415
511699
511699
511699
469699
469699
458339
451661
451661
451661
457457
442337
455420
473130
472200
467316
468916
468916
468916
460246
460246
468034
460246
461038
461038
462622
504622
505742
508682
508943
508943
508151
508151
504479
515519
513105
513105
516165
517593
517833
521583
522402
533322
533322
529890
529396
522100
506980
501156
501100
501100
499980
492684
485654
485654
481442
481442
480512
480512
467723
461675
450818
450818
447378
439590
439590
438798
437703
433671
433671
433671
431361
431361
431361
425729
425729
425201
425201
423601
406276
393487
394015
399647
412436
429761
432821
442621
442621
443933
445533
445533
445533
443223
442404
441309
435261
431049
429099
416139
416139
415299
415299
410497
410329
410329
410329
409657
409657
408205
408205
395416
395416
393700
379400
370776
367608
363732
361782
370406
383195
383195
383195
384911
386861
386861
386861
386042
375584
374912
374912
371852
367976
367184
367184
367184
367184
384894
384894
391572
392364
392364
381108
380316
369396
369396
358356
358095
349471
349471
338551
330763
317680
317680
316096
315166
314347
309545
308096
304424
291341
291341
285545
243545
240605
240365
238937
238937
236489
223700
222100
219790
213470
213470
213470
219950
221262
223710
226020
227620
233940
246729
246729
242979
241379
241323
240203
222493
222493
222493
212693
199904
196844
191212
189900
188300
187772
170447
187772
189372
199172
213472
219104
231893
233205
233733
233733
230673
230673
219753
219753
219753
219753
219753
219753
218717
219753
227222
231098
235310
242340
243768
243768
243768
250446
261806
261806
261806
256174
256174
248705
248705
248705
256174
263470
264352
257872
256288
249610
243130
249808
256288
250492
250492
249652
255448
256288
267648
267648
266336
249011
248483
238683
224383
211594
209994
204362
207422
221722
223034
240359
250159
250687
250687
256319
250639
250639
250639
250639
263428
263428
258626
260226
265028
272628
278308
285376
286825
289695
310563
310507
310507
303038
303038
303038
300638
300694
303094
310563
311991
318311
318311
312679
311079
301279
286979
283919
283391
270602
269290
251965
240605
233927
245287
251965
249517
236728
235416
229096
227496
221016
218706
220018
226338
232818
245607
248055
249655
251965
251083
243614
236318
232878
232878
232878
232878
232878
231948
231948
239580
243020
268661
279917
280847
281942
283370
270581
270581
270581
268865
268865
268865
260241
258291
266915
268865
268865
272741
274457
277625
277625
290414
283934
277256
283934
290414
290414
288698
288698
287816
287816
287648
287648
286973
286479
275119
268441
279801
286479
285443
281567
277355
275927
268458
261428
268897
272773
273809
280839
280839
285051
285051
285051
285051
285051
283739
283739
282809
282809
281497
279187
272867
266387
264787
262339
249550
262339
268819
270131
276451
278051
280499
282809
277013
265653
264813
265653
277013
282809
276131
264771
271449
282809
276131
269651
282440
282440
282440
293800
296860
306660
310536
312192
313122
316872
319272
323022
330090
337878
338372
349412
350087
351399
353115
354771
361449
361617
362292
369924
370716
372168
373098
378730
385798
389238
389238
391686
397734
397944
397944
399144
399144
415425
415425
411549
409599
406431
397807
397807
385018
385018
383302
385252
389128
397752
407552
421852
421852
425020
425020
457360
458944
473244
490954
493124
503981
508349
509037
509037
523337
530969
530177
512467
512467
505789
508659
512871
520471
531391
531391
531391
525071
517602
515202
513774
513718
520038
527507
529907
531335
531391
540015
543891
543891
543891
531102
531942
531942
534522
536922
540282
540282
540282
546960
546960
557880
557880
557880
557880
557880
558552
558552
558552
558792
558792
558000
557325
559905
559905
561621
559905
559905
563145
563985
563985
561537
561537
561699
572157
572157
571227
568167
568377
568377
571809
560769
560769
564009
564249
564249
552889
552889
546211
559000
559000
559162
559162
563038
560638
561568
554500
558532
558532
552900
555770
549092
551672
547796
546140
546140
552818
520478
520478
520478
521318
528614
534070
526438
526438
526438
527638
527638
511357
510427
511357
501557
501557
501557
493957
493463
499783
499783
499783
499615
512575
512575
515635
515635
508605
508605
507569
503693
499481
492012
492012
488572
480784
483724
496684
497804
490736
488288
486688
480208
473888
472576
459787
457477
459925
459925
461525
467845
467845
467845
467845
467845
453545
451889
448529
448529
448529
449023
434723
433271
433271
434723
435395
441875
441875
441875
450499
449659
449497
447097
447097
452921
460577
460577
460577
459902
459902
459902
459902
466580
468980
458060
456860
456860
456650
455066
450698
439338
435588
438168
438168
440118
440806
436594
439534
438222
438390
434640
440436
436560
440436
437196
431148
436032
433162
432322
435682
436176
436176
436176
439926
441238
448306
449236
451650
451650
444354
444354
451032
456488
456488
450168
471036
471036
460578
460578
457998
466622
465950
465950
459272
457102
470458
470458
470458
470248
469318
482278
474646
477814
477814
465025
464785
465279
464439
463751
463751
452894
469175
469013
469013
469013
469013
466433
466433
463493
445783
445783
456640
456640
455188
455188
460644
461956
460836
460836
469576
476476
477512
481388
482508
482508
479928
481048
472424
476174
472142
479611
486091
475171
474499
480295
501163
501163
507643
505927
505927
505927
513559
513559
513391
513391
513391
510991
514867
511435
513091
513091
513091
512851
513643
522267
526635
520811
520811
520811
523681
502813
502813
499943
499943
486983
486983
479915
478466
475596
477196
477884
472204
451336
443736
438934
446403
446403
446403
448803
442125
453045
461785
471585
458625
458625
459720
456660
459720
459720
453924
453924
453924
454612
451372
450442
449948
447534
447534
448654
450604
449916
451516
447640
473281
477649
477649
482533
482533
489829
497125
497944
497944
502312
501112
501112
501784
502666
504118
504118
498662
498662
498168
490512
498168
501528
501528
505404
504910
501160
503330
503330
497874
489134
496164
496164
495234
488166
488166
488166
488166
493990
493990
494830
494830
500654
494174
496344
489666
494034
507390
507558
507558
501078
501078
497202
497202
496082
499142
495266
495266
499016
491547
494607
503277
507153
515823
515135
506395
501511
504951
504951
484083
481143
523143
523311
528943
528943
531113
526229
526229
526490
523910
523910
524598
517302
513942
510882
509762
509762
505394
503794
504724
504724
501556
490196
489356
483560
484400
495760
501556
499606
491974
491974
491974
497770
497770
490114
490354
488902
499822
503182
505352
504040
504712
500344
502000
496204
496204
496204
482848
479098
479260
479422
478110
490899
491571
500311
493831
480871
472247
462447
461352
435711
434111
423254
416576
421460
421628
416172
399891
392422
413290
418922
422162
422162
422218
418468
422680
422680
436036
439276
440860
440860
439204
439204
438168
433800
434488
433669
427845
442965
432045
424749
424581
431259
434427
430551
429863
427913
424553
431453
427577
420677
420509
421439
430763
434513
434513
425843
432873
432873
436545
433675
426645
426645
434301
433181
433181
432493
432493
419137
416077
422125
419955
411331
416963
416123
417839
421007
429631
429631
429631
438955
438715
438715
438715
438715
435275
436724
434324
435164
439532
452615
443945
443153
442481
440311
475255
488044
488719
499576
499576
516901
512533
529858
527688
540648
541320
541488
539318
542750
548382
544170
549054
550654
552106
546282
546282
552602
552602
550946
550946
550946
545314
552946
544206
530850
530850
530794
529912
529912
529912
538582
541522
541522
548422
548422
548590
559447
562879
556559
556559
554959
554959
554959
552511
552511
554111
556421
556421
556421
556421
556421
556421
556421
556477
558787
558115
560985
545865
546359
561479
558419
558419
560135
559973
554341
575209
586129
585967
606835
603163
599287
590663
589214
614855
613925
624845
625055
625055
624887
629255
629255
629255
616466
619898
627554
629864
662204
663804
663804
663804
664044
667104
665676
640035
628779
627849
624409
616777
615682
594814
596266
597058
595474
589842
589002
589002
600362
600362
596486
587862
584694
570394
568444
568444
558644
558644
547724
547724
546794
546794
559583
559583
562751
562751
562751
562751
562751
564467
570515
570515
570515
528515
533317
534005
535041
535041
541089
541089
541089
537657
537657
537819
537819
534579
529695
529956
535636
535692
535692
529896
529896
530826
529110
523478
534335
534074
534074
529706
529706
530801
530963
527603
529052
529292
529292
535088
534416
547499
547499
548027
552059
552320
555752
555752
555752
555752
558152
558152
575862
575862
572112
572112
571944
571944
572205
573861
570621
570621
563591
565175
565175
562865
563033
563852
572592
574044
570876
570932
581789
587585
591461
591461
599249
598574
602942
570602
570392
576712
570034
552709
552709
552709
552709
531841
526957
526957
524017
526327
526327
526327
526087
526087
529027
516238
518408
501083
466139
462707
455075
459467
467099
478019
477227
477227
477227
477227
481439
481439
479839
474159
475759
475759
475071
475071
462111
452787
443463
447339
450399
471267
471267
471761
472449
480081
512421
503751
503490
505890
498990
533934
551644
543988
533131
533971
532522
529354
529114
529114
536746
544378
542926
543094
544678
544678
547846
548776
548776
548104
555134
542051
546443
547325
547157
547157
541109
541109
539657
539396
542456
545816
534896
517186
515734
515734
514698
514530
512874
509442
509442
496359
488703
496172
495644
495482
495482
495482
498422
499874
499874
502934
497138
498794
498794
487874
491624
488192
477335
475165
479377
482737
493657
489781
489781
489781
489781
489781
489781
506062
500014
500014
505838
499518
510438
510438
523794
523794
518992
516682
495814
491422
491632
490702
492358
492526
492032
487664
489834
457494
457704
457016
457016
450116
450116
442484
444200
444038
444038
443350
451138
447106
447988
447988
444928
429808
428092
428092
428092
429748
429748
412038
413754
402394
402562
402394
402338
409634
406764
395907
385050
385050
385050
381882
376086
355218
356530
354220
359852
359796
355584
366624
387492
387492
387492
385892
388062
362421
363873
376662
376168
379336
377752
388210
388210
397534
406858
410098
430966
451834
445514
442454
443882
452506
455086
451210
445162
448602
449096
449040
446100
452580
452580
452580
450980
451508
451508
451508
450413
458045
458045
462437
427493
426041
415121
416216
413816
413816
413555
418439
418439
416039
417639
432759
432759
431877
435045
435045
435733
448522
448312
450622
443153
442334
441404
441404
425123
425123
416383
395515
403115
403115
417415
417415
417415
430204
425836
425836
428896
431836
426012
426831
428031
428247
420459
420459
418803
417147
416307
419747
419747
419747
419747
408827
401195
399883
396523
403201
382333
382333
385573
389449
390121
390121
383091
384021
386961
386961
383211
383472
372552
364920
365608
361396
361396
353764
349372
342076
342076
338908
349828
346768
349828
367538
357080
354140
370421
378077
376421
373361
371777
371939
374249
374249
379881
379193
379985
380657
380657
381345
388413
397037
397037
397037
422678
422622
415153
412753
411325
405005
396381
396381
407301
423582
426642
423282
425862
425862
458202
465802
478885
478885
480005
483755
470966
474206
471626
469910
467600
471992
473028
479928
472140
483500
481784
481290
481551
481551
482391
476759
467435
467435
465835
465835
465835
465835
465835
463525
464837
451481
455357
454262
457702
465171
470995
478595
479477
487265
466397
484107
482679
481227
481059
481221
482937
470148
467978
463586
466166
467478
466278
466068
465186
450886
454762
454924
451864
466984
466984
466816
463576
465025
465025
468385
479242
479242
479080
487750
487750
486931
480451
480979
484651
481711
482383
478943
478271
470639
471458
484247
484247
484247
497207
486167
489407
489407
490247
507572
524897
524897
524897
525113
531433
527993
531233
529063
529063
529063
536359
542839
534215
533095
532567
535735
532675
519886
519886
516946
516946
515346
515346
516228
511344
516146
515930
508330
508330
508546
508546
499222
499750
503626
506866
490585
487345
489655
486487
485815
479991
479991
476115
486972
488688
473568
479392
479392
485072
487242
487080
484500
473140
472300
466504
467344
478704
484500
484500
466790
481090
480829
455188
467977
469013
469013
469688
468896
473698
477730
475420
482450
485030
485870
485870
489902
515543
511871
518549
519585
511985
513297
516657
519897
520572
519884
503603
504443
504443
517232
517232
513992
531317
532745
532745
532057
531021
556662
556662
558262
558262
558262
551362
556164
557880
554004
543084
525759
518103
518103
525759
517135
524767
524095
524095
524770
524770
524770
523888
522958
525372
522012
508929
502251
507053
505741
494821
483461
472604
479900
485532
477932
480346
480346
480085
483253
485203
487153
492785
496661
496661
493421
493661
491081
483612
483828
480768
480768
480768
485160
492190
484894
477106
478201
477361
477361
480421
476671
479911
479071
479071
479071
466282
469222
473614
469222
462154
462154
447034
441402
441402
440520
438804
437492
431668
431452
431452
430924
430084
412759
412759
412759
399970
399970
398254
395086
395086
395086
397036
400204
401920
416220
416220
424844
424844
424844
424682
424154
391814
391814
374489
367811
364571
360695
357255
353379
351663
326022
311722
310273
307105
306430
298798
295558
277848
275898
269578
269578
263946
263946
259914
253434
253434
253434
253434
251484
244188
244188
243369
242694
234024
233349
230289
227349
201708
188748
188532
181502
180662
167873
155084
149404
144602
142886
140576
129719
127305
127065
125753
120951
118371
114339
113303
109943
102287
99119
97519
95349
94254
93218
89978
86738
82346
82346
80918
75286
70484
65682
63268
63052
63052
63052
58660
54784
54784
54784
47754
36394
30598
29758
28042
28042
28042
13742
10574
1950
1950
0
