15.4
40.3
48
51.25
90.025
101.275
110.95
115.5
100.1
75.2
67.5
64.25
25.475
14.225
4.55
0
15.4
40.3
48
51.25
90.025
101.275
110.95
115.5
100.1
75.2
67.5
64.25
25.475
14.225
4.55
0
15.4
40.3
48
51.25
90.025
101.275
110.95
115.5
100.1
75.2
67.5
64.25
25.475
14.225
4.55
0
15.4
40.3
48
51.25
90.025
101.275
110.95
115.5
100.1
75.2
67.5
64.25
25.475
14.225
4.55
0
15.4
40.3
48
51.25
90.025
101.275
110.95
115.5
128.006
136.894
138.044
173.669
196.794
277.644
262.244
237.344
229.644
226.394
187.619
176.369
166.694
162.144
177.544
202.444
210.144
213.394
252.169
263.419
273.094
277.644
262.244
237.344
229.644
226.394
187.619
176.369
166.694
162.144
177.544
202.444
210.144
213.394
252.169
263.419
273.094
277.644
288.894
336.894
380.894
402.55
441.7
515.2
538.65
580.088
598.088
582.688
557.788
550.088
546.838
508.063
496.813
487.138
482.588
497.988
522.888
530.588
508.417
545.345
556.06
565.274
569.607
599.071
755.821
786.92
814.761
854.17
862.25
848.25
825.614
818.614
815.659
780.409
770.182
761.386
757.25
771.25
793.886
800.886
803.841
839.091
849.318
858.114
862.25
901.625
911.852
944.239
947.875
948.402
949.435
969.826
976.087
1013.783
1000.391
978.739
972.043
969.217
935.5
925.717
917.304
913.348
926.739
948.391
955.087
957.913
991.63
1001.413
1009.826
1013.783
1000.391
978.739
972.043
969.217
935.5
925.717
917.304
913.348
975.957
966.174
924.435
886.174
867.342
833.299
769.386
783.04
745.369
763.72
774.435
820.149
822.869
842.557
878.148
944.966
966.284
1003.955
1020.318
980.943
970.716
938.33
934.693
891.057
889.977
910.024
903.167
861.881
903.131
913.845
947.774
951.583
951.966
953.045
974.364
980.909
1020.318
980.943
970.716
938.33
934.693
891.057
889.977
910.024
903.167
861.881
903.131
913.845
947.774
951.583
997.298
998.429
1020.762
1027.619
1068.905
1058.19
1012.476
970.571
949.946
912.661
842.661
861.344
819.906
801.906
813.156
861.156
905.156
926.813
965.963
1039.463
1062.913
1104.35
1122.35
1050.35
1122.35
1079.038
1067.788
1032.163
1028.163
980.163
978.975
955.525
948.325
904.975
903.131
913.845
947.774
951.583
951.966
953.045
974.364
980.909
1020.318
1023.591
1142.261
1148.25
1172.591
1242.949
1309.222
1321.415
1337.176
1340.131
1405.585
1395.358
1454.023
1410.386
1370.386
1402.773
1344.103
1325.272
1291.228
1294.707
1314.272
1250.359
1299.272
1337.011
1349.185
1313.152
1336.109
1320.457
1330.239
1371.978
1351.479
1369.526
1402.151
1463.401
1482.943
1517.474
1532.474
1572.474
1602.99
1644.969
1590.9
1652.815
1710.415
1712.215
1723.69
1729.45
1694.8
1756.042
1726.354
1723.021
1683.021
1682.031
1662.49
1656.49
1620.365
1656.458
1665.833
1695.521
1698.854
1669.3
1670.25
1689.01
1694.77
1729.45
1671.85
1620.225
1591.725
1589.59
1586.39
1633.74
1655.859
1585.554
1562.598
1557.49
1611.266
1640.953
1643.177
1580.65
1598.65
1643.65
1708.33
1729.45
1671.85
1620.225
1591.725
1589.59
1586.39
1633.74
1586.865
1585.554
1562.598
1625.207
1611.266
1640.953
1643.177
1646.51
1665.26
1712.135
1708.33
1729.45
1671.85
1729.45
1694.8
1685.8
1657.3
1654.1
1615.7
1614.75
1662.49
1656.49
1620.365
1590.2
1599.2
1627.7
1630.9
1669.3
1670.25
1689.01
1694.77
1729.45
1720.45
1682.05
1646.85
1629.525
1598.205
1539.405
1584.005
1549.474
1534.474
1474.474
1482.467
1451.489
1449.168
1445.69
1426.125
1377.212
1366.313
1342.313
1407.767
1466.432
1498.818
1501.244
1504.881
1525.335
1576.472
1578.234
1601.19
1563.527
1553.745
1522.766
1519.288
1477.549
1476.516
1522.313
1515.767
1476.358
1515.733
1525.96
1558.347
1561.983
1535.81
1536.842
1557.234
1563.495
1601.19
1538.582
1482.467
1451.489
1449.168
1445.69
1490.949
1439.813
1366.313
1342.313
1407.767
1466.432
1498.818
1435.973
1439.451
1459.016
1507.929
1512.474
1534.474
1540.474
1556.555
1620.635
1638.275
1580.675
1529.05
1500.55
1498.415
1495.215
1538.766
1556.755
1486.451
1463.495
1526.103
1516.292
1545.979
1548.203
1551.536
1570.286
1617.161
1617.155
1638.275
1603.625
1594.625
1566.125
1562.925
1524.525
1523.575
1504.815
1499.055
1464.375
1499.025
1508.025
1536.525
1539.725
1517.428
1518.341
1536.38
1541.918
1575.264
1519.88
1575.264
1519.88
1470.24
1442.837
1440.784
1495.215
1477.215
1432.215
1367.535
1402.516
1462.516
1516.292
1545.979
1548.203
1551.536
1570.286
1617.161
1617.155
1638.275
1599.875
1570.58
1530.28
1518.55
1456.635
1399.035
1397.235
1385.76
1437.5
1477.5
1508.016
1487.995
1499.725
1561.64
1619.24
1621.04
1632.515
1638.275
1628.27
1621.16
1620.24
1591.74
1573.24
1508.56
1518.565
1525.675
1526.595
1555.095
1513.072
1575.264
1569.726
1495.014
1490.735
1534.474
1540.474
1621.411
1688.161
1706.536
1736.224
1736.974
1773.068
1833.818
1773.818
1720.042
1690.354
1688.13
1684.797
1738.484
1689.571
1619.266
1596.31
1658.918
1715.033
1746.011
1748.332
1678.818
1697.568
1744.443
1739.345
1760.465
1725.815
1716.815
1688.315
1685.115
1646.715
1645.765
1627.005
1621.245
1586.565
1621.215
1630.215
1658.715
1661.915
1634.918
1635.832
1653.87
1659.409
1692.755
1665.351
1664.659
1631.341
1575.264
1602.668
1603.361
1636.678
1630.06
1576.727
1528.926
1502.537
1500.56
1497.597
1537.889
1554.405
1489.725
1468.605
1462.845
1385.145
1321.065
1303.425
1309.185
1386.885
1450.965
1468.605
1433.955
1424.955
1396.455
1393.255
1354.855
1353.905
1335.145
1329.385
1294.705
1304.71
1305.66
1334.16
1385.785
1402.885
1492.495
1465.091
1464.399
1488.325
1489.589
1519.276
1520.026
1556.12
1616.87
1652.995
1672.646
1714.625
1803.665
1820.405
1831.88
1834.015
1776.813
1721.428
1776.813
1749.409
1748.716
1715.399
1659.322
1686.726
1687.418
1720.736
1776.813
1771.274
1696.563
1634.947
1617.986
1623.524
1698.236
1759.851
1776.813
1743.466
1725.327
1754.04
1596.415
1579.675
1568.2
1631.318
1616.87
1652.995
1672.646
1714.625
1803.665
1820.405
1831.88
1834.015
1847.885
1849.46
1908.74
1915.85
1973.45
1975.25
1946.75
1946.03
1911.38
1853.06
1881.56
1882.28
1843.202
1899.279
1922.837
1951.005
1953.563
1956.332
2032.486
2047.524
2014.178
1996.038
1957.288
1805.726
1789.63
1778.596
1776.543
1833.735
1868.415
1887.28
1927.58
2005.005
2021.101
2032.135
2034.188
1971.69
1966.356
1894.412
1835.079
1818.745
1824.079
1896.023
1955.356
1971.69
1945.301
1944.634
1986.111
1930.034
1957.438
1958.13
1991.447
2047.524
2010.601
2061.73
2021.43
2009.7
1947.785
1890.185
1888.385
1876.91
1871.15
1909.55
1938.845
1979.145
1914.303
1973.837
2029.221
2030.952
2041.986
2047.524
1992.139
2047.524
2014.178
1996.038
2035.58
1877.955
1861.215
1849.74
1924.589
1910.141
1946.266
1965.917
2007.896
2085.205
2101.945
2113.42
2115.555
2129.425
2100.925
2100.205
2065.555
2007.235
2014.345
2029.985
1954.466
1964.332
1983.486
2004.986
2012.428
2030.567
2025.029
1950.317
1888.702
1871.74
1864.904
1849.865
1847.308
1837.442
1818.288
1796.788
1789.346
1842.055
1849.165
1864.805
1867.465
1877.725
1897.645
1920.005
1927.745
1946.61
1939.5
1923.86
1921.2
1910.94
1891.02
1868.66
1860.92
1842.055
1849.165
1864.805
1867.465
1877.725
1897.645
1920.005
1927.745
1946.61
1943.73
1839.3
1834.03
1812.61
1815.49
1919.92
1925.19
1946.61
1911.93
1893.065
1852.765
1695.14
1678.4
1666.925
1734.156
1719.708
1755.833
1775.484
1817.464
1981.656
1999.094
2011.047
2013.271
1946.61
1939.5
1923.86
1921.2
1910.94
1891.02
1868.66
1860.92
1842.055
1849.165
1864.805
1867.465
1877.725
1897.645
1920.005
1927.745
1946.61
1958.93
1978.85
1985.01
1987.61
2018.63
2027.63
2035.37
2039.01
2031.9
2016.26
2013.6
2003.34
1983.42
1961.06
1953.32
1934.455
1941.565
1957.205
1959.865
1970.125
1990.045
2012.405
2020.145
2039.01
2026.69
2006.77
2000.61
1998.01
1966.99
1957.99
1950.25
1946.61
1958.93
1978.85
1985.01
1987.61
2018.63
2027.63
2035.37
2039.01
2031.9
2016.26
2013.6
2003.34
1983.42
1961.06
1953.32
1934.455
1941.565
1957.205
1959.865
1894.351
1913.505
1935.005
1942.447
1960.587
1927.24
1909.101
1945.165
1787.54
1770.8
1759.325
1757.19
1743.32
1731
1711.08
1704.92
1702.32
1671.3
1662.3
1654.56
1650.92
1663.24
1683.16
1689.32
1691.92
1722.94
1731.94
1739.68
1743.32
1736.21
1720.57
1789.49
1778.802
1758.052
1734.76
1726.698
1707.047
1714.453
1730.745
1733.516
1744.203
1764.953
1788.245
1796.307
1815.958
1803.125
1782.375
1775.958
1773.25
1740.938
1731.563
1671.563
1663.5
1659.708
1672.542
1693.292
1699.708
1702.417
1734.729
1744.104
1752.167
1755.958
1762.375
1766.167
1781.167
1803.167
1815.12
1807.714
1791.422
1788.651
1777.964
1757.214
1733.922
1725.859
1706.208
1713.615
1729.906
1732.677
1743.365
1764.115
1787.406
1795.469
1815.12
1807.714
1791.422
1788.651
1777.964
1757.214
1733.922
1725.859
1706.208
1693.375
1672.625
1666.208
1663.5
1631.188
1621.813
1613.75
1609.958
1622.792
1643.542
1649.958
1652.667
1684.979
1694.354
1702.417
1637.96
1625.64
1605.72
1599.56
1596.96
1565.94
1556.94
1549.2
1609.958
1622.792
1643.542
1649.958
1652.667
1684.979
1694.354
1702.417
1706.208
1693.375
1672.625
1666.208
1663.5
1631.188
1621.813
1613.75
1609.958
1622.792
1643.542
1649.958
1652.667
1617.58
1626.58
1634.32
1637.96
1599.56
1570.265
1529.965
1518.235
1456.32
1398.72
1396.92
1385.445
1379.685
1363.543
1391.712
1430.462
1441.74
1501.274
1556.659
1558.389
1569.423
1574.962
1563.115
1543.962
1538.038
1596.96
1565.94
1621.813
1613.75
1609.958
1622.792
1643.542
1649.958
1652.667
1684.979
1694.354
1702.417
1706.208
1693.375
1672.625
1666.208
1663.5
1631.188
1621.813
1613.75
1609.958
1622.792
1643.542
1649.958
1652.667
1684.979
1694.354
1702.417
1706.208
1693.375
1672.625
1666.208
1663.5
1631.188
1621.813
1613.75
1609.958
1622.792
1643.542
1649.958
1652.667
1684.979
1694.354
1702.417
1706.208
1693.375
1672.625
1666.208
1663.5
1631.188
1621.813
1613.75
1609.958
1644.047
1727.595
1733.355
1798.035
1799.835
1808.835
1824.375
1814.37
1807.26
1881.604
1851.917
1832.646
1765.271
1775.693
1783.099
1784.057
1813.745
1833.016
1900.391
1932.328
1999.078
2000.953
2003.438
2084.375
2106.688
2118.641
2078.641
2048.125
2006.146
1993.927
1929.432
1869.432
1867.557
1855.604
1930.022
1971.761
2003.603
2047.408
2060.158
2038.813
2098.813
2100.688
2112.641
2118.641
2084.552
1929.021
1923.021
1855.646
1853.771
1844.396
1907.696
1943.266
2017.828
2023.828
2007.555
2009.355
2018.355
2033.895
2031.015
1926.585
1921.315
1899.895
1902.775
2007.205
2012.475
2033.895
1995.495
1966.2
1925.9
1914.17
1852.255
1794.655
1867.557
1855.604
1849.604
1889.604
1920.12
1962.099
1974.318
1957.26
2014.86
2016.66
2028.135
2033.895
2027.735
2024.095
2009.695
1988.575
1977.1
1983.26
1986.9
2001.3
2022.42
2033.895
2032.32
1973.04
1965.93
1908.33
1906.53
1908.105
1967.385
1974.495
2032.095
2033.895
2065.215
2173.515
2262.731
2271.385
2239.918
2096.351
2090.813
2109.765
2107.965
2098.965
2170.234
2204.323
2265.46
2271.22
2246.058
2247.788
2256.442
2271.385
2241.904
2180.288
2178.558
2176.264
2101.553
2080.957
2069.923
2099.404
2080.981
2082.648
2084.856
2156.801
2098.897
2109.143
2100.21
2099.362
2150.727
2102.926
2087.093
1948.843
1958.106
1958.986
1985.375
1960.563
1975.83
2036.414
2003.31
1978.056
1943.315
1933.203
1879.828
1830.172
1828.621
1818.728
1813.763
1785.304
1809.717
1843.3
1853.075
1843.23
1889.681
1891.133
1900.387
1905.032
1896.964
1891.23
1890.488
1867.504
1852.585
1800.423
1808.492
1814.226
1814.968
1837.952
1852.871
1845.5
1819.934
1758.23
1753.585
1701.423
1699.972
1692.714
1680.181
1706.573
1826.984
1831.629
1883.79
1885.242
1892.5
1905.032
1879.774
1792.435
1647.496
1640.238
1665.496
1752.835
1897.774
1905.032
1914.968
1931.032
1936
1938.097
1963.113
1970.371
1976.613
1979.548
1969.613
1953.548
1948.581
1946.484
1921.468
1914.21
1907.968
1905.032
1914.968
1931.032
1936
1938.097
1963.113
1970.371
1976.613
1979.548
1994.468
2029.065
2061.565
2063.016
2072.839
2062.903
2046.839
2041.871
2039.774
2014.758
2007.5
2001.258
1998.323
2008.258
2024.323
2029.29
2031.387
1992.141
1999.172
2005.219
2008.063
1998.438
1982.875
1978.063
1976.031
1951.797
1944.766
2001.258
1998.323
2008.258
2024.323
2029.29
2031.387
1992.141
1999.172
2005.219
2008.063
1978.063
1955.176
1923.691
1914.527
1926.355
1942.567
2008
1998.108
1993.142
1958.704
1983.117
2016.7
2026.475
2011.036
2057.488
2058.94
2068.194
2072.839
2062.903
2046.839
2041.871
2039.774
2014.758
2007.5
2001.258
2064.933
2075.2
2091.8
2096.933
2099.1
2124.95
2132.45
2138.9
2141.933
2139.533
2052.508
2048.117
2030.267
2032.667
2119.692
2124.083
2141.933
2131.667
2115.067
2109.933
2107.767
2081.917
2074.417
2067.967
2064.933
2075.2
2091.8
2096.933
2099.1
2124.95
2132.45
2138.9
2141.933
2114.663
1990.238
1985.438
1931.538
1930.038
1922.538
1909.588
1936.858
2061.283
2066.083
2119.983
2121.483
2128.983
2141.933
2131.667
2115.067
2109.933
2107.767
2081.917
2074.417
2067.967
2064.933
2075.2
2091.8
2096.933
2099.1
2124.95
2132.45
2138.9
2141.933
2116.383
2062.983
2061.483
2059.496
1994.746
1976.896
1967.333
1957.067
1940.467
1935.333
1933.167
1907.317
1899.817
1958.655
2025.357
2036.357
2054.143
2059.643
2061.964
2089.661
2097.696
2104.607
2107.857
2102.357
2099.107
2086.25
2067.393
2057.147
2062.647
2065.897
2078.754
2097.612
2107.857
2096.857
2079.071
2073.571
2071.25
2043.554
2035.518
2028.607
2025.357
2036.357
2054.143
2059.643
2061.964
2089.661
2097.696
2104.607
2107.857
2096.857
2079.071
2073.571
2071.25
2043.554
2035.518
2028.607
2025.357
2036.357
2054.143
2059.643
2061.964
2089.661
2097.696
2104.607
2107.857
2124.375
2125.781
2178.281
2207.656
2236.875
2247.75
2365.313
2401.295
2390.295
2372.509
2367.009
2364.688
2336.991
2328.955
2322.045
2318.795
2296.92
2270.763
2268.388
2265.817
2276.403
2261.921
2232.921
2132.644
1966.231
1957.898
1986.898
2087.176
2253.588
2261.921
2297.477
2273.174
2288.121
2293.621
2303.866
2355.938
2363.223
2379.295
2450.009
2415.723
2389.567
2353.585
2343.112
2287.83
2236.402
2234.795
2224.549
2219.406
2253.692
2279.848
2315.83
2326.304
2381.585
2433.013
2434.621
2444.866
2450.009
2475.455
2476.098
2420.586
2470.862
2446.293
2445.672
2502.08
2450.009
2390.095
2390.716
2420.586
2470.862
2442.651
2313.935
2308.97
2253.211
2251.659
2243.901
2230.504
2258.716
2387.431
2392.397
2366.55
2368.05
2375.55
2388.5
2364.75
2364.15
2335.275
2365.526
2390.095
2390.716
2420.586
2470.862
2446.293
2445.672
2415.802
2365.526
2310.425
2311.025
2339.9
2388.5
2380.163
2374.238
2373.471
2349.721
2334.304
2280.404
2288.742
2294.667
2295.433
2319.183
2334.6
2388.5
2387.188
2337.788
2314.038
2308.113
2307.513
2259.513
2230.638
2257.28
2255.728
2280.297
2281.655
2332.759
2333.379
2339.509
2369.379
2419.034
2469.31
2470.862
2417.487
2367.211
2357.961
2346.004
2343.763
2317.233
2365.833
2374.775
2386.333
2388.5
2390
2404.7
2430.8
2460.133
2467.008
2497.633
2482.217
2480.904
2515.763
2487.401
2459.19
2448.69
2335.181
2382.598
2399.116
2400.522
2453.022
2482.397
2511.616
2522.491
2549.017
2583.759
2559.19
2558.569
2528.698
2478.422
2502.991
2503.612
2533.483
2583.759
2550.655
2525.401
2490.659
2480.547
2427.172
2377.517
2375.966
2366.073
2361.108
2336.539
2335.918
2306.047
2255.772
2228.772
2135.409
1980.474
1972.716
1999.716
2093.078
2173.079
2180.579
2153.308
2028.883
2024.083
1970.183
1968.683
1961.183
1948.233
1975.504
2099.929
2104.729
2158.629
2160.129
2167.629
2180.579
2188.079
2220.079
2249.413
2263.85
2289.95
2338.95
2354.583
2382.208
2394.208
2391.808
2304.783
2300.392
2282.542
2284.942
2371.967
2376.358
2394.208
2423.108
2438.829
2472.413
2519.774
2533.274
2542.528
2544.25
2475.578
2467.762
2467.02
2444.754
2404.422
2468.194
2426.042
2434.379
2435.171
2458.921
2421.234
2435.024
2475.578
2470.766
2467.922
2456.672
2440.172
2431.207
2436.02
2438.863
2450.113
2466.613
2475.578
2448.484
2433.746
2479.754
2352.637
2339.137
2329.883
2405.767
2394.208
2423.108
2438.829
2472.413
2519.774
2533.274
2542.528
2544.25
2555.435
2548.177
2517.21
2486.242
2434.081
2405.694
2392.194
2387.226
2373.254
2347.996
2338.742
2291.323
2319.1
2312.3
2296.667
2269.042
2254.042
2188.042
2176.042
2183.542
2215.542
2196.234
2227.202
2255.589
2269.089
2274.056
2216.527
2240.996
2249.961
2295.898
2341.461
2356.117
2362.492
2376.555
2402.453
2389.652
2400.561
2374.288
2359.996
2329.466
2210.053
2197.371
2188.678
2187.061
2244.57
2271.664
2286.402
2317.887
2441.031
2454.109
2388.436
2390.053
2400.561
2386.545
2459.895
2413.957
2388.254
2362.688
2353.172
2250.305
2218.82
2233.273
2234.504
2280.441
2306.145
2331.711
2341.227
2444.094
2475.578
2450.012
2333.363
2328.863
2278.332
2276.926
2269.895
2257.754
2283.32
2399.969
2404.469
2455
2456.406
2463.438
2475.578
2448.484
2433.746
2402.262
2279.117
2266.039
2257.074
2255.406
2316.976
2344.944
2360.157
2392.657
2441.031
2454.109
2463.074
2464.742
2475.578
2468.547
2438.547
2411.047
2397.512
2373.043
2327.105
2312.449
2286.551
2275.301
2282.332
2312.332
2339.832
2353.367
2377.836
2423.773
2438.43
2464.328
2475.578
2476.141
2478.219
2451.125
2436.387
2404.902
2355.363
2341.863
2332.609
2408.583
2397.025
2425.925
2362.883
2395.383
2443.672
2456.75
2465.715
2467.383
2478.219
2453.75
2369.141
2300.625
2293.367
2318.625
2405.964
2471.188
2478.219
2451.125
2436.387
2404.902
2281.758
2268.68
2259.715
2330.887
2397.025
2389.525
2357.525
2328.192
2313.754
2287.654
2238.654
2223.021
2195.396
2183.396
2190.896
2222.896
2179.577
2193.548
2218.806
2266.226
2281.355
2308.089
2319.702
2322.282
2323.879
2329.004
2347.036
2376.673
2379.609
2380.77
2394.27
2401.035
2410.66
2426.223
2431.035
2433.066
2457.301
2464.332
2470.379
2473.223
2477.723
2480.223
2491.473
2503.613
2515.832
2528.91
2537.875
2528.25
2512.688
2507.875
2505.844
2481.609
2474.578
2468.531
2465.688
2475.313
2490.875
2495.688
2422.03
2445.53
2452.348
2458.212
2460.97
2460.424
2535.234
2535.797
2537.875
2528.25
2512.688
2507.875
2505.844
2481.609
2474.578
2468.531
2545.226
2555.161
2571.226
2576.194
2578.29
2603.306
2610.565
2616.806
2619.742
2611.673
2605.94
2605.198
2582.214
2567.294
2515.133
2523.202
2528.935
2529.677
2472.891
2487.344
2460.97
2451.636
2436.545
2431.879
2429.909
2406.409
2399.591
2393.727
2390.97
2400.303
2415.394
2420.061
2422.03
2445.53
2452.348
2458.212
2460.97
2454.152
2425.061
2398.394
2385.269
2361.542
2316.996
2374.746
2348.848
2337.598
2312.031
2195.383
2190.883
2140.352
2138.945
2131.914
2119.773
2145.34
2193.443
2197.807
2246.807
2248.17
2254.989
2266.761
2257.428
2242.337
2237.67
2235.701
2212.201
2205.383
2199.519
2196.761
2206.095
2221.186
2225.852
2227.822
2251.322
2258.14
2264.004
2266.761
2257.428
2242.337
2237.67
2235.701
2212.201
2205.383
2199.519
2196.761
2206.095
2221.186
2225.852
2227.822
2251.322
2258.14
2264.004
2200.092
2191.033
2176.386
2171.857
2169.945
2147.136
2140.518
2134.827
2196.761
2206.095
2221.186
2225.852
2227.822
2251.322
2258.14
2264.004
2266.761
2272.148
2283.996
2286.011
2226.32
2240.967
2257.408
2263.099
2276.971
2276.441
2274.485
2275.015
2276.971
2263.368
2262.21
2218.974
2194.783
2170.721
2161.765
2064.949
2035.316
2026.257
2011.61
2007.081
2005.169
1982.36
1975.743
1970.051
1967.375
1976.434
1991.081
1995.61
1997.522
2020.331
2026.949
2032.64
2035.316
2030.088
2018.588
2016.632
2009.088
1994.441
1978
1972.309
2017.784
2023.17
2035.019
2037.034
2044.807
2059.898
2076.837
2082.701
2096.992
2140.629
2115.629
2136.585
2138.154
2140.507
2153.743
2186.831
2170.55
2185.636
2176.836
2162.607
2158.207
2156.35
2134.193
2127.764
2122.236
2119.636
2128.436
2142.664
2147.064
2148.921
2171.079
2166
2172.429
2161.257
2166.786
2164.886
2167.486
2160.157
2145.929
2129.957
2124.429
2110.954
2116.032
2127.204
2129.104
2136.432
2150.661
2166.632
2172.161
2185.636
2180.557
2169.386
2167.486
2160.157
2145.929
2129.957
2124.429
2110.954
2116.032
2127.204
2129.104
2136.432
2150.661
2166.632
2172.161
2185.636
2176.836
2162.607
2158.207
2156.35
2134.193
2127.764
2122.236
2119.636
2128.436
2142.664
2147.064
2148.921
2171.079
2177.507
2183.036
2185.636
2144.493
2107.618
2087.261
2085.736
2083.45
2070.593
2098.404
2112.992
2096.992
2140.629
2179.739
2201.33
2202.947
2205.371
2219.008
2253.098
2234.39
2249.919
2244.691
2233.191
2231.235
2223.691
2209.044
2192.603
2186.912
2173.04
2178.268
2189.768
2191.724
2199.268
2213.915
2230.357
2236.048
2249.919
2240.86
2226.213
2221.684
2219.772
2196.963
2190.346
2184.654
2181.978
2153.743
2106.184
2093.875
2089.346
2080.908
2038.026
2032.026
2018.79
1960.555
1931.968
1923.219
1934.844
1939.122
1947.09
1987.59
1993.257
2005.757
2060.757
2055.819
2044.958
2043.111
2035.986
2022.153
2006.625
2001.25
1988.149
1993.087
2003.948
2005.795
2012.92
2026.753
2042.281
2047.656
2060.757
2039.007
1963.799
1838.99
1832.74
1854.49
1929.698
1998.98
2005.061
1966.142
1931.26
1912.003
1910.561
1908.399
1896.236
1865.831
1822.128
1858.076
1898.076
1933.927
1953.719
1955.201
1957.424
1969.924
2001.174
1990.791
2005.061
2000.257
1989.689
1987.892
1980.959
1967.5
1952.392
1947.162
1934.416
1939.22
1949.787
1951.584
1958.517
1971.976
1987.084
1992.314
2005.061
2003.115
1932.554
1928.993
1914.52
1914.034
1912.236
1912.723
1914.52
1909.716
1899.149
1897.351
1890.419
1876.959
1861.851
1856.622
1843.875
1848.679
1859.247
1861.044
1867.976
1881.436
1896.544
1901.774
1914.52
1875.601
1840.72
1821.463
1820.02
1817.858
1805.696
1775.291
1731.588
1717.318
1756.236
1791.118
1810.375
1811.818
1813.98
1826.142
1807.691
1802.801
1816.34
1811.782
1801.756
1800.051
1793.474
1780.705
1766.372
1761.41
1795.352
1791.299
1788.905
1779.431
1765.536
1757.987
1736.457
1682.503
1678.611
1634.909
1633.693
1627.611
1617.111
1639.223
1694.316
1698.105
1740.658
1741.842
1747.763
1757.987
1720.092
1686.128
1667.378
1665.974
1663.868
1652.026
1666.27
1667.639
1652.972
1692.972
1728.823
1748.615
1750.097
1752.319
1764.819
1796.069
1791.23
1805.5
1804.436
1764.382
1759.578
1720.659
1719.443
1720.507
1760.561
1765.365
1804.284
1805.5
1766.581
1731.699
1712.443
1711
1708.838
1696.676
1666.27
1667.639
1652.972
1692.972
1728.823
1748.615
1750.097
1752.319
1764.819
1796.069
1791.23
1805.5
1805.014
1803.216
1803.703
1805.5
1766.581
1731.699
1712.443
1711
1708.838
1696.676
1666.27
1667.639
1652.972
1692.972
1728.823
1748.615
1750.097
1752.319
1764.819
1796.069
1791.23
1805.5
1807.662
1812.892
1827.365
1837.932
1860.816
1862.118
1869.668
1910.401
1912.296
1874.401
1840.438
1821.688
1820.283
1818.178
1855.155
1824.75
1781.047
1766.777
1805.696
1840.578
1859.834
1861.277
1863.439
1875.601
1906.007
1949.709
1963.98
1962.764
1950.845
1929.682
1905.899
1900.324
1875.493
1876.709
1888.628
1909.791
1933.574
1939.149
1963.98
1925.061
1890.179
1870.922
1869.48
1867.318
1855.155
1824.75
1781.047
1766.777
1766.291
1764.493
1764.98
1766.777
1744.666
1643.78
1639.889
1596.186
1594.97
1588.889
1578.389
1600.483
1525.274
1400.465
1394.215
1438.715
1442.375
1496.208
1516.552
1524.698
1522.476
1521.101
1516.688
1501.16
1517.8
1515.2
1558.706
1546.397
1514.144
1516.568
1518.068
1522.883
1539.822
1567.663
1570.42
1571.511
1584.193
1614.386
1662.761
1660.746
1661.292
1663.307
1655.727
1650.341
1701.195
1678.93
1718.169
1666.008
1674.077
1679.81
1680.552
1703.536
1718.456
1770.617
1739.649
1743.738
1729.788
1724.654
1715.092
1723.957
1716.922
1762.17
1691.455
1725.741
1783.491
1798.438
1803.938
1814.183
1801.901
1808.935
1824.453
1892.728
1907.47
1958.573
1977.849
1993.056
1999.185
2001.427
2069.703
2070.323
2085.259
2076.634
2075.815
2124.504
2155.389
2139.556
2078.279
2087.899
2088.813
2116.216
2165.856
2182.298
2239.722
2239.056
2236.593
2237.259
2239.722
2234.389
2231.426
2218.093
2203.704
2273.423
2257.327
2246.293
2251.832
2171.394
2184.727
2199.116
2213.597
2229.097
2239.722
2270.023
2297.148
2393.843
2366.098
2391.545
2392.188
2423.125
2389.845
2365.276
2364.655
2334.784
2366.098
2391.545
2392.188
2339.569
2389.845
2375.103
2324
2304.724
2289.517
2283.388
2281.147
2212.871
2212.25
2197.315
2212.056
2263.159
2282.435
2297.642
2303.772
2306.013
2295.146
2295.746
2310.183
2309.583
2307.367
2307.967
2310.183
2286.433
2285.833
2256.958
2284.509
2309.078
2309.698
2339.569
2389.845
2400.466
2417.638
2422.948
2425.19
2451.931
2459.69
2466.362
2387.183
2401.433
2551.204
2540.938
2524.338
2519.204
2517.038
2491.188
2483.688
2477.238
2559.522
2570.142
2587.315
2592.625
2594.866
2621.608
2629.366
2636.039
2639.177
2614.608
2613.987
2584.116
2533.841
2473.129
2473.729
2502.604
2551.204
2540.938
2524.338
2519.204
2517.038
2491.188
2483.688
2477.238
2474.204
2484.471
2501.071
2506.204
2508.371
2534.221
2541.721
2548.171
2551.204
2540.938
2524.338
2519.204
2517.038
2491.188
2483.688
2477.238
2456.613
2453.579
2343.854
2354.121
2306.121
2285.704
2302.304
2273.404
2278.538
2350.978
2353.22
2379.961
2387.72
2394.392
2397.53
2372.961
2372.341
2342.47
2374.058
2399.504
2400.147
2431.085
2483.156
2472.156
2454.371
2448.871
2446.549
2418.853
2410.817
2403.906
2400.656
2400.013
2397.638
2408.638
2426.424
2431.924
2434.246
2461.942
2469.978
2476.888
2394.616
2383.996
2366.823
2361.513
2359.272
2332.53
2324.772
2318.099
2397.638
2408.638
2426.424
2431.924
2434.246
2461.942
2469.978
2476.888
2480.138
2454.692
2454.049
2423.112
2371.04
2396.487
2397.129
2344.341
2394.616
2383.996
2366.823
2361.513
2359.272
2332.53
2324.772
2318.099
2314.961
2325.582
2342.754
2348.065
2350.306
2377.047
2305.313
2311.763
2297.513
2300.546
2251.146
2232.513
2217.813
2211.888
2209.721
2143.721
2143.121
2128.683
2142.933
2192.333
2210.967
2225.667
2231.592
2233.758
2299.758
2300.358
2240.125
2230.19
2214.125
2282.796
2280.629
2254.779
2324.772
2318.099
2314.961
2325.582
2342.754
2348.065
2350.306
2377.047
2384.806
2391.478
2394.616
2370.047
2369.427
2423.112
2371.04
2356.108
2386.004
2338.471
2328.204
2311.604
2306.471
2304.304
2278.454
2270.954
2264.504
2261.471
2271.738
2288.338
2293.471
2295.638
2321.488
2328.988
2335.438
2338.471
2328.204
2311.604
2306.471
2304.304
2278.454
2270.954
2264.504
2261.471
2271.738
2288.338
2293.471
2295.638
2321.488
2328.988
2335.438
2338.471
2311.2
2286.788
2275.616
2219.858
2248.069
2273.323
2284.571
2338.471
2306.471
2252.571
2238.621
2233.488
2223.925
2175.325
2168.525
2153.525
2087.525
2051.153
2037.586
2050.664
2055.477
2064.441
2110.004
2116.379
2130.441
2192.316
2182.691
2167.129
2162.316
2160.285
2136.051
2197.698
2191.456
2188.52
2173.601
2139.004
2106.504
2105.052
2095.23
2110.149
2144.746
2177.246
2178.698
2188.52
2187.25
2139.444
2133.71
2087.258
2085.806
2087.077
2134.883
2140.617
2187.069
2188.52
2174.73
2126.923
2108.891
2094.665
2088.931
2086.835
2022.964
2022.383
2008.411
2022.202
2070.008
2088.04
2102.266
2108
2110.097
2173.968
2174.548
2120.129
2112.313
2106.758
2106.039
2083.773
2069.32
2018.789
2026.605
2032.16
2032.879
2055.145
2069.598
2055.883
2053.458
2051.958
2047.144
2030.205
2002.364
1999.606
1998.515
1985.833
1906.72
1909.144
1910.644
1915.458
1932.398
1960.239
1962.996
1964.087
1976.769
2055.883
2058.64
2080.231
2127.136
2131.5
2132.591
2082.607
2097.696
2154.268
2160.629
2199.83
2238.574
2299.137
2326.23
2356.23
2354.824
2341.043
2316.574
2289.074
2282.629
2253.918
2255.324
2269.105
2293.574
2321.074
2327.52
2284.83
2271.875
2226.966
2210.027
2196.663
2191.277
2189.307
2129.307
2128.761
2115.636
2128.591
2173.5
2190.439
2203.803
2209.189
2211.159
2271.159
2271.705
2284.83
2260.038
2237.845
2158.731
2109.731
2134.523
2156.716
2235.83
2217.629
2213.393
2211.04
2200.452
2189.026
2177.526
2165.217
2156.779
2161.015
2163.368
2173.956
2185.382
2196.882
2209.191
2217.629
2205.055
2161.467
2145.026
2132.055
2126.827
2124.915
2066.68
2128.761
2115.636
2128.591
2173.5
2190.439
2203.803
2209.189
2211.159
2204.36
2204.89
2217.629
2189.393
2141.835
2129.526
2124.996
2116.559
2073.676
2067.676
2054.441
1996.206
2024.441
2012.8
2024.757
2029.157
2037.354
2079.011
2084.839
2097.696
2154.268
2098.896
2135.129
2170.739
2229.466
2255.739
2217.629
2172.103
2193.742
2185.614
2175.106
2173.136
2220.042
2264.223
2272.352
2215.717
2217.629
2221.864
2213.882
2259.654
2272.254
2260.039
2131.664
2143.879
2209.135
2217.281
2221.906
2223.712
2228.649
2182.889
2184.331
2186.493
2187.466
2183.574
2190.271
2145.771
2133.521
2137.521
2132.25
2175.547
2187.466
2197.196
2236.115
2243.868
2267.652
2280.399
2273.639
2272.997
2253.74
2218.858
2207.304
2106.419
2113.179
2113.821
2133.078
2110.908
2122.158
2163.455
2152.494
2114.494
2100.16
2088.853
2084.295
2082.628
2031.859
2031.397
2020.292
2016.599
1966.792
1976.391
2017.889
2021.78
2074.28
2117.578
2129.497
2107.385
2087.591
2073.059
2028.142
2050.868
2071.212
2085.794
2073.457
2081.174
2082.924
2093.938
2098.888
2095.099
2043.98
2001.822
1990.217
1994.007
2045.125
2087.283
2098.888
2099.493
2101.204
2050.204
2082.182
2113.354
2167.188
2191.271
2157.993
2151.233
2146.429
2145.807
2126.551
2172.774
2127.858
2134.806
2139.743
2140.382
2160.174
2173.021
2157.993
2163.507
2174.818
2168.586
2172.766
2178.194
2216.563
2303.188
2328.451
2333.128
2343.418
2345.168
2291.612
2304.381
2318.715
2323.676
2335.769
2332.077
2282.269
2241.192
2229.885
2233.577
2283.385
2324.462
2335.769
2333.718
2329.16
2327.891
2317.865
2313.792
2312.087
2305.51
2291.176
2278.407
2254.849
2240.516
2238.183
2237.26
2232.298
2278.632
2267.618
2198.914
2203.592
2205.697
2215.987
2217.737
2219.039
2225.789
2229.97
2244.681
2257.786
2272.497
2296.674
2299.069
2304.161
2305.109
2317.52
2328.533
2397.237
2387.763
2349.868
2342.319
2319.161
2306.75
2316.224
2354.118
2361.668
2384.826
2397.237
2392.559
2382.27
2380.52
2373.77
2360.664
2345.954
2340.862
2328.451
2333.128
2343.418
2345.168
2351.918
2365.023
2379.734
2384.826
2397.237
2399.132
2394.454
2384.164
2382.414
2375.664
2362.559
2347.849
2342.757
2330.345
2335.023
2345.313
2347.063
2353.813
2366.918
2381.628
2386.72
2399.132
2405.053
2368
2390.564
2341.628
2361.203
2397.953
2409.678
2430.397
2439.397
2487.959
2483.516
2473.741
2472.078
2465.666
2453.216
2439.241
2434.403
2422.613
2427.056
2436.831
2438.494
2385.274
2397.421
2411.055
2415.774
2427.277
2423.765
2376.387
2337.314
2326.558
2331.277
2326.942
2317.405
2315.784
2309.527
2297.381
2283.747
2279.027
2267.524
2271.86
2281.396
2283.018
2289.274
2301.421
2315.055
2319.774
2331.277
2393.628
2406.199
2419.509
2418.571
2383.286
2379.054
2344.768
2343.696
2344.634
2379.92
2384.152
2418.438
2419.509
2415.277
2405.967
2404.384
2398.277
2386.42
2373.11
2368.503
2357.274
2361.506
2370.815
2372.399
2378.506
2390.363
2403.673
2408.28
2419.509
2426.842
2438.699
2442.366
2443.914
2462.378
2467.735
2472.342
2474.509
2477.938
2473.705
2464.396
2462.813
2456.705
2444.848
2431.539
2426.932
2415.702
2419.935
2429.244
2430.827
2436.935
2448.792
2462.101
2466.708
2477.938
2497.417
2504.247
2513.497
2465.116
2442.791
2405.186
2354.307
2344.795
2341.295
2334.776
2301.639
2297.003
2339.956
2293.91
2263.594
2249.225
2258.525
2261.947
2268.322
2300.722
2305.256
2315.256
2359.256
2367.256
2360.411
2349.344
2345.922
2344.478
2327.244
2322.244
2317.944
2315.922
2322.767
2333.833
2337.256
2338.7
2355.933
2360.933
2365.233
2367.256
2363.306
2354.617
2353.139
2347.439
2336.372
2323.95
2319.65
2309.169
2304.169
2282.836
2263.281
2304.875
2287.08
2253.67
2243.011
2275.901
2267.529
2272.762
2242.926
2262.926
2272.77
2290.565
2323.974
2334.634
2353.469
2361.651
2354.651
2343.332
2339.832
2338.355
2320.73
2315.616
2311.219
2309.151
2316.151
2327.469
2330.969
2332.446
2350.071
2355.185
2359.582
2361.651
2367.186
2368.964
2401.897
2430.578
2446.956
2457.378
2450.533
2439.467
2436.044
2434.6
2417.367
2412.367
2408.067
2406.044
2412.889
2423.956
2427.378
2428.822
2446.056
2451.056
2455.356
2457.378
2432.783
2443.035
2444.014
2450.25
2471.12
2464.424
2453.598
2450.25
2448.837
2431.978
2427.087
2422.88
2420.902
2427.598
2438.424
2441.772
2443.185
2460.043
2464.935
2469.141
2471.12
2493.022
2450.891
2432.043
2411.174
2401.106
2419.553
2389.146
2372.102
2356.844
2351.441
2367.408
2385.193
2401.114
2457.87
2439.979
2432.319
2401.681
2395.577
2376.854
2366.819
2374.479
2405.117
2411.221
2429.944
2439.979
2433.426
2422.83
2419.553
2418.17
2401.67
2396.883
2392.766
2390.83
2397.383
2407.979
2411.255
2412.638
2429.138
2433.926
2438.043
2439.979
2435.191
2414.766
2396.043
2386.827
2370.168
2338.891
2328.912
2311.279
2303.62
2308.407
2280.315
2298.648
2260.577
2276.556
2306.556
2316.128
2333.041
2340.388
2334.102
2323.939
2320.796
2319.469
2303.643
2299.051
2295.102
2293.245
2299.531
2309.694
2312.837
2314.163
2329.99
2334.582
2338.531
2340.388
2307.694
2305.005
2265.454
2250.508
2244.523
2277.217
2279.906
2319.457
2334.403
2340.388
2350.013
2353.255
2392.806
2398.791
2392.505
2382.342
2379.199
2377.872
2362.046
2357.454
2353.505
2351.648
2357.934
2368.097
2371.24
2372.566
2388.393
2392.985
2396.934
2398.791
2425.47
2433.84
2427.68
2417.72
2414.64
2413.34
2397.83
2393.33
2389.46
2387.64
2393.8
2403.76
2406.84
2408.14
2423.65
2428.15
2432.02
2433.84
2427.68
2417.72
2414.64
2413.34
2397.83
2393.33
2389.46
2387.64
2393.8
2403.76
2406.84
2408.14
2423.65
2428.15
2432.02
2433.84
2523.703
2539.033
2541.973
2589.189
2583.15
2573.385
2570.365
2569.091
2553.885
2549.473
2545.679
2543.895
2509.147
2504.82
2535.11
2517.855
2559.55
2543.89
2514.49
2505.11
2488.535
2481.335
2485.835
2455.917
2473.172
2481.664
2497.017
2525.841
2535.037
2551.287
2558.346
2635.613
2603.389
2617.091
2620.709
2627.632
2637.209
2652.267
2672.892
2670.123
2668.584
2661.661
2654.19
2646.671
2638.623
2684.735
2687.559
2689.127
2696.186
2703.804
2711.471
2719.676
2725.301
2724.419
2715.772
2700.419
2683.164
2679.12
2661.105
2676.311
2684.804
2686.373
2716.723
2719.743
2734.103
2744.456
2745.868
2774.103
2791.088
2796.838
2813.824
2806.765
2778.529
2772.904
2755.65
2746.402
2753.461
2781.696
2787.321
2804.576
2813.824
2814.529
2823.176
2832.941
2828.529
2809.706
2792.451
2783.958
2768.605
2739.782
2730.586
2714.336
2707.277
2713.027
2722.792
2727.821
2756.409
2756.875
2759.895
2760.346
2776.793
2815.768
2854.43
2835.727
2853.421
2815.553
2829.803
2830.163
2847.488
2876.648
2899.073
2904.81
2908.14
2909.04
2900.49
2867.987
2876.712
2968.408
2984.235
2984.719
2970.179
2969.811
2952.133
2922.378
2878.18
2878.54
2895.865
2925.025
2926.625
2920.431
2904.39
2890.029
2838.838
2807.132
2823.174
2840.576
2835.672
2832.186
2831.735
2817.765
2864.87
2832.53
2837.533
2841.088
2841.548
2855.798
2865.048
2897.388
2901.513
2887.263
2886.903
2869.578
2898.385
2854.668
2855.028
2872.353
2901.513
2913.763
2915.093
2915.553
2896.353
2864.013
2855.643
2852.563
2846.825
2817.665
2813.585
2804.585
2764.985
2784.185
2816.525
2824.895
2827.975
2833.713
2862.873
2866.953
2875.953
2858.385
2867.632
2884.618
2916.324
2902.353
2902
2885.015
2913.555
2927.805
2928.165
2887.735
2916.324
2924.816
2896.608
2889.685
2861.993
2856.476
2839.553
2830.483
2837.406
2865.099
2870.615
2887.538
2896.608
2910.31
2896.608
2896.262
2879.603
2907.478
2921.449
2921.801
2882.272
2910.31
2924.483
2922.945
2921.993
2918.938
2908.188
2890.519
2888.769
2888.077
2880.029
2885.309
2886.877
2832.313
2841.382
2844.438
2855.188
2872.856
2874.606
2875.298
2883.346
2878.203
2894.561
2854.153
2870.194
2857
2856.667
2840.625
2866.712
2880.156
2880.495
2843.194
2870.194
2920.333
2933.896
2936.563
2900.674
2884.618
2866.84
2896.785
2883.59
2883.257
2867.215
2840.215
2856.271
2883.715
2860.684
2897.993
2908.44
2912.123
2917.56
2930.283
2925.817
2925.393
2912.67
2942.161
2934.389
2919.604
2924.236
2924.676
2937.87
2907.92
2915.693
2930.283
2965.717
2973.316
2967
2941.737
2936.704
2921.265
2912.991
2919.307
2944.57
2949.603
2965.042
2973.316
2974.252
3000.042
3034.121
3046.969
3062.539
3068.855
3073.355
3083.162
3097.592
3105.092
3099.947
3097.026
3095.886
3092.768
3083.373
3082.436
3081.033
3080.401
3085.546
3088.467
3089.607
3092.726
3102.121
3103.057
3104.461
3105.092
3064.263
3067.599
3095.22
3108.591
3131.453
3134.192
3133.513
3107.961
3104.897
3080.069
3079.293
3079.972
3052.888
3055.9
3080.307
3081.07
3045.719
3055.469
3056.463
3061.35
3080.1
3080.85
3087.367
3088.117
3090.313
3061.389
3084.996
3108.898
3131.224
3115.74
3089.659
3082.909
3080.425
3075.798
3052.282
3048.992
3041.734
3059.139
3074.877
3051.363
3058.113
3060.597
3065.224
3039.712
3042.95
3050.093
3081.522
3087.236
3081.522
3058.665
3054.111
3040.143
3102.692
3095.206
3100.921
3123.778
3128.331
3142.3
3149.786
3156.429
3163.873
3168.706
3173.26
3178.149
3186.054
3188.498
3189.53
3201.839
3205.411
3208.482
3209.927
3214.185
3215.396
3217.803
3188.154
3183.415
3175.754
3173.385
3172.385
3160.454
3156.992
3154.015
3152.615
3157.354
3165.015
3167.385
3168.385
3180.315
3183.777
3186.754
3188.154
3203.654
3198.915
3191.254
3188.885
3187.885
3175.954
3172.492
3169.515
3168.115
3172.854
3180.515
3182.885
3183.885
3195.815
3199.277
3202.254
3203.654
3210.092
3216.877
3212.138
3204.477
3202.108
3201.108
3189.177
3185.715
3182.738
3181.338
3186.077
3193.738
3196.108
3197.108
3209.038
3212.5
3215.477
3216.877
3214.662
3213.431
3207.892
3201.915
3195.9
3189.462
3234.814
3257.596
3253.688
3250.91
3250.551
3239.418
3232.191
3206.926
3213.816
3215.875
3222.643
3235.426
3256.145
3257.076
3252.264
3244.482
3242.076
3241.061
3228.943
3225.428
3222.404
3220.982
3225.795
3233.576
3235.982
3236.998
3249.115
3252.631
3263.764
3266.787
3268.209
3290.709
3259.938
3270.9
3271.721
3272.952
3279.875
3247.225
3222.894
3230.774
3237.677
3238.265
3260.205
3272.481
3284.692
3289.237
3338.368
3353.405
3369.927
3365.33
3357.897
3355.599
3354.629
3343.054
3339.696
3336.808
3335.45
3340.047
3347.479
3349.778
3350.748
3362.323
3365.681
3368.569
3369.927
3365.33
3357.897
3355.599
3354.629
3343.054
3339.696
3336.808
3335.45
3313.957
3294.694
3299.291
3288.657
3296.09
3295.293
3297.591
3296.397
3297.368
3308.942
3302.226
3335.214
3338.623
3341.555
3368.087
3369.487
3361.363
3383.517
3351.807
3362.602
3363.411
3364.623
3371.441
3388.487
3362.047
3369.927
3378.32
3380.768
3387.254
3399.993
3403.301
3413.779
3365.464
3379.377
3379.721
3386.518
3388.605
3401.17
3446.658
3439.335
3437.07
3436.114
3424.71
3421.401
3418.555
3417.217
3421.746
3429.07
3431.335
3432.29
3443.695
3447.004
3449.849
3451.188
3444.901
3378.825
3385.112
3401.17
3408.005
3402.788
3381.918
3377.761
3365.007
3358.172
3363.389
3384.259
3388.417
3401.17
3408.005
3387.136
3417.967
3407.489
3406.704
3405.528
3398.91
3382.366
3408.715
3400.834
3422.326
3390.978
3401.456
3402.241
3403.417
3410.035
3426.579
3400.353
3408.005
3436.701
3432.237
3425.02
3422.788
3421.846
3410.607
3407.346
3404.542
3403.223
3407.687
3414.904
3417.136
3418.078
3429.317
3432.578
3435.382
3436.701
3441.918
3437.455
3430.237
3428.005
3427.063
3415.824
3412.563
3409.759
3408.44
3412.904
3420.121
3422.353
3423.295
3434.534
3437.795
3440.6
3441.918
3452.245
3431.375
3412.67
3402.344
3401.571
3400.411
3393.889
3377.585
3403.476
3395.711
3416.888
3386.072
3396.399
3397.172
3349.784
3356.213
3372.284
3347.562
3354.998
3342.798
3339.629
3329.593
3328.467
3314.945
3314.611
3308.005
3305.977
3340.82
3353.195
3356.409
3366.588
3367.73
3333.819
3334.153
3340.759
3342.787
3354.998
3350.66
3343.646
3341.477
3340.562
3329.639
3326.47
3323.745
3322.463
3321.336
3320.639
3318.401
3310.528
3297.588
3296.306
3295.799
3289.905
3253.134
3254.261
3254.958
3257.195
3265.069
3232.481
3233.745
3234.245
3240.057
3231.437
3220.813
3214.88
3213.784
3220.245
3199.041
3209.664
3215.598
3216.693
3237.897
3238.514
3218.788
3201.108
3235.672
3234.931
3233.819
3227.569
3257.183
3280.614
3273.071
3293.643
3265.431
3275.467
3276.218
3277.345
3283.683
3299.528
3276.16
3283.493
3277.11
3289.164
3282.829
3268.137
3254.336
3253.719
3249.548
3255.884
3270.575
3284.377
3284.993
3289.164
3255.831
3244.125
3241.084
3231.456
3230.375
3217.402
3217.081
3210.743
3208.797
3240.877
3252.743
3255.825
3265.586
3266.682
3279.832
3280.158
3286.582
3288.555
3300.432
3280.705
3263.026
3253.265
3252.534
3251.438
3245.274
3274.722
3252.264
3244.931
3264.931
3237.885
3247.646
3248.377
3249.473
3255.637
3271.048
3248.696
3255.831
3267.547
3273.921
3287.535
3296.243
3301.823
3305.648
3306.36
3310.983
3314.403
3285.546
3287.48
3268.533
3251.551
3242.176
3241.474
3240.421
3234.5
3219.697
3241.067
3277.73
3297.189
3270.435
3279.935
3280.647
3281.713
3287.713
3302.713
3280.533
3287.48
3290.194
3333.507
3334.158
3338.164
3326.757
3320.551
3307.294
3298.85
3293.27
3289.445
3288.733
3284.11
3288.91
3300.47
3306.758
3295.208
3292.208
3305.642
3313.997
3304.622
3303.569
3309.076
3312.85
3300.219
3299.906
3300.609
3305.171
3299
3297.105
3306.803
3295.395
3306.793
3309.753
3319.128
3320.181
3289.529
3289.838
3295.929
3297.799
3309.058
3315.916
3297.214
3280.453
3271.2
3270.506
3269.468
3263.623
3249.013
3228.013
3221.156
3239.857
3256.619
3224.002
3224.686
3225.712
3231.481
3245.904
3225.285
3231.968
3247.733
3296.991
3292.491
3274.491
3270.905
3259.905
3254.009
3258.509
3276.509
3280.095
3291.095
3296.991
3275.397
3264.693
3258.87
3246.432
3237.755
3232.523
3228.938
3228.27
3223.936
3234.773
3240.669
3253.263
3261.748
3266.915
3270.457
3271.116
3275.397
3257.619
3241.685
3232.889
3232.23
3231.242
3225.687
3211.798
3191.835
3185.316
3188.628
3176.776
3156.813
3151.647
3162.511
3160.61
3157.068
3139.068
3136.549
3130.994
3106.549
3118.401
3112.691
3094.451
3093.971
3099.075
3081.148
3071.117
3072.995
3076.494
3066.517
3062.803
3080.584
3083.072
3042.928
3030.642
3036.13
3060.276
3065.916
3066.396
3084.323
3094.354
3104.331
3108.044
3110.258
3122.396
3128.047
3155.63
3152.886
3183.014
3182.026
3170.174
3169.881
3164.091
3162.313
3191.005
3201.833
3204.645
3213.552
3214.552
3226.552
3226.848
3232.711
3234.511
3245.348
3263.873
3272.78
3275.131
3264.294
3258.398
3286.891
3237.009
3231.712
3228.081
3227.405
3223.016
3233.991
3239.96
3252.714
3261.313
3266.544
3270.13
3270.797
3275.131
3286.131
3280.346
3269.651
3266.873
3258.077
3257.09
3245.238
3244.944
3239.154
3237.377
3267.006
3277.834
3280.647
3289.553
3290.553
3261.781
3262.074
3267.864
3269.642
3280.346
3294.012
3312.309
3326.198
3335.239
3324.535
3318.713
3306.275
3298.345
3293.114
3289.528
3288.861
3284.527
3295.364
3301.259
3309.153
3321.591
3329.14
3334.244
3337.742
3338.393
3342.622
3344.5
3347.015
3348.893
3358.924
3367.912
3402.271
3391.707
3388.963
3380.274
3379.299
3367.591
3367.302
3361.582
3359.826
3368.814
3358.241
3368.805
3371.549
3380.238
3381.213
3352.042
3352.328
3357.979
3359.714
3370.16
3371.747
3381.604
3371.158
3365.476
3367.482
3355.343
3348.206
3343.102
3339.604
3338.953
3334.724
3338.953
3334.563
3317.002
3313.503
3302.771
3297.02
3301.41
3318.971
3322.47
3333.201
3338.953
3355.123
3360.875
3365.355
3376.425
3365.988
3363.277
3354.693
3353.729
3342.163
3341.877
3336.226
3334.491
3364.582
3375.146
3377.89
3386.579
3387.555
3358.307
3358.593
3364.244
3365.979
3376.425
3381.575
3382.539
3387.22
3387.863
3411.267
3427.242
3432.393
3442.995
3447.333
3449.188
3449.989
3452.131
3449.041
3435.532
3433.761
3436.851
3450.36
3452.131
3471.432
3460.995
3458.285
3449.7
3448.736
3437.17
3436.884
3431.233
3429.498
3419.053
3429.489
3432.2
3440.785
3441.748
3453.315
3453.601
3459.252
3460.986
3471.432
3478.48
3468.15
3467.682
3450.039
3447.923
3430.78
3430.244
3430.713
3448.356
3450.472
3467.615
3468.15
3474.436
3474.972
3477.949
3501.074
3501.784
3515.132
3509.626
3509.158
3491.658
3481.866
3472.126
3468.501
3429.314
3458.492
3464.065
3464.539
3482.25
3492.16
3502.017
3505.685
3503.138
3515.132
3512.155
3511.872
3503.39
3488.025
3482.936
3479.926
3482.94
3483.226
3491.81
3465.606
3470.695
3473.778
3476.178
3457.968
3440.815
3437.659
3433.579
3432.815
3410.897
3427.85
3430.969
3395.519
3396.266
3398.309
3388.352
3385.766
3377.576
3376.657
3365.622
3365.349
3359.958
3358.303
3348.338
3365.096
3367.441
3369.211
3386.108
3390.093
3392.223
3401.033
3419.447
3419.964
3420.649
3442.977
3449.132
3452.43
3456.924
3438.51
3436.996
3414.72
3406.302
3402.931
3421.345
3422.859
3445.135
3453.553
3417.641
3413.55
3397.186
3393.926
3383.926
3378.567
3387.913
3399.362
3412.104
3415.364
3427.551
3437.403
3441.494
3442.172
3445.672
3451.331
3453.081
3453.82
3462.632
3465.189
3467.388
3468.422
3469.161
3458.251
3439.876
3435.121
3433.371
3430.111
3413.543
3411.224
3406.111
3383.611
3380.111
3374.452
3372.702
3371.963
3363.151
3363.355
3360.798
3358.599
3357.565
3361.065
3366.724
3368.474
3369.213
3378.026
3380.582
3382.781
3383.815
3387.906
3393.565
3392.656
3392.094
3390.288
3383.936
3373.496
3372.462
3372.053
3367.297
3337.629
3338.538
3339.101
3340.906
3347.259
3357.699
3358.733
3359.142
3363.898
3355.435
3351.975
3346.379
3344.649
3343.919
3335.205
3332.677
3330.503
3329.48
3332.941
3338.537
3340.267
3340.997
3349.711
3352.239
3369.631
3371.805
3372.827
3375.638
3380.593
3377.132
3371.537
3369.806
3369.076
3360.362
3357.834
3353.031
3350.857
3349.834
3299.35
3304.153
3307.614
3320.786
3326.319
3328.031
3328.753
3337.369
3339.869
3342.019
3343.031
3339.772
3337.922
3337.2
3335.225
3329.275
3328.682
3327.793
3327.393
3330.651
3332.501
3333.224
3335.199
3341.149
3341.742
3342.631
3343.031
3347.931
3344.508
3338.975
3337.264
3336.542
3327.925
3325.425
3323.275
3322.264
3325.686
3331.219
3332.931
3333.653
3342.269
3344.769
3346.919
3347.931
3349.696
3355.563
3361.096
3357.674
3352.14
3350.429
3349.707
3341.09
3338.59
3336.44
3335.429
3338.851
3344.385
3346.096
3346.818
3355.435
3357.935
3360.085
3361.096
3365.413
3370.624
3367.201
3361.668
3359.957
3359.235
3350.618
3348.118
3345.968
3344.957
3348.379
3353.913
3355.624
3356.346
3364.963
3367.463
3369.613
3370.624
3400.707
3418.674
3430.481
3427.096
3421.624
3419.931
3419.217
3410.695
3408.223
3406.096
3405.096
3408.481
3413.953
3415.646
3416.36
3424.882
3427.354
3429.481
3430.481
3430.876
3421.962
3419.174
3406.986
3405.389
3408.177
3420.364
3421.962
3423.772
3420.424
3415.011
3413.337
3412.63
3404.201
3401.755
3399.652
3398.663
3402.011
3407.424
3409.098
3409.804
3418.234
3420.679
3422.783
3423.772
3418.745
3418.317
3402.338
3393.398
3384.505
3381.196
3345.416
3334.465
3336.397
3367.022
3363.674
3358.261
3356.587
3355.88
3347.451
3345.005
3342.902
3341.913
3345.261
3350.674
3352.348
3353.054
3361.484
3363.929
3366.033
3367.022
3397.647
3394.299
3388.886
3387.212
3386.505
3378.076
3375.63
3373.527
3372.538
3382.973
3385.418
3369.855
3372.274
3383.108
3392.987
3390.769
3392.849
3392.977
3384.656
3437.315
3435.424
3435.669
3437.56
3446.783
3452.4
3505.06
3525.677
3533.468
3512.803
3513.048
3504.798
3500.19
3499.339
3482.872
3491.122
3495.73
3496.581
3513.048
3554.969
3557.164
3549.009
3531.967
3531.488
3530.854
3510.189
3504.492
3501.44
3509.594
3526.637
3527.116
3527.75
3548.415
3516.7
3519.72
3522.42
3523.104
3530.604
3530.793
3503.038
3518.225
3521.434
3522.934
3552.283
3544.861
3544.673
3535.65
3557.52
3565.02
3565.209
3537.095
3552.283
3550.158
3559.402
3561.746
3534.924
3507.833
3512.253
3520.242
3535.242
3540.028
3548.485
3552.158
3544.888
3544.704
3572.317
3557.286
3564.631
3564.817
3573.747
3588.778
3608.758
3642.693
3647.555
3667.968
3640.335
3633.065
3632.881
3624.042
3609.165
3616.435
3616.619
3625.458
3640.335
3640.88
3651.161
3652.505
3649.888
3638.446
3636.946
3639.564
3651.005
3652.505
3650.209
3640.413
3631.434
3627.014
3619.024
3604.024
3636.344
3627.8
3624.089
3626.409
3599.2
3608.18
3576.109
3584.018
3598.866
3603.604
3611.975
3615.611
3592.361
3588.176
3581.051
3580.871
3572.209
3557.629
3564.754
3564.934
3573.596
3588.176
3594.364
3581.458
3584.14
3598.54
3598.09
3590.965
3590.785
3582.123
3567.543
3574.668
3574.848
3583.51
3598.09
3590.965
3592.846
3585.523
3548.195
3544.595
3539.615
3543.215
3548.195
3541.07
3540.89
3532.228
3517.648
3510.715
3508.488
3533.973
3525.173
3556.405
3548.496
3533.648
3528.91
3520.539
3516.903
3519.176
3493.584
3502.384
3471.995
3479.748
3494.302
3498.946
3507.151
3510.715
3507.812
3509.385
3522.514
3542.118
3542.296
3544.338
3545.863
3549.427
3530.239
3529.447
3528.957
3527.384
3521.849
3512.752
3511.851
3511.495
3507.351
3516.318
3565.818
3551.238
3550.844
3536.024
3534.246
3519.846
3519.396
3519.79
3534.61
3536.388
3550.788
3551.238
3552.778
3563.848
3572.51
3570.97
3574.57
3574.036
3559.336
3539.911
3532.588
3523.713
3520.113
3517.548
3511.958
3512.491
3527.191
3546.616
3553.94
3562.815
3566.415
3568.98
3574.57
3572.793
3574.57
3576.01
3561.61
3576.01
3573.76
3564.16
3555.36
3586.898
3578.989
3564.14
3559.403
3551.032
3547.395
3549.668
3523.771
3532.571
3536.903
3544.733
3559.433
3564.123
3572.41
3576.01
3573.078
3574.855
3578.765
3579.43
3581.995
3586.975
3592.565
3594.5
3599.216
3591.551
3575.531
3575.081
3574.485
3555.06
3549.705
3546.836
3558.049
3556.271
3552.361
3551.696
3549.131
3544.151
3538.561
3536.626
3531.91
3534.593
3536.37
3540.28
3540.945
3543.51
3548.49
3554.08
3556.015
3560.731
3559.143
3544.743
3542.965
3539.055
3538.39
3535.825
3530.845
3525.255
3523.32
3518.604
3520.381
3524.291
3524.956
3527.521
3518.444
3523.375
3528.91
3530.825
3535.495
3539.342
3538.629
3541.644
3537.411
3492.925
3491.165
3487.293
3486.635
3484.095
3479.165
3473.63
3471.714
3467.045
3468.804
3472.676
3473.334
3475.874
3480.804
3486.339
3488.255
3492.925
3518.774
3523.704
3528.16
3554.967
3552.739
3543.234
3534.521
3530.233
3522.48
3507.926
3503.282
3530.028
3526.428
3524.65
3520.74
3520.075
3517.51
3512.53
3506.94
3505.005
3500.289
3502.066
3505.976
3506.641
3509.206
3514.186
3519.776
3521.711
3526.428
3531.783
3537.633
3537.87
3523.05
3531.338
3531.108
3542.178
3540.4
3536.49
3535.825
3533.26
3528.28
3522.69
3520.755
3516.039
3517.816
3521.726
3522.391
3524.956
3529.936
3535.526
3537.461
3542.178
3544.86
3543.083
3539.173
3538.508
3535.943
3530.963
3525.373
3523.438
3518.721
3520.499
3524.409
3525.074
3527.639
3532.619
3538.209
3540.144
3544.86
3530.46
3544.86
3544.623
3577.836
3566.51
3565.025
3567.616
3578.942
3580.427
3580.609
3578.082
3577.842
3570.645
3557.609
3553.29
3551.459
3554.011
3554.254
3561.524
3574.694
3579.056
3617.145
3615.332
3611.342
3610.663
3608.046
3602.964
3597.26
3595.286
3590.473
3592.287
3596.277
3596.955
3599.573
3604.654
3610.358
3612.333
3617.145
3628.625
3623.813
3622.689
3627.552
3628.625
3626.811
3622.821
3622.143
3619.526
3614.444
3608.74
3606.765
3601.953
3574.325
3566.852
3565.383
3593.01
3600.483
3601.953
3603.297
3619.797
3621.418
3625.408
3629.082
3595.927
3603.836
3632.295
3634.356
3640.003
3616.509
3617.419
3616.699
3618.761
3619.561
3616.693
3621.318
3625.203
3629.828
3630.424
3632.674
3634.924
3638.524
3631.399
3641.474
3627.074
3641.474
3644.554
3649.534
3651.074
3651.724
3659.479
3661.729
3663.664
3664.574
3660.243
3658.308
3645.048
3637.218
3634.138
3629.158
3627.618
3626.968
3619.213
3616.963
3615.028
3614.118
3617.198
3622.178
3623.718
3624.368
3632.123
3634.373
3636.308
3637.218
3645.048
3650.898
3647.818
3642.838
3641.298
3640.648
3632.893
3630.643
3628.708
3627.798
3630.878
3635.858
3637.398
3638.048
3645.803
3648.053
3649.988
3650.898
3658.023
3660.891
3662.331
3657.615
3657.734
3653.324
3652.006
3647.675
3639.494
3626.234
3617.359
3614.279
3609.299
3607.759
3607.109
3599.354
3597.104
3595.169
3594.259
3597.339
3602.319
3603.859
3604.509
3612.264
3614.514
3616.449
3617.359
3609.989
3587.025
3587.252
3588.708
3593.351
3595.214
3595.66
3609.917
3606.868
3601.937
3600.412
3596.046
3595.402
3587.724
3585.496
3583.58
3582.679
3585.729
3590.66
3592.184
3592.828
3600.506
3602.734
3604.65
3605.551
3613.303
3616.736
3615.281
3610.35
3608.59
3610.35
3607.301
3602.37
3600.845
3600.202
3592.524
3590.296
3588.38
3587.479
3590.528
3595.459
3596.984
3597.627
3605.306
3607.533
3609.449
3610.35
3611.776
3597.519
3611.776
3627.786
3633.014
3628.87
3625.821
3620.89
3619.365
3618.722
3611.043
3608.816
3606.9
3605.999
3609.048
3613.979
3615.504
3616.147
3623.825
3626.053
3627.969
3628.87
3631.347
3644.125
3641.222
3639.573
3638.929
3637.17
3631.868
3631.339
3630.547
3630.191
3633.094
3634.743
3635.386
3637.146
3642.448
3642.976
3643.769
3644.125
3644.917
3605.901
3608.377
3605.328
3600.397
3598.873
3598.229
3590.551
3588.323
3586.407
3585.506
3588.556
3593.486
3595.011
3595.655
3603.333
3605.561
3607.476
3608.377
3619.479
3609.974
3625.984
3626.212
3598.724
3600.282
3598.724
3594.891
3591.362
3587.962
3580.286
3552.663
3550.663
3545.183
3567.505
3569.078
3572.949
3576.514
3579.947
3587.699
3615.595
3617.615
3623.15
3600.282
3597.262
3592.38
3590.87
3590.233
3582.63
3580.424
3578.527
3577.635
3580.654
3585.537
3587.047
3587.684
3595.287
3597.493
3599.39
3600.282
3598.438
3607.849
3605.335
3594.342
3592.901
3595.415
3606.408
3607.849
3611.249
3607.719
3602.837
3606.366
3611.249
3608.229
3603.347
3601.837
3601.2
3593.597
3591.391
3589.494
3588.602
3591.621
3596.504
3598.013
3598.651
3606.254
3608.46
3610.357
3611.249
3610.357
3603.371
3588.196
3586.784
3586.431
3582.185
3556.589
3537.178
3537.663
3546.364
3543.344
3538.462
3536.952
3536.315
3528.712
3526.506
3524.609
3523.717
3516.114
3511.868
3511.083
3495.908
3503.511
3507.757
3508.542
3523.717
3512.724
3531.724
3541.602
3539.969
3535.346
3538.158
3542.482
3528.364
3542.482
3537.305
3532.423
3523.923
3532.048
3527.945
3537.316
3537.894
3543.021
3536.103
3550.492
3520.517
3520.296
3520.517
3519.944
3516.208
3515.987
3522.838
3513.15
3523.968
3523.198
3524.799
3529.588
3535.213
3539.722
3539.29
3525.444
3529.203
3544.751
3540.587
3549.658
3541.867
3547.19
3548.982
3549.849
3551.22
3569.72
3584.977
3589.177
3586.735
3543.943
3542.476
3540.963
3537.239
3533.811
3530.508
3523.051
3496.218
3494.275
3488.951
3476.66
3478.173
3481.896
3485.325
3488.627
3496.085
3489.683
3491.607
3496.881
3509.057
3509.736
3524.849
3531.571
3531.199
3517.218
3515.541
3501.956
3501.532
3501.903
3515.884
3517.561
3531.146
3531.571
3528.175
3523.811
3513.693
3504.189
3503.764
3500.892
3503.797
3507.486
3512.467
3510.79
3512.467
3497.354
3496.111
3477.828
3503.975
3501.182
3516.439
3517.694
3536.151
3543.126
3545.919
3540.89
3539.519
3521.019
3539.471
3535.231
3536.615
3521.433
3536.69
3540.89
3530.348
3539.49
3541.455
3544.883
3549.169
3564.426
3569.455
3539.867
3537.447
3526.869
3525.482
3527.902
3538.48
3539.867
3552.042
3558.764
3555.075
3555.3
3585.035
3585.796
3586.558
3594.939
3603.189
3607.389
3560.246
3562.011
3556.687
3567.365
3604.895
3603.524
3619.495
3604.091
3599.851
3601.236
3619.913
3600.695
3604.895
3601.941
3603.887
3588.632
3591.052
3582.88
3576.158
3574.659
3562.15
3565.055
3556.883
3530.3
3526.429
3524.654
3530.433
3545.546
3544.188
3525.862
3544.185
3539.985
3541.356
3559.856
3591.206
3606.463
3610.663
3606.171
3621.429
3618.696
3618.47
3614.485
3618.556
3605.927
3574.577
3587.206
3590.93
3592.33
3590.817
3588.024
3563.16
3561.788
3543.288
3528.031
3523.831
3525.202
3543.702
3558.96
3563.16
3569.052
3564.981
3570.01
3560.867
3569.117
3567.604
3563.88
3560.451
3557.149
3549.692
3522.858
3520.915
3515.592
3536.986
3538.513
3542.273
3545.734
3549.069
3556.597
3583.689
3585.65
3591.025
3603.435
3599.974
3587.564
3585.581
3599.6
3600.173
3589.356
3589.929
3586.468
3581.679
3585.141
3589.929
3582.472
3620.363
3623.325
3628.113
3629.594
3630.219
3637.675
3639.839
3641.7
3642.575
3635.488
3640.863
3634.012
3632.627
3613.95
3598.546
3594.305
3567.214
3567.906
3564.945
3560.156
3558.675
3558.05
3550.594
3548.43
3546.57
3545.695
3548.656
3553.445
3554.925
3555.55
3563.007
3565.171
3567.031
3567.906
3560.82
3556.285
3563.136
3558.059
3520.168
3509.351
3506.389
3501.601
3500.12
3499.495
3492.038
3489.875
3488.014
3487.139
3490.101
3494.889
3496.37
3496.995
3504.452
3506.615
3508.476
3509.351
3506.946
3506.718
3499.867
3487.457
3483.346
3447.454
3451.214
3462.031
3433.185
3437.589
3438.456
3441.232
3439.835
3435.452
3439.658
3397.666
3394.787
3390.133
3388.694
3388.086
3380.839
3378.736
3376.928
3376.077
3378.956
3383.61
3385.049
3385.657
3392.904
3395.007
3396.815
3397.666
3383.815
3383.208
3378.825
3373.357
3371.984
3367.6
3365.842
3365.422
3351.964
3353.338
3357.721
3359.479
3362.935
3364.677
3365.094
3365.51
3378.844
3396.788
3398.698
3424.786
3428.953
3430.424
3455.493
3461.222
3468.046
3470.13
3468.388
3465.536
3460.925
3459.499
3458.897
3451.716
3449.633
3447.841
3446.999
3449.851
3454.462
3455.888
3456.49
3463.67
3465.753
3467.545
3468.388
3466.013
3455.631
3454.27
3450.186
3448.853
3450.936
3464.27
3444.328
3450.865
3451.354
3452.088
3456.217
3466.538
3449.724
3454.524
3455.351
3452.551
3448.024
3446.624
3446.033
3438.983
3436.938
3435.178
3434.351
3437.151
3441.678
3443.078
3443.669
3450.719
3452.765
3454.524
3455.351
3480.965
3482.581
3475.881
3475.989
3482.466
3475.028
3480.653
3477.853
3473.326
3471.926
3471.335
3464.285
3462.24
3460.481
3459.653
3462.453
3466.981
3468.381
3468.972
3476.022
3478.067
3479.826
3480.653
3483.926
3470.835
3459.102
3452.625
3452.14
3451.413
3447.322
3437.094
3453.792
3448.948
3462.159
3474
3480.537
3481.026
3479.396
3486.999
3487.733
3489.364
3493.492
3503.813
3518.648
3523.492
3541.657
3538.831
3534.263
3532.85
3532.253
3525.139
3523.075
3553.904
3553.061
3555.913
3560.524
3561.95
3562.552
3569.733
3571.816
3573.608
3574.45
3588.061
3593.791
3600.388
3603.598
3604.932
3624.157
3610.53
3608.023
3604.783
3604.175
3618.641
3598.635
3601.119
3604.33
3604.932
3612.112
3619.293
3605.959
3594.009
3587.412
3586.918
3586.177
3582.01
3571.594
3556.622
3551.733
3565.066
3577.016
3583.613
3584.108
3584.848
3589.015
3599.432
3614.404
3619.293
3616.441
3611.83
3610.404
3609.802
3602.622
3600.538
3598.747
3597.904
3567.721
3572.29
3573.703
3574.299
3581.414
3583.478
3585.253
3586.088
3593.12
3603.407
3600.581
3596.013
3594.6
3594.003
3586.889
3584.825
3583.049
3582.214
3585.04
3589.609
3591.022
3591.618
3598.733
3600.797
3602.572
3603.407
3595.46
3592.828
3582.672
3582.062
3551.862
3566.063
3552.852
3541.011
3534.475
3533.985
3533.251
3529.123
3518.802
3503.967
3499.123
3512.334
3492.136
3498.614
3499.099
3499.826
3503.917
3514.144
3528.844
3533.644
3529.357
3527.491
3531.818
3533.644
3540.344
3537.544
3533.017
3531.617
3531.026
3523.976
3521.931
3520.172
3519.344
3526.044
3523.606
3513.413
3531.413
3529.968
3526.414
3523.141
3519.989
3512.87
3487.257
3474.166
3472.311
3460.578
3454.101
3449.019
3437.286
3436.801
3436.074
3437.518
3433.427
3436.982
3458.193
3443.358
3446.661
3441.817
3444.998
3452.181
3478.03
3491.241
3493.112
3504.953
3511.49
3516.618
3496.382
3496.867
3497.594
3501.685
3511.913
3494.841
3499.598
3498.999
3499.106
3495.255
3508.39
3506.532
3493.559
3481.931
3475.512
3475.032
3474.311
3470.257
3460.122
3476.877
3472.077
3485.168
3496.901
3503.378
3503.864
3504.591
3508.682
3518.909
3501.775
3506.532
3486.747
3494.051
3495.779
3491.065
3477.833
3470.989
3464.45
3458.088
3455.47
3442.452
3429.595
3418.071
3411.71
3411.233
3410.519
3406.501
3396.456
3412.488
3407.731
3420.704
3432.331
3438.75
3439.231
3439.952
3444.006
3454.141
3468.708
3473.465
3456.006
3464.001
3446.501
3447.321
3440.334
3436.432
3435.712
3421.767
3428.753
3432.655
3433.376
3447.321
3447.767
3434.794
3423.167
3416.748
3416.267
3415.546
3411.492
3401.357
3386.789
3382.033
3395.006
3376.217
3382.578
3383.055
3383.769
3387.787
3397.831
3382.072
3386.744
3387.55
3364.084
3367.242
3367.944
3367.242
3364.084
3351.453
3369.69
3363.385
3362.913
3362.205
3358.222
3348.267
3363.724
3359.01
3364.233
3334.843
3325.267
3320.82
3312.249
3310.407
3307.193
3303.175
3288.872
3284.157
3280.29
3288.862
3290.703
3293.917
3297.935
3312.239
3316.953
3291.433
3247.627
3246.154
3202.348
3193.433
3196.618
3200.792
3214.49
3228.188
3225.593
3224.119
3223.544
3221.971
3217.232
3216.76
3216.052
3215.733
3222.039
3222.477
3229.34
3231.935
3235.121
3238.904
3244.324
3247.019
3251.758
3238.855
3251.598
3249.06
3249.458
3241.67
3238.485
3238.325
3235.631
3240.577
3245.754
3246.073
3241.899
3230.165
3229.846
3229.498
3216.383
3214.81
3202.066
3201.668
3206.407
3205.001
3201.541
3198.355
3195.287
3188.357
3163.424
3161.618
3156.671
3145.25
3146.656
3150.116
3153.302
3156.371
3163.3
3188.233
3190.039
3194.986
3206.407
3216.363
3216.681
3230.858
3229.285
3242.029
3247.206
3246.808
3249.876
3251.282
3244.003
3235.508
3233.935
3232.295
3215.145
3229.414
3228.238
3225.023
3220.577
3223.791
3228.238
3204.927
3200.213
3201.588
3202.401
3205.615
3210.329
3212.891
3214.203
3201.185
3193.444
3196.54
3183.415
3175.681
3179.15
3185.511
3192.855
3188.644
3170.965
3171.367
3167.18
3143.869
3144.191
3146.91
3144.901
3144.186
3142.459
3137.677
3162.422
3138.03
3137.584
3135
3121.055
3120.407
3114.889
3118.132
3116.632
3116.151
3102.908
3085.408
3078.81
3070.814
3067.571
3093.126
3088.044
3088.53
3101.893
3119.552
3126.21
3134.278
3137.551
3139.883
3144.965
3151.665
3151.338
3144.638
3129.938
3116.683
3120.62
3138.239
3131.581
3124.881
3120.872
3075.872
3068.394
3073.263
3064.103
3077.358
3081.639
3084.432
3098.029
3115.85
3118.144
3122.067
3123.415
3115.273
3119.401
3115.075
3109.708
3109.873
3134.712
3128.175
3126.4
3130.322
3117.111
3109.606
3108.148
3104.561
3101.258
3098.077
3090.893
3065.045
3063.173
3058.045
3058.499
3046.658
3048.116
3051.703
3055.006
3058.187
3065.37
3091.219
3093.091
3098.219
3110.06
3112.692
3113.425
3115.318
3117.21
3115.797
3114.384
3117.971
3092.123
3084.169
3091.772
3091.881
3088.294
3088.624
3084.702
3088.945
3087.596
3083.294
3081.568
3081.155
3067.944
3069.292
3073.595
3075.321
3075.734
3088.945
3086.65
3087.485
3104.417
3104.826
3105.481
3119.552
3124.352
3138.424
3138.966
3140.582
3144.136
3144.741
3147.073
3151.6
3156.682
3158.441
3162.728
3165.497
3157.144
3159.944
3164.472
3165.872
3166.463
3173.513
3175.558
3177.317
3178.144
3176.528
3172.974
3172.369
3170.038
3165.51
3160.428
3158.669
3154.382
3155.998
3159.552
3160.157
3162.489
3167.016
3172.098
3173.857
3178.144
3166.09
3142.356
3141.765
3148.242
3148.406
3156.281
3169.535
3176.503
3172.494
3169.694
3168.078
3164.524
3163.919
3161.588
3157.06
3151.978
3150.219
3145.932
3147.548
3151.102
3148.302
3143.775
3144.38
3146.711
3145.311
3144.72
3149.248
3154.33
3147.28
3145.234
3146.993
3151.281
3149.522
3148.694
3151.494
3156.022
3157.422
3158.013
3165.063
3167.108
3168.867
3169.694
3167.819
3169.017
3168.413
3166.081
3164.035
3173.785
3172.169
3168.615
3168.01
3165.678
3161.151
3156.069
3154.31
3150.023
3151.639
3155.193
3155.798
3158.13
3162.657
3167.739
3169.498
3173.785
3170.985
3166.458
3165.058
3164.467
3157.417
3155.372
3153.613
3152.785
3155.585
3160.113
3161.513
3162.103
3169.153
3171.199
3172.958
3173.785
3159.714
3157.106
3147.356
3139.474
3136.201
3138.809
3148.559
3156.441
3159.714
3162.853
3166.693
3163.39
3163.72
3166.181
3165.768
3150.933
3149.303
3145.716
3145.106
3152.289
3157.202
3154.849
3150.28
3145.151
3143.376
3139.049
3140.68
3144.267
3144.877
3131.281
3133.634
3138.203
3143.331
3145.107
3149.433
3142.897
3142.732
3134.784
3121.408
3127.945
3128.11
3136.057
3149.433
3146.608
3142.039
3140.626
3140.03
3132.915
3130.851
3129.076
3128.241
3131.067
3135.635
3137.048
3137.644
3144.759
3146.823
3148.599
3149.433
3153.562
3151.931
3148.344
3147.734
3145.381
3140.812
3135.683
3133.908
3129.581
3131.212
3134.799
3135.409
3137.763
3142.331
3147.46
3149.235
3153.562
3136.626
3133.826
3129.299
3127.899
3127.308
3120.258
3118.213
3116.453
3115.626
3118.426
3122.953
3124.353
3124.944
3131.994
3134.04
3135.799
3136.626
3135.01
3131.456
3130.851
3128.519
3123.992
3118.91
3117.151
3112.864
3114.48
3118.034
3118.639
3120.97
3125.498
3130.58
3132.339
3136.626
3122.063
3115.585
3115.422
3107.547
3094.292
3100.769
3100.933
3103.372
3111.247
3124.501
3121.701
3117.174
3115.774
3115.183
3113.567
3106.517
3104.472
3100.917
3099.158
3098.553
3096.222
3095.394
3090.867
3093.667
3088.585
3093.113
3091.353
3087.066
3088.466
3089.057
3090.673
3097.723
3099.768
3103.323
3103.927
3105.686
3108.018
3108.845
3113.373
3118.455
3120.214
3124.501
3122.227
3123.741
3122.125
3118.57
3117.966
3115.634
3111.107
3106.025
3104.266
3099.978
3097.178
3092.651
3091.251
3090.66
3083.61
3081.565
3079.806
3078.978
3081.778
3086.306
3087.706
3088.297
3095.347
3097.392
3099.151
3099.978
3107.86
3112.148
3121.307
3128.688
3132.458
3135.043
3135.524
3138.648
3179.126
3172.707
3172.545
3164.741
3151.606
3158.025
3158.187
3165.991
3179.126
3203.518
3221.356
3225.605
3229.456
3236.827
3245.903
3251.477
3245.757
3269.931
3266.835
3264.116
3263.584
3260.834
3256.387
3255.012
3254.432
3247.508
3245.499
3243.771
3242.959
3245.709
3250.155
3251.53
3252.11
3259.035
3261.044
3262.771
3263.584
3246.24
3254.443
3257.162
3261.876
3266.59
3272.115
3276.326
3290.763
3288.922
3286.304
3272.483
3269.733
3265.287
3263.912
3263.331
3256.407
3254.398
3252.671
3237.001
3236.196
3238.921
3243.329
3244.691
3245.267
3252.129
3254.121
3255.833
3256.638
3259.824
3253.519
3253.36
3245.694
3232.791
3239.096
3239.256
3246.921
3259.824
3260.461
3252.789
3248.615
3239.699
3204.826
3201.123
3198.584
3198.112
3223.57
3225.86
3233.602
3237.813
3246.808
3281.992
3285.729
3288.29
3288.767
3291.863
3287.925
3288.327
3263.171
3265.012
3262.262
3257.816
3256.441
3255.86
3248.936
3246.927
3245.2
3244.387
3247.137
3251.584
3252.959
3253.539
3260.463
3262.472
3264.2
3265.012
3256.441
3254.599
3251.385
3247.367
3233.064
3228.349
3224.482
3233.054
3234.895
3238.109
3242.127
3256.431
3262.792
3267.507
3271.374
3269.955
3266.464
3263.25
3260.154
3253.163
3228.007
3226.185
3221.194
3209.671
3211.089
3214.58
3217.795
3220.891
3227.882
3253.038
3254.859
3259.85
3271.374
3273.195
3283.24
3283.561
3277.2
3301.374
3301.213
3298.463
3290.729
3277.711
3273.265
3271.89
3271.309
3277.671
3270.747
3270.907
3268.898
3276.633
3274.905
3287.923
3287.11
3283.374
3291.945
3274.642
3266.901
3262.69
3253.694
3218.51
3214.773
3212.212
3211.735
3208.64
3216.381
3220.592
3229.587
3264.771
3268.508
3271.069
3269.694
3270.171
3269.358
3272.454
3298.693
3293.936
3291.351
3292.739
3293.559
3296.802
3301.559
3304.143
3305.53
3306.35
3307.85
3312.017
3329.476
3332.118
3332.443
3329.199
3324.713
3318.294
3318.132
3310.328
3297.193
3272.801
3266.203
3264.905
3259.929
3266.468
3267.753
3232.569
3224.828
3220.617
3211.622
3176.438
3172.701
3170.14
3169.663
3166.567
3174.308
3178.519
3187.515
3194.179
3197.883
3200.421
3200.894
3203.962
3197.657
3197.219
3190.356
3187.761
3184.575
3180.792
3175.372
3181.677
3182.115
3188.978
3191.573
3194.759
3198.542
3203.962
3203.803
3196.015
3194.741
3187.462
3169.94
3165.767
3161.983
3154.743
3145.827
3140.352
3145.08
3120.906
3138.585
3142.796
3146.613
3153.917
3146.176
3141.965
3150.961
3141.965
3147.49
3142.74
3107.867
3104.164
3128.124
3125.585
3125.113
3149.92
3157.661
3161.872
3170.867
3206.051
3209.788
3212.349
3212.826
3215.922
3215.39
3206.394
3199.47
3195.603
3194.888
3181.068
3156.894
3165.89
3168.608
3173.831
3165.628
3175.64
3176.925
3184.23
3207.54
3247.657
3254.019
3252.644
3251.468
3253.477
3262.048
3269.905
3273.772
3280.763
3293.888
3298.076
3305.475
3308.69
3308.288
3308.083
3307.368
3299.627
3295.416
3286.421
3251.237
3247.5
3244.939
3244.462
3241.366
3206.182
3191.878
3190.702
3173.398
3166.859
3164.241
3155.67
3151.459
3146.222
3150.471
3155.67
3154.493
3149.712
3147.317
3145.308
3136.737
3128.879
3125.012
3118.021
3104.896
3100.709
3093.309
3090.095
3092.104
3100.675
3108.532
3084.856
3091.785
3104.794
3108.945
3116.279
3119.465
3079.702
3088.198
3094.679
3103.595
3106.19
3119.888
3132.632
3133.03
3135.569
3136.843
3135.437
3131.977
3128.791
3125.722
3118.793
3093.86
3092.054
3087.107
3075.686
3075.288
3075.084
3071.898
3064.111
3063.583
3046.433
3044.607
3019.674
3015.691
3014.285
2990.325
2984.85
2978.327
2995.478
2997.303
3022.237
3026.219
3027.625
3024.817
3030.245
3036.709
3036.241
3018.873
3014.736
3010.986
3003.809
2994.971
2989.544
2966.643
2968.936
2986.458
2990.632
2994.415
3001.655
3010.571
3016.046
3039.15
3063.111
3058.704
3056.712
3048.217
3040.429
3063.709
3056.718
3043.593
3039.405
3032.006
3028.791
3030.8
3039.372
3047.229
3051.096
3058.087
3071.212
3075.4
3082.799
3086.013
3082.522
3072.478
3096.256
3092.089
3091.269
3057.641
3055.513
3059.067
3069.294
3073.232
3077.436
3078.264
3084.16
3113.815
3130.39
3094.566
3094.402
3119.489
3101.709
3088.825
3086.742
3077.853
3069.705
3065.694
3058.444
3044.833
3040.491
3032.817
3029.484
3031.567
3040.456
3048.604
3052.615
3059.865
3073.476
3077.818
3085.492
3088.825
3088.367
3079.478
3072.697
3063.368
3060.653
3046.321
3032.987
3032.571
3029.914
3028.581
3037.47
3044.251
3053.58
3056.295
3070.627
3083.961
3084.377
3087.034
3088.367
3085.156
3066.823
3062.456
3058.498
3050.922
3041.594
3035.865
3011.691
2986.622
3004.955
3009.322
3013.28
3020.855
3030.184
3035.913
3060.087
3085.156
3081.559
3072.67
3071.309
3066.966
3065.225
3064.808
3051.475
3052.836
3057.178
3058.92
3059.337
3072.67
3062.288
3060.205
3051.316
3043.168
3039.157
3031.907
3018.296
3013.954
3006.28
3002.947
3001.521
3000.678
2997.345
2992.456
2989.8
2991.226
2992.068
2995.402
3000.291
3002.947
3001.521
2994.697
2968.609
2971.461
2976.072
2977.498
2978.1
2985.28
2987.363
2989.155
2989.998
2985.631
2970.659
2975.025
2989.998
2948.395
2945.543
2940.932
2939.506
2938.904
2931.723
2929.64
2927.848
2927.006
2929.858
2934.469
2935.895
2936.497
2943.677
2945.76
2947.552
2948.395
2934.895
2926.006
2923.154
2918.543
2917.117
2916.515
2909.334
2907.251
2905.459
2904.617
2907.469
2912.08
2913.506
2914.108
2921.288
2923.372
2925.163
2926.006
2923.154
2918.543
2917.117
2916.515
2909.334
2907.251
2905.459
2904.617
2907.469
2912.08
2913.506
2914.108
2921.288
2923.372
2925.163
2926.006
2917.117
2915.207
2939.088
2934.882
2919.91
2914.975
2910.928
2919.9
2921.827
2896.523
2899.888
2904.093
2919.065
2924
2928.048
2927.491
2925.829
2922.951
2918.297
2916.857
2916.25
2909.002
2906.9
2905.091
2904.241
2907.119
2911.773
2913.213
2913.82
2921.068
2923.171
2924.979
2925.829
2922.589
2920.831
2902.326
2897.918
2893.923
2886.277
2876.861
2871.078
2846.679
2821.375
2839.88
2844.287
2848.283
2855.929
2865.345
2871.127
2868.716
2893.786
2890.966
2888.115
2883.503
2882.078
2881.476
2874.295
2872.212
2870.42
2869.578
2872.429
2877.041
2878.466
2879.068
2886.249
2888.332
2890.124
2890.966
2887.756
2841.922
2839.071
2834.459
2833.034
2832.432
2825.251
2823.168
2821.376
2820.534
2823.385
2827.997
2829.422
2830.024
2837.205
2839.288
2841.08
2841.922
2840.381
2831.492
2824.711
2815.382
2812.667
2798.334
2785.001
2784.584
2781.928
2780.595
2789.484
2796.265
2805.594
2808.309
2822.641
2835.975
2836.391
2839.047
2840.381
2854.864
2847.178
2844.299
2839.645
2838.206
2837.598
2830.35
2828.248
2826.439
2825.589
2828.467
2833.121
2834.561
2835.168
2842.416
2844.519
2846.327
2847.178
2837.762
2833.439
2827.972
2825.093
2820.439
2819
2818.393
2811.145
2809.042
2807.234
2806.383
2809.262
2813.916
2815.355
2815.963
2823.21
2825.313
2827.121
2827.972
2819.748
2817.35
2806.871
2803.993
2799.339
2797.9
2797.292
2790.044
2787.942
2786.133
2785.283
2788.161
2792.815
2794.255
2794.862
2802.11
2804.213
2806.021
2806.871
2806.314
2791.202
2816.035
2812.37
2807.946
2805.04
2800.342
2798.889
2798.031
2797.417
2790.101
2769.531
2769.102
2766.96
2765.117
2764.431
2749.689
2748.823
2749.689
2796.832
2797.261
2797.946
2812.688
2807.945
2805.213
2798.427
2797.956
2790.57
2787.777
2784.349
2780.277
2801.121
2807.972
2808.448
2815.905
2818.725
2822.186
2826.297
2832.186
2831.673
2812.635
2814.595
2813.1
2812.216
2810.6
2806.109
2787.294
2784.447
2784.097
2785.592
2786.476
2788.092
2792.583
2811.398
2814.245
2814.595
2803.709
2788.01
2786.007
2766.784
2762.205
2758.055
2750.112
2740.33
2734.323
2708.976
2708.99
2728.402
2733.026
2737.217
2745.238
2755.115
2761.181
2786.777
2813.321
2806.336
2832.473
2830.453
2828.59
2856.758
2855.318
2846.13
2843.085
2837.805
2846.993
2850.038
2855.318
2863.073
2872.673
2877.953
2876.513
2872.628
2864.34
2858.153
2852.873
2843.273
2835.949
2825.874
2822.941
2807.463
2793.063
2792.613
2789.744
2788.304
2797.904
2805.228
2815.303
2818.235
2833.714
2848.114
2848.564
2851.433
2852.873
2852.643
2850.393
2834.373
2806.198
2804.158
2802.618
2796.768
2795.228
2789.948
2781.285
2777.4
2775.735
2770.755
2767.886
2760.056
2740.256
2735.54
2731.265
2723.084
2713.009
2706.821
2680.714
2653.639
2673.439
2678.155
2682.43
2690.611
2700.686
2706.874
2732.981
2760.056
2757.374
2741.895
2754.864
2752.337
2749.628
2746.125
2745.468
2761.104
2775.831
2778.54
2782.043
2782.699
2781.095
2779.539
2778.62
2774.984
2769.65
2766.753
2768.308
2769.227
2772.864
2778.197
2781.095
2773.898
2771.625
2766.292
2759.095
2746.058
2743.785
2743.665
2732.302
2722.125
2714.681
2714.024
2711.314
2702.426
2694.592
2684.895
2677.497
2667.321
2664.359
2648.723
2634.178
2633.723
2630.826
2629.371
2639.068
2646.466
2656.643
2659.605
2675.24
2689.785
2690.24
2693.138
2694.592
2714.818
2706.996
2690.496
2685.684
2669.184
2673.996
2663.319
2661.236
2641.236
2636.472
2632.154
2623.89
2613.713
2607.463
2581.092
2553.744
2573.744
2578.508
2582.826
2591.09
2601.266
2607.516
2633.888
2661.236
2660.697
2645.848
2626.227
2620.04
2612.643
2603.678
2600.042
2597.451
2591.804
2592.343
2607.192
2626.813
2634.211
2643.176
2646.812
2649.403
2655.049
2649.14
2646.064
2642.953
2641.468
2636.731
2634.831
2634.376
2619.831
2621.316
2626.053
2627.953
2628.408
2642.953
2669.417
2665.744
2664.399
2662.93
2657.542
2653.18
2643.384
2641.279
2637.606
2633.014
2616.667
2611.279
2606.86
2616.656
2618.76
2622.434
2627.026
2643.372
2648.76
2653.18
2624.43
2619.617
2608.142
2613.004
2624.43
2629.149
2629.551
2644.551
2652.944
2661.292
2664.399
2697.989
2708.269
2715.777
2706.628
2703.862
2696.517
2694.879
2690.848
2686.013
2705.836
2695.836
2716.504
2705.899
2702.812
2686.518
2671.361
2670.887
2667.867
2666.351
2676.457
2684.166
2694.771
2697.858
2714.151
2729.309
2729.783
2677.678
2680.697
2682.213
2677.345
2669.845
2655.887
2665.005
2667.374
2674.874
2675.716
2685.821
2686.071
2691.008
2692.524
2701.65
2680.808
2675.843
2671.343
2662.732
2652.126
2645.613
2618.132
2589.632
2610.474
2615.438
2619.938
2628.55
2639.155
2645.668
2673.15
2701.65
2700.134
2698.184
2694.942
2698.184
2703.426
2705.047
2705.732
2713.895
2716.263
2718.3
2719.258
2715.468
2741.117
2737.84
2732.543
2730.904
2730.213
2721.963
2719.569
2717.511
2716.543
2719.819
2725.117
2726.755
2727.447
2735.697
2738.09
2740.149
2741.117
2717.366
2681.97
2672.656
2670.237
2662.575
2661.715
2651.392
2651.137
2646.094
2644.546
2635.223
2644.538
2646.957
2654.618
2655.478
2665.801
2666.056
2671.099
2672.648
2681.97
2705.302
2700.41
2679.345
2675.997
2670.584
2668.91
2668.204
2659.774
2657.329
2655.226
2654.236
2657.584
2662.997
2664.671
2665.378
2673.807
2676.253
2678.356
2679.345
2678.697
2667.746
2655.713
2652.365
2646.952
2645.279
2644.572
2636.143
2633.697
2631.594
2630.605
2633.952
2639.365
2641.039
2641.746
2650.175
2652.621
2654.724
2655.713
2627.336
2621.515
2613.77
2613.232
2604.803
2601.615
2597.702
2593.056
2586.398
2594.143
2594.681
2603.11
2606.298
2610.211
2614.857
2621.515
2612.507
2609.159
2603.746
2602.072
2601.365
2592.936
2590.49
2588.387
2587.398
2590.746
2596.159
2597.833
2598.539
2606.969
2609.414
2611.518
2612.507
2603.091
2600.645
2592.901
2592.031
2581.596
2581.338
2576.24
2574.675
2565.251
2574.667
2577.113
2584.857
2585.727
2596.162
2596.42
2601.518
2603.083
2612.507
2610.061
2606.713
2601.3
2599.626
2598.92
2590.49
2588.045
2585.942
2584.952
2588.3
2593.713
2595.387
2596.094
2604.523
2606.969
2609.072
2610.061
2609.192
2596.963
2602.09
2566.31
2566.052
2562.704
2557.291
2555.617
2554.91
2546.481
2544.035
2541.932
2540.943
2544.291
2549.704
2551.378
2552.084
2560.514
2562.959
2565.063
2566.052
2550.204
2529.139
2526.897
2496.272
2491.38
2489.654
2487.26
2480.46
2472.361
2493.658
2495.924
2526.886
2531.831
2533.577
2563.33
2570.129
2578.228
2576.102
2558.497
2549.975
2545.129
2541.745
2536.272
2534.58
2533.865
2525.343
2522.871
2520.745
2519.745
2523.129
2528.602
2530.294
2531.008
2539.53
2542.003
2544.129
2545.129
2535.61
2533.137
2525.308
2524.429
2513.879
2513.618
2508.464
2506.882
2497.354
2506.874
2509.346
2517.176
2518.055
2528.604
2528.865
2534.019
2535.602
2545.129
2523.371
2518.188
2513.49
2504.5
2493.429
2486.629
2457.94
2428.187
2410.582
2407.834
2406.141
2405.141
2403.312
2398.229
2376.933
2373.71
2373.315
2375.007
2376.007
2377.837
2382.919
2404.216
2402.523
2401.523
2404.746
2400.79
2401.185
2395.383
2392.231
2381.681
2376.599
2368.551
2357.479
2357.047
2340.893
2337.67
2328.632
2311.622
2295.798
2286.808
2286.313
2282.967
2279.815
2243.641
2242.059
2230.988
2241.537
2246.62
2254.668
2255.1
2271.254
2282.326
2285.548
2294.587
2311.596
2320.587
2323.933
2339.757
2340.251
2376.424
2387.496
2390.648
2392.231
2388.846
2383.374
2381.681
2380.967
2372.445
2369.973
2367.846
2366.846
2370.231
2375.703
2377.396
2378.11
2386.632
2389.104
2391.231
2392.231
2383.192
2379.236
2375.852
2370.379
2368.687
2367.973
2359.451
2356.978
2354.852
2353.852
2357.236
2362.709
2364.401
2365.115
2373.637
2376.11
2378.236
2379.236
2361.467
2360.588
2357.203
2351.731
2350.038
2349.324
2340.802
2338.33
2336.203
2335.203
2325.684
2323.212
2315.382
2314.503
2329.553
2329.289
2324.078
2322.478
2312.844
2322.469
2324.969
2332.886
2333.775
2344.442
2344.706
2349.917
2351.517
2361.15
2352.961
2344.772
2341.993
2334.076
2333.188
2329.335
2285.55
2283.258
2307.183
2290.531
2280.798
2278.27
2270.264
2269.365
2258.579
2258.312
2253.042
2251.424
2241.683
2251.416
2253.944
2261.949
2262.848
2273.635
2273.902
2279.171
2280.789
2290.531
2303.98
2289.314
2288.405
2288.2
2283.757
2270.973
2266.051
2260.795
2259.761
2242.83
2230.634
2235.18
2248.262
2253.298
2258.676
2259.734
2303.138
2341.414
2324.182
2314.109
2311.493
2303.208
2302.278
2291.115
2290.839
2285.385
2283.711
2273.629
2283.702
2286.318
2294.603
2295.533
2306.696
2306.972
2312.426
2314.1
2324.182
2344.643
2344.113
2370.936
2312.007
2311.472
2310.615
2292.188
2293.271
2324.526
2325.056
2325.903
2344.113
2336.834
2325.54
2316.924
2305.071
2301.621
2283.41
2266.469
2265.94
2262.565
2260.871
2272.165
2280.781
2292.634
2296.084
2314.294
2331.235
2331.765
2335.14
2336.834
2326.643
2323.996
2315.613
2314.672
2303.378
2303.099
2297.581
2295.887
2285.687
2295.878
2298.525
2306.907
2307.849
2307.147
2318.441
2318.721
2324.238
2325.932
2336.132
2319.191
2309
2309.701
2313.937
2319.032
2328.05
2333.568
2343.759
2342.688
2337.14
2318.116
2323.665
2315.448
2312.112
2311.054
2300.734
2316.993
2313.41
2307.199
2318.007
2321.59
2327.801
2322.772
2317.676
2315.585
2305.394
2302.747
2297.306
2288.924
2288.46
2287.519
2270.225
2258.931
2249.254
2248.975
2243.457
2233.832
2232.138
2228.556
2189.829
2179.629
2167.776
2177.968
2183.409
2186.056
2186.519
2194.901
2195.843
2213.137
2222.813
2234.107
2243.732
2244.012
2249.529
2253.112
2254.806
2293.532
2305.385
2315.585
2314.515
2309.915
2303.032
2301.962
2296.774
2285.479
2283.053
2278.818
2273.524
2254.676
2248.465
2243.369
2254.663
2257.09
2261.325
2266.619
2285.466
2291.678
2296.774
2298.865
2303.465
2304.247
2307.265
2313.124
2319.7
2321.976
2327.525
2320.246
2310.054
2307.407
2299.025
2298.084
2286.79
2286.51
2280.993
2279.299
2269.099
2267.007
2262.407
2261.625
2258.607
2252.749
2246.172
2243.896
2238.347
2240.438
2245.038
2245.821
2248.838
2254.697
2261.274
2263.55
2269.099
2257.804
2268.004
2273.553
2285.406
2331.766
2336.69
2340.065
2340.693
2344.772
2346.466
2346.996
2350.013
2351.882
2390.609
2395.797
2414.007
2433.031
2454.629
2452.513
2447.859
2447.067
2444.013
2438.085
2431.43
2429.126
2423.512
2425.628
2430.283
2431.074
2450.508
2453.598
2459.598
2466.333
2468.664
2474.346
2456.78
2454.639
2449.928
2449.127
2446.036
2440.036
2433.301
2430.97
2425.288
2427.429
2432.14
2432.941
2436.032
2442.032
2448.767
2451.098
2456.78
2453.111
2449.443
2426.039
2424.268
2418.617
2416.351
2415.809
2398.459
2400.23
2405.881
2408.148
2408.69
2426.039
2453.832
2471.393
2487.133
2495.822
2496.473
2497.448
2502.936
2516.655
2536.375
2542.814
2540.646
2535.878
2535.067
2531.939
2525.866
2519.049
2516.689
2510.938
2513.105
2517.873
2518.684
2521.813
2527.886
2534.703
2537.063
2542.814
2541.936
2531.363
2525.611
2513.325
2465.268
2460.165
2456.666
2456.015
2451.787
2462.36
2468.111
2480.398
2528.454
2533.558
2537.056
2537.707
2541.936
2544.68
2556.387
2536.19
2541.408
2550.842
2568.553
2574.203
2584.188
2588.526
2587.075
2578.143
2576.387
2609.405
2618.337
2620.093
2603.922
2601.755
2596.986
2596.175
2593.047
2586.974
2580.157
2577.797
2572.046
2574.213
2578.982
2579.793
2582.921
2588.994
2595.811
2598.171
2603.922
2603.319
2585.758
2570.018
2561.329
2560.678
2559.703
2554.215
2540.495
2520.776
2514.337
2531.898
2547.637
2556.326
2556.977
2557.953
2563.441
2577.16
2565.592
2571.953
2571.086
2568.944
2564.233
2563.432
2560.342
2554.342
2580.724
2573.907
2571.547
2565.796
2567.963
2572.732
2573.543
2576.671
2582.744
2589.561
2591.921
2597.672
2585.965
2577.034
2564.747
2561.171
2542.294
2555.903
2555.347
2551.806
2550.028
2530.637
2539.569
2551.855
2555.431
2543.292
2560.642
2561.184
2564.64
2566.375
2564.233
2559.523
2558.721
2555.631
2549.631
2542.896
2540.565
2534.883
2537.024
2541.735
2542.536
2545.627
2551.627
2558.361
2560.693
2566.375
2590.855
2580.282
2574.53
2562.244
2514.188
2509.084
2505.585
2504.934
2500.706
2511.279
2517.03
2529.317
2577.373
2582.477
2585.976
2586.627
2590.855
2585.104
2590.855
2573.294
2557.555
2548.866
2548.215
2547.239
2541.752
2528.032
2539.279
2532.761
2550.539
2535.174
2543.863
2544.514
2545.489
2550.977
2564.697
2553.279
2559.64
2549.203
2547.062
2542.351
2541.55
2538.459
2532.459
2525.724
2523.393
2517.711
2517.434
2469.956
2451.307
2446.841
2429.28
2443.338
2434.542
2433.883
2432.895
2427.34
2413.451
2423.406
2416.806
2434.806
2450.939
2448.127
2436.127
2445.033
2445.7
2434.7
2429.286
2430.286
2420.498
2426.123
2440.186
2421.811
2415.948
2436.161
2442.761
2432.402
2427.902
2430.714
2442.714
2453.714
2459.128
2468.916
2487.291
2493.153
2503.513
2508.013
2498.319
2482.186
2471.348
2465.453
2452.859
2403.602
2398.37
2394.784
2394.117
2389.783
2400.62
2406.516
2419.109
2468.367
2473.598
2477.184
2477.852
2482.186
2462.161
2444.161
2428.028
2419.122
2418.455
2417.455
2411.83
2397.767
2377.555
2370.955
2388.955
2375.395
2384.191
2384.85
2385.838
2391.394
2405.282
2395.669
2402.108
2401.505
2397.114
2379.553
2372.736
2371.858
2361.285
2355.534
2343.247
2295.191
2290.087
2286.588
2285.938
2281.709
2292.282
2298.034
2310.32
2358.377
2363.48
2366.979
2367.63
2371.858
2368.587
2362.835
2345.274
2329.535
2320.846
2320.195
2319.22
2313.732
2328.407
2337.3
2330.7
2348.7
2364.833
2373.739
2374.406
2375.406
2381.031
2395.094
2415.306
2421.906
2416.125
2415.633
2397.258
2386.977
2376.75
2372.944
2331.797
2319.203
2316.391
2304.391
2293.391
2287.977
2278.189
2259.814
2253.952
2243.592
2239.092
2241.905
2226.079
2236.943
2214.945
2224.494
2242.421
2248.14
2258.247
2262.637
2271.326
2271.546
2282.11
2299.89
2289.317
2283.566
2271.279
2253.718
2205.662
2189.922
2184.819
2176.13
2172.631
2171.98
2171.329
2170.354
2166.125
2160.637
2146.918
2127.198
2120.759
2138.32
2154.059
2162.748
2163.399
2164.375
2169.863
2183.582
2176.756
2183.117
2169.608
2195.091
2186.402
2212.784
2203.21
2199.59
2195.145
2189.867
2182.306
2191.102
2191.713
2201.287
2204.907
2209.352
2214.63
2222.191
2213.395
2213.173
2202.478
2184.478
2193.275
2193.497
2204.191
2222.191
2222.045
2204.267
2188.333
2179.537
2178.878
2177.89
2172.335
2158.446
2165.214
2158.614
2176.614
2192.747
2201.653
2202.32
2203.32
2208.945
2223.008
2243.22
2249.82
2249.37
2239.011
2205.167
2185.819
2173.819
2164.664
2152.07
2175.6
2156.006
2137.778
2164.609
2188.995
2187.125
2128.773
2119.519
2119.286
2108.036
2089.101
2098.354
2098.588
2109.838
2128.773
2115.688
2111.734
2104.136
2089.575
2115.174
2104.41
2070.058
2010.938
2001.563
2014.819
2018.826
2026.523
2041.276
2043.171
2053.936
2088.288
2147.408
2156.783
2137.836
2120.854
2111.479
2110.776
2109.724
2103.803
2089
2067.724
2060.776
2057.816
2045.184
2033.605
2054.945
2044.505
2024.905
2018.652
2034.731
2029.867
2032.907
2018.602
2003.62
2009.319
2019.622
2038.964
2045.135
2056.039
2060.776
2064.151
2098.503
2099.206
2103.064
2134.104
2185.281
2187.93
2188.969
2201.437
2205.391
2215.346
2218.83
2236.05
2250.661
2241.407
2241.174
2229.924
2210.989
2220.242
2220.476
2203.114
2221.806
2241.407
2243.278
2268.505
2289.31
2295.037
2285.784
2276.531
2276.297
2265.047
2275.666
2285.041
2285.278
2296.676
2315.86
2310.715
2251.595
2251.283
2245.077
2225.242
2231.53
2251.283
2248.322
2235.691
2224.112
2218.413
2208.11
2188.768
2211.698
2230.387
2225.522
2223.441
2222.211
2219.961
2213.711
2187.522
2183.559
2183.073
2185.154
2186.383
2188.633
2194.883
2221.073
2225.035
2225.522
2229.684
2236.414
2238.495
2239.373
2249.853
2252.894
2255.508
2256.738
2245.623
2235.995
2235.752
2224.046
2204.343
2213.971
2214.215
2225.921
2215.682
2211.575
2204.935
2202.882
2202.015
2191.675
2188.675
2186.095
2184.882
2188.988
2195.628
2197.682
2198.548
2208.888
2182.785
2185.331
2186.528
2184.633
2159.074
2137.995
2132.192
2134.087
2159.646
2180.725
2186.528
2186.225
2165.605
2163.097
2162.497
2158.39
2151.75
2149.697
2148.83
2138.49
2135.49
2132.91
2131.697
2135.803
2142.443
2144.497
2145.363
2155.703
2158.703
2161.283
2162.497
2152.997
2152.757
2141.207
2150.439
2146.277
2139.547
2137.466
2136.588
2126.108
2123.068
2120.453
2119.223
2123.385
2130.115
2132.196
2133.074
2143.554
2146.595
2149.209
2150.439
2164.486
2194.049
2171.799
2187.424
2187.924
2210.174
2206.189
2222.157
2209.945
2236.373
2231.973
2224.859
2222.659
2221.73
2210.652
2207.438
2204.673
2203.373
2207.773
2214.888
2217.088
2218.016
2229.095
2232.309
2235.073
2236.373
2229.636
2206.536
2213.273
2236.373
2234.316
2206.566
2183.68
2208.937
2211.024
2239.176
2210.48
2233.697
2240.089
2235.625
2228.408
2226.176
2225.234
2213.995
2210.734
2207.929
2206.611
2211.074
2218.292
2220.524
2221.466
2232.705
2235.966
2238.77
2240.089
2232.437
2227.973
2220.755
2218.524
2217.582
2206.342
2203.082
2200.277
2198.958
2203.422
2210.639
2212.871
2213.813
2225.053
2228.313
2231.118
2232.437
2232.697
2233.661
2224.694
2220.23
2213.013
2210.781
2209.839
2198.6
2195.339
2192.534
2191.216
2195.679
2202.897
2205.129
2206.071
2217.31
2220.571
2223.375
2224.694
2221.705
2216.487
2248.908
2246.79
2218.224
2194.665
2188.18
2190.298
2218.864
2242.423
2248.908
2244.379
2237.055
2234.79
2233.835
2222.43
2219.121
2216.276
2214.938
2219.467
2226.79
2229.055
2230.011
2241.415
2244.724
2247.57
2248.908
2246.79
2246.129
2242.357
2240.02
2191.612
2185.127
2162.364
2138.585
2140.702
2141.364
2145.136
2147.472
2195.881
2202.366
2225.129
2248.908
2241.143
2236.614
2229.29
2227.026
2226.07
2214.665
2211.357
2208.511
2207.173
2211.702
2219.026
2221.29
2222.246
2233.651
2236.96
2239.805
2241.143
2267.554
2274.593
2298.261
2283.716
2280.591
2275.136
2268.318
2244.045
2236.045
2229.483
2244.028
2247.153
2252.608
2259.426
2283.699
2291.699
2298.261
2293.595
2286.049
2283.716
2282.731
2270.981
2267.572
2264.64
2263.261
2233.261
2231.08
2201.648
2177.375
2170.693
2172.875
2202.307
2226.58
2233.261
2232.716
2249.815
2249.538
2248.515
2248.792
2249.815
2249.633
2243.056
2201.402
2186.633
2135.99
2133.775
2103.89
2079.244
2072.46
2067.125
2060.202
2030.387
2052.54
2069.79
2083.444
2086.583
2090.996
2088.735
2081.519
2078.625
2077.933
2055.779
2058.04
2065.256
2068.15
2068.842
2090.996
2090.719
2089.696
2089.973
2090.996
2082.873
2079.7
2110.137
2095.781
2091.023
2082.773
2097.129
2101.887
2110.137
2137.917
2136.472
2135.202
2119.964
2115.131
2136.883
2132.556
2111.169
2093.024
2094.315
2109.798
2114.71
2127.073
2131.399
2152.786
2136.472
2135.028
2056.456
2055.742
2054.599
2030.03
2027.696
2026.982
2022.911
1992.149
1988.875
1975.51
2000.518
2031.213
2019.75
2043.905
2031.198
2064.612
2068.168
2116.746
2124.504
2127.244
2173.925
2184.593
2197.3
2194.765
2188.787
2188.476
2187.33
2187.64
2188.787
2176.502
2206.792
2192.252
2191.316
2165.526
2169.509
2156.431
2140.583
2134.154
2129.574
2158.13
2147.493
2137.757
2169.324
2156.13
2155.213
2140.852
2135.421
2128.755
2120.838
2109.495
2122.69
2123.606
2137.968
2143.398
2150.065
2157.981
2169.324
2165.546
2202.514
2216.601
2191.781
2191.089
2190.743
2189.464
2189.81
2191.089
2187.123
2172.382
2144.344
2140.623
2133.151
2103.385
2075.346
2070.188
2063.519
2062.269
2092.036
2120.075
2125.233
2131.901
2133.151
2103.385
2122.76
2153.856
2157.822
2193.074
2205.978
2228.038
2218.413
2228.038
2227.671
2226.314
2226.681
2228.038
2218.413
2185.413
2195.038
2228.038
2262.268
2254.122
2230.685
2268.931
2308.201
2306.223
2274.522
2201.372
2210.061
2235.061
2244.686
2254.964
2256.986
2339.936
2413.086
2380.153
2376.731
2374.708
2371.008
2360.731
2317.664
2311.147
2310.347
2313.769
2315.792
2319.492
2329.769
2372.836
2379.353
2380.153
2376.622
2373.422
2372.422
2366.722
2363.192
2290.042
2280.242
2245.844
2209.911
2213.111
2214.111
2219.811
2223.342
2246.568
2256.155
2289.804
2275.489
2273.787
2280.34
2290.936
2294.213
2295.596
2312.096
2316.883
2321
2322.936
2316.383
2305.787
2302.511
2301.128
2284.628
2279.84
2275.723
2273.787
2280.34
2290.936
2294.213
2295.596
2312.096
2316.883
2321
2322.936
2322.553
2321.138
2321.521
2322.936
2311.543
2304.989
2294.394
2291.117
2289.734
2273.234
2268.447
2264.33
2262.394
2268.947
2279.543
2282.819
2284.202
2300.702
2305.489
2309.606
2311.543
2310.274
2289.848
2285.46
2277.801
2268.226
2234.141
2222.907
2213.691
2234.117
2238.505
2246.165
2255.739
2289.824
2301.059
2310.274
2303.721
2293.125
2289.848
2288.465
2271.965
2267.178
2263.061
2261.125
2267.678
2278.274
2281.551
2282.934
2299.434
2304.221
2308.338
2310.274
2293.614
2287.061
2276.465
2273.189
2271.806
2255.306
2250.519
2246.402
2244.465
2251.019
2261.614
2264.891
2266.274
2282.774
2287.561
2291.678
2293.614
2287.061
2276.465
2273.189
2271.806
2255.306
2250.519
2246.402
2244.465
2251.019
2261.614
2264.891
2266.274
2282.774
2287.561
2291.678
2293.614
2287.061
2276.465
2273.189
2271.806
2255.306
2250.519
2246.402
2244.465
2251.019
2261.614
2264.891
2266.274
2282.774
2287.561
2291.678
2293.614
2281.721
2280.019
2259.593
2253.114
2285.432
2279.601
2250.774
2275.792
2277.569
2298.903
2305.669
2322.703
2328.664
2306.867
2331.323
2330.932
2329.486
2329.878
2331.323
2324.628
2313.802
2310.454
2309.041
2292.182
2287.291
2283.084
2281.106
2287.802
2298.628
2301.976
2303.389
2320.247
2325.139
2329.345
2331.323
2372.853
2425.963
2418.963
2407.645
2404.145
2402.668
2385.043
2379.929
2375.531
2373.463
2380.463
2391.781
2395.281
2396.759
2414.384
2419.497
2423.895
2425.963
2418.963
2407.645
2404.145
2402.668
2385.043
2379.929
2375.531
2373.463
2380.463
2391.781
2395.281
2396.759
2414.384
2419.497
2423.895
2425.963
2418.963
2407.645
2404.145
2402.668
2385.043
2379.929
2375.531
2373.463
2363.952
2339.577
2339.168
2337.656
2338.065
2339.577
2353.639
2373.344
2377.619
2378.514
2386.696
2433.506
2453.228
2465.65
2455.169
2426.134
2444.727
2461.372
2464.692
2446.264
2439.644
2436.448
2426.253
2422.163
2421.185
2389.88
2393.076
2403.272
2407.361
2408.34
2439.644
2449.427
2455.258
2463.758
2463.367
2461.921
2460.943
2451.16
2440.908
2451.16
2449.864
2442.038
2432.622
2469.647
2459.225
2439.975
2441.3
2449.3
2458.925
2475.958
2486.381
2505.631
2544.952
2523.134
2511.134
2494.94
2493.815
2476.19
2469.526
2461.344
2451.628
2494.398
2453.901
2455.026
2472.651
2479.315
2487.497
2497.213
2511.134
2510.315
2574.349
2587.645
2551.475
2553.075
2596.242
2603.008
2608.969
2598.489
2562.556
2540.167
2561.148
2556.46
2579.358
2616.108
2620.795
2599.915
2592.994
2580.994
2601.875
2608.795
2620.795
2617.011
2598.418
2581.773
2581.099
2543.494
2562.52
2579.552
2640.267
2617.011
2613.739
2612.716
2667.512
2663.817
2587.265
2577.009
2601.512
2625.524
2629.037
2630.134
2636.39
2640.265
2720.552
2731.308
2769.061
2741.631
2735.244
2740.601
2699.192
2719.657
2667.69
2685.486
2718.895
2729.554
2748.389
2756.571
2754.753
2732.935
2726.014
2708.594
2702.497
2672.361
2646.793
2589.753
2611.086
2617.853
2634.886
2640.847
2612.264
2636.72
2615.851
2611.367
2603.541
2593.758
2558.932
2547.454
2594.439
2598.389
2607.078
2608.556
2614.256
2625.322
2637.744
2642.044
2652.525
2648.575
2639.886
2638.408
2632.708
2621.642
2609.219
2604.919
2594.439
2598.389
2607.078
2608.556
2614.256
2625.322
2637.744
2642.044
2652.525
2592.358
2587.358
2566.025
2546.469
2594.5
2576.705
2543.295
2532.636
2572.262
2563.89
2569.122
2532.551
2552.551
2505.453
2522.853
2555.519
2565.942
2584.358
2592.358
2588.408
2579.719
2578.242
2572.542
2561.475
2549.053
2544.753
2534.272
2538.222
2546.911
2548.389
2554.089
2565.156
2577.578
2581.878
2592.358
2588.408
2579.719
2578.242
2572.542
2561.475
2549.053
2544.753
2534.272
2538.222
2546.911
2548.389
2554.089
2565.156
2577.578
2581.878
2592.358
2588.936
2586.914
2641.923
2631.412
2587.366
2580.702
2639.881
2643.462
2645.578
2649.451
2660.206
2705.276
2712.096
2712.933
2708.799
2699.706
2698.16
2692.195
2680.613
2667.613
2663.113
2652.145
2656.279
2665.372
2666.919
2672.884
2684.465
2697.465
2701.965
2712.933
2708.799
2699.706
2698.16
2692.195
2680.613
2667.613
2663.113
2652.145
2656.279
2665.372
2666.919
2672.884
2684.465
2697.465
2701.965
2712.933
2649.968
2632.936
2629.587
2692.552
2709.584
2712.933
2708.799
2699.706
2698.16
2692.195
2680.613
2667.613
2663.113
2652.145
2656.279
2665.372
2666.919
2672.884
2684.465
2697.465
2701.965
2712.933
2707.701
2685.375
2664.91
2718.048
2699.405
2664.405
2653.238
2697.738
2688.957
2694.445
2653.149
2674.101
2684.414
2703.057
2738.057
2749.223
2768.955
2777.527
2773.295
2763.985
2762.402
2756.295
2744.438
2731.128
2726.521
2715.292
2719.524
2728.833
2730.417
2736.524
2748.381
2761.69
2766.298
2777.527
2773.295
2763.985
2762.402
2756.295
2744.438
2731.128
2726.521
2715.292
2695.813
2678.375
2680.024
2640.585
2660.54
2678.402
2742.079
2715.292
2709.935
2752.616
2731.152
2720.588
2701.491
2665.637
2654.198
2633.985
2625.204
2630.692
2654.107
2675.57
2686.134
2705.232
2741.085
2752.524
2772.738
2781.518
2734.25
2797.45
2796.936
2785.397
2781.324
2783.266
2766.984
2747.589
2798.589
2804.016
2878.161
2890.003
2894.184
2965.434
2981.717
2924.16
2912.067
2924.16
2912.622
2905.744
2895.718
2907.256
2914.135
2924.16
2918.391
2893.776
2871.212
2860.106
2840.029
2802.337
2790.311
2769.061
2759.83
2771.138
2774.516
2785.622
2806.599
2840.599
2836.83
2824.804
2819.981
2818.827
2781.904
2785.673
2797.699
2802.522
2803.676
2840.599
2862.903
2888.091
2928.516
2932.488
2934.763
2899.329
2906.841
2918.988
2922.744
2924.329
2943.244
2948.732
2953.451
2955.671
2948.159
2936.012
2932.256
2930.671
2911.756
2906.268
2901.549
2899.329
2906.841
2918.988
2922.744
2924.329
2943.244
2948.732
2953.451
2955.671
2970.61
2988.473
2990.095
2991.851
2967.759
2977.068
2975.164
2952.307
2945.057
2926.807
2920.42
2959.308
3005.166
3007.166
2957.235
2964.662
2983.357
2989.899
2950.283
2977.068
2962.336
2941.693
2937.214
3007.893
3000.381
2991.601
2979.454
2869.866
2866.11
2864.524
2842.878
2823.963
2810.329
2804.841
2819.933
2885.594
2883.319
2834.14
2838.729
2839.689
2847.201
2855.982
2868.128
2906.818
2910.485
2912.033
2933.164
2946.473
2964.938
2970.295
2974.902
2977.068
2969.735
2957.878
2954.211
2952.664
2934.199
2928.842
2924.235
2922.068
2929.402
2941.259
2944.926
2946.473
2964.938
2970.295
2974.902
2977.068
2957.589
2940.152
2877.991
2839.491
2858.97
2876.408
2938.568
2907.834
2900.672
2889.09
2885.509
2883.997
2865.962
2860.73
2856.23
2854.113
2861.276
2872.858
2876.439
2877.951
2895.985
2901.218
2905.718
2907.834
2891.265
2890.113
2872.078
2865.259
2856.887
2846.945
2832.701
2849.27
2850.422
2868.456
2875.276
2883.648
2893.59
2907.834
2904.485
2903.439
2897.474
2893.779
2817.227
2806.971
2770.974
2733.369
2736.718
2737.765
2743.73
2747.424
2823.977
2834.233
2804.997
2778.597
2771.753
2760.686
2757.264
2755.819
2738.586
2733.586
2729.286
2727.264
2734.108
2745.175
2748.597
2750.042
2767.275
2772.275
2776.575
2778.597
2756.208
2749.442
2736.442
2711.525
2708.325
2690.144
2632.128
2532.281
2516.447
2538.836
2545.603
2558.603
2583.519
2586.719
2604.9
2605.027
2645.199
2660.359
2638.923
2604.519
2600.13
2621.566
2600.638
2604.935
2598.518
2588.143
2584.935
2583.581
2567.424
2562.737
2558.706
2556.81
2563.227
2573.602
2576.81
2578.164
2594.32
2599.008
2603.039
2604.935
2598.518
2588.143
2584.935
2583.581
2567.424
2562.737
2558.706
2556.81
2563.227
2573.602
2576.81
2578.164
2594.32
2599.008
2603.039
2604.935
2598.518
2588.143
2584.935
2583.581
2567.424
2562.737
2558.706
2556.81
2563.227
2573.602
2576.81
2578.164
2594.32
2599.008
2603.039
2604.935
2612.435
2642.435
2648.411
2612.321
2621.946
2615.661
2605.497
2602.355
2601.028
2585.202
2580.61
2576.661
2574.804
2581.089
2591.253
2594.395
2595.722
2611.548
2616.14
2620.089
2621.946
2634.574
2701.753
2731.14
2743.64
2761.334
2764.962
2758.676
2748.513
2745.37
2744.043
2728.217
2723.625
2719.676
2717.819
2709.839
2686.88
2733.833
2724.198
2722.302
2644.536
2630.766
2639.085
2663.021
2672.237
2682.077
2684.013
2705.862
2774.44
2790.753
2847.159
2880.75
2885.342
2903.036
2912.661
2933.222
2953.37
2961.74
2967.478
2968.545
2975.48
2989.73
2990.09
3007.415
2977.034
2967.787
2977.034
2960.034
2950.787
2931.032
2853.765
2845.559
2839.934
2838.887
2832.088
2849.088
2858.336
2878.091
2898.524
2906.572
2912.089
2913.115
2919.784
2912.861
2885.168
2879.651
2918.86
2909.613
2916.672
2944.907
2950.532
2967.787
2977.034
2963.064
2962.711
3004.64
3036.204
3050.745
3051.112
3068.791
3036.575
3020.213
3005.565
2953.35
2980.622
2997.319
3012.265
3004.235
2977.034
2960.034
2950.787
2931.032
2853.765
2845.559
2839.934
2895.665
2888.73
2906.07
2915.503
2935.653
2955.358
2963.564
2969.189
2970.235
2977.034
2959.02
2953.049
2942.696
2928.725
2928.373
2911.387
2940.455
2954.705
2955.065
2914.108
2942.696
2939.676
2937.892
2934.627
2925.559
2887.559
2881.809
2881.103
2884.123
2885.907
2889.172
2898.24
2936.24
2885.413
2886.106
2900.846
2931.654
2932.519
2933.666
2914.965
2925.068
2930.481
2939.208
2939.95
2967.686
2983.205
2998.642
3004.387
3066.495
3085.505
3069.146
3060.248
3041.238
2966.887
2958.991
2953.578
2952.571
2946.028
2962.387
2971.285
2990.295
3064.646
3072.542
3077.955
3078.962
3085.505
3072.061
3071.722
3055.377
3027.868
3041.311
3041.651
3057.995
3085.505
3077.014
3071.953
3064.575
3073.066
3078.127
3085.505
3072.061
3071.722
3055.377
3027.868
3041.311
3041.651
3057.995
3085.505
3069.146
3060.248
3041.238
2966.887
2958.991
2953.578
2952.571
2946.028
2962.387
2971.285
2990.295
3007.894
3015.644
3020.956
3021.944
3028.366
3055.032
3041.838
3041.505
3025.463
2998.463
3011.657
3011.991
3028.032
3055.032
3053.551
3035.773
3030.134
3015.94
3010.972
2986.417
2965.583
2967.065
2930.573
2936.109
2950.045
2954.923
2979.032
2999.486
2983.723
2975.148
2956.83
2885.182
2877.573
2872.357
2871.386
2865.082
2858.536
2832.355
2827.139
2811.139
2802.564
2809.109
2835.291
2840.507
2856.507
2865.082
2850.845
2801.618
2770.294
2766.127
2780.627
2779.298
2809.902
2813.92
2801.196
2800.875
2785.406
2809.541
2741.673
2723.355
2693.955
2740.9
2739.215
2711.771
2780.896
2799.553
2829.498
2832.44
2834.125
2861.569
2897.458
2913.514
2931.292
2904.625
2931.292
2928.569
2974.976
2971.427
3027.704
3000.012
2997.243
2996.377
2991.445
2988.389
2925.087
2973.794
3002.313
2969.973
2953.61
2938.963
2886.748
2854.408
2823.45
2794.29
2788.925
2781.99
2780.69
2811.648
2840.808
2846.173
2853.108
2854.408
2845.158
2844.37
2814.97
2798.52
2838.936
2891.737
2823.159
2802.169
2811.805
2812.625
2843.25
2860.385
2877.43
2883.773
2892.099
2912.661
2905.314
2875.926
2870.071
2852.112
2842.487
2849.834
2879.222
2885.077
2903.036
2912.661
2883.273
2912.661
2892.099
2859.099
2854.89
2875.452
2908.452
2912.661
2942.906
2983.314
2968.773
2967.763
2951.936
2945.952
2938.605
2929.88
2917.38
2918.849
2912.688
2915.323
2926.033
2910.703
2878.663
2877.763
2876.57
2837.72
2884.704
2878.849
2894.492
2927.186
2928.105
2929.321
2968.964
2920.295
2926.033
2910.373
2856.223
2766.36
2761.86
2777.52
2831.67
2921.533
2926.033
2916.6
2926.033
2887.273
2869.933
2850.733
2889.493
2906.833
2868.659
2874.699
2884.463
2887.483
2888.757
2903.963
2908.375
2912.169
2913.953
2907.914
2898.15
2895.13
2893.855
2878.65
2874.238
2870.444
2868.659
2874.699
2884.463
2887.483
2888.757
2903.963
2908.375
2912.169
2913.953
2907.914
2898.15
2895.13
2893.855
2878.65
2874.238
2870.444
2868.659
2874.699
2884.463
2887.483
2888.757
2903.963
2908.375
2912.169
2913.953
2885.718
2913.953
2901.821
2942.518
2938.755
2937.968
2990.579
2898.883
2880.77
2929.141
2881.99
2899.684
2903.523
2904.327
2911.673
2943.303
2961.053
2972.233
2966.073
2956.113
2948.913
2945.833
2917.033
2911.295
2909.995
2894.485
2876.885
2867.453
2862.953
2859.083
2857.263
2864.463
2893.263
2899.423
2905.16
2865.451
2875.216
2878.235
2887.483
2888.757
2903.963
2908.375
2912.169
2913.953
2907.914
2898.15
2895.13
2893.855
2878.65
2874.238
2870.444
2868.659
2874.699
2884.463
2887.483
2888.757
2903.963
2908.375
2912.169
2913.953
2907.914
2898.15
2895.13
2893.855
2878.65
2874.238
2870.444
2868.659
2874.699
2884.463
2887.483
2888.757
2903.963
2908.375
2912.169
2913.953
2907.914
2898.15
2895.13
2893.855
2878.65
2874.238
2870.444
2868.659
2874.699
2884.463
2887.483
2888.757
2903.963
2908.375
2912.169
2913.953
2904.885
2904.113
2875.289
2859.162
2843.12
2893.893
2885.773
2924.904
2934.539
2935.359
2965.984
2983.12
3000.164
3006.508
3012.329
3032.89
3003.503
2980.62
2962.508
2958.344
2952.49
2981.878
3004.76
3022.872
3027.036
3032.89
3026.605
3016.441
3013.298
3011.972
2996.145
2991.554
2987.605
2985.747
2992.033
3002.196
3005.339
3006.666
3022.492
3027.084
3031.033
3032.89
3062.278
3026.845
3041.095
3042.163
3043.763
3052.763
3075.263
3046.669
3057.022
3050.983
3041.218
3038.199
3036.924
3021.718
3017.306
3013.512
3011.728
3017.767
3027.532
3030.551
3031.826
3047.032
3051.444
3055.238
3057.022
3055.453
3036.63
3091.273
3075.943
3070.578
3106.181
3083.222
3084.855
3104.446
3110.661
3126.304
3131.778
3095.663
3118.163
3089.363
3118.163
3109.163
3103.798
3095.978
3104.978
3110.343
3118.163
3112.003
3102.043
3098.963
3097.663
3082.153
3077.653
3073.783
3071.963
3078.123
3088.083
3091.163
3092.463
3107.973
3112.473
3116.343
3118.163
3089.363
3126.071
3111.531
3110.441
3108.809
3099.625
3076.666
3043.666
3032.89
3001.033
3026.845
3041.095
2982.512
2984.081
2992.904
3014.963
2988.079
2998.233
2992.31
2982.733
2979.772
2978.522
2963.608
2959.281
2955.56
2953.81
2952.663
2945.74
2937.411
2922.671
2913.651
2896.993
2898.139
2905.063
2858.422
2872.884
2881.733
2844.41
2808.521
2804.701
2752.525
2744.192
2741.25
2691.111
2730.212
2716.307
2752.873
2756.764
2809.925
2818.415
2821.413
2819.303
2830.762
2844.41
2808.521
2792.465
2774.688
2810.576
2826.632
2792.693
2766.511
2743.045
2730.091
2729.12
2727.666
2769.845
2800.88
2823.647
2813.493
2841.185
2811.929
2825.373
2826.38
2827.889
2836.38
2857.606
2834.632
2844.41
2837.743
2811.076
2805.764
2789.468
2780.734
2787.4
2814.067
2819.38
2835.676
2844.41
2829.91
2779.771
2696.565
2692.398
2706.898
2757.037
2840.243
2844.41
2817.743
2846.557
2833.113
2832.106
2830.597
2822.106
2800.88
2823.647
2813.493
2841.185
2866.005
2879.707
2880.733
2882.272
2890.925
2912.56
2943.656
2953.81
2932.175
2931.483
2900.675
2872.983
2848.163
2834.462
2833.435
2831.897
2823.243
2801.608
2770.512
2760.358
2788.05
2812.87
2826.572
2774.248
2775.757
2784.248
2805.474
2783.465
2793.243
2818.776
2845.946
2831.483
2801.257
2800.408
2799.283
2762.632
2805.462
2799.945
2796.983
2795.233
2792.031
2783.137
2745.868
2740.228
2739.536
2711.844
2687.024
2673.322
2672.296
2670.757
2714.301
2746.088
2713.748
2703.188
2731.988
2757.8
2772.05
2773.118
2774.718
2783.718
2751.194
2729.382
2739.536
2720.061
2700.306
2668.6
2640.365
2637.25
2635.466
2610.159
2632.723
2618.473
2617.405
2615.805
2637.706
2657.461
2648.637
2679.11
2658.284
2679.11
2682.288
2684.108
2673.548
2703.188
2731.988
2757.8
2772.05
2773.118
2774.718
2783.718
2806.218
2838.558
2849.118
2820.318
2794.505
2780.255
2779.188
2777.588
2768.588
2746.088
2713.748
2703.188
2731.988
2703.725
2717.696
2718.743
2720.311
2729.135
2751.194
2729.382
2739.536
2730.642
2783.412
2754.588
2738.461
2722.419
2770.778
2704.943
2684.793
2655.993
2627.193
2619.993
2591.193
2565.38
2551.13
2545.393
2527.793
2526.725
2517.293
2567.033
2557.849
2565.196
2595.201
2625.201
2646.652
2635.418
2641.521
2660.245
2670.279
2629.045
2610.598
2646.481
2688.611
2707.459
2728.329
2726.764
2670.008
2667.144
2714.514
2716.114
2774.131
2777.058
2728.329
2715.014
2699.092
2697.647
2696.082
2711.994
2703.306
2692.825
2703.306
2685.906
2685.415
2583.298
2578.185
2595.98
2657.514
2698.306
2703.306
2680.917
2644.983
2640.4
2662.789
2640.054
2644.538
2636.712
2605.408
2599.171
2580.041
2569.788
2577.614
2608.918
2615.155
2634.285
2644.538
2663.37
2668.261
2683.75
2685.489
2648.777
2649.282
2659.261
2662.324
2680.771
2679.069
2658.644
2709.821
2693.158
2687.326
2658.5
2692.578
2649.511
2630.244
2608.911
2651.978
2671.244
2692.578
2683.889
2658.889
2649.264
2638.986
2636.964
2612.06
2537.247
2517.56
2512.446
2496.253
2494.435
2472.616
2472.077
2461.418
2458.145
2495.148
2515.294
2520.526
2537.096
2538.956
2503.071
2503.611
2514.27
2517.543
2537.247
2527.224
2524.23
2514.386
2495.793
2465.656
2404.122
2387.477
2384.205
2445.739
2462.384
2465.656
2445.969
2440.855
2424.662
2422.844
2401.026
2400.486
2445.404
2442.055
2421.892
2442.038
2447.27
2463.84
2465.701
2488.026
2488.578
2499.485
2502.834
2522.997
2512.532
2506.294
2497.201
2507.666
2513.904
2522.997
2514.625
2481.137
2474.465
2454
2443.032
2451.404
2484.892
2491.564
2512.029
2522.997
2504.788
2499.961
2392.982
2387.625
2406.268
2470.732
2577.711
2583.068
2562.443
2557.086
2540.122
2538.217
2515.36
2514.795
2503.628
2500.199
2479.557
2500.182
2505.539
2522.503
2524.408
2547.265
2547.83
2558.997
2562.426
2583.068
2586.497
2588.402
2596.973
2606.223
2615.533
2625.497
2632.327
2611.702
2606.345
2589.381
2587.476
2564.619
2564.054
2552.887
2549.458
2528.815
2549.44
2554.798
2571.762
2573.667
2596.524
2597.089
2608.256
2611.685
2632.327
2637.685
2660.542
2619.134
2629.206
2647.416
2681.602
2692.509
2711.782
2720.154
2705.765
2685.602
2681.227
2680.311
2735.557
2628.577
2607.446
2657.409
2672.5
2629.512
2633.991
2634.929
2643.5
2686.515
2707.154
2720.154
2675.084
2654.922
2632.596
2616.81
2636.514
2599.258
2580.008
2575.008
2559.175
2557.397
2536.064
2535.536
2582.503
2579.23
2559.526
2579.213
2584.327
2600.52
2602.338
2565.842
2566.369
2576.792
2579.992
2599.258
2608.758
2649.723
2648.158
2591.402
2588.538
2634.161
2635.761
2635.217
2638.082
2649.723
2644.832
2623.962
2604.832
2595.416
2578.394
2546.438
2536.242
2518.226
2510.399
2515.291
2536.16
2555.291
2564.707
2581.728
2613.685
2623.88
2641.897
2649.723
2639.47
2631.644
2600.34
2594.103
2574.973
2564.72
2572.546
2603.851
2610.087
2629.217
2639.47
2615.175
2592.786
2556.853
2553.322
2551.3
2575.602
2660.438
2683.335
2720.085
2723.696
2725.764
2759.446
2739.759
2734.645
2718.452
2716.634
2694.815
2694.276
2683.616
2680.344
2660.639
2620.764
2625.764
2641.597
2643.375
2664.708
2665.236
2675.658
2678.858
2698.125
2707.625
2740.558
2752.981
2762.781
2766.731
2768.175
2812.175
2812.575
2822.2
2802.95
2797.95
2782.117
2780.339
2821.71
2821.17
2810.511
2807.239
2787.534
2744.839
2749.839
2765.672
2767.45
2728.158
2728.674
2738.87
2742
2760.848
2755.957
2735.087
2715.957
2706.541
2689.519
2657.563
2647.367
2629.351
2621.524
2626.416
2647.285
2666.416
2618.899
2635.559
2666.835
2676.814
2694.447
2702.106
2708.66
2719.255
2722.532
2723.915
2740.415
2745.202
2749.319
2751.255
2794.043
2735.185
2637.508
2632.617
2625.921
2615.095
2611.747
2610.334
2593.476
2588.584
2584.378
2582.399
2589.095
2599.921
2603.269
2604.682
2621.541
2626.432
2630.639
2632.617
2613.785
2608.894
2593.405
2591.666
2570.796
2570.28
2560.084
2613.775
2653.474
2673.162
2678.276
2694.469
2696.287
2718.105
2718.645
2729.304
2732.577
2752.281
2745.281
2733.963
2730.463
2728.986
2711.361
2706.247
2701.849
2699.781
2706.781
2718.099
2721.599
2723.077
2740.702
2745.815
2750.213
2752.281
2771.218
2751.055
2728.73
2723.497
2701.172
2680.706
2734.22
2715.577
2680.577
2669.411
2649.679
2641.107
2646.464
2607.244
2627.709
2577.832
2595.628
2629.037
2639.696
2658.531
2666.713
2659.713
2648.395
2644.895
2643.418
2625.793
2620.679
2616.281
2614.213
2621.213
2632.531
2636.031
2637.509
2655.134
2660.247
2664.645
2666.713
2656.997
2623.315
2610.611
2600.588
2596.548
2595.071
2550.071
2549.662
2539.818
2549.534
2583.216
2595.92
2605.943
2609.983
2611.46
2656.46
2656.869
2607.453
2600.608
2589.542
2586.119
2584.675
2567.442
2562.442
2558.142
2556.119
2562.964
2574.031
2577.453
2578.897
2596.131
2601.131
2605.431
2607.453
2599.453
2567.453
2561.078
2541.522
2531.042
2511.792
2506.792
2490.958
2489.181
2467.847
2467.319
2456.897
2453.697
2434.431
2427.586
2416.519
2413.097
2411.653
2394.419
2389.419
2385.119
2383.097
2389.942
2401.008
2404.431
2405.875
2423.108
2428.108
2432.408
2434.431
2427.586
2416.519
2413.097
2411.653
2394.419
2389.419
2385.119
2383.097
2389.942
2401.008
2404.431
2405.875
2423.108
2428.108
2432.408
2434.431
2437.631
2480.797
2516.397
2526.197
2519.353
2508.286
2504.864
2503.419
2486.186
2481.186
2476.886
2474.864
2481.708
2492.775
2496.197
2497.642
2514.875
2465.095
2469.302
2471.28
2449.378
2414.226
2409.742
2431.644
2414.311
2418.699
2413.912
2393.487
2374.763
2416.973
2399.951
2367.995
2357.799
2391.778
2383.778
2376.933
2365.867
2362.444
2361
2343.767
2338.767
2334.467
2332.444
2339.289
2350.356
2353.778
2355.222
2372.456
2377.456
2381.756
2383.778
2376.933
2365.867
2362.444
2361
2343.767
2338.767
2334.467
2332.444
2339.289
2350.356
2353.778
2355.222
2372.456
2377.456
2381.756
2383.778
2380.578
2337.411
2301.811
2292.011
2295.211
2338.378
2373.978
2383.778
2399.611
2400.011
2366.668
2398.364
2391.668
2380.842
2377.495
2376.082
2359.223
2354.332
2350.125
2348.147
2332.658
2332.266
2313.435
2332.444
2348.278
2348.678
2367.928
2400.328
2390.828
2357.894
2345.472
2335.672
2331.722
2330.278
2286.278
2337.83
2327.986
2337.702
2371.384
2384.088
2394.111
2398.151
2399.628
2444.628
2445.037
2454.881
2431.983
2425.063
2411.767
2441.779
2438.43
2477.009
2473.747
2364.159
2346.78
2343.268
2295.89
2256.817
2246.061
2249.573
2296.951
2280.405
2290.905
2280.19
2273.804
2264.494
2275.208
2281.595
2290.905
2273.94
2273.512
2252.887
2218.173
2235.137
2235.565
2256.19
2290.905
2273.94
2273.512
2252.887
2218.173
2235.137
2235.565
2256.19
2290.905
2287.476
2241.226
2256.817
2246.061
2249.573
2296.951
2336.024
2346.78
2329.402
2328.963
2307.835
2272.274
2289.652
2290.091
2311.22
2346.78
2299.512
2294.482
2225.762
2214.787
2210.912
2144.875
2183.028
2220.106
2201.837
2201.375
2179.163
2141.779
2160.048
2160.51
2182.721
2220.106
2216.413
2166.606
2125.529
2114.221
2117.913
2167.721
2208.798
2220.106
2209.144
2171.144
2156.811
2145.503
2140.946
2139.279
2088.51
2088.048
2076.942
2087.904
2125.904
2140.237
2151.545
2156.103
2157.769
2208.538
2209
2220.106
2218.26
2207.931
2204.464
2249.571
2251.517
2322.078
2325.639
2340.111
2344.916
2355.483
2357.28
2364.213
2377.672
2392.78
2398.01
2410.757
2391.5
2391.014
2367.601
2328.196
2323.392
2312.824
2311.027
2304.095
2290.635
2275.527
2270.297
2257.551
2262.355
2272.922
2274.72
2281.652
2295.111
2310.22
2315.449
2328.196
2324.304
2271.804
2228.507
2216.588
2211.784
2201.216
2199.419
2192.486
2179.027
2163.919
2158.689
2145.943
2150.747
2161.314
2163.111
2170.044
2183.503
2198.611
2203.841
2216.588
2212.696
2210.534
2200.804
2190.304
2179.736
2168.426
2160.672
2164.564
2166.726
2176.456
2186.956
2197.524
2208.834
2158.257
2153.579
2143.289
2141.539
2134.789
2121.684
2106.974
2101.882
2089.47
2094.148
2104.438
2106.188
2112.938
2126.043
2140.753
2145.845
2158.257
2153.579
2143.289
2141.539
2134.789
2121.684
2106.974
2101.882
2089.47
2094.148
2104.438
2106.188
2112.938
2126.043
2140.753
2145.845
2158.257
2153.579
2143.289
2141.539
2134.789
2121.684
2106.974
2101.882
2089.47
2094.148
2104.438
2106.188
2112.938
2126.043
2140.753
2145.845
2158.257
2153.579
2143.289
2141.539
2134.789
2121.684
2106.974
2101.882
2089.47
2094.148
2104.438
2106.188
2112.938
2126.043
2140.753
2145.845
2158.257
2205.034
2083.598
2095.152
2158.257
2179.786
2219.606
2223.298
2264.76
2265.913
2271.683
2281.644
2277.087
2267.061
2265.356
2258.779
2246.01
2231.676
2226.715
2214.622
2219.179
2229.205
2230.91
2237.487
2250.256
2264.59
2269.551
2281.644
2185.933
2160.099
2118.638
2114.564
2112.231
2074.231
2115.694
2140.881
2128.104
2131.979
2134.198
2170.345
2166.009
2156.473
2154.851
2148.595
2136.448
2122.814
2118.095
2106.591
2096.165
2060.018
2046.384
2035.628
2031.293
2029.707
1981.415
1980.976
1970.412
1980.838
2016.985
2030.619
2041.375
2045.71
2047.296
2095.588
2096.027
2106.591
2068.838
2033.277
2026.735
2068.734
2067.109
2105.806
2142.256
2148.963
2105.006
2106.591
2091.5
2122.113
2117.409
2116.425
2107.425
1995.097
1972.909
1958.934
1948.247
1911.197
1897.222
1886.197
1881.753
1880.128
1830.628
1830.178
1866
1876.962
1914.962
1929.295
1940.603
1945.16
1946.827
1997.596
1998.058
1958.934
1938.481
1845.163
1888.782
1847.321
1846.167
1840.397
1830.436
1851.413
1947.125
1950.817
1992.279
1993.433
1999.202
2009.163
2002.587
1935.644
1934.276
1977.461
1859.22
1755.52
1797.453
1819.396
1825.179
1872.794
1927.739
1976.73
2026.524
2001.798
1986.669
1958.726
1960.649
1972.262
1986.234
2010.96
2026.089
2054.032
2082
2097.214
2129.714
2186.305
2199.383
2208.348
2210.016
2153.553
2139.917
2131.788
2119.939
2133.576
2141.705
2153.553
2140.598
2095.689
2078.75
2065.386
2060
2058.03
1998.03
1997.485
1984.36
1958.087
1943.795
1973.055
1849.91
1836.832
1827.867
1885.109
1873.923
1901.891
1917.105
1949.605
2011.824
2024.902
2033.867
2035.535
2046.371
2044.121
1962.535
1958.418
1941.684
1943.934
1964.14
1968.133
1984.36
1939.451
1879.451
1853.178
1838.886
1808.356
1688.943
1676.261
1667.568
1718.012
1707.176
1734.27
1749.008
1726.538
1845.951
1858.633
1867.326
1868.943
1824.173
1800.11
1690.324
1686.088
1638.529
1637.206
1630.588
1619.162
1643.224
1702.925
1707.039
1753.239
1754.525
1760.954
1772.054
1747.282
1784.801
1755.169
1639.268
1676.261
1667.568
1665.951
1655.443
1681.716
1696.008
1726.538
1845.951
1858.633
1867.326
1868.943
1879.451
1919.633
1978.496
2060.542
2069.875
2084.966
2089.633
2091.602
2115.102
2121.92
2127.784
2130.542
2121.208
2106.117
2101.451
2099.481
2075.981
2069.163
2063.299
2060.542
2069.875
2084.966
2089.633
2091.602
2115.102
2121.92
2127.784
2130.542
2104.269
2089.977
2059.447
1940.034
1927.352
1918.659
1917.042
1906.534
1932.807
1947.098
1977.629
2097.042
2109.723
2118.417
2120.034
2130.542
2121.208
2106.117
2101.451
2099.481
2075.981
2069.163
2063.299
2060.542
2069.875
2084.966
2089.633
2091.602
2115.102
2121.92
2127.784
2130.542
2121.208
2106.117
2101.451
2099.481
2075.981
2069.163
2063.299
2060.542
2069.875
2084.966
2089.633
2091.602
2115.102
2121.92
2127.784
2130.542
2104.269
2089.977
2059.447
1940.034
1927.352
1918.659
1917.042
1906.534
1897.201
1882.11
1877.443
1875.473
1851.973
1845.155
1839.292
1836.534
1845.867
1860.958
1865.625
1867.595
1891.095
1897.913
1903.777
1906.534
1897.201
1882.11
1877.443
1875.473
1851.973
1845.155
1839.292
1836.534
1845.867
1860.958
1865.625
1867.595
1891.095
1897.913
1903.777
1906.534
1897.201
1882.11
1877.443
1875.473
1851.973
1845.155
1839.292
1836.534
1791.577
1806.224
1810.754
1812.665
1835.474
1842.092
1847.783
1850.46
1846.224
1843.871
1833.283
1821.857
1810.357
1798.048
1789.61
1793.846
1744.879
1755.164
1766.264
1777.436
1789.393
1797.589
1788.789
1774.561
1770.161
1768.304
1746.146
1739.718
1734.189
1782.518
1791.577
1806.224
1810.754
1812.665
1835.474
1842.092
1847.783
1850.46
1826.397
1716.61
1712.375
1664.816
1663.493
1656.875
1695.311
1720.102
1779.298
1783.533
1831.092
1832.415
1839.033
1850.46
1793.42
1762.89
1767.449
1762.484
1816.403
1827.55
1889.008
1861.461
1854.053
1858.867
1861.625
1906.534
1897.201
1882.11
1877.443
1875.473
1851.973
1845.155
1839.292
1836.534
1845.867
1860.958
1865.625
1867.595
1891.095
1897.913
1903.777
1906.534
1893.58
1757.424
1770.379
1906.534
1897.201
1882.11
1877.443
1875.473
1851.973
1845.155
1839.292
1836.534
1845.867
1860.958
1865.625
1867.595
1891.095
1897.913
1903.777
1906.534
1897.201
1882.11
1877.443
1875.473
1851.973
1845.155
1839.292
1836.534
1811.742
1698.629
1694.265
1645.265
1643.902
1637.083
1676.102
1701.668
1818.316
1822.816
1873.348
1874.754
1881.785
1893.926
1938.926
1979.258
1940.871
1942.489
1944.913
1958.549
1992.64
1981.592
1997.121
1983.886
1975.996
2024.027
2037.663
2045.792
2057.64
2055.458
1976.345
1972.352
2017.254
1972.254
1931.922
1909.656
1907.988
1905.488
1891.426
1916.149
1926.121
1908.521
1956.521
1935.04
1958.024
1959.746
1962.327
1976.843
2013.133
2065.294
2082.327
2083.778
2098.004
2123.262
2151.649
2158.302
2187.94
2141.488
2099.855
2076.871
2075.149
2072.569
2058.052
2089.154
2035.254
2017.654
2065.654
2108.675
2132.425
2134.204
2136.871
2151.871
2189.371
2170.907
2187.94
2141.488
2099.855
2076.871
2075.149
2072.569
2126.654
2089.154
2035.254
2017.654
2065.654
2040.653
2063.637
2065.359
2067.94
2082.456
2118.746
2103.066
2119.566
2124.379
2127.223
2138.473
2154.973
2163.938
2118.938
2078.605
2056.34
2054.672
2052.172
2038.109
2067.565
2082.583
2064.983
2112.983
2156.004
2179.754
2181.533
2184.2
2199.2
2236.7
2216.71
2233.742
2146.403
2122.778
2118.133
2136.551
2159.438
2163.938
2118.938
2083.898
2056.164
2049.789
2040.824
2085.824
2120.863
2148.598
2154.973
2163.938
2138.371
2021.723
2017.223
1966.691
1965.285
1958.254
1946.113
1971.68
2088.328
2092.828
2143.359
2144.766
2151.797
2163.938
2118.938
2078.605
2056.34
2054.672
2052.172
2103.855
2067.565
2082.583
2064.983
2112.983
2156.004
2179.754
2111.161
2113.742
2128.258
2164.548
2147.438
2163.938
2186.203
2186.766
2213.836
2259.398
2214.398
2174.066
2151.801
2150.133
2147.633
2133.57
2166.105
2113.944
2166.808
2214.808
2257.829
2281.579
2283.358
2286.025
2301.025
2338.525
2315.25
2332.282
2309.298
2308.718
2280.774
2233.742
2256.726
2257.306
2285.25
2332.282
2285.831
2244.198
2221.214
2219.492
2216.911
2202.395
2166.105
2184.408
2166.808
2214.808
2257.829
2281.579
2283.358
2286.025
2301.025
2338.525
2315.25
2332.282
2342.218
2358.282
2363.25
2365.347
2390.363
2397.621
2403.863
2406.798
2383.815
2383.234
2355.29
2308.258
2331.242
2331.823
2286.023
2331.586
2286.586
2246.254
2223.988
2222.32
2219.82
2205.758
2170.602
2120.07
2103.57
2093.945
2078.383
2073.57
2138.363
2113.347
2106.089
2099.847
2166.808
2177.075
2193.675
2198.808
2200.975
2226.825
2234.325
2240.775
2243.808
2233.542
2216.942
2211.808
2209.642
2183.792
2176.292
2169.842
2166.808
2177.075
2193.675
2198.808
2200.975
2226.825
2234.325
2240.775
2243.808
2220.058
2219.458
2190.583
2141.983
2165.733
2166.333
2195.208
2243.808
2244.6
2256.6
2285.475
2329.675
2383.575
2395.133
2397.8
2410.75
2417.625
2397
2287.275
2239.275
2218.858
2189.958
2184.033
2173.767
2157.167
2152.033
2149.867
2124.017
2116.517
2110.067
2107.033
2117.3
2133.9
2139.033
2141.2
2167.05
2174.55
2181
2184.033
2160.283
2159.683
2130.808
2082.208
2038.024
2038.605
2066.548
2113.581
2103.645
2087.581
2082.613
2080.516
2055.5
2048.242
2042
2039.065
2049
2065.065
2070.032
2072.129
2097.145
2038.641
2044.688
2047.531
2037.906
2022.344
2017.531
2015.5
1991.266
2048.242
2042
2039.065
1984.969
2000.531
2005.344
2007.375
2031.609
2038.641
2044.688
2047.531
2021.965
1905.316
1900.816
1850.285
1848.879
1841.848
1829.707
1855.273
1971.922
1976.422
1965.53
1966.894
1973.712
1985.485
1963.894
1963.348
1937.098
1952.07
1974.336
1974.898
2001.969
2047.531
2037.906
2022.344
2017.531
2015.5
1991.266
1984.234
1978.188
2039.065
2049
2065.065
2070.032
2072.129
2097.145
2104.403
2110.645
2113.581
1993.169
1960.669
1908.508
1903.383
1900.448
1852.641
1973.052
2005.552
1993.41
1998.375
2001.219
2047.531
2103.645
2087.581
2082.613
2080.516
2055.5
2116.517
2110.067
2179.69
2190.31
2207.483
2212.793
2215.034
2241.776
2249.534
2256.207
2259.345
2260.164
2260.784
2274.267
2279.578
2288.203
2263.634
2263.013
2233.142
2182.866
2177.901
2175.142
2162.728
2149.332
2135.849
2121.418
2111.526
2116.491
2048.608
2060.608
2073.558
2086.592
2100.542
2110.104
2099.838
2083.238
2078.104
2075.938
2050.088
2042.588
2036.138
2103.211
2113.832
2131.004
2136.315
2138.556
2165.297
2173.056
2179.728
2182.866
2172.246
2155.073
2149.763
2147.522
2120.78
2113.022
2106.349
2103.211
2113.832
2131.004
2136.315
2138.556
2165.297
2173.056
2179.728
2182.866
2245.558
2085.089
2100.357
2182.866
2172.246
2155.073
2149.763
2147.522
2120.78
2113.022
2106.349
2103.211
2109.341
2052.063
2054.279
2062.829
2079.429
2098.063
2104.513
2120.233
2092.963
1968.538
1963.738
1909.838
1908.338
1966.384
1952.987
1981.198
2109.914
2114.879
2098.283
2099.783
2107.283
2120.233
2114.308
2101.275
2099.058
2090.508
2073.908
2055.275
2048.825
2103.211
2109.341
2122.823
2125.116
2133.961
2151.134
2170.409
2177.082
2193.345
2177.828
2168.578
2155.095
2170.612
2179.862
2193.345
2187.216
2173.733
2171.44
2162.595
2145.422
2126.147
2119.474
2103.211
2109.341
2122.823
2125.116
2133.961
2151.134
2170.409
2177.082
2193.345
2187.216
2173.733
2171.44
2162.595
2145.422
2126.147
2119.474
2103.211
2109.341
2122.823
2125.116
2133.961
2151.134
2170.409
2177.082
2193.345
2188.034
2184.897
2172.483
2154.276
2144.384
2149.694
2152.832
2093.071
2110.671
2120.233
2114.308
2101.275
2099.058
2090.508
2073.908
2055.275
2048.825
2033.104
2039.029
2052.063
2054.279
2062.829
2079.429
2098.063
2104.513
2120.233
2114.308
2101.275
2099.058
2090.508
2073.908
2055.275
2048.825
2033.104
2039.029
2052.063
2054.279
2062.829
2079.429
2098.063
2104.513
2120.233
2114.308
2101.275
2099.058
2090.508
2073.908
2055.275
2048.825
2033.104
2039.029
2052.063
2054.279
2062.829
2079.429
2098.063
2104.513
2120.233
2127.733
2159.733
2189.067
2203.504
2229.604
2278.604
2294.238
2321.863
2333.863
2327.938
2314.904
2312.688
2304.138
2287.538
2268.904
2262.454
2246.733
2252.658
2265.692
2267.908
2276.458
2293.058
2311.692
2318.142
2258.577
2252.843
2240.23
2238.085
2229.81
2213.746
2195.714
2189.472
2246.733
2262.15
2263.463
2312.463
2339.879
2367.15
2377.3
2406.798
2439.298
2438.532
2437.952
2425.339
2420.371
2412.302
2413.069
2413.649
2426.262
2431.23
2439.298
2396.524
2333.863
2246.524
2239.266
2208.298
2251.073
2222.685
2208.714
2271.375
2246.117
2260.535
2214.598
2199.941
2174.043
2162.793
2169.824
2199.824
2227.324
2172.955
2196.682
2241.227
2255.439
2280.553
2291.462
2266.67
2153.557
2149.193
2165.824
2164.418
2157.387
2145.246
2170.813
2287.461
2291.961
2271.508
2272.871
2279.689
2291.462
2284.644
2255.553
2228.886
2285.004
2260.535
2214.598
2199.941
2174.043
2162.793
2169.824
2199.824
2227.324
2240.859
2265.328
2311.266
2325.922
2351.82
2363.07
2361.664
2347.883
2323.414
2295.914
2289.469
2260.758
2262.164
2275.945
2300.414
2327.914
2334.359
2363.07
2362.328
2351.078
2324.008
2282.57
2232.039
2221.203
2218.703
2206.563
2271.089
2271.855
2283.468
2311.411
2354.185
2406.347
2417.532
2420.113
2432.645
2439.298
2432.04
2401.073
2372.685
2358.714
2333.456
2286.036
2270.907
2244.173
2232.56
2239.819
2199.824
2159.83
2172.955
2196.682
2241.227
2255.439
2280.553
2291.462
2277.447
2276.254
2231.708
2206.784
2181.992
2172.765
2137.797
2106.313
2120.766
2121.996
2167.934
2193.637
2219.203
2228.719
2260.932
2291.462
2266.67
2153.557
2149.193
2100.193
2098.83
2092.011
2080.239
2105.03
2152.904
2157.14
2204.699
2206.022
2212.64
2224.066
2114.279
2084.647
2037.088
2032.415
2029.739
2046.337
2159.451
2189.981
2238.981
2243.795
2246.553
2291.462
2284.644
2255.553
2228.886
2215.761
2192.034
2147.489
2133.277
2108.163
2097.254
2096.534
2095.989
2084.14
2079.473
2071.894
2072.614
2073.159
2085.008
2089.674
2097.254
2092.89
2090.466
2079.557
2067.784
2055.936
2043.254
2034.561
2032.754
2021.845
2008.72
1985.492
1971.28
2005.813
1992.453
1911.786
1925.577
2005.813
1957.441
1911.879
1964.899
1953.714
1951.617
2001.548
2048.581
2057.234
2003.781
2005.813
2001
2062.613
2051
2033.968
2024.714
2029.681
2032.617
2044.23
2061.262
2070.516
2056
2047.347
2034.734
2008.343
1887.931
1883.286
1831.125
1829.673
1883.163
1870.213
2035.213
2040.113
2024.696
2023.383
1974.383
1946.967
1919.696
1975.392
1861.884
1827.142
1843.091
1844.448
1895.138
1923.5
1951.711
1962.211
2075.72
2110.461
2013.306
1993.134
1960.03
1957.547
1890.565
1880.065
1870.815
1881.435
1898.608
1903.918
1906.159
1932.901
1940.659
1947.332
1950.47
1939.849
1922.677
1917.366
1915.125
1888.384
1880.625
1873.953
1870.815
1881.435
1898.608
1903.918
1906.159
1932.901
1940.659
1947.332
1950.47
1939.849
1922.677
1917.366
1915.125
1888.384
1880.625
1873.953
1870.815
1881.435
1898.608
1903.918
1906.159
1932.901
1940.659
1947.332
1950.47
1939.849
1922.677
1917.366
1915.125
1888.384
1880.625
1873.953
1870.815
1881.435
1898.608
1903.918
1906.159
1932.901
1940.659
1947.332
1950.47
1949.651
1949.03
1935.547
1930.237
1921.612
1922.431
1923.052
1936.534
1941.845
1950.47
1939.849
1922.677
1917.366
1915.125
1888.384
1880.625
1873.953
1870.815
1881.435
1898.608
1903.918
1906.159
1932.901
1940.659
1947.332
1950.47
1939.849
1922.677
1917.366
1915.125
1888.384
1880.625
1873.953
1870.815
1881.435
1898.608
1903.918
1906.159
1932.901
1940.659
1947.332
1950.47
1939.849
1922.677
1917.366
1915.125
1888.384
1880.625
1873.953
1870.815
1881.435
1898.608
1903.918
1906.159
1932.901
1940.659
1947.332
1950.47
1980.366
1996.629
1963.658
2095.013
2108.963
2118.525
2120.304
2063.093
2053.157
2037.093
2032.125
2030.028
2005.012
1997.754
1991.512
1988.577
1998.512
2014.577
2019.544
2021.641
2046.657
2053.915
2060.157
2063.093
2062.327
2050.714
2022.77
2045.996
1992.096
2048.832
2046.073
2105.272
2097.906
2098.754
2111.612
2142.549
2189.906
2170.151
2182.108
2184.866
2198.263
2205.375
2194.754
2177.582
2172.272
2170.03
2143.289
2135.53
2128.858
2125.72
2136.341
2153.513
2158.823
2161.065
2187.806
2195.565
2202.237
2205.375
2175.478
2236.33
2200.348
2059.612
2044.665
2034.42
2107.792
2094.949
2127.06
2144.528
2181.843
2327.792
2343.292
2353.917
2355.894
2368.736
2357.329
2338.884
2333.181
2330.773
2302.051
2293.718
2286.551
2283.181
2294.588
2313.032
2318.736
2321.144
2349.866
2358.199
2365.366
2368.736
2357.329
2338.884
2333.181
2330.773
2302.051
2293.718
2286.551
2283.181
2251.069
2233.602
2196.287
2050.338
2034.838
2024.213
2022.236
2009.394
2041.505
2058.972
2096.287
2242.236
2257.736
2268.361
2270.338
2201.638
2185.121
2183.714
2131.214
2101.839
2072.621
2061.746
1944.183
1908.201
1911.058
1916.732
1948.161
1973.607
1942.643
1925.799
1959.81
1813.861
1798.361
1787.736
1785.759
1772.917
1805.028
1822.495
1859.81
1934.125
1949.071
1959.317
1961.223
1973.607
2091.17
2138.527
2107.563
2090.719
2054.737
1914
1899.054
1888.808
1886.902
1943.944
1905.482
1922.326
1958.308
2099.045
2113.991
2124.237
2126.143
2064.784
2082.991
2024.071
2061.722
2001.833
1995.949
1992.579
2012.216
2075.94
2113.255
2095.531
2101.205
2104.455
2157.384
2182.83
2177.33
2174.08
2161.223
2142.366
2132.121
2137.621
2140.871
2153.728
2172.585
2182.83
2208.277
2222.241
2229.152
2198.188
2181.344
2145.362
2004.625
1989.679
2052.745
2050.769
2116.308
2118.601
2121.159
2119.428
2102.466
2072.351
2038.505
2030.572
1995.236
1996.966
2013.928
2044.043
2077.889
2085.822
2121.159
2074.681
2083.014
2109.403
2112.366
2071.21
2072.058
2088.808
2093.951
2124.915
2125.763
2124.915
2124.272
2110.308
2104.808
2095.875
2096.723
2097.366
2111.33
2116.83
2125.763
2144.621
2206.552
2223.724
2233.836
2202.396
2230.021
2253.771
2254.371
2283.246
2331.846
2302.971
2295.471
2271.721
2269.054
2314.194
2313.375
2297.203
2292.237
2262.341
2215.804
2223.304
2247.054
2249.721
2208.117
2208.883
2224.012
2228.657
2256.625
2269.157
2330.546
2180.775
2157.025
2161.825
2161.225
2132.35
2083.75
2107.5
2108.1
2136.975
2185.575
2186.367
2223.267
2255.267
2279.679
2313.263
2323.038
2374.633
2422.633
2424.133
2433.696
2438.496
2454.217
2430.467
2429.867
2400.992
2352.392
2376.142
2376.742
2405.617
2454.217
2425.342
2501.216
2476.647
2473.888
2440.784
2439.966
2423.793
2505.214
2474.25
2505.188
2513.223
2538.67
2541.527
2486.991
2487.81
2503.983
2508.948
2538.845
2571.948
2547.379
2546.759
2516.888
2466.612
2491.181
2491.802
2521.672
2571.948
2622.224
2640.431
2610.56
2602.802
2578.233
2575.474
2542.371
2541.552
2525.379
2520.414
2579.464
2610.402
2618.438
2643.884
2646.741
2588.578
2589.397
2605.569
2610.534
2640.431
2615.862
2615.241
2585.371
2535.095
2559.664
2560.284
2590.155
2640.431
2652.845
2677.414
2682.892
2712.789
2729.052
2742.448
2767.017
2767.638
2788.759
2798.009
2773.44
2772.819
2742.948
2692.672
2717.241
2717.862
2656.142
2704.742
2675.867
2668.367
2644.617
2641.95
2609.95
2609.158
2593.525
2588.725
2559.825
2588.7
2596.2
2619.95
2622.617
2568.984
2569.75
2584.879
2589.524
2617.492
2629.105
2630.375
2587.601
2524.94
2437.601
2402.863
2463.566
2548.176
2393.488
2388.895
2466.504
2470.958
2449.367
2525.348
2498.277
2531.835
2676.774
2711.371
2716.496
2688.552
2681.294
2658.31
2655.73
2624.762
2623.996
2608.867
2604.222
2576.254
2604.198
2611.456
2634.44
2637.02
2584.613
2585.355
2600.012
2604.512
2631.605
2642.855
2677.449
2647.449
2624.563
2625.793
2594.309
2585.145
2536.773
2491.773
2490.367
2481.402
2476.902
2506.902
2529.789
2561.273
2570.438
2539.451
2583.087
2584.451
2593.144
2597.508
2602.894
2614.742
2616.758
2624.53
2639.621
2656.561
2662.424
2676.716
2677.413
2678.777
2596.731
2574.538
2570.174
2652.22
2674.413
2678.777
2673.39
2661.542
2659.527
2651.754
2636.663
2619.723
2613.86
2599.568
2604.955
2616.803
2618.818
2626.591
2641.682
2658.621
2664.485
2678.777
2678.057
2677.511
2665.663
2660.996
2653.417
2654.136
2654.682
2666.53
2671.197
2678.777
2612.728
2612.029
2601.441
2575.963
2536.963
2489.404
2479.206
2476.853
2465.426
2459.36
2460.059
2470.647
2496.125
2535.125
2508.893
2518.8
2521.086
2532.186
2538.079
2533
2521.829
2519.929
2512.6
2498.371
2482.4
2476.871
2463.396
2468.475
2479.646
2481.546
2488.875
2503.104
2519.075
2524.604
2538.079
2551.479
2526.729
2520.3
2573.471
2571.118
2542.882
2542.184
2528.39
2524.154
2574.371
2524.132
2530.75
2551.706
2554.059
2508.514
2509.193
2522.593
2526.707
2551.479
2552.136
2496.118
2510.993
2506.056
2495.194
2493.347
2486.222
2472.389
2456.861
2451.486
2438.385
2443.323
2454.184
2456.031
2463.156
2476.99
2492.517
2497.892
2510.993
2506.056
2495.194
2493.347
2486.222
2472.389
2456.861
2451.486
2438.385
2443.323
2454.184
2456.031
2463.156
2476.99
2492.517
2507.392
2512.767
2525.868
2520.931
2510.069
2508.222
2501.097
2487.264
2471.736
2466.361
2453.26
2458.198
2469.059
2470.906
2478.031
2491.865
2507.392
2512.767
2525.868
2556.618
2532.556
2526.306
2506.514
2504.292
2477.625
2476.965
2463.938
2530.221
2579.14
2604.618
2611.235
2556.986
2559.271
2586.7
2587.379
2600.779
2604.893
2556.618
2551.681
2540.819
2538.972
2531.847
2518.014
2502.486
2497.111
2484.01
2488.948
2499.809
2501.656
2508.781
2522.615
2538.142
2543.517
2556.618
2557.868
2552.931
2542.069
2540.222
2533.097
2519.264
2503.736
2498.361
2485.26
2490.198
2501.059
2502.906
2510.031
2523.865
2539.392
2544.767
2557.868
2598.368
2598.698
2594.42
2591.892
2581.892
2567.226
2559.257
2554.319
2543.458
2541.611
2534.486
2520.653
2505.125
2499.75
2486.649
2496.649
2498.132
2512.799
2513.892
2518.17
2523.316
2530.767
2506.705
2500.455
2480.663
2478.441
2451.774
2451.115
2438.087
2503.632
2551.768
2577.246
2583.864
2604.82
2607.173
2560.111
2560.789
2574.189
2578.304
2603.075
2604.2
2648.425
2657.225
2671.454
2675.854
2677.711
2699.868
2706.296
2711.825
2714.425
2721.754
2778.325
2803.075
2883.575
2874.775
2860.546
2856.146
2854.289
2832.132
2825.704
2820.175
2817.575
2826.375
2840.604
2845.004
2846.861
2869.018
2875.446
2880.975
2883.575
2874.775
2860.546
2856.146
2854.289
2832.132
2825.704
2820.175
2817.575
2747.865
2761.698
2765.976
2767.781
2789.323
2795.573
2800.948
2803.476
2779.413
2773.163
2753.372
2751.149
2724.483
2723.823
2710.795
2706.795
2682.712
2656.045
2635.701
2607.715
2599.569
2556.573
2516.573
2515.323
2578.993
2574.879
2530.021
2550.365
2578.351
2586.497
2629.493
2597.345
2598.561
2606.314
2610.206
2564.313
2556.207
2543.102
2539.049
2537.339
2516.931
2511.01
2505.918
2571.186
2579.51
2592.97
2597.132
2598.889
2619.848
2625.929
2631.159
2633.618
2635.23
2534.345
2507.115
2463.412
2459.118
2456.659
2483.733
2517.49
2544.72
2520.306
2524.487
2526.882
2565.882
2557.776
2544.671
2540.618
2538.908
2518.5
2512.579
2507.487
2505.092
2513.197
2526.303
2530.355
2532.066
2552.474
2558.395
2563.487
2500.09
2584.494
2591.071
2583.173
2570.404
2566.455
2564.788
2544.904
2539.135
2534.173
2598.467
2606.572
2619.678
2623.73
2625.441
2645.849
2651.77
2656.862
2659.257
2668.382
2798.645
2790.539
2777.434
2773.382
2771.671
2751.263
2745.342
2740.25
2737.855
2745.961
2759.066
2763.118
2764.829
2785.237
2791.158
2796.25
2798.645
2813.355
2822.829
2837.539
2845.553
2837.447
2824.342
2820.289
2818.579
2798.171
2792.25
2787.158
2784.763
2792.868
2805.974
2810.026
2811.737
2832.145
2838.066
2843.158
2845.553
2847.447
2839.342
2826.237
2822.184
2820.474
2800.066
2794.145
2789.053
2786.658
2794.763
2807.868
2811.921
2813.632
2834.039
2839.961
2845.053
2847.447
2898.566
2897.941
2897.467
2887.178
2883.125
2876.543
2877.168
2877.641
2887.931
2891.984
2898.566
2890.461
2877.355
2873.303
2871.592
2851.184
2845.263
2840.171
2837.776
2845.882
2858.987
2863.039
2864.75
2885.158
2891.079
2896.171
2898.566
2914.684
2915.632
2907.526
2894.421
2890.368
2888.658
2894.579
2874.171
2868.25
2863.158
2860.763
2862.868
2866.921
2901.816
2903.566
2922.316
2957.211
2978.855
2998.25
2998.875
2973.612
2954.339
2927.826
2920.109
2879.375
2841.48
2917.061
2909.307
2905.416
2854.22
2873.493
2900.007
2907.724
2948.457
2909.779
2910.933
2918.288
2921.981
2937.686
2987.494
3008.471
2981.822
2991.534
2940.979
2943.198
2943.488
2945.707
2944.61
2933.854
2914.756
2893.293
2888.262
2865.854
2867.439
2881.707
2901.921
2905.796
2912.793
2951.866
2973.012
2978.043
2984.143
2985.445
2991.701
2998.854
3000.805
3000.226
2991.445
2970.317
2937.976
2898.537
2890.079
2888.128
2878.652
2873.622
2874.201
2882.982
2834.964
2866.536
2837.477
2845.541
2847.401
2856.436
2861.233
2864.814
2865.73
2931.253
2932.799
2941.172
2945.48
2911.946
2925.241
2943.037
2956.957
2968.957
2936.23
2910.747
2890.577
2885.94
2879.42
2857.602
2840.957
2818.06
2811.395
2776.216
2743.489
2742.466
2735.946
2732.673
2754.491
2709.556
2731.944
2738.461
2772.858
2804.858
2805.858
2751.098
2754.228
2755.011
2755.793
2725.372
2744.255
2638.936
2635.809
2741.128
2744.255
2761.755
2761.25
2760.867
2752.548
2749.271
2743.949
2744.455
2744.838
2753.157
2756.434
2761.755
2762.245
2763.947
2765
2768.38
2780.274
2799.822
2801.758
2802.524
2811.428
2807.247
2822.091
2823.333
2829.31
2838.685
2840.039
2840.414
2862.867
2823.21
2845.35
2860.68
2864.01
2872.38
2881.2
2885.07
2914.47
2930.833
2934.913
2915.365
2896.542
2882.181
2862.426
2856.676
2826.326
2798.091
2797.208
2847.415
2844.535
2807.583
2821.944
2841.699
2847.449
2822.457
2850.149
2851.014
2856.531
2859.3
2866.224
2870.55
2889.012
2905.935
2859.278
2874.052
2803.623
2784.613
2812.349
2781.84
2790.689
2787.691
2803.328
2801.611
2808.403
2780.441
2781.12
2794.564
2791.16
2799.493
2799.713
2815.06
2815.394
2825.171
2821.005
2803.227
2786.931
2778.91
2764.41
2737.188
2728.502
2713.155
2706.488
2710.655
2678.825
2694.825
2654.438
2668.42
2694.67
2703.045
2717.844
2724.272
2738.121
2749.058
2749.27
2721.629
2695.594
2690.804
2684.612
2683.451
2711.092
2737.127
2741.917
2748.109
2749.27
2776.911
2777.864
2824.484
2833.913
2799.634
2800.502
2800.086
2799.77
2792.91
2790.208
2785.82
2786.237
2786.553
2793.412
2796.114
2800.502
2834.502
2859.765
2862.686
2870.961
2896.75
2904.349
2905.217
2901.27
2884.428
2868.989
2912.487
2898.504
2872.254
2863.879
2849.08
2842.652
2846.67
2863.813
2879.527
2836.607
2850.344
2876.134
2884.362
2898.901
2905.217
2911.881
2895.33
2882.703
2865.332
2860.276
2833.588
2808.761
2807.985
2852.215
2900.576
2866.531
2879.379
2897.055
2902.2
2929.355
2954.618
2955.408
2960.441
2962.967
2997.704
3005.204
3016.059
3044.164
3089.967
3094.467
3114.138
3116.717
3119.296
3120.7
3140.121
3154.474
3131.211
3097.132
3049.632
3019.914
3053.405
3100.086
3118.578
3196.045
3192.166
3175.614
3160.442
3152.974
3139.474
3114.129
3106.043
3091.754
3085.547
3089.427
3053.335
3017.113
3024.331
3037.381
3061.881
3069.698
3083.51
3089.51
3113.51
3083.627
3095.307
3096.182
3097.494
3104.871
3123.314
3099.018
3107.534
3109.857
3122.486
3136.679
3143.575
3120.349
3099.532
3088.04
3087.179
3136.477
3129.1
3110.658
3135.552
3126.752
3150.752
3120.258
3131.939
3132.814
3134.125
3141.502
3159.945
3135.058
3143.575
3150.47
3156.736
3159.603
3159.22
3153.413
3139.442
3118.054
3091.974
3136.977
3187.927
3181.452
3178.015
3178.41
3184.41
3146.408
3168.145
3143.127
3148.72
3151.708
3152.998
3159.264
3162.591
3164.913
3172.026
3148.8
3127.984
3116.492
3166.707
3165.395
3158.018
3139.576
3164.952
3156.152
3180.152
3201.663
3213.538
3214.427
3215.76
3223.26
3242.01
3268.96
3277.76
3274.01
3313.231
3298.316
3290.975
3277.703
3252.788
3300.784
3286.496
3280.289
3289.927
3304.216
3279.388
3257.136
3244.851
3243.931
3242.552
3234.793
3215.397
3187.517
3178.414
3203.241
3170.824
3182.9
3183.805
3132.075
3139.575
3158.325
3133.057
3141.713
3154.279
3180.541
3181.279
3182.256
3214.1
3222.879
3227.582
3270.381
3271.471
3276.463
3281.512
3289.676
3292.201
3293.266
3305.98
3309.668
3312.84
3314.332
3313.02
3312.209
3309.605
3300.441
3285.379
3283.887
3283.297
3276.436
3287.531
3288.865
3289.69
3292.338
3301.654
3262.59
3264.082
3264.672
3271.533
3260.875
3266.681
3282.931
3283.071
3260.214
3239.728
3228.419
3227.571
3226.302
3219.159
3252.935
3279.754
3325.617
3294.705
3315.863
3327.543
3328.418
3276.024
3283.282
3301.427
3274.69
3283.071
3267.833
3256.208
3240.216
3235.562
3210.992
3188.135
3187.421
3234.204
3284.863
3247.365
3259.177
3260.468
3276.718
3281.448
3253.931
3276.788
3277.502
3282.056
3284.341
3279.452
3271.548
3269.103
3268.071
3255.762
3252.19
3249.119
3247.675
3252.563
3260.468
3262.913
3263.944
3276.254
3279.825
3282.897
3284.341
3278.627
3267.317
3264.796
3251.034
3243.548
3249.262
3260.571
3263.093
3276.855
3284.341
3287.163
3282.274
3274.369
3271.925
3270.893
3258.583
3255.012
3251.94
3250.496
3255.385
3263.29
3265.734
3266.766
3279.075
3282.647
3285.718
3287.163
3310.02
3287.163
3289.496
3269.01
3257.7
3256.853
3255.583
3300.835
3336.504
3365.163
3356.363
3380.363
3386.363
3352.006
3363.686
3364.561
3365.873
3373.25
3391.693
3363.069
3371.585
3379.149
3380.01
3375.042
3367.01
3364.526
3363.478
3350.97
3347.341
3344.22
3342.752
3347.72
3355.752
3358.236
3359.284
3371.792
3375.421
3378.542
3380.01
3379.627
3379.337
3373.03
3370.546
3366.512
3366.895
3367.185
3373.492
3375.976
3380.01
3375.042
3351.817
3331
3322.968
3320.484
3308.992
3307.944
3361.297
3348.584
3347.273
3339.895
3336.207
3317.764
3314.592
3342.885
3341.369
3332.569
3337.702
3346.002
3370.002
3391.513
3394.079
3405.954
3407.038
3419.963
3420.852
3422.185
3425.935
3429.16
3436.66
3438.177
3456.927
3426.764
3435.42
3453.568
3457.256
3468.936
3463.887
3455.723
3453.199
3452.133
3439.42
3435.732
3432.559
3431.068
3436.117
3444.281
3446.805
3447.871
3460.584
3464.273
3467.445
3468.936
3471.461
3517.65
3517.945
3522.342
3530.074
3531.164
3533.768
3542.932
3519.326
3498.168
3486.488
3485.613
3484.301
3476.924
3458.482
3489.173
3480.373
3504.373
3468.082
3479.762
3480.637
3481.949
3489.326
3507.768
3477.272
3485.788
3480.821
3472.788
3470.304
3469.256
3456.748
3453.119
3449.998
3448.53
3453.498
3461.53
3464.014
3465.063
3477.571
3481.2
3484.321
3485.788
3405.95
3403.579
3483.417
3485.788
3489.115
3484.147
3476.115
3473.631
3472.583
3460.075
3456.446
3453.325
3451.857
3456.825
3464.857
3467.341
3468.389
3480.897
3484.526
3487.647
3489.115
3484.978
3466.893
3464.522
3468.659
3486.744
3489.115
3494.921
3471.696
3450.879
3439.387
3438.526
3493.584
3486.207
3467.764
3498.61
3489.81
3498.61
3512.246
3497.467
3492.418
3484.254
3481.73
3480.664
3467.951
3464.262
3461.09
3459.598
3464.648
3472.811
3475.336
3476.402
3489.115
3492.803
3495.975
3497.467
3500.381
3502.986
3497.936
3489.773
3487.248
3486.182
3473.469
3469.781
3466.609
3465.117
3470.166
3478.33
3480.855
3481.92
3438.268
3441.897
3445.018
3446.486
3467.873
3474.139
3477.006
3472.038
3464.006
3461.522
3460.474
3504.49
3500.801
3497.629
3496.137
3509.621
3453.813
3465.304
3465.595
3479.567
3464.083
3452.27
3420.615
3404.623
3399.968
3375.399
3352.542
3351.827
3347.274
3344.988
3307.723
3319.166
3334.908
3339.49
3363.676
3386.176
3386.879
3391.361
3393.611
3396.389
3402.498
3403.537
3407.545
3415.326
3424.061
3427.084
3434.453
3431.676
3425.566
3424.527
3420.52
3412.738
3404.004
3400.98
3393.611
3396.389
3402.498
3403.537
3407.545
3415.326
3424.061
3427.084
3434.453
3423.32
3423.039
3409.504
3440.48
3451.79
3452.075
3465.825
3488.968
3486.147
3479.94
3478.885
3474.813
3466.909
3458.036
3454.964
3447.478
3450.3
3456.506
3457.562
3461.633
3469.538
3478.411
3481.482
3434.453
3434.813
3486.246
3483.469
3477.359
3476.32
3472.313
3464.531
3455.797
3452.773
3500.093
3502.915
3509.121
3510.177
3514.248
3522.153
3531.026
3534.097
3541.583
3540.528
3541.242
3488.992
3477.683
3477.397
3463.647
3440.504
3397.879
3398.16
3411.695
3434.477
3431.699
3425.59
3424.551
3420.543
3412.762
3404.027
3401.004
3393.635
3396.412
3402.521
3403.561
3407.568
3415.35
3424.084
3427.107
3434.477
3436.773
3441.355
3403.181
3358.18
3355.487
3349.563
3348.555
3344.669
3337.123
3328.653
3325.722
3318.576
3321.269
3327.193
3328.201
3332.087
3339.633
3348.102
3351.034
3358.18
3362.847
3375.242
3386.339
3374.763
3398.897
3396.244
3390.409
3389.416
3385.588
3378.155
3381.233
3372.89
3370.002
3362.963
3365.616
3371.451
3372.444
3376.272
3383.705
3392.049
3394.937
3401.976
3391.341
3391.073
3378.144
3407.237
3418.032
3418.305
3380.215
3401.976
3390.535
3366.625
3365.953
3365.063
3336.071
3328.078
3323.797
3335.237
3359.147
3359.819
3360.709
3389.701
3397.694
3401.976
3391.341
3388.688
3382.853
3381.86
3378.032
3370.599
3362.256
3359.368
3352.328
3354.981
3360.817
3361.81
3365.638
3373.071
3381.414
3384.302
3391.341
3395.886
3393.233
3387.397
3386.405
3382.576
3375.144
3366.8
3363.912
3356.873
3357.843
3347.209
3346.94
3334.011
3362.436
3373.231
3373.504
3336.082
3357.843
3361.576
3366.174
3374.054
3360.92
3360.565
3360.297
3354.461
3352.162
3348.429
3353.802
3343.168
3342.899
3380.424
3358.333
3369.129
3369.402
3382.527
3404.617
3397.072
3399.879
3408.742
3409.091
3394.545
3383.449
3368.184
3363.741
3340.288
3318.47
3317.788
3313.441
3362.202
3351.24
3350.963
3337.637
3315.206
3311.26
3294.01
3291.748
3295.694
3262.748
3264.975
3279.521
3287.521
3289.854
3279.059
3278.699
3273.244
3260.119
3240.028
3215.528
3259.663
3258.433
3252.456
3249.283
3249.648
3255.187
3268.513
3288.913
3263.581
3268.835
3270.047
3275.934
3279.059
3338.765
3350.515
3358.985
3325.642
3337.216
3322.888
3279.121
3277.945
3277.217
3274.881
3266.66
3253.149
3251.811
3251.281
3245.127
3254.595
3255.789
3256.528
3258.899
3267.243
3280.955
3282.313
3282.851
3289.097
3328.063
3328.332
3330.481
3359.474
3383.384
3389.966
3414.101
3414.455
3430.978
3418.767
3407.836
3368.869
3344.735
3356.946
3367.877
3406.843
3380.522
3340.706
3329.936
3327.818
3367.634
3378.404
3380.522
3383.246
3388.54
3401.29
3408.226
3423.042
3480.993
3487.147
3491.366
3492.151
3497.25
3500.25
3458.816
3458.551
3454.607
3447.671
3498.136
3495.765
3487.422
3529.474
3529.743
3533.746
3540.785
3541.778
3544.149
3552.493
3551.905
3552.979
3550.83
3521.838
3497.927
3491.345
3493.494
3470.686
3494.244
3500.73
3503.763
3503.414
3543.23
3548.524
3561.575
3548.825
3541.89
3527.074
3469.123
3462.969
3458.75
3457.965
3452.866
3465.616
3472.551
3487.368
3493.937
3500.002
3504.159
3504.933
3509.958
3510.529
3488.064
3477.114
3454.229
3453.586
3452.734
3424.984
3417.334
3413.236
3411.179
3383.429
3409.246
3402.855
3404.942
3433.094
3456.312
3462.703
3462.37
3471.246
3466.029
3453.464
3446.629
3432.027
3424.548
3418.393
3414.175
3413.39
3408.29
3421.04
3427.976
3442.792
3500.743
3506.897
3511.116
3511.901
3517
3517.785
3512.035
3526.851
3530.16
3526.388
3509.899
3507.737
3511.509
3527.998
3530.16
3513.881
3511.763
3483.197
3459.638
3453.153
3455.27
3483.836
3507.395
3513.881
3476.868
3464.303
3457.467
3442.866
3385.755
3379.69
3375.533
3374.759
3369.734
3382.299
3389.134
3355.111
3411.405
3417.384
3421.482
3422.245
3378.928
3386.364
3434.402
3462.088
3489.838
3490.095
3491.045
3492.188
3489.364
3495.702
3502.217
3494.78
3482.569
3475.926
3461.736
3406.234
3400.34
3396.299
3444.055
3439.102
3451.488
3458.225
3472.618
3528.913
3534.891
3538.989
3539.752
3544.705
3545.468
3543.411
3515.661
3492.775
3486.475
3488.532
3516.282
3539.168
3545.468
3551.054
3480.339
3478.239
3548.954
3551.054
3553.7
3563.879
3536.246
3527.62
3528.127
3520.585
3519.951
3516.338
3504.127
3497.484
3483.294
3427.792
3421.898
3417.857
3417.106
3412.222
3410.194
3382.835
3360.271
3354.06
3354.975
3354.722
3353.785
3354.039
3354.975
3365.898
3354.375
3344.06
3307.289
3284.514
3296.037
3306.352
3343.123
3365.898
3372.109
3372.949
3372.394
3377.465
3381.803
3388.817
3390.986
3391.901
3402.824
3405.993
3408.718
3410
3412.905
3405.032
3415.412
3417.757
3418.264
3393.247
3407.24
3402.962
3396.045
3393.906
3393.003
3382.233
3379.108
3376.42
3375.156
3379.434
3386.351
3388.49
3389.392
3400.163
3403.288
3405.976
3407.24
3406.92
3410.045
3413.608
3434.654
3430.435
3423.613
3421.503
3420.613
3409.99
3406.908
3404.257
3403.01
3407.229
3414.051
3416.161
3417.051
3427.675
3430.757
3433.408
3434.654
3435.75
3443.086
3458.497
3421.389
3421.549
3425.664
3420.799
3422.029
3417.867
3411.137
3409.056
3408.177
3397.698
3394.657
3392.042
3390.813
3394.975
3401.704
3403.785
3404.664
3415.144
3418.184
3420.799
3422.029
3423.975
3370.723
3366.561
3359.831
3357.75
3356.872
3346.392
3343.351
3340.736
3339.507
3343.669
3350.399
3352.48
3353.358
3363.838
3366.878
3369.493
3370.723
3370.48
3369.581
3369.824
3370.723
3371.696
3391.274
3373.11
3346.5
3309.411
3327.575
3354.185
3391.274
3394.788
3390.568
3383.747
3381.637
3380.747
3370.123
3367.041
3364.39
3363.144
3321.858
3328.588
3330.669
3331.547
3342.027
3345.068
3347.682
3348.912
3361.328
3358.824
3373.976
3366.74
3365.934
3407.824
3401.002
3398.892
3398.002
3387.378
3384.296
3381.646
3380.399
3384.618
3391.44
3393.55
3394.44
3405.063
3408.146
3410.796
3412.043
3406.721
3365.37
3392.127
3388.66
3373.508
3371.522
3374.988
3390.14
3392.127
3393.208
3391.061
3386.899
3380.169
3378.088
3377.209
3366.73
3363.689
3361.074
3359.845
3364.007
3370.736
3372.818
3373.696
3384.176
3387.216
3389.831
3391.061
3393.047
3392.726
3387.861
3376.155
3358.236
3336.385
3377.339
3376.243
3370.921
3368.096
3352.932
3359.392
3355.173
3348.351
3346.241
3345.351
3334.728
3331.646
3328.995
3327.748
3331.967
3338.789
3340.899
3341.789
3352.413
3355.495
3358.146
3359.392
3352.057
3360.07
3355.851
3349.029
3346.92
3346.029
3335.406
3332.324
3329.673
3328.426
3332.646
3339.467
3341.577
3342.467
3353.091
3356.173
3358.824
3360.07
3357.961
3357.714
3356.803
3357.05
3357.961
3361.474
3357.255
3350.433
3348.324
3347.433
3336.81
3333.728
3331.077
3329.83
3332.368
3331.272
3330.594
3328.418
3320.76
3308.175
3306.928
3306.435
3300.702
3264.938
3266.034
3266.712
3268.889
3276.546
3289.132
3290.378
3290.872
3296.604
3287.336
3292.586
3303.701
3309.554
3309.875
3303.537
3265.463
3265.22
3261.595
3255.221
3254.323
3252.176
3244.622
3282.696
3282.939
3286.564
3292.938
3293.836
3295.983
3303.537
3307.699
3307.167
3286.25
3285.529
3262.36
3263.072
3265.652
3269.758
3279.585
3285.752
3274.843
3265.078
3230.268
3208.708
3204.648
3186.968
3197.877
3207.642
3242.452
3264.012
3254.185
3243.135
3262.335
3264.255
3274.475
3274.235
3273.348
3273.588
3274.475
3278.385
3294.368
3309.937
3312
3318.857
3325.812
3331.656
3320.893
3303.163
3328.067
3330.712
3341.827
3343.516
3349.446
3291.841
3296.457
3295.431
3300.796
3301.822
3311.764
3315.713
3314.688
3307.822
3293.399
3326.917
3326.763
3327.802
3334.756
3349.367
3358.62
3358.774
3364.781
3399.943
3381.258
3417.38
3417.149
3416.296
3416.527
3417.38
3405.601
3394.223
3375.761
3394.223
3399.236
3392.466
3395.111
3385.976
3382.688
3368.313
3366.428
3369.716
3384.091
3385.976
3388.62
3390.899
3395.912
3396.764
3400.053
3406.438
3413.604
3416.085
3422.131
3421.979
3407.787
3399.934
3419.779
3417.5
3412.487
3411.635
3408.346
3401.962
3394.795
3392.314
3386.268
3388.546
3393.559
3394.412
3397.7
3404.085
3411.252
3413.732
3419.779
3423.741
3361.082
3370.411
3374.123
3370.411
3374.123
3371.674
3369.424
3364.475
3363.633
3360.386
3354.082
3347.006
3344.557
3338.587
3340.837
3345.786
3346.628
3349.875
3356.179
3363.255
3365.704
3371.674
3367.117
3358.098
3356.087
3345.112
3339.142
3343.699
3352.718
3354.729
3365.704
3371.674
3384.427
3385.054
3388.953
3386.703
3381.753
3380.911
3377.665
3371.361
3364.285
3361.835
3355.866
3358.116
3363.065
3363.907
3367.153
3373.457
3380.533
3382.983
3388.953
3396.706
3387.687
3385.437
3380.487
3379.646
3376.399
3370.095
3363.019
3360.57
3354.6
3356.85
3361.799
3362.641
3365.888
3372.191
3379.267
3381.717
3387.687
3387.459
3386.617
3386.845
3387.687
3385.437
3380.487
3379.646
3376.399
3370.095
3363.019
3360.57
3354.6
3356.85
3361.799
3362.641
3365.888
3372.191
3379.267
3381.717
3387.687
3401.927
3371.403
3353.178
3335.178
3353.178
3350.956
3346.069
3345.238
3342.031
3335.806
3328.819
3326.4
3320.505
3322.727
3327.614
3328.445
3331.652
3337.877
3344.864
3347.283
3353.178
3365.772
3349.197
3373.947
3381.681
3379.459
3374.572
3373.741
3370.534
3364.309
3357.322
3354.903
3349.008
3351.23
3356.117
3356.948
3360.155
3366.38
3373.367
3375.786
3381.681
3371.455
3362.3
3329.666
3309.453
3319.68
3328.834
3361.469
3339.932
3353.775
3321.543
3319.582
3317.387
3312.56
3311.739
3308.573
3302.424
3295.523
3293.134
3287.312
3238.662
3225.421
3226.409
3226.965
3165.853
3164.039
3185.819
3187.611
3187.392
3186.581
3186.8
3187.611
3211.3
3220.758
3226.04
3227.015
3206.785
3210.495
3216.495
3218.351
3219.134
3190.043
3192.722
3195.025
3196.109
3219.234
3232.582
3228.915
3222.987
3221.153
3220.379
3211.147
3247.125
3244.794
3243.697
3247.408
3253.408
3255.264
3256.047
3265.39
3268.101
3270.432
3271.529
3252.88
3235.313
3232.081
3227.904
3227.12
3245.77
3263.336
3266.568
3270.745
3271.529
3254.179
3271.529
3274.619
3270.908
3264.908
3263.053
3262.27
3252.926
3250.215
3247.884
3246.788
3250.498
3256.498
3258.354
3259.137
3268.48
3271.191
3273.523
3274.619
3271.387
3267.676
3261.676
3259.821
3259.038
3249.694
3246.983
3244.652
3243.556
3247.267
3253.267
3255.122
3255.905
3265.248
3267.959
3270.291
3271.387
3260.941
3251.084
3253.416
3245.765
3235.452
3212.988
3209.365
3203.506
3201.694
3200.929
3191.806
3189.159
3186.882
3185.812
3189.435
3195.294
3197.106
3197.871
3206.994
3209.641
3211.918
3212.988
3222.006
3221.304
3220.363
3214.063
3200.828
3192.446
3192.306
3193.247
3199.547
3212.782
3183.709
3183.847
3186.464
3153.702
3170.446
3166.865
3161.074
3159.283
3158.528
3149.51
3146.894
3144.644
3143.586
3147.167
3152.958
3154.749
3155.504
3164.522
3167.138
3169.388
3170.446
3170.237
3169.464
3169.673
3170.446
3174.993
3193.795
3199.935
3231.417
3229.626
3226.644
3213.606
3211.897
3214.879
3227.917
3229.626
3246.58
3259.618
3256.036
3250.246
3248.455
3247.699
3238.682
3236.065
3233.815
3232.757
3236.339
3242.129
3243.92
3244.676
3253.693
3256.31
3258.56
3259.618
3264.484
3260.903
3255.112
3253.321
3252.565
3243.548
3240.932
3238.682
3237.624
3241.205
3246.996
3248.786
3249.542
3258.56
3261.176
3263.426
3264.484
3263.863
3264.387
3267.722
3271.754
3271.061
3238.299
3238.09
3234.971
3229.487
3228.714
3226.866
3220.366
3253.128
3253.337
3256.456
3261.94
3262.714
3264.561
3270.015
3276.515
3275.584
3275.009
3273.161
3266.661
3255.978
3254.92
3254.501
3249.635
3219.278
3220.208
3220.783
3222.631
3229.131
3239.814
3240.872
3241.291
3246.157
3276.515
3259.77
3276.515
3272.933
3267.142
3265.352
3264.596
3255.578
3252.962
3250.712
3249.654
3253.235
3259.026
3260.817
3261.573
3270.59
3273.206
3275.456
3276.515
3278.702
3275.121
3269.33
3267.539
3266.783
3257.766
3255.15
3252.9
3251.842
3255.423
3261.214
3263.004
3263.76
3272.778
3275.394
3277.644
3278.702
3278.283
3274.702
3268.911
3267.121
3266.365
3257.347
3254.731
3252.481
3251.423
3263.138
3262.929
3262.156
3261.225
3263.475
3265.663
3256.15
3247.634
3217.276
3198.474
3199.247
3205.474
3208.09
3219.253
3229.485
3197.343
3206.343
3223.24
3228.631
3238.157
3242.295
3246.432
3262.984
3277.819
3286.009
3286.622
3287.542
3292.714
3305.645
3324.231
3330.3
3335.691
3337.734
3338.303
3342.769
3334.579
3336.269
3341.993
3325.441
3310.606
3302.417
3301.803
3300.884
3295.711
3282.78
3264.194
3258.125
3274.677
3289.511
3297.701
3298.315
3299.234
3304.407
3317.338
3335.924
3341.993
3354.32
3372.453
3356.089
3372.453
3376.868
3376.598
3360.234
3345.568
3337.472
3336.865
3335.956
3330.842
3318.058
3299.683
3293.683
3310.047
3287.357
3295.362
3295.962
3296.861
3301.917
3314.558
3295.696
3301.563
3295.696
3298.196
3314.196
3311.696
3301.029
3291.251
3323.365
3314.567
3298.051
3292.781
3283.469
3279.424
3281.952
3256.153
3230.041
3234.801
3243.405
3259.559
3264.713
3273.82
3277.776
3275.946
3271.187
3255.165
3263.769
3262.978
3266.324
3250.5
3236.317
3228.488
3227.901
3227.022
3257.878
3245.378
3227.411
3221.544
3237.544
3251.885
3259.801
3260.394
3261.283
3266.283
3278.783
3260.522
3266.951
3272.753
3283.302
3291.824
3301.92
3317.745
3285.451
3321.231
3327.307
3332.334
3338.875
3331.129
3330.65
3330.267
3327.414
3324.362
3323.654
3308.335
3294.605
3287.025
3286.457
3285.606
3280.819
3268.851
3286.613
3280.935
3296.419
3275.081
3282.661
3283.229
3284.08
3288.867
3300.835
3283.111
3288.668
3288.147
3291.389
3307.683
3306.167
3301.43
3294.983
3299.851
3300.809
3308.309
3324.603
3326.118
3326.497
3331.057
3358.538
3344.178
3342.678
3344.333
3349.521
3334.521
3356.036
3348.536
3347.974
3347.132
3342.395
3330.553
3348.782
3343.165
3337.548
3352.867
3331.159
3338.659
3339.221
3340.063
3344.8
3356.642
3338.521
3336.177
3361.189
3366.747
3357.484
3352.925
3344.683
3364.626
3359.637
3350.82
3346.991
3349.384
3359.597
3368.959
3338.055
3346.297
3361.771
3366.708
3375.432
3379.221
3377.05
3388.853
3373.695
3364.576
3372.076
3371.555
3368.855
3357.053
3355.505
3357.486
3333.007
3332.173
3326.595
3314.876
3342.27
3342.145
3308.164
3313.742
3325.461
3332.883
3333.007
3332.059
3317.059
3303.615
3296.193
3295.637
3294.803
3290.116
3312.907
3330.948
3325.331
3340.65
3319.071
3326.571
3327.133
3327.975
3332.712
3309.715
3292.264
3297.707
3282.553
3268.883
3283.728
3291.073
3291.259
3300.189
3315.22
3324.151
3326.47
3333.816
3334.64
3310.409
3310.652
3315.438
3316.907
3325.754
3331.142
3346.936
3332.242
3319.073
3311.802
3345.394
3344.57
3339.93
3363.003
3381.382
3375.824
3390.982
3369.103
3376.525
3377.081
3377.914
3382.602
3394.32
3375.997
3368.652
3374.095
3354.116
3346.771
3346.585
3337.655
3322.624
3329.969
3330.155
3339.085
3354.116
3359.25
3356.93
3347.034
3337.961
3333.496
3325.424
3310.269
3305.434
3296.89
3293.179
3295.499
3271.667
3280.647
3251.884
3259.793
3274.641
3279.379
3287.75
3291.386
3274.643
3274.823
3274.023
3270.138
3269.958
3270.188
3261.525
3259.275
3252.15
3251.35
3274.495
3274.255
3269.518
3268.063
3259.306
3268.056
3270.328
3277.525
3278.333
3288.03
3288.27
3293.008
3294.462
3303.22
3288.674
3309.063
3301.792
3301.247
3300.431
3295.839
3284.36
3301.549
3296.106
3305.044
3309.906
3320.293
3360.918
3365.232
3368.189
3368.74
3372.314
3399.229
3404.091
3409.535
3401.384
3394.114
3393.93
3385.091
3370.213
3377.483
3377.667
3386.506
3401.384
3385.589
3387.564
3403.358
3405.333
3392.163
3400.077
3407.99
3410.071
3396.541
3389.27
3389.087
3380.247
3365.37
3372.64
3372.824
3381.663
3396.541
3387.694
3382.881
3372.601
3332.39
3328.12
3325.193
3324.648
3321.11
3329.957
3334.769
3345.05
3351.066
3355.293
3358.191
3358.73
3362.232
3368.141
3418.141
3409.391
3407.119
3399.922
3399.114
3389.417
3389.177
3384.439
3382.985
3374.227
3382.977
3385.25
3392.447
3393.255
3402.952
3403.192
3407.929
3409.384
3418.141
3418.869
3413.535
3409.308
3407.035
3397.338
3388.449
3418.606
3410.616
3395.616
3390.83
3382.374
3378.7
3379.309
3380.88
3381.809
3385.482
3390.87
3393.797
3391.18
3383.909
3383.726
3374.886
3360.009
3367.279
3367.463
3376.302
3391.18
3364.54
3358.57
3338.366
3329.519
3324.707
3314.426
3274.216
3269.945
3267.018
3266.473
3296.573
3305.512
3310.374
3320.76
3327.085
3331.356
3334.283
3334.828
3338.366
3335.749
3335.991
3347.432
3350.17
3341.33
3339.034
3331.764
3330.948
3321.152
3320.909
3316.124
3314.654
3305.807
3314.647
3316.943
3324.213
3325.029
3334.825
3335.068
3339.853
3341.323
3316.33
3316.932
3312.614
3313.27
3306.073
3305.891
3297.141
3282.414
3289.611
3289.793
3298.543
3313.27
3299.876
3280.255
3252.907
3266.301
3285.922
3313.27
3314.755
3311.793
3314.503
3314.684
3305.927
3301.163
3290.986
3251.182
3246.955
3244.057
3243.518
3273.077
3281.923
3286.736
3297.017
3303.518
3307.745
3310.643
3311.182
3314.684
3317.211
3310.014
3309.832
3301.082
3286.355
3278.047
3272.4
3268.898
3260.148
3257.875
3251.688
3244.491
3243.683
3233.986
3233.746
3229.009
3227.554
3251.642
3260.481
3262.777
3270.047
3270.864
3280.659
3280.902
3285.688
3287.157
3296.004
3315.825
3321.529
3319.716
3314.903
3311.23
3299.934
3271.184
3271
3268.263
3263.45
3262.772
3261.151
3255.446
3284.196
3284.38
3287.117
3291.93
3292.608
3294.23
3299.934
3291.087
3286.274
3275.994
3235.783
3231.513
3228.585
3228.041
3224.503
3233.349
3238.162
3248.443
3288.653
3292.923
3295.851
3296.395
3299.934
3299.389
3294.577
3244.066
3242.566
3240.462
3245.849
3242.176
3241.992
3245.666
3229.319
3228.503
3227.997
3219.158
3217.537
3215.241
3209.537
3200.162
3192.892
3191.963
3191.147
3181.351
3180.983
3176.713
3176.471
3171.685
3145.045
3143.575
3134.728
3135.545
3136.05
3144.889
3146.51
3148.806
3154.51
3161.781
3171.156
3171.972
3172.901
3182.696
3183.064
3187.334
3187.577
3192.362
3186.487
3187.942
3196.699
3194.427
3185.669
3180.905
3170.729
3130.924
3126.697
3123.799
3123.26
3119.758
3134.303
3134.667
3131.03
3142.212
3150.121
3151.576
3147.939
3154.189
3153.381
3147.972
3136.609
3129.412
3129.292
3130.1
3135.509
3146.872
3154.069
3154.189
3150.265
3148.311
3147.654
3144.578
3111.328
3114.965
3119.995
3120.667
3106.662
3105.041
3099.653
3094.189
3089.597
3135.445
3137.066
3142.454
3147.918
3152.51
3143.671
3141.375
3134.105
3133.288
3123.492
3123.25
3118.464
3116.995
3108.148
3116.987
3119.283
3126.554
3127.37
3105.477
3105.717
3110.455
3111.909
3120.667
3118.14
3132.867
3134.768
3118.586
3121.548
3124.624
3116.79
3112.415
3111.607
3095.972
3103.806
3077.099
3077.899
3093.378
3100.503
3104.103
3077.995
3072.145
3063.964
3044.539
3044.989
3053.659
3052.219
3043.556
3041.306
3034.181
3033.381
3054.324
3054.085
3049.347
3047.893
3039.135
3047.885
3050.158
3057.355
3058.163
3067.86
3068.1
3072.837
3074.292
3083.049
3075.216
3076.024
3084.782
3080.407
3086.657
3086
3105.576
3114.333
3124.03
3119.293
3114.975
3121.162
3120.707
3120.343
3122.934
3127.389
3118.639
3116.366
3109.169
3108.361
3098.664
3098.424
3093.687
3092.232
3083.475
3061.303
3063.553
3070.678
3071.478
3050.572
3050.807
3055.45
3056.876
3065.46
3068.364
3070.406
3077.46
3082.04
3082.429
3096.984
3105.127
3113.228
3116.243
3148.834
3158.809
3159.255
3163.773
3156.449
3155.009
3182.084
3189.408
3190.848
3183.018
3182.899
3180.03
3178.253
3178.973
3182.053
3187.033
3188.573
3189.223
3196.978
3199.228
3201.163
3202.073
3209.903
3207.401
3207.171
3207.29
3201.7
3198.62
3193.64
3192.1
3191.45
3183.695
3181.445
3179.51
3178.6
3181.68
3186.66
3188.2
3188.85
3196.605
3198.855
3200.79
3201.7
3193.038
3190.788
3183.663
3182.863
3205.316
3205.076
3200.338
3198.884
3190.126
3189.729
3190.126
3200.303
3205.636
3202.525
3197.495
3195.939
3195.283
3187.449
3185.177
3183.222
3182.303
3185.414
3190.444
3192
3192.657
3200.49
3202.763
3204.717
3205.636
3205.273
3203
3211.264
3220.544
3217.433
3212.403
3210.847
3210.191
3202.357
3200.085
3198.13
3197.211
3200.322
3205.352
3206.908
3207.564
3215.398
3217.67
3219.625
3220.544
3212.28
3216.655
3224.489
3216.181
3213.069
3208.039
3206.484
3205.827
3197.994
3195.721
3193.766
3192.847
3195.958
3200.989
3202.544
3203.201
3211.034
3213.307
3215.261
3216.181
3210.847
3210.039
3209.539
3214.872
3188.501
3188.621
3185.51
3180.48
3178.924
3178.268
3170.434
3168.162
3166.207
3165.288
3168.399
3173.429
3174.985
3175.641
3183.475
3185.747
3187.702
3188.621
3181.424
3201
3191.72
3177.174
3173.672
3172.467
3166.763
3162.043
3154.017
3159.676
3169.246
3184.246
3187.858
3188.929
3194.692
3199.46
3207.023
3201
3201.539
3198.428
3193.398
3191.842
3193.926
3205.107
3204.451
3196.617
3194.345
3192.39
3191.471
3194.582
3199.612
3201.168
3201.824
3209.658
3211.931
3213.885
3214.804
3217.915
3217.188
3223.375
3218.042
3218.769
3215.658
3210.628
3209.072
3208.415
3200.582
3198.309
3196.355
3195.436
3198.547
3203.577
3205.133
3205.789
3213.622
3215.895
3217.85
3218.769
3217.213
3216.294
3212.658
3207.324
3204.427
3205.982
3206.902
3210.538
3215.871
3218.769
3217.164
3234.198
3233.653
3249.448
3249.992
3247.888
3239.898
3231.985
3218.983
3215.808
3210.674
3209.086
3208.416
3200.421
3198.102
3196.107
3195.169
3198.344
3203.478
3205.066
3205.736
3213.731
3216.05
3218.045
3218.983
3199.004
3190.066
3180.169
3200.148
3209.086
3186.136
3184.055
3186.029
3185.213
3179.749
3168.269
3160.999
3160.878
3161.694
3167.158
3178.638
3153.727
3153.847
3147.597
3147.365
3144.254
3139.223
3137.668
3137.011
3129.178
3126.905
3124.951
3124.032
3127.143
3132.173
3133.729
3134.385
3142.218
3144.491
3146.446
3147.365
3158.691
3155.58
3159.082
3155.971
3150.941
3149.385
3148.729
3140.895
3138.622
3136.668
3135.749
3155.749
3160.513
3164.831
3173.095
3183.271
3189.521
3183.734
3210.809
3210.159
3204.034
3203.796
3199.171
3198.778
3184.078
3175.853
3167.671
3164.626
3131.709
3121.634
3126.259
3126.653
3141.353
3149.578
3157.759
3160.804
3162.1
3172.075
3152.843
3145.254
3144.353
3144.175
3129.62
3119.645
3117.885
3117.707
3098.519
3089.014
3083.786
3078.558
3050.662
3050.484
3047.828
3043.158
3042.5
3040.927
3035.392
3063.288
3063.467
3066.123
3070.792
3071.45
3073.024
3078.558
3045.967
3044.442
3040.075
3036.511
3029.457
3027.884
3019.3
3014.63
3018.194
3025.249
3026.822
3035.406
3040.075
3035.62
3035.502
3031.047
3026.681
3025.108
3021.261
3025.627
3026.932
3031.22
3039.321
3052.449
3051.657
3035.796
3040.028
3054.702
3060.236
3064.603
3066.363
3067.006
3086.61
3086.788
3091.077
3080.116
3079.324
3078.834
3077.261
3071.726
3062.63
3061.729
3061.373
3057.229
3061.694
3062.494
3062.989
3064.578
3070.168
3079.355
3080.265
3080.625
3084.81
3110.918
3107.318
3102.338
3105.938
3110.918
3114.518
3128.918
3131.786
3140.586
3145.303
3137.548
3127.948
3111.778
3084.703
3065.323
3087.528
3109.237
3129.013
3137.86
3115.861
3095.861
3091.097
3086.779
3078.515
3068.338
3062.088
3035.717
3039.066
3059.27
3064.083
3068.445
3076.793
3087.074
3093.388
3120.028
3147.656
3145.957
3142.283
3140.393
3142.207
3146.196
3146.875
3149.492
3154.574
3160.278
3162.253
3167.065
3165.251
3161.261
3160.583
3157.966
3152.884
3147.18
3145.205
3140.393
3142.207
3146.196
3146.875
3149.492
3154.574
3160.278
3162.253
3167.065
3158.717
3180.894
3179.062
3175.031
3174.345
3171.701
3166.567
3160.804
3158.809
3153.947
3155.78
3159.811
3160.496
3163.14
3168.274
3174.037
3176.032
3180.894
3179.062
3175.031
3174.345
3171.701
3166.567
3160.804
3158.809
3153.947
3155.78
3159.811
3160.496
3163.14
3168.274
3174.037
3176.032
3180.894
3160.482
3151.41
3149.577
3145.546
3144.861
3142.216
3137.082
3131.32
3129.325
3124.463
3126.295
3130.326
3131.012
3133.656
3138.79
3144.553
3146.548
3151.41
3149.577
3145.546
3144.861
3142.216
3137.082
3131.32
3129.325
3124.463
3126.295
3130.326
3131.012
3133.656
3138.79
3144.553
3146.548
3151.41
3150.585
3145.064
3133.466
3126.121
3125.999
3126.823
3132.344
3143.942
3151.287
3151.41
3147.698
3143.291
3128.013
3122.25
3117.704
3115.871
3115.201
3094.789
3094.603
3090.138
3094.545
3109.823
3115.586
3120.133
3121.965
3122.635
3143.048
3143.233
3147.698
3142.93
3142.524
3127.37
3118.89
3110.456
3139.685
3105.396
3127.479
3132.347
3132.762
3148.236
3156.893
3165.505
3168.711
3203.361
3213.966
3212.095
3207.979
3207.279
3204.579
3199.337
3193.453
3191.416
3186.451
3188.322
3192.438
3190.488
3191.188
3193.888
3199.13
3205.014
3207.051
3212.016
3210.145
3206.029
3205.329
3202.629
3197.387
3191.503
3189.466
3184.501
3186.372
3190.488
3191.188
3193.888
3199.13
3205.014
3207.051
3212.016
3184.534
3208.971
3205.141
3189.822
3186.77
3177.408
3172.391
3176.221
3191.54
3194.592
3203.953
3208.971
3207.08
3202.92
3202.213
3199.484
3194.186
3188.239
3186.181
3181.164
3177.475
3190.351
3185.28
3180.683
3171.886
3161.052
3154.399
3126.327
3097.214
3118.504
3123.575
3128.172
3136.969
3147.802
3154.456
3148.672
3177.475
3173.645
3153.028
3143.805
3167.286
3188.125
3197.448
3207.77
3190.383
3188.391
3187.676
3181.999
3173.087
3171.507
3169.851
3168.872
3165.001
3159.324
3156.239
3157.895
3158.874
3162.745
3168.422
3171.507
3170.528
3170.401
3160.078
3106.852
3097.39
3092.793
3076.858
3070.847
3066.105
3064.194
3063.495
3042.204
3042.011
3037.353
3041.95
3057.886
3063.897
3068.638
3070.55
3071.249
3092.539
3092.733
3064.439
3053.029
3044.779
3072.862
3072.001
3055.358
3063.696
3068.353
3069.214
3085.858
3082.546
3047.151
3042.973
3022.134
3018.263
3002.78
2999.695
2990.233
2985.161
2989.032
3004.516
3007.601
3017.063
3022.134
3021.887
3000.597
2995.526
2990.929
2982.132
2971.298
2964.645
2936.573
2939.063
2960.584
2965.711
2970.357
2979.25
2990.201
2996.927
3025.304
3054.734
3046.304
3042.054
3026.402
2990.622
2985.595
2985.167
2969.189
2960.249
2951.356
2948.046
2912.266
2901.315
2897.402
2881.75
2881.322
2850.697
2850.501
2847.586
2842.459
2841.736
2840.01
2833.933
2864.558
2864.754
2867.67
2872.796
2873.519
2875.246
2881.322
2871.336
2855.683
2851.914
2847.268
2842.383
2836.24
2819.955
2813.812
2808.729
2803.883
2791.253
2789.278
2791.284
2790.553
2768.306
2778.629
2794.809
2794.607
2821.442
2825.382
2862.788
2869.141
2873.999
2879.254
2896.095
2940.875
2947.227
2952.239
2948.402
2950.399
2951.129
2973.376
2973.579
2978.445
2956.619
2934.844
2925.103
2914.316
2936.091
2945.833
2923.768
2919.018
2918.129
2912.179
2899.679
2891.763
2891.631
2892.519
2898.469
2910.969
2918.886
2919.018
2904.285
2882.701
2852.618
2850.985
2850.096
2840.888
2818.888
2815.629
2816.518
2818.668
2824.618
2828.963
2859.046
2859.596
2862.783
2879.982
2880.782
2876.782
2871.249
2875.249
2880.782
2877.524
2873.524
2857.524
2854.336
2844.558
2839.318
2843.318
2859.318
2862.506
2872.283
2877.524
2855.524
2850.283
2845.533
2836.443
2825.249
2818.374
2789.365
2759.282
2781.282
2786.522
2791.272
2800.363
2811.557
2818.432
2847.44
2877.524
2880.946
2886.479
2888.19
2888.913
2897.529
2900.029
2902.179
2903.19
2893.413
2886.607
2885.718
2885.168
2883.403
2877.192
2866.983
2865.972
2865.572
2893.067
2863.733
2860.272
2854.677
2852.947
2852.216
2843.503
2840.975
2838.801
2837.778
2841.239
2846.834
2848.565
2849.295
2858.008
2860.537
2862.711
2863.733
2861.736
2859.419
2874.322
2857.754
2854.706
2850.766
2850.027
2867.616
2884.185
2887.233
2891.173
2891.912
2840.854
2839.048
2833.048
2826.963
2821.849
2840.628
2842.413
2848.346
2854.362
2859.419
2855.958
2850.362
2848.632
2847.902
2839.188
2836.66
2834.486
2833.463
2836.924
2842.52
2844.25
2844.98
2853.694
2856.222
2852.326
2854.5
2855.522
2833.747
2830.287
2826.826
2821.23
2819.5
2818.77
2810.056
2807.528
2805.354
2804.331
2807.792
2813.388
2815.118
2815.848
2824.562
2827.09
2829.264
2830.287
2829.388
2827.907
2823.104
2806.452
2800.171
2795.216
2793.219
2792.489
2770.242
2770.039
2765.173
2769.976
2786.628
2792.909
2797.864
2799.861
2800.591
2822.838
2823.041
2796.486
2795.893
2792.471
2786.938
2785.226
2784.504
2775.888
2773.388
2771.238
2770.226
2773.649
2779.182
2780.893
2781.615
2790.232
2792.732
2794.882
2795.893
2792.471
2786.938
2785.226
2784.504
2775.888
2773.388
2771.238
2770.226
2773.649
2779.182
2780.893
2781.615
2790.232
2792.732
2794.882
2795.893
2795.231
2782.731
2772.522
2769.1
2763.567
2761.856
2761.133
2752.517
2750.017
2747.867
2746.856
2750.278
2755.811
2757.522
2758.244
2766.861
2769.361
2771.511
2772.522
2760.222
2753.722
2750.3
2744.767
2743.056
2742.333
2733.717
2731.217
2729.067
2728.056
2731.478
2737.011
2738.722
2739.444
2748.061
2750.561
2752.711
2753.722
2732.189
2722.556
2711.889
2733.422
2743.056
2753.722
2750.3
2744.767
2743.056
2742.333
2733.717
2731.217
2729.067
2728.056
2731.478
2737.011
2738.722
2739.444
2748.061
2750.561
2752.711
2753.722
2731.722
2726.482
2721.732
2712.642
2701.447
2694.572
2665.564
2635.481
2657.481
2662.721
2667.471
2676.561
2687.756
2694.631
2693.709
2723.462
2719.505
2703.681
2700.529
2690.859
2685.676
2689.632
2705.456
2708.609
2718.279
2723.462
2720.077
2714.604
2712.912
2712.198
2703.676
2701.203
2699.077
2698.077
2701.462
2706.934
2708.626
2709.341
2717.863
2720.335
2722.462
2723.462
2720.077
2714.604
2712.912
2712.198
2703.676
2701.203
2699.077
2698.077
2694.731
2688.302
2683.148
2681.456
2680.456
2676.5
2670.698
2667.545
2669.238
2670.238
2674.194
2679.996
2683.148
2678.451
2662.165
2656.022
2651.176
2649.223
2648.508
2626.75
2626.552
2650.924
2655.674
2672.14
2678.351
2683.251
2685.226
2685.949
2707.949
2708.149
2712.961
2701.767
2728.079
2724.784
2723.975
2715.969
2709.087
2708.188
2702.171
2689.531
2681.525
2681.392
2679.774
2677.692
2669.412
2656.813
2656.213
2652.919
2650.744
2649.093
2634.194
2655.418
2671.781
2686.447
2694.544
2695.151
2696.06
2701.173
2713.957
2732.332
2738.332
2731.98
2723.605
2701.105
2695.746
2690.888
2681.591
2670.142
2663.111
2633.443
2602.676
2625.176
2630.536
2635.393
2644.69
2656.139
2663.17
2692.838
2723.605
2716.574
2694.056
2694.258
2703.992
2720.374
2707.935
2705.407
2689.228
2674.726
2666.721
2666.121
2665.222
2660.166
2647.525
2629.357
2623.424
2639.604
2654.105
2662.111
2662.711
2663.61
2668.666
2681.306
2699.475
2705.407
2701.362
2685.183
2681.959
2672.072
2666.772
2657.531
2661.576
2677.756
2680.979
2690.867
2696.166
2674.39
2664.649
2653.862
2649.059
2632.407
2626.126
2621.171
2619.174
2618.444
2596.197
2595.994
2591.128
2583.122
2582.92
2573.187
2585.859
2593.956
2594.161
2604.004
2620.572
2598.499
2594.999
2622.912
2621.993
2605.441
2590.606
2582.417
2581.803
2580.884
2575.711
2562.78
2544.194
2538.125
2554.677
2569.511
2577.701
2578.315
2579.234
2584.407
2597.338
2615.924
2621.993
2619.045
2611.222
2605.844
2600.391
2595.355
2587.07
2586.86
2576.788
2559.834
2568.119
2568.328
2578.401
2595.355
2589.215
2572.471
2557.464
2549.179
2548.558
2547.628
2542.395
2529.314
2510.512
2504.372
2521.116
2506.973
2515.162
2515.776
2516.695
2521.868
2534.799
2524.369
2530.369
2554.989
2532.713
2524.241
2493.121
2460.736
2460.529
2457.445
2452.024
2451.26
2449.434
2443.009
2475.394
2475.601
2478.684
2484.105
2484.869
2486.695
2493.121
2499.523
2491.238
2491.029
2480.956
2464.003
2472.288
2472.497
2482.57
2499.523
2482.779
2496.804
2488.422
2487.794
2486.853
2481.559
2468.324
2478.458
2472.173
2489.315
2504.68
2513.162
2513.798
2514.75
2520.107
2533.5
2552.75
2559.036
2556.357
2550.851
2557.137
2557.42
2560.613
2569.738
2597.741
2615.035
2615.247
2612.847
2595.906
2580.722
2572.34
2563.957
2563.329
2562.388
2562.176
2556.882
2546.691
2533.456
2516.303
2497.279
2505.662
2499.45
2499.662
2509.853
2526.794
2543.947
2559.131
2567.513
2568.141
2569.082
2574.376
2587.612
2606.635
2612.847
2607.299
2606.875
2602.64
2596.781
2601.016
2606.875
2609.522
2620.816
2631.169
2605.61
2614.715
2631.808
2637.262
2646.898
2651.084
2628.061
2622.577
2617.606
2608.093
2596.378
2589.183
2558.826
2527.343
2550.366
2555.85
2560.821
2570.334
2582.049
2589.244
2619.602
2651.084
2634.34
2619.333
2611.048
2610.427
2609.497
2604.265
2591.183
2572.381
2566.241
2582.985
2597.993
2606.278
2606.898
2607.828
2613.061
2626.142
2614.543
2620.612
2612.422
2612.216
2602.259
2585.5
2593.69
2593.897
2603.853
2620.612
2563.716
2559.578
2543.026
2539.728
2529.614
2524.193
2528.33
2544.882
2548.18
2558.295
2563.716
2559.578
2543.026
2528.191
2520.001
2519.388
2518.468
2513.296
2500.365
2481.779
2475.71
2492.261
2507.096
2515.286
2515.899
2516.819
2521.991
2534.922
2553.509
2559.578
2551.388
2551.181
2570.773
2553.82
2537.076
2530.936
2519.773
2503.029
2488.022
2479.737
2479.116
2478.186
2472.953
2459.872
2441.07
2434.93
2425.913
2420.876
2419.946
2401.948
2399.331
2408.349
2397.186
2402.222
2391.99
2415.035
2415.976
2434.187
2424.975
2407.681
2402.163
2392.413
2388.178
2390.825
2402.119
2412.472
2417.568
2426.779
2444.074
2449.591
2459.341
2463.576
2461.397
2452.379
2441.571
2424.629
2420.55
2381.824
2375.247
2369.806
2323.446
2320.025
2330.963
2348.106
2352.234
2391.421
2398.076
2403.582
2450.494
2481.574
2478.381
2431.469
2454.402
2451.691
2440.125
2429.523
2424.304
2414.87
2397.16
2391.509
2381.524
2377.187
2379.898
2391.464
2402.066
2407.285
2416.718
2434.429
2440.08
2450.065
2454.402
2435.753
2435.11
2453.759
2454.402
2430.547
2424.864
2419.714
2409.857
2397.718
2390.264
2358.809
2326.188
2350.044
2355.726
2360.877
2370.733
2382.872
2390.327
2421.782
2454.402
2437.053
2436.619
2464.456
2493.758
2489.313
2482.795
2479.253
2474.809
2457.031
2453.489
2442.625
2436.802
2441.247
2459.025
2462.566
2473.431
2479.253
2477.352
2473.593
2470.815
2458.963
2448.099
2442.752
2433.085
2414.937
2409.147
2398.915
2394.471
2397.248
2409.1
2419.965
2425.312
2434.978
2453.127
2458.917
2469.148
2473.593
2477.395
2483.543
2485.444
2486.247
2495.821
2498.599
2500.988
2502.111
2501.29
2496.846
2488.049
2486.088
2475.384
2469.562
2474.006
2482.802
2484.764
2495.468
2501.29
2497.488
2491.34
2489.438
2488.636
2479.062
2476.284
2473.895
2472.772
2476.574
2482.722
2484.623
2485.426
2495
2497.778
2500.167
2501.29
2476.846
2475.031
2474.21
2470.407
2464.259
2462.358
2461.556
2451.981
2449.204
2446.815
2445.691
2449.494
2455.642
2457.543
2458.346
2467.92
2470.698
2473.086
2474.21
2470.407
2464.259
2462.358
2461.556
2451.981
2449.204
2446.815
2445.691
2449.494
2455.642
2457.543
2458.346
2467.92
2470.698
2473.086
2474.21
2473.551
2473.258
2473.035
2469.233
2463.085
2461.184
2460.381
2450.807
2448.029
2445.64
2444.517
2448.319
2454.468
2456.369
2457.171
2466.745
2469.523
2471.912
2473.035
2470.258
2458.406
2447.542
2442.194
2432.528
2414.38
2408.59
2398.358
2393.914
2385.117
2361.136
2336.691
2330.869
2325.591
2315.491
2303.052
2295.414
2263.182
2229.756
2240.451
2240.597
2246.307
2251.752
2259.313
2283.295
2292.091
2310.387
2306.585
2300.437
2298.535
2297.733
2288.159
2285.381
2282.992
2281.869
2285.671
2291.819
2293.721
2294.523
2304.097
2306.875
2309.264
2310.387
2297.147
2290.998
2287.196
2281.048
2279.147
2278.344
2268.77
2265.992
2263.603
2262.48
2266.282
2272.431
2274.332
2275.134
2284.708
2287.486
2289.875
2290.998
2256.215
2255.227
2250.782
2233.005
2229.463
2218.599
2212.776
2217.221
2234.998
2238.54
2249.404
2255.227
2251.424
2245.276
2243.375
2242.573
2232.998
2230.221
2227.832
2226.708
2230.511
2236.659
2238.56
2239.363
2248.937
2251.715
2254.103
2255.227
2221.801
2212.759
2210.981
2244.407
2253.449
2255.227
2237.449
2236.713
2232.91
2226.762
2224.861
2224.059
2214.485
2211.707
2209.318
2208.194
2211.997
2218.145
2220.046
2220.849
2230.423
2233.201
2235.59
2236.713
2230.102
2224.935
2222.546
2218.744
2212.596
2210.694
2209.892
2200.318
2197.54
2195.151
2194.028
2197.83
2203.978
2205.88
2206.682
2216.256
2219.034
2221.423
2222.546
2221.744
2218.202
2215.88
2218.074
2222.901
2223.722
2226.889
2202.907
2209.056
2215.957
2218.346
2224.168
2178.085
2174.282
2168.134
2166.233
2165.431
2155.856
2153.079
2150.69
2149.566
2147.372
2142.545
2141.724
2138.557
2132.409
2125.508
2123.119
2117.296
2119.491
2124.318
2125.139
2128.306
2134.454
2141.355
2143.744
2149.566
2114.782
2114.56
2111.248
2105.426
2104.605
2102.644
2095.742
2130.526
2130.748
2134.06
2139.883
2140.704
2142.665
2149.566
2147.372
2142.545
2141.724
2138.557
2132.409
2125.508
2123.119
2117.296
2119.491
2124.318
2125.139
2128.306
2134.454
2141.355
2143.744
2149.566
2146.789
2146.052
2143.858
2139.031
2138.21
2135.043
2128.895
2121.994
2119.605
2113.782
2115.977
2120.804
2121.625
2124.792
2130.94
2137.841
2140.23
2146.052
2136.478
2144.117
2184.756
2202.534
2210.096
2220.799
2222.994
2223.815
2229.259
2231.546
2239.185
2233.475
2242.272
2249.833
2252.156
2247.711
2241.563
2246.008
2252.156
2249.961
2245.134
2244.313
2241.147
2234.998
2228.097
2225.708
2219.886
2222.08
2226.907
2227.728
2230.895
2237.043
2243.944
2246.333
2252.156
2248.397
2247.841
2242.397
2240.77
2235.423
2225.323
2208.952
2208.397
2206.202
2201.375
2200.554
2197.387
2191.239
2184.338
2181.949
2176.127
2178.321
2183.148
2183.969
2187.136
2193.284
2200.185
2202.574
2208.397
2194.554
2192.008
2178.165
2174.998
2168.48
2164.677
2162.483
2157.656
2156.835
2153.668
2147.52
2140.619
2138.23
2132.407
2134.602
2139.429
2140.25
2143.417
2149.565
2156.466
2158.855
2164.677
2159.233
2154.952
2152.758
2147.931
2147.11
2143.943
2137.795
2130.894
2128.505
2122.682
2124.877
2129.704
2130.525
2133.691
2139.84
2146.741
2149.13
2154.952
2150.508
2132.73
2129.188
2118.324
2112.502
2116.946
2134.724
2138.265
2149.13
2154.952
2179.339
2177.117
2172.23
2171.398
2168.192
2161.967
2154.98
2152.561
2146.666
2135.181
2129.767
2123.542
2126.669
2128.891
2129.178
2138.084
2143.866
2164.078
2159.578
2183.016
2178.459
2157.991
2155.541
2153.718
2147.748
2172.639
2142.503
2140.44
2133.583
2154.61
2148.689
2207.809
2209.9
2216.847
2223.893
2229.814
2216.558
2240.898
2240.298
2238.378
2233.198
2222.858
2231.98
2221.5
2220.831
2218.75
2248.604
2210.009
2209.098
2204.166
2190.365
2187.827
2187.096
2166.959
2163.533
2155.519
2144.252
2143.759
2137.273
2132.273
2112.273
2108.288
2096.066
2089.516
2073.943
2061.901
2054.568
2054.238
2050.512
2039.866
1998.879
1978.174
1977.921
1985.357
1985.692
1989.47
2000.266
2069.984
2090.688
2090.942
2118.713
2107.634
2091.616
2091.054
2086.864
2084.177
2071.052
2050.48
2045.527
2027.466
2019.364
2012.661
1955.551
1917.714
1931.029
1951.899
1956.924
2004.63
2012.732
2019.435
2076.545
2114.382
2136.873
2133.101
2125.336
2150.155
2149.08
2146.002
2134.427
2127.963
2126.769
2103.666
2115.241
2121.705
2122.899
2146.002
2143.114
2160.32
2120.763
2103.718
2088.453
2020.375
2008.625
2013.292
2020.837
2023.17
2024.155
2035.905
2014.087
2017.496
2020.428
2021.807
1998.354
2026.363
2046.893
2042.08
2034.299
2031.893
2030.877
2018.76
2015.244
2012.221
2010.799
2015.611
2023.393
2025.799
2026.814
2038.932
2042.447
2045.471
2046.893
2040.354
2030.686
2024.576
2019.764
2011.982
2009.576
2008.561
1996.443
1992.928
1989.904
1988.482
1993.295
2001.076
2003.482
2004.498
2016.615
2020.131
2023.154
2024.576
2019.764
2019.578
2016.355
1972.332
1972.051
1967.859
1960.49
1959.451
1956.969
1948.234
1934.688
1932.205
1934.455
1964.807
1989.838
1996.729
1991.916
1984.135
1981.729
1980.713
1968.596
1965.08
1962.057
1960.635
1965.447
1973.229
1975.635
1976.65
1988.768
1992.283
1995.307
1996.729
2028.137
2023.248
2015.343
2012.899
2011.867
1999.558
1995.986
1992.915
1991.47
1996.359
2004.264
2006.708
2007.74
2020.05
2023.621
2026.692
2028.137
2055.042
2049.236
2041.204
2036.236
2028.204
2025.72
2024.671
2012.163
2008.534
2005.413
2003.946
2008.913
2016.946
2019.429
2020.478
2032.986
2036.615
2039.736
2041.204
2055.188
2062.794
2079.044
2108.593
2115.236
2119.79
2120.637
2126.141
2123.808
2115.427
2110.538
2102.633
2100.188
2099.157
2086.847
2083.276
2080.204
2078.76
2083.649
2091.554
2093.998
2095.03
2107.339
2110.911
2113.982
2115.427
2105.877
2103.554
2072.224
2046.385
2039.272
2041.595
2072.925
2098.764
2105.877
2100.909
2092.877
2090.393
2089.345
2076.837
2073.208
2070.087
2068.619
2073.587
2081.619
2084.103
2085.151
2097.659
2101.288
2104.409
2105.877
2090.393
2150.599
2153.633
2154.359
2140.375
2132.768
2116.518
2086.615
2079.754
2075.051
2074.176
2068.492
2082.705
2090.436
2106.953
2171.553
2178.414
2183.117
2183.992
2189.676
2184.627
2176.463
2173.939
2172.873
2160.16
2156.471
2153.299
2151.807
2156.857
2165.02
2167.545
2168.611
2181.324
2185.012
2188.184
2189.676
2200.373
2181.923
2176.79
2168.49
2165.923
2164.84
2151.915
2148.165
2143.996
2141.033
2137.808
2136.292
2135.908
2124.033
2129.167
2121.458
2094.508
2102.808
2105.375
2109.544
2110.627
2123.552
2126.515
2130.265
2130.648
2133.873
2145.748
2153.456
2154.973
2181.923
2179.523
2147.148
2120.448
2113.098
2115.498
2147.873
2174.573
2181.923
2181.098
2188.806
2189.463
2213.963
2227.671
2241.306
2246.381
2301.244
2318.035
2291.085
2276.635
2268.775
2251.983
2186.306
2179.331
2174.55
2173.66
2167.881
2182.331
2190.192
2206.983
2272.66
2279.635
2284.417
2285.306
2291.085
2286.81
2281.677
2273.377
2270.81
2269.727
2256.802
2253.052
2249.827
2248.31
2247.56
2225.46
2211.01
2203.15
2186.358
2120.681
2113.706
2108.925
2108.035
2137.888
2152.583
2160.576
2177.653
2244.443
2251.536
2256.398
2257.303
2263.18
2260.739
2227.816
2200.663
2193.189
2195.629
2228.553
2255.706
2263.18
2294.226
2292.985
2329.912
2314.702
2306.428
2288.752
2219.618
2212.276
2207.243
2206.307
2200.224
2215.434
2223.708
2241.384
2310.518
2317.86
2322.893
2323.829
2329.912
2327.386
2293.307
2265.202
2257.465
2259.991
2294.07
2322.175
2329.912
2325.206
2325.996
2333.732
2347.469
2362.908
2366.526
2382.645
2367.434
2359.16
2341.485
2272.351
2265.009
2259.976
2259.039
2252.956
2265.547
2263.922
2251.199
2223.558
2220.987
2220.344
2252.839
2205.37
2169.37
2205.961
2203.294
2167.322
2137.655
2129.488
2093.516
2094.505
2121.727
2157.699
2171.262
2187.697
2194.363
2199.113
2209.465
2227.243
2240.806
2259.463
2223.714
2251.857
2278.039
2278.857
2284.073
2286.691
2266.564
2238.42
2211.911
2207.034
2200.73
2199.548
2227.691
2254.2
2259.077
2265.382
2266.564
2256.4
2294.366
2310.146
2309.698
2300.972
2300.229
2272.493
2256.974
2241.538
2235.792
2173.684
2154.675
2163.401
2164.144
2191.88
2207.399
2222.835
2228.58
2290.689
2309.698
2349.788
2348.404
2338.25
2323.192
2348.99
2386.01
2385.773
2430.253
2422.324
2369.664
2352.62
2333.479
2303.479
2296.255
2227.677
2216.031
2206.396
2169.497
2113.949
2133.497
2164.136
2171.513
2241.551
2253.444
2263.285
2347.128
2352.62
2332.62
2317.362
2296.372
2290.263
2258.016
2275.42
2274.463
2268.359
2265.295
2285.721
2301.303
2322.739
2328.979
2361.912
2392.551
2393.508
2399.612
2402.676
2389.511
2372.851
2317.303
2306.069
2305.564
2299.856
2283.548
2178.229
2146.952
2146.569
2157.803
2158.309
2164.016
2180.324
2238.026
2268.651
2269.026
2275.443
2285.818
2289.026
2290.38
2306.536
2311.224
2315.255
2317.151
2313.12
2306.703
2296.328
2293.12
2291.766
2275.609
2270.922
2266.891
2264.995
2271.411
2281.786
2284.995
2286.349
2302.505
2307.193
2311.224
2313.12
2329.402
2328.266
2361.199
2362.335
2345.676
2339.122
2328.527
2325.25
2323.867
2307.367
2302.58
2298.463
2296.527
2303.08
2313.676
2316.952
2318.335
2334.835
2339.622
2343.739
2345.676
2339.122
2328.527
2325.25
2323.867
2307.367
2302.58
2298.463
2296.527
2303.08
2313.676
2316.952
2318.335
2334.835
2339.622
2343.739
2345.676
2321.819
2314.16
2299
2295.62
2277.173
2267.138
2261.816
2258.035
2257.545
2242.386
2232.545
2198.141
2203.463
2207.245
2207.734
2222.894
2232.734
2267.138
2260.585
2249.989
2246.713
2245.33
2228.83
2224.043
2219.926
2217.989
2224.543
2235.138
2238.415
2239.798
2256.298
2261.085
2265.202
2267.138
2243.282
2233.441
2232.604
2201.327
2183.827
2166.42
2159.941
2089.904
2068.468
2078.309
2079.146
2110.423
2127.923
2145.33
2151.809
2221.846
2243.282
2236.729
2226.133
2222.856
2221.473
2204.973
2200.186
2196.069
2194.133
2200.686
2211.282
2214.559
2215.941
2232.441
2237.229
2241.346
2243.282
2290.636
2292.614
2400.223
2401.201
2402.766
2436.416
2429.72
2418.894
2415.546
2414.133
2397.274
2392.383
2388.177
2386.198
2392.894
2403.72
2407.068
2408.481
2425.34
2430.231
2434.438
2436.416
2419.557
2410.141
2461.922
2427.525
2466.503
2459.503
2448.185
2444.685
2443.207
2425.582
2420.469
2416.071
2414.003
2421.003
2432.321
2435.821
2437.298
2454.923
2460.037
2464.435
2466.503
2364.386
2360.776
2348.776
2336.605
2326.378
2374.528
2378.058
2389.792
2401.692
2411.692
2458.622
2451.622
2440.304
2436.804
2435.327
2417.702
2412.588
2408.19
2406.122
2413.122
2424.44
2427.94
2429.418
2447.043
2452.156
2456.554
2458.622
2436.804
2420.159
2397.261
2390.597
2355.418
2322.69
2321.668
2315.148
2311.875
2333.693
2350.338
2373.236
2379.901
2415.08
2447.807
2448.83
2455.349
2458.622
2451.622
2440.304
2436.804
2435.327
2417.702
2412.588
2408.19
2406.122
2413.122
2424.44
2427.94
2429.418
2447.043
2452.156
2456.554
2458.622
2511.424
2504.262
2492.68
2489.099
2487.587
2469.552
2464.32
2459.82
2457.703
2450.541
2450.006
2451.68
2512.395
2515.459
2527.913
2513.669
2505.297
2499.331
2548.339
2568.964
2574.321
2591.286
2608.25
2608.679
2610.583
2572.198
2592.343
2566.563
2567.102
2577.761
2581.034
2600.739
2586.818
2553.682
2537.489
2537.08
2517.392
2542.029
2558.599
2559.017
2579.163
2613.07
2592.924
2587.692
2571.122
2569.262
2546.936
2546.384
2535.477
2532.128
2571.774
2592.399
2597.756
2553.913
2555.773
2578.099
2578.651
2589.558
2592.907
2613.07
2602.314
2601.398
2567.212
2548.084
2529.058
2521.977
2503.649
2479.661
2462.696
2462.268
2441.643
2406.929
2423.893
2424.321
2444.946
2479.661
2456.804
2439.366
2415.378
2408.396
2371.542
2337.256
2336.185
2329.354
2325.926
2348.783
2366.22
2390.208
2397.19
2434.045
2468.33
2469.402
2476.232
2479.661
2462.696
2462.268
2441.643
2406.929
2423.893
2424.321
2388.087
2421.994
2401.849
2396.616
2380.047
2378.186
2355.86
2355.308
2400.22
2396.792
2434.104
2455.232
2460.72
2478.098
2421
2443.857
2444.423
2455.589
2459.018
2479.661
2472.411
2511.567
2494.189
2556.094
2534.438
2497.988
2454.439
2454.878
2476.006
2511.567
2490.439
2484.951
2467.573
2465.622
2442.207
2441.628
2430.189
2426.677
2465.669
2487.325
2492.95
2510.763
2512.763
2536.763
2537.356
2549.081
2552.681
2574.356
2556.544
2556.094
2534.438
2562.038
2580.308
2580.769
2602.981
2640.365
2632.846
2631.692
2620.385
2600.308
2577.744
2572.455
2548.897
2550.051
2561.359
2581.436
2604
2609.288
2632.846
2630.795
2612.526
2612.064
2658.007
2619.638
2596.842
2590.921
2572.171
2570.066
2544.803
2544.178
2531.836
2528.046
2505.23
2528.026
2533.947
2552.697
2554.803
2513.91
2514.519
2526.545
2530.237
2552.468
2577.083
2553.081
2563.544
2567.394
2574.566
2611.016
2616.116
2627.366
2611.576
2594.198
2573.07
2567.582
2550.204
2548.253
2524.838
2524.259
2575.641
2572.041
2550.366
2572.022
2577.647
2595.459
2597.459
2557.521
2558.101
2569.54
2573.052
2594.198
2570.784
2552.921
2528.348
2521.195
2483.442
2448.32
2447.223
2440.226
2497.631
2521.631
2539.941
2565.128
2572.459
2547.47
2582.591
2583.689
2590.686
2594.198
2598.073
2607.61
2616.39
2624.848
2643.945
2712.665
2717.64
2731.274
2696.973
2686.661
2680.705
2676.473
2675.926
2658.961
2647.949
2609.449
2615.405
2619.637
2620.185
2637.149
2648.161
2686.661
2692.018
2651.738
2672.203
2621.315
2639.111
2672.52
2683.179
2702.014
2710.196
2728.154
2708.009
2702.776
2686.206
2684.346
2725.402
2724.836
2713.67
2710.241
2689.598
2710.223
2715.58
2732.545
2734.449
2693.183
2693.735
2704.642
2707.991
2728.154
2706.788
2673.299
2665.235
2588.683
2575.683
2564.927
2473.285
2412.57
2349.605
2332.573
2329.224
2392.189
2409.221
2412.57
2431.596
2448.628
2509.343
2489.063
2469.375
2464.261
2448.068
2446.25
2424.432
2423.892
2469.355
2466.006
2504.077
2524.702
2530.06
2547.024
2548.929
2571.786
2572.351
2583.518
2586.946
2607.589
2602.232
2579.375
2558.423
2610.259
2591.162
2555.308
2543.869
2586.747
2577.747
2583.372
2543.777
2504.164
2514.476
2533.119
2568.119
2579.286
2599.018
2607.589
2605.875
2543.714
2540.577
2527.827
2529.542
2591.702
2594.839
2607.589
2586.964
2581.607
2564.643
2562.738
2539.881
2539.315
2528.149
2524.72
2504.077
2465.988
2471.221
2487.791
2489.651
2454.886
2455.426
2466.085
2469.358
2489.063
2493.102
2501.989
2503.5
2509.33
2520.648
2533.352
2537.75
2548.469
2526.651
2510.006
2487.108
2480.443
2445.264
2412.537
2467.596
2460.924
2457.576
2479.901
2496.933
2520.363
2527.183
2563.18
2596.669
2597.715
2604.387
2607.735
2602.503
2580.177
2559.712
2549.64
2531.43
2556.702
2545.536
2525.804
2517.232
2522.589
2545.446
2566.399
2576.711
2595.354
2630.354
2641.521
2661.253
2669.824
2665.592
2656.283
2654.699
2648.592
2636.735
2623.426
2618.818
2607.589
2611.821
2621.131
2622.714
2628.821
2640.679
2653.988
2658.595
2669.824
2657.253
2656.688
2650.301
2632.051
2514.193
2479.193
2478.765
2491.336
2491.902
2498.289
2516.539
2573.131
2607.317
2607.735
2587.59
2582.358
2565.788
2563.927
2541.602
2541.049
2530.142
2526.794
2506.631
2502.497
2493.404
2491.858
2485.892
2474.311
2461.311
2456.811
2445.843
2449.977
2459.07
2460.616
2466.581
2478.163
2491.163
2495.663
2506.631
2502.497
2493.404
2491.858
2485.892
2474.311
2461.311
2456.811
2445.843
2449.977
2459.07
2460.616
2466.581
2478.163
2491.163
2495.663
2506.631
2502.497
2493.404
2491.858
2485.892
2474.311
2461.311
2456.811
2445.843
2449.977
2459.07
2460.616
2466.581
2478.163
2491.163
2495.663
2491.968
2502.936
2493.843
2485.471
2477.407
2459.198
2393.674
2388.93
2375.93
2345.916
2349.61
2358.703
2367.076
2375.14
2393.349
2458.872
2463.616
2476.616
2506.631
2502.497
2493.404
2491.858
2485.892
2474.311
2461.311
2456.811
2445.843
2449.977
2459.07
2460.616
2466.581
2478.163
2491.163
2495.663
2506.631
2502.497
2493.404
2491.858
2485.892
2474.311
2461.311
2456.811
2445.843
2449.977
2459.07
2460.616
2466.581
2478.163
2491.163
2495.663
2506.631
2501.398
2479.073
2458.608
2448.535
2430.326
2396.14
2385.233
2365.959
2357.587
2362.82
2385.145
2350.938
2360.781
2378.577
2411.986
2422.645
2441.48
2449.662
2445.622
2436.736
2435.224
2429.395
2418.077
2405.372
2400.974
2390.256
2394.295
2403.182
2404.693
2410.523
2421.841
2434.545
2438.943
2449.662
2445.622
2436.736
2435.224
2429.395
2418.077
2405.372
2400.974
2390.256
2368.438
2331.688
2322.176
2318.676
2312.156
2279.02
2274.384
2316.811
2324.83
2293.09
2330.695
2340.427
2344.009
2350.68
2384.587
2389.331
2399.797
2390.256
2385.142
2363.324
2343.324
2333.48
2315.685
2282.276
2324.445
2305.172
2296.799
2277.773
2260.741
2200.026
2162.422
2181.448
2198.48
2259.195
2244.599
2277.327
2306.659
2322.852
2324.065
2325.884
2336.111
2361.679
2345.131
2356.864
2335.531
2319.256
2296.867
2342.403
2360.881
2382.807
2381.735
2374.905
2371.476
2394.333
2411.771
2435.759
2442.741
2479.595
2513.881
2514.952
2521.783
2525.211
2532.545
2544.402
2548.068
2549.616
2568.08
2573.438
2578.045
2580.211
2572.878
2561.021
2557.354
2555.807
2537.342
2531.985
2527.378
2525.211
2532.545
2544.402
2548.068
2549.616
2568.08
2573.438
2578.045
2580.211
2545.926
2515.196
2498.232
2496.961
2495.057
2484.342
2457.557
2478.058
2465.18
2500.302
2531.78
2549.159
2489.735
2491.64
2502.354
2529.14
2507.927
2520.206
2513.044
2501.462
2497.881
2496.369
2478.334
2473.102
2468.602
2466.485
2473.648
2485.23
2488.811
2490.323
2508.358
2513.59
2518.09
2520.206
2518.09
2402.974
2401.927
2400.253
2364.256
2366.372
2481.488
2482.535
2484.209
2520.206
2486.718
2456.703
2440.134
2438.892
2437.032
2426.567
2457.557
2419.057
2465.18
2500.302
2531.78
2549.159
2550.46
2552.412
2563.387
2590.826
2567.64
2580.211
2572.878
2561.021
2557.354
2555.807
2537.342
2531.985
2527.378
2525.211
2532.545
2544.402
2548.068
2549.616
2568.08
2573.438
2578.045
2580.211
2572.878
2561.021
2557.354
2555.807
2537.342
2531.985
2527.378
2525.211
2532.545
2544.402
2548.068
2549.616
2568.08
2573.438
2578.045
2580.211
2545.926
2515.196
2498.232
2496.961
2495.057
2484.342
2457.557
2478.058
2465.18
2500.302
2531.78
2549.159
2489.735
2491.64
2502.354
2529.14
2507.927
2520.206
2516.512
2507.419
2499.047
2490.983
2472.773
2407.25
2402.506
2389.506
2359.491
2363.186
2372.279
2380.651
2388.715
2406.924
2416.256
2420.892
2433.597
2462.929
2455.929
2444.611
2441.111
2439.634
2422.009
2416.895
2412.497
2410.429
2417.429
2428.747
2432.247
2433.724
2451.349
2456.463
2460.861
2462.929
2457.244
2453.205
2452.682
2436.489
2425.977
2389.227
2394.912
2398.952
2399.474
2415.668
2426.179
2462.929
2455.929
2444.611
2441.111
2439.634
2422.009
2416.895
2412.497
2410.429
2417.429
2428.747
2432.247
2433.724
2451.349
2456.463
2460.861
2462.929
2430.202
2400.869
2384.676
2383.463
2381.645
2426.567
2457.557
2419.057
2406.485
2440.771
2414.023
2430.593
2431.834
2378.384
2388.611
2414.179
2396.464
2408.197
2401.353
2390.286
2386.864
2385.419
2368.186
2363.186
2358.886
2356.864
2363.708
2374.775
2378.197
2379.642
2396.875
2401.875
2406.175
2408.197
2376.197
2347.517
2384.676
2383.463
2381.645
2371.418
2400.404
2419.057
2406.485
2440.771
2471.5
2488.464
2489.735
2491.64
2502.354
2529.14
2567.64
2580.211
2572.878
2561.021
2557.354
2555.807
2537.342
2531.985
2527.378
2525.211
2532.545
2544.402
2548.068
2549.616
2568.08
2573.438
2578.045
2580.211
2572.878
2561.021
2557.354
2555.807
2537.342
2531.985
2527.378
2525.211
2532.545
2544.402
2548.068
2549.616
2568.08
2573.438
2578.045
2580.211
2545.926
2515.196
2498.232
2496.961
2495.057
2484.342
2457.557
2419.057
2406.485
2440.771
2471.5
2488.464
2489.735
2491.64
2502.354
2470.323
2450.929
2462.929
2455.929
2444.611
2441.111
2439.634
2422.009
2416.895
2412.497
2410.429
2388.611
2371.966
2349.068
2342.403
2307.224
2274.497
2273.474
2266.955
2263.682
2285.5
2302.145
2325.043
2331.707
2314.289
2346.289
2347.289
2353.664
2356.864
2324.864
2296.183
2280.35
2279.164
2277.386
2267.386
2293.349
2309.078
2296.799
2330.288
2360.302
2376.872
2378.113
2379.974
2390.439
2416.602
2398.429
2410.429
2408.793
2349.457
2346.463
2388.578
2390.253
2450.968
2454.032
2410.429
2361.994
2358.299
2346.02
2333.567
2323.102
2372.42
2376.031
2388.031
2346.864
2356.864
2324.864
2296.183
2280.35
2279.164
2277.386
2318.918
2293.349
2256.599
2244.599
2277.773
2260.741
2252.408
2267.905
2287.86
2305.723
2369.399
2408.838
2407.537
2371.683
2324.305
2306.442
2284.796
2276.015
2269.759
2256.125
2257.427
2293.28
2340.659
2358.521
2380.168
2388.948
2395.204
2408.838
2407.741
2396.985
2377.887
2356.424
2351.393
2387.209
2388.334
2399.359
2418.934
2440.934
2446.091
2469.059
2505.059
2481.059
2503.215
2492.484
2488.535
2481.179
2443.795
2438.564
2427.026
2376.256
2400.872
2442.333
2453.064
2457.013
2464.369
2501.753
2506.984
2518.522
2505.059
2501.088
2491.313
2482.313
2473.644
2454.069
2383.631
2378.531
2364.556
2332.291
2336.263
2346.038
2355.038
2363.706
2383.281
2453.719
2458.819
2472.794
2505.059
2481.059
2462.75
2437.563
2430.231
2391.534
2355.534
2414.779
2407.423
2403.731
2428.346
2447.125
2472.958
2480.478
2520.167
2557.09
2558.244
2565.599
2569.292
2532.369
2569.292
2529.603
2528.234
2550.465
2562.558
2588.391
2689.433
2700.163
2707.519
2708.888
2717.779
2696.801
2678.022
2611.08
2569.619
2590.596
2609.375
2676.317
2649.834
2628.159
2616.369
2591.181
2492.666
2482.203
2475.031
2473.697
2465.028
2486.703
2498.494
2523.681
2622.197
2632.659
2639.831
2641.166
2585.204
2550.082
2585.204
2581.329
2571.793
2563.012
2554.555
2535.457
2466.738
2461.762
2448.128
2416.649
2420.524
2430.061
2438.841
2447.299
2466.396
2474.756
2479.613
2492.923
2523.652
2511.08
2510.515
2504.128
2485.878
2425.777
2449.672
2512.022
2525.561
2526.17
2533.048
2552.702
2612.634
2649.384
2649.834
2628.159
2616.369
2591.181
2492.666
2482.203
2475.031
2473.697
2528.234
2550.465
2562.558
2588.391
2689.433
2700.163
2639.831
2641.166
2649.834
2625.834
2607.525
2582.338
2575.006
2536.309
2500.309
2499.184
2492.013
2488.413
2449.716
2413.266
2406.559
2397.891
2396.266
2434.963
2471.413
2478.119
2486.788
2488.413
2482.159
2477.716
2477.141
2459.328
2447.766
2407.341
2413.594
2418.038
2418.613
2436.425
2447.988
2488.413
2466.738
2454.947
2429.759
2331.244
2320.781
2313.609
2312.275
2362.673
2384.904
2396.997
2422.83
2460.775
2471.238
2478.409
2479.744
2427.72
2433.976
2471.729
2478.726
2488.262
2499.238
2535.091
2499.97
2535.091
2513.945
2502.442
2539.816
2441.3
2430.838
2423.666
2484.442
2475.551
2497.782
2509.875
2535.708
2636.75
2647.481
2654.837
2656.205
2665.096
2663.25
2596.308
2592.929
2579.199
2581.045
2647.987
2651.365
2665.096
2640.481
2599.019
2588.288
2584.34
2644.799
2606.431
2601.063
2589.22
2537.115
2562.378
2538.138
2548.869
2552.817
2560.173
2597.558
2602.788
2614.327
2598.469
2616.281
2616.731
2638.388
2674.838
2653.163
2641.372
2616.184
2517.669
2507.206
2500.034
2498.7
2490.031
2472.219
2471.769
2450.113
2413.663
2431.475
2431.925
2453.581
2490.031
2472.219
2471.769
2450.113
2413.663
2431.475
2431.925
2453.581
2490.031
2454.031
2490.031
2492.031
2516.031
2523.644
2542.806
2549.513
2582.663
2610.788
2590.334
2572.025
2506.756
2466.331
2486.784
2505.094
2507.671
2486.464
2469.5
2469.071
2448.446
2413.732
2430.696
2431.125
2451.75
2428.64
2424.945
2415.852
2407.48
2399.416
2381.206
2315.683
2365.961
2410.034
2378.555
2382.43
2391.966
2400.747
2409.204
2428.302
2497.021
2501.997
2515.631
2486.464
2493.798
2505.655
2509.321
2510.869
2529.333
2534.69
2539.298
2541.464
2534.131
2522.274
2518.607
2517.06
2498.595
2493.238
2488.631
2486.464
2493.798
2505.655
2509.321
2510.869
2529.333
2534.69
2539.298
2541.464
2524.5
2524.071
2503.446
2468.732
2485.696
2486.125
2448.453
2482.36
2475.198
2463.616
2460.035
2458.523
2440.488
2493.238
2488.631
2486.464
2493.798
2505.655
2509.321
2510.869
2529.333
2534.69
2539.298
2541.464
2524.5
2524.071
2503.446
2528.945
2546.323
2546.762
2567.89
2603.451
2595.939
2583.793
2580.037
2578.451
2559.537
2554.049
2549.329
2547.11
2554.622
2566.768
2570.524
2572.11
2591.024
2596.512
2601.232
2603.451
2595.939
2583.793
2580.037
2578.451
2559.537
2554.049
2549.329
2547.11
2554.622
2566.768
2570.524
2572.11
2591.024
2534.69
2539.298
2541.464
2507.179
2541.464
2541.893
2543.476
2526.512
2526.083
2505.458
2470.744
2463.411
2451.554
2447.887
2446.339
2427.875
2481.604
2476.884
2474.665
2482.177
2494.323
2498.079
2499.665
2518.579
2524.067
2528.787
2470.744
2463.411
2451.554
2447.887
2446.339
2427.875
2422.518
2417.911
2474.665
2482.177
2494.323
2498.079
2499.665
2518.579
2524.067
2528.787
2531.006
2538.433
2530.921
2518.774
2515.018
2513.433
2494.518
2489.03
2484.311
2482.091
2489.604
2501.75
2505.506
2507.091
2526.006
2531.494
2536.213
2538.433
2536.213
2415.482
2414.384
2412.628
2374.875
2377.095
2497.826
2498.924
2500.68
2538.433
2530.921
2518.774
2515.018
2513.433
2494.518
2489.03
2484.311
2482.091
2489.604
2501.75
2505.506
2507.091
2526.006
2531.494
2536.213
2538.433
2530.921
2518.774
2515.018
2513.433
2494.518
2489.03
2484.311
2482.091
2489.604
2501.75
2505.506
2507.091
2526.006
2531.494
2536.213
2538.433
2530.921
2518.774
2515.018
2513.433
2494.518
2489.03
2484.311
2482.091
2481.652
2480.03
2480.47
2482.091
2446.97
2445.872
2435.116
2416.018
2394.555
2389.524
2367.116
2363.241
2353.704
2344.924
2336.466
2317.369
2248.649
2243.674
2230.04
2253.525
2257.497
2267.272
2276.272
2284.941
2304.516
2374.953
2380.053
2394.028
2367.116
2343.701
2361.869
2351.406
2347.556
2340.384
2303.934
2298.834
2287.584
2295.471
2320.087
2302.509
2312.972
2316.822
2323.994
2360.444
2365.544
2376.794
2367.116
2347.162
2329.299
2322.263
2340.346
2333.933
2329.375
2328.785
2310.516
2298.657
2257.196
2263.609
2268.167
2268.756
2287.026
2298.885
2281.838
2281.388
2279.725
2280.175
2281.838
2287.463
2311.463
2333.463
2344.291
2363.866
2400.616
2412.341
2433.059
2442.059
2440.259
2374.991
2371.697
2358.309
2360.109
2366.223
2369.436
2382.497
2401.595
2467.631
2515.857
2521.214
2522.152
2527.009
2541.592
2552.604
2546.497
2509.643
2502.813
2493.503
2482.789
2447.789
2453.896
2490.75
2497.58
2506.89
2517.604
2517.176
2515.592
2550.592
2551.021
2552.604
2547.247
2524.39
2503.438
2493.125
2474.482
2439.482
2428.315
2408.583
2400.012
2405.369
2428.226
2392.221
2402.294
2420.503
2454.689
2465.596
2428.395
2436.577
2422.514
2402.299
2425.211
2410.628
2389.985
2385.753
2383.848
2360.991
2411.149
2452.266
2445.559
2412.409
2384.284
2386.284
2410.284
2417.897
2437.059
2443.766
2416.503
2443.942
2454.369
2563.957
2454.369
2450.494
2437.616
2424.555
2473.919
2468.294
2444.294
2422.294
2411.466
2391.891
2415.529
2403.503
2382.253
2373.022
2378.792
2403.407
2425.971
2437.077
2457.154
2494.846
2506.872
2528.122
2537.353
2533.279
2523.253
2514.022
2505.131
2485.054
2412.811
2407.58
2393.247
2422.263
2426.444
2436.734
2446.207
2392.375
2412.452
2484.696
2489.926
2504.26
2473.919
2473.469
2471.806
2472.256
2473.919
2460.719
2460.125
2453.419
2434.256
2310.506
2273.756
2273.306
2286.506
2287.1
2293.806
2312.969
2436.719
2473.469
2473.919
2468.294
2444.294
2422.294
2411.466
2391.891
2355.141
2343.416
2322.697
2373.022
2378.792
2403.407
2425.971
2437.077
2457.154
2494.846
2506.872
2528.122
2537.353
2536.891
2535.186
2535.647
2537.353
2532.875
2513.602
2509.813
2514.881
2533.66
2537.353
2512.737
2471.276
2460.545
2456.596
2513.694
2475.326
2469.957
2458.115
2406.01
2431.273
2473.826
2484.839
2488.891
2496.441
2534.809
2540.178
2552.02
2537.353
2517.276
2447.853
2394.03
2388.109
2408.714
2479.964
2531.583
2537.353
2531.583
2506.968
2484.404
2473.298
2453.221
2415.529
2403.503
2382.253
2373.022
2392.676
2433.753
2434.907
2436.436
2486.244
2499.974
2507.33
2506.869
2505.163
2505.625
2507.33
2503.256
2493.231
2484
2475.109
2455.032
2382.788
2377.558
2363.224
2330.131
2329.122
2323.891
2308.186
2356.757
2357.793
2363.161
2379.28
2391.451
2389.701
2378.095
2437.361
2420.639
2401.382
2384.828
2379.743
2372.983
2368.179
2367.557
2413.531
2400.684
2355.767
2362.715
2367.653
2368.292
2388.083
2400.931
2379.743
2278.858
2273.774
2272.557
2272.071
2333.337
2333.837
2335.684
2344.24
2358.073
2362.351
2364.156
2385.698
2391.948
2397.323
2399.851
2466.361
2391.768
2388.004
2372.704
2363.904
2349.675
2345.275
2343.418
2321.261
2314.832
2309.304
2306.704
2315.504
2329.732
2334.132
2335.989
2358.146
2364.575
2370.104
2372.704
2363.904
2349.675
2345.275
2343.418
2321.261
2314.832
2309.304
2306.704
2315.504
2329.732
2334.132
2335.989
2358.146
2364.575
2370.104
2372.704
2377.782
2388.954
2390.854
2398.182
2412.411
2428.382
2433.911
2447.386
2445.1
2417.671
2408.971
2387.071
2449.39
2410.39
2377.301
2379.654
2407.89
2416.846
2439.39
2447.279
2486.279
2519.368
2510.309
2495.662
2491.132
2489.221
2466.412
2459.794
2454.103
2451.426
2460.485
2475.132
2479.662
2481.574
2504.382
2511
2516.691
2519.368
2514.14
2502.64
2500.684
2493.14
2478.493
2462.051
2456.36
2442.489
2447.717
2459.217
2461.173
2468.717
2483.364
2499.805
2433.911
2447.386
2442.307
2431.136
2429.236
2421.907
2407.679
2391.707
2386.179
2442.489
2447.717
2459.217
2461.173
2468.717
2483.364
2499.805
2505.496
2519.368
2510.309
2495.662
2491.132
2489.221
2466.412
2459.794
2454.103
2451.426
2460.485
2475.132
2479.662
2481.574
2504.382
2511
2516.691
2519.368
2496.338
2416.706
2284.555
2277.938
2300.967
2380.599
2512.75
2519.368
2514.14
2502.64
2500.684
2493.14
2478.493
2462.051
2456.36
2442.489
2447.717
2459.217
2461.173
2468.717
2483.364
2499.805
2505.496
2519.368
2510.309
2495.662
2491.132
2489.221
2466.412
2459.794
2454.103
2451.426
2460.485
2475.132
2474.603
2479.132
2477.176
2479.088
2501.897
2508.515
2509.044
2514.735
2516.691
2519.368
2514.14
2502.64
2500.684
2493.14
2478.493
2462.051
2456.36
2442.489
2447.717
2459.217
2461.173
2398.182
2412.411
2428.382
2433.911
2447.386
2438.586
2424.357
2419.957
2418.1
2395.943
2389.514
2383.986
2381.386
2390.186
2404.414
2408.814
2410.671
2432.829
2439.257
2444.786
2447.386
2442.307
2431.136
2500.684
2493.14
2478.493
2462.051
2456.36
2442.489
2447.717
2459.217
2461.173
2468.717
2483.364
2499.805
2505.496
2519.368
2517.798
2474.563
2417.43
2395.89
2369.787
2359.199
2351.654
2335.213
2336.783
2380.018
2437.151
2458.691
2484.794
2495.382
2502.926
2519.368
2510.309
2495.662
2491.132
2489.221
2466.412
2459.794
2454.103
2451.426
2460.485
2475.132
2479.662
2481.574
2504.382
2511
2516.691
2519.368
2514.14
2502.64
2500.684
2493.14
2478.493
2462.051
2456.36
2442.489
2447.717
2459.217
2461.173
2468.717
2483.364
2499.805
2505.496
2519.368
2514.14
2502.64
2500.684
2493.14
2478.493
2462.051
2456.36
2442.489
2447.717
2459.217
2461.173
2468.717
2483.364
2475.82
2492.261
2446.735
2452.426
2466.298
2457.86
2446.36
2433.125
2462.311
2470.083
2516.989
2525.682
2537.53
2551.167
2595.712
2586.379
2571.288
2566.621
2564.652
2541.152
2534.333
2528.47
2525.712
2535.045
2550.136
2554.803
2481.574
2504.382
2511
2516.691
2519.368
2514.14
2502.64
2500.684
2493.14
2478.493
2462.051
2456.36
2442.489
2433.43
2418.783
2414.254
2412.342
2389.533
2382.915
2377.224
2446.504
2455.837
2470.928
2475.595
2477.564
2501.064
2507.883
2513.746
2516.504
2507.17
2492.08
2487.413
2485.443
2461.943
2455.125
2449.261
2446.504
2417.413
2368.413
2355.731
2351.064
2415.57
2370.008
2363.633
2425.363
2361.492
2317.695
2296.462
2309.144
2313.811
2322.504
2366.686
2372.867
2386.504
2446.504
2468.095
2468.64
2468.095
2494.345
2538.527
2536.511
2513.284
2464.739
2463.375
2461.568
2477.789
2461.055
2531.19
2555.915
2526.105
2527.512
2529.375
2590.078
2527.818
2536.511
2514.92
2514.375
2488.125
2443.943
2465.534
2466.08
2492.33
2461.908
2459.232
2313.643
2312.32
2310.202
2264.676
2252.103
2119.952
2132.526
2264.676
2243.721
2243.191
2217.713
2240.735
2262.326
2262.871
2289.121
2333.303
2376.939
2416.049
2437.64
2439.258
2441.682
2455.318
2489.409
2463.75
2479.279
2478.121
2472.121
2454.107
2440.504
2441.662
2447.662
2465.676
2479.279
2458.324
2457.794
2432.316
2389.434
2410.39
2410.919
2436.397
2479.279
2551.985
2546.121
2529.894
2518.045
2436
2434.5
2425.807
2453.242
2450.992
2405.992
2365.66
2343.395
2341.727
2339.227
2325.164
2290.008
2311.718
2294.685
2341.137
2308.309
2330.574
2332.242
2263.992
2277.629
2311.72
2291.287
2306.816
2285.86
2285.331
2259.853
2216.971
2237.926
2238.456
2263.934
2306.816
2283.787
2204.154
2072.004
2065.386
2088.415
2168.048
2234.479
2240.907
2199.764
2162.889
2142.532
2203.978
2201.625
2188.39
2220.614
2239.477
2222.977
2267.977
2308.309
2330.574
2332.242
2334.742
2348.805
2383.961
2360.72
2376.72
2355.129
2354.583
2328.333
2284.152
2305.742
2306.288
2332.538
2376.72
2333.083
2293.973
2272.383
2270.765
2268.341
2254.705
2220.614
2239.477
2222.977
2267.977
2238.36
2259.951
2261.568
2263.992
2277.629
2311.72
2291.287
2306.816
2285.86
2285.331
2259.853
2216.971
2208.015
2216.971
2174.618
2136.658
2115.702
2178.197
2175.773
2162.136
2128.045
2144.016
2127.516
2172.516
2212.848
2167.383
2169
2171.424
2185.061
2219.152
2201.441
2216.971
2230.574
2231.732
2274.967
2299.158
2323.221
2332.176
2359.593
2388.379
2347.236
2310.361
2290.004
2288.479
2286.193
2273.336
2307.11
2259.551
2312.023
2355.659
2394.769
2416.36
2417.977
2420.402
2434.038
2468.129
2443.096
2458.625
2433.147
2432.798
2419.195
2406.224
2388.21
2401.716
2454.504
2408.191
2400.375
2394.82
2394.102
2371.836
2433.427
2381.266
2389.335
2395.069
2395.81
2343.207
2357.66
2335.216
2291.58
2252.47
2230.879
2229.261
2226.837
2282.363
2247.207
2196.676
2180.176
2225.176
2265.508
2287.773
2289.441
2291.941
2306.004
2341.16
2319.216
2335.216
2319.216
2318.496
2310.367
2287.14
2137.14
2092.595
2092.049
2089.625
2060.534
2051.307
2028.08
2083.074
2041.637
2006.48
2008.98
2038.98
2048.496
2072.449
2080.832
2122.27
2157.426
2112.426
2072.094
2049.828
2048.16
2045.66
2031.598
1996.441
2008.681
1991.649
2038.101
2079.734
2102.718
2104.44
2107.02
2121.536
2157.827
2140.926
2157.426
2112.426
2072.094
2049.828
2048.16
2045.66
2097.133
2060.843
2008.681
1991.649
1966.923
1915.246
1913.794
1975.6
1910.85
1958.276
1948.384
1915.28
1925.933
1910.987
1905.487
1895.241
1843.17
1903.88
1887.213
1813.88
1849.435
1909.324
1924.824
1930.528
1941.153
1995.153
2002.708
2019.375
2017.969
1990.004
1963.431
1797.019
1788.685
1817.685
1917.963
2084.375
2092.708
2098.412
2101.782
2115.116
2134.671
2145.296
2143.838
2136.282
2113.597
2096.468
2097.926
2105.481
2128.167
2145.296
2128.167
2126.708
2072.264
2041.801
2011.5
2000.222
1878.306
1911.798
1929.587
1931.101
1987.639
2019.274
2050.74
2062.452
2189.058
2227.808
2168.274
2112.197
2101.88
2088.543
2086.043
2145.577
2201.654
2211.971
2225.308
2227.808
2239.654
2258.808
2264.731
2267.231
2297.058
2305.712
2313.154
2316.654
2306.788
2247.255
2236.221
2221.183
2203.875
2147.337
2157.202
2134.634
2145.259
2159.741
2176.407
2230.852
2219.444
2201
2195.296
2192.889
2164.167
2155.833
2148.667
2145.296
2156.704
2175.148
2180.852
2183.259
2211.981
2220.315
2227.481
2230.852
2219.444
2201
2195.296
2192.889
2164.167
2155.833
2148.667
2145.296
2156.704
2175.148
2180.852
2183.259
2211.981
2220.315
2227.481
2230.852
2219.444
2201
2195.296
2192.889
2164.167
2155.833
2148.667
2145.296
2156.704
2175.148
2180.852
2183.259
2211.981
2220.315
2227.481
2230.852
2219.444
2201
2195.296
2192.889
2164.167
2155.833
2148.667
2145.296
2156.704
2175.148
2180.852
2183.259
2211.981
2220.315
2227.481
2230.852
2219.444
2201
2195.296
2192.889
2164.167
2155.833
2148.667
2145.296
2156.704
2175.148
2180.852
2183.259
2211.981
2220.315
2227.481
2230.852
2219.444
2201
2195.296
2192.889
2164.167
2155.833
2148.667
2145.296
2156.704
2175.148
2180.852
2183.259
2211.981
2220.315
2227.481
2230.852
2219.444
2201
2195.296
2192.889
2164.167
2155.833
2148.667
2145.296
2156.704
2175.148
2180.852
2183.259
2211.981
2220.315
2227.481
2230.852
2201.852
2101.574
1935.162
2000.938
2031.053
2135.188
2222.519
2230.852
2219.444
2201
2195.296
2192.889
2164.167
2155.833
2148.667
2145.296
2156.704
2175.148
2180.852
2183.259
2211.981
2220.315
2227.481
2230.852
2300.212
2127.399
2143.841
2316.654
2304.808
2285.654
2279.731
2277.231
2247.404
2238.75
2231.308
2227.808
2239.654
2258.808
2264.731
2267.231
2297.058
2305.712
2313.154
2316.654
2304.808
2285.654
2279.731
2277.231
2247.404
2238.75
2231.308
2227.808
2190.885
2128.692
2112.596
2106.673
2095.639
2039.563
2031.716
2014.409
2015.785
1975.178
1961.912
1977.412
1983.116
1993.741
2047.741
2055.296
2071.963
2145.296
2142.333
2106.778
2095.5
2067.111
2057.176
2008.065
1966.398
1969.361
2004.917
2016.194
2044.583
2054.519
2028.5
2068.679
2090.777
2121.741
2128.46
2129.866
2142.723
2223.772
2254.375
2273.651
2257.703
2256.345
2205.655
2177.293
2149.082
2138.582
2025.073
1990.332
2006.28
2007.638
2058.328
2086.69
2114.901
2125.401
2238.909
2273.651
2265.026
2339.571
2338.75
2398.981
2381.852
2321.963
2331.227
2337.81
2338.662
2365.051
2382.181
2354.853
2353.446
2346.161
2324.286
2307.768
2309.174
2316.46
2338.335
2354.853
2424.067
2455.031
2489.317
2483.817
2480.567
2467.71
2448.853
2438.607
2444.107
2447.357
2460.214
2479.071
2489.317
2461.353
2364.656
2285.824
2277.491
2290.824
2344.157
2354.782
2387.375
2404.843
2387.713
2386.255
2331.81
2301.347
2271.046
2259.769
2220.077
2181.327
2171.462
2111.928
2100.894
2085.856
2068.548
2012.01
2021.875
2081.409
2092.442
2107.481
2124.788
2181.327
2238.327
2314.481
2239.942
2206.596
2169.673
2244.212
2277.558
2228.759
2193.204
2133.315
2117.815
2112.111
2101.486
2047.486
2039.931
2023.264
1949.931
1914.576
1904.315
1918.746
1924.056
1933.948
1984.224
1991.259
2006.776
2005.883
2010.683
2075.433
2128.833
2143.533
2172.433
2188.154
2221.738
2277.185
2290.685
2299.94
2301.661
2240.57
2239.34
2232.965
2213.824
2199.371
2200.602
2206.977
2226.117
2240.57
2236.07
2175.367
2125.305
2111.523
2116.023
2176.727
2226.789
2240.57
2229.32
2184.32
2175.355
2147.855
2133.117
2144.367
2189.367
2198.332
2225.832
2240.57
2238.07
2208.07
2198.555
2174.602
2166.219
2193.323
2157.032
2159.613
2190.581
2200.403
2225.129
2233.782
2205.414
2240.57
2213.477
2198.738
2167.254
2044.109
2031.031
2022.066
2085.573
2143.533
2172.433
2188.154
2221.738
2353.092
2367.042
2376.604
2378.383
2312.847
2308.202
2245.54
2193.863
2179.637
2184.282
2246.944
2298.621
2312.847
2284.879
2269.665
2311.738
2180.383
2166.433
2156.871
2155.092
2143.533
2172.433
2188.154
2221.738
2353.092
2367.042
2376.604
2378.383
2389.942
2376.718
2482.903
2489.556
2494.681
2542.488
2544.633
2470.992
2476.195
2481.75
2493.969
2496.047
2504.063
2519.625
2537.094
2543.141
2557.879
2552.324
2540.105
2538.027
2530.012
2514.449
2496.98
2490.934
2476.195
2481.75
2493.969
2496.047
2504.063
2519.625
2537.094
2543.141
2557.879
2550.063
2544.508
2543.789
2521.523
2507.07
2456.539
2443.18
2302.77
2316.129
2456.539
2450.984
2438.766
2436.688
2428.672
2413.109
2395.641
2389.594
2374.855
2380.41
2392.629
2394.707
2402.723
2418.285
2435.754
2441.801
2456.539
2429.445
2414.707
2460.101
2332.984
2319.484
2310.23
2308.508
2297.323
2325.29
2340.504
2373.004
2421.992
2435.07
2444.035
2445.703
2456.539
2452.039
2391.336
2341.273
2327.492
2331.992
2392.695
2442.758
2456.539
2450.984
2438.766
2436.688
2428.672
2413.109
2395.641
2389.594
2374.855
2380.41
2392.629
2394.707
2402.723
2418.285
2435.754
2441.801
2456.539
2447.023
2456.539
2395.977
2368.883
2338.883
2399.445
2426.539
2382.098
2376.712
2364.864
2362.848
2355.076
2339.985
2323.045
2317.182
2302.89
2308.277
2320.125
2322.14
2261.386
2276.033
2292.474
2298.165
2312.037
2286.537
2272.665
2243.033
2127.132
2114.824
2106.386
2104.816
2099.588
2088.088
2077.89
2075.934
2101.434
2157.341
2142.25
2156.542
2187.072
2170.133
2164.269
2283.682
2340.309
2353.387
2362.352
2367.906
2369.574
2381.793
2320.125
2322.14
2329.913
2345.004
2361.943
2367.807
2382.098
2376.712
2364.864
2362.848
2355.076
2339.985
2323.045
2317.182
2302.89
2308.277
2320.125
2322.14
2329.913
2345.004
2361.943
2367.807
2382.098
2371.93
2349.043
2420.173
2507.512
2531.137
2535.782
2524.169
2477.718
2468.464
2463.819
2435.431
2372.77
2357.556
2305.879
2291.653
2303.266
2307.911
2354.363
2363.617
2426.278
2454.665
2506.343
2521.556
2535.782
2530.048
2517.435
2515.29
2507.016
2490.952
2472.919
2466.677
2451.464
2457.198
2469.81
2471.956
2480.23
2496.294
2514.327
2520.569
2535.782
2530.815
2527.879
2516.266
2499.234
2489.98
2494.948
2419.824
2431.074
2447.574
2456.539
2429.445
2414.707
2460.101
2332.984
2319.484
2310.23
2308.508
2297.323
2291.589
2278.976
2276.831
2268.556
2252.492
2234.46
2228.218
2213.004
2222.94
2239.004
2243.972
2246.069
2271.085
2278.343
2284.585
2287.52
2285.798
2238.379
2175.718
2152.093
2123.464
2111.851
2103.577
2085.544
2087.266
2134.685
2197.347
2220.972
2249.601
2261.214
2269.488
2287.52
2277.585
2261.52
2256.552
2254.456
2229.44
2222.181
2215.94
2213.004
2222.94
2239.004
2243.972
2246.069
2271.085
2278.343
2284.585
2287.52
2282.875
2220.214
2168.536
2154.31
2144.375
2128.31
2123.343
2121.246
2096.23
2088.972
2082.73
2079.794
2089.73
2105.794
2110.762
2112.859
2137.875
2145.133
2151.375
2154.31
2144.375
2128.31
2123.343
2121.246
2096.23
2088.972
2082.73
2079.794
2089.73
2105.794
2110.762
2112.859
2137.875
2145.133
2151.375
2154.31
2144.375
2128.31
2123.343
2121.246
2096.23
2088.972
2082.73
2079.794
2089.73
2105.794
2110.762
2112.859
2137.875
2145.133
2151.375
2154.31
2161.569
2124.02
2086.322
2099.447
2123.174
2167.72
2181.932
2207.045
2217.955
2242.746
2286.57
2290.805
2338.364
2339.688
2346.305
2357.732
2348.673
2334.026
2329.496
2327.585
2304.776
2298.158
2292.467
2289.79
2298.849
2313.496
2318.026
2319.938
2342.746
2349.364
2355.055
2357.732
2378.688
2379.217
2335.989
2377.646
2350.218
2304.018
2292.061
2287.661
2279.464
2237.807
2231.979
2219.121
2226.154
2217.096
2202.449
2197.919
2262.553
2239.053
2232.235
2226.371
2293.102
2302.727
2318.289
2323.102
2325.133
2349.367
2356.398
2362.445
2365.289
2364.059
2357.684
2338.543
2324.09
2325.32
2331.695
2350.836
2365.289
2343.023
2342.461
2315.391
2269.828
2292.094
2292.656
2319.727
2365.289
2355.664
2340.102
2335.289
2333.258
2309.023
2301.992
2295.945
2293.102
2302.727
2318.289
2323.102
2325.133
2349.367
2356.398
2362.445
2293.614
2282.705
2239.068
2230.375
2203.708
2189.417
2200.326
2243.962
2252.655
2279.322
2293.614
2234.886
2208.614
2179.523
2238.25
2264.523
2226.154
2207.956
2248.591
2242.89
2241.697
2230.788
2094.633
2132.355
2114.887
2134.223
2161.316
2167.195
2168.426
2179.676
2249.78
2276.674
2293.614
2284.28
2269.189
2264.523
2262.553
2239.053
2232.235
2226.371
2293.102
2302.727
2318.289
2323.102
2325.133
2349.367
2356.398
2362.445
2365.289
2358.258
2328.258
2300.758
2287.223
2262.754
2216.816
2273.198
2321.346
2309.346
2316.846
2273.077
2229.543
2243.078
2267.547
2313.484
2328.141
2354.039
2365.289
2343.023
2342.461
2315.391
2269.828
2292.094
2292.656
2319.727
2365.289
2431.653
2415.589
2410.621
2408.524
2383.508
2376.25
2370.008
2367.073
2377.008
2393.073
2398.04
2400.137
2425.153
2432.411
2438.653
2441.589
2431.653
2415.589
2410.621
2408.524
2383.508
2376.25
2370.008
2367.073
2344.089
2343.508
2315.565
2268.532
2291.516
2292.097
2320.04
2367.073
2344.089
2343.508
2315.565
2268.532
2291.516
2292.097
2320.04
2367.073
2303.202
2197.016
2190.363
2258.079
2284.841
2364.067
2357.348
2351.402
2422.116
2539.679
2547.045
2552.719
2515.797
2518.091
2524.578
2530.319
2543.802
2582.595
2510.946
2526.363
2529.396
2568.214
2590.824
2583.793
2553.793
2526.293
2512.758
2488.289
2442.352
2506.008
2561.917
2549.917
2557.417
2589.417
2618.75
2633.188
2659.288
2708.288
2723.921
2751.546
2763.546
2760.879
2728.879
2718.729
2693.179
2684.238
2640.038
2602.538
2605.204
2637.204
2647.354
2672.904
2681.846
2638.109
2674.399
2666.125
2616.194
2606.94
2594.327
2579.81
2532.391
2540.665
2590.597
2599.851
2612.464
2626.98
2674.399
2651.415
2650.835
2622.891
2575.859
2598.843
2599.423
2545.262
2590.824
2624.34
2637.699
2639.563
2662.449
2802.859
2777.293
2660.645
2656.145
2605.613
2604.207
2597.176
2585.035
2610.602
2644.606
2648.97
2618.618
2619.941
2626.559
2637.985
2627.397
2585.044
2564.088
2555.651
2529.768
2529.239
2515.368
2489.89
2521.159
2532.068
2575.705
2584.398
2611.064
2625.356
2618.538
2589.447
2562.78
2549.655
2525.928
2481.383
2467.17
2442.057
2431.148
2437.966
2467.057
2420.379
2433.118
2456.147
2499.382
2513.176
2537.551
2548.14
2491.14
2465.64
2511.265
2569.992
2596.265
2548.14
2541.522
2513.287
2487.404
2474.665
2451.636
2408.401
2467.17
2442.057
2431.148
2436.534
2431.867
2429.11
2418.201
2402.201
2393.508
2398.174
2400.932
2411.841
2427.841
2436.534
2440.898
2443.322
2454.231
2466.004
2477.852
2490.534
2499.227
2488.318
2444.682
2435.989
2409.322
2395.03
2405.939
2449.576
2458.269
2484.936
2499.227
2474.436
2361.322
2356.958
2307.958
2306.595
2299.777
2288.004
2312.795
2354.559
2358.794
2337.6
2338.886
2345.314
2356.414
2355.289
2349.461
2331.961
2318.746
2319.871
2325.7
2343.2
2356.414
2344.2
2215.825
2228.039
2290.958
2237.125
2213.042
2186.375
2240.208
2264.292
2290.958
2299.514
2313.347
2317.625
2319.431
2340.972
2347.222
2352.597
2355.125
2300.125
2208.688
2202.958
2198.545
2157.378
2217.118
2211.743
2206.986
2263.557
2292.118
2297.847
2302.26
2343.427
2345.274
2350.5
2291.473
2283.149
2269.689
2265.527
2263.77
2242.811
2236.73
2231.5
2229.041
2237.365
2250.824
2254.986
2256.743
2277.703
2283.784
2289.014
2291.473
2283.149
2269.689
2265.527
2263.77
2242.811
2236.73
2231.5
2229.041
2237.365
2250.824
2254.986
2256.743
2277.703
2283.784
2289.014
2291.473
2281.743
2242.824
2235.071
2211.287
2198.541
2208.27
2247.189
2254.943
2278.726
2291.473
2283.149
2269.689
2265.527
2263.77
2242.811
2236.73
2231.5
2229.041
2237.365
2250.824
2254.986
2256.743
2277.703
2283.784
2289.014
2291.473
2269.361
2168.476
2164.584
2120.882
2119.666
2113.584
2161.503
2184.229
2287.917
2291.917
2273.676
2274.892
2280.973
2291.473
2283.149
2269.689
2265.527
2263.77
2242.811
2236.73
2231.5
2229.041
2237.365
2250.824
2254.986
2256.743
2277.703
2283.784
2289.014
2291.473
2283.149
2269.689
2265.527
2263.77
2242.811
2236.73
2231.5
2229.041
2237.365
2250.824
2254.986
2256.743
2277.703
2283.784
2289.014
2291.473
2289.311
2263.365
2255.135
2234.419
2227.169
2191.331
2220.951
2212.396
2198.563
2194.285
2192.479
2170.938
2164.688
2159.313
2156.785
2165.34
2179.174
2183.451
2185.257
2206.799
2213.049
2218.424
2220.951
2212.396
2198.563
2194.285
2192.479
2170.938
2164.688
2159.313
2156.785
2165.34
2179.174
2183.451
2185.257
2206.799
2213.049
2218.424
2220.951
2212.396
2198.563
2194.285
2192.479
2170.938
2164.688
2159.313
2156.785
2165.34
2179.174
2183.451
2185.257
2206.799
2213.049
2218.424
2220.951
2216.014
2220.951
2212.396
2198.563
2194.285
2192.479
2170.938
2164.688
2159.313
2156.785
2165.34
2179.174
2183.451
2185.257
2206.799
2213.049
2218.424
2220.951
2167.118
2143.035
2176.836
2168.036
2153.807
2149.407
2147.55
2125.393
2118.964
2113.436
2110.836
2100.55
2059.407
2051.211
2026.068
2012.593
2022.879
2064.021
2072.218
2097.361
2110.836
2103.507
2059.282
2051.086
2039.914
2027.057
1985.057
1992.386
2036.611
2044.807
2055.979
2068.836
2110.836
2135.586
2142.014
2162.371
2164.657
2131.194
2131.854
2144.882
2148.882
2172.965
2171.872
2166.205
2149.191
2197.382
2153.157
2111.5
2103.836
2093.929
2092.071
2136.296
2177.954
2185.618
2195.525
2197.382
2174.007
2128.162
2123.926
2076.368
2075.044
2068.426
2057
2081.063
2128.254
2132.368
2178.568
2179.854
2186.282
2197.382
2172.632
2166.204
2145.846
2143.561
2116.132
2115.454
2163.879
2159.643
2134.143
2159.621
2166.239
2187.195
2189.548
2217.783
2218.482
2232.276
2236.511
2262.011
2257.482
2254.805
2244.217
2228.688
2287.53
2268.78
2242.508
2236.807
2235.614
2294.227
2153.816
2194.665
2176.633
2196.593
2224.56
2230.629
2231.899
2243.512
2388.452
2417.081
2435.113
2407.169
2399.911
2376.927
2374.347
2343.379
2342.613
2327.484
2322.839
2294.871
2322.815
2330.073
2353.056
2355.637
2386.605
2387.371
2402.5
2407.145
2435.113
2448.903
2496.71
2514.742
2528.968
2534.702
2536.798
2600.669
2601.25
2533.496
2522.246
2477.246
2468.281
2440.781
2426.043
2437.293
2482.293
2491.258
2518.758
2533.496
2471.621
2368.754
2362.309
2357.344
2311.031
2383.435
2456.613
2535.582
2603.858
2626.788
2633.663
2638.958
2688.358
2690.575
2696.846
2615.222
2587.278
2580.02
2557.036
2554.456
2523.488
2522.722
2507.593
2502.948
2474.98
2502.923
2510.181
2533.165
2535.746
2486.504
2487.246
2501.902
2506.402
2533.496
2523.98
2533.496
2506.426
2499.395
2477.129
2474.629
2444.629
2443.887
2429.23
2502.948
2474.98
2502.923
2510.181
2533.165
2535.746
2486.504
2487.246
2501.902
2506.402
2533.496
2507.93
2468.419
2463.774
2411.613
2410.161
2402.903
2390.371
2416.762
2537.173
2541.819
2512.918
2514.324
2521.355
2533.496
2528.996
2526.496
2515.246
2503.105
2490.887
2477.809
2468.844
2473.344
2475.844
2487.094
2423.5
2435.348
2448.03
2456.723
2424.223
2411.269
2409.462
2387.269
2251.114
2283.614
2296.568
2298.375
2320.568
2456.723
2451.337
2456.723
2430.473
2423.655
2402.064
2399.64
2444.629
2443.887
2429.23
2424.73
2397.637
2424.707
2431.738
2454.004
2456.504
2411.155
2411.875
2426.087
2430.451
2456.723
2443.769
2398.86
2381.92
2368.557
2363.17
2434.988
2373.113
2372.551
2359.016
2372.375
2418.688
2436.156
2449.938
2455.492
2457.523
2519.398
2519.961
2456.723
2520.137
2456.492
2444.879
2398.427
2389.173
2360.786
2345.573
2357.185
2403.637
2412.891
2441.278
2456.492
2428.548
2421.29
2398.306
2395.726
2364.758
2363.992
2348.863
2344.218
2393.458
2422.333
2429.833
2453.583
2456.25
2407.984
2408.75
2423.879
2428.524
2456.492
2428.548
2421.29
2398.306
2395.726
2364.758
2363.992
2348.863
2344.218
2393.458
2422.333
2429.833
2453.583
2456.25
2407.984
2408.75
2423.879
2428.524
2456.492
2466.427
2482.492
2487.46
2489.556
2514.573
2521.831
2528.073
2531.008
2504.617
2384.206
2379.56
2327.399
2325.948
2318.69
2306.157
2332.548
2376.305
2380.805
2431.336
2432.742
2439.773
2451.914
2442.289
2426.727
2421.914
2419.883
2395.648
2388.617
2382.57
2379.727
2389.352
2404.914
2409.727
2411.758
2435.992
2443.023
2449.07
2451.914
2438.555
2392.242
2374.773
2360.992
2355.438
2353.406
2291.531
2364.871
2350.899
2364.69
2337.105
2354.574
2368.355
2373.91
2375.941
2437.816
2438.379
2377.614
2351.364
2417.813
2395.547
2393.047
2363.047
2362.305
2347.648
2418.734
2470.458
2499.333
2506.833
2530.583
2533.25
2565.25
2566.042
2581.675
2586.475
2615.375
2605.108
2588.508
2583.375
2581.208
2555.358
2547.858
2541.408
2538.375
2548.642
2565.242
2570.375
2572.542
2598.392
2605.892
2612.342
2615.375
2663.375
2706.396
2730.146
2643.798
2646.379
2660.895
2697.185
2663.43
2679.93
2670.305
2654.742
2649.93
2647.898
2623.664
2616.633
2610.586
2607.742
2617.367
2632.93
2637.742
2639.773
2664.008
2671.039
2677.086
2679.93
2670.305
2654.742
2649.93
2647.898
2623.664
2616.633
2610.586
2607.742
2617.367
2632.93
2637.742
2639.773
2664.008
2671.039
2677.086
2679.93
2652.859
2645.828
2623.563
2621.063
2591.063
2590.32
2575.664
2571.164
2544.07
2499.07
2458.738
2436.473
2434.805
2432.305
2496.25
2541.958
2488.058
2470.458
2518.458
2478.851
2501.835
2503.556
2506.137
2520.653
2556.944
2527.57
2544.07
2532.82
2487.82
2478.855
2451.355
2436.617
2426.992
2411.43
2406.617
2404.586
2380.352
2373.32
2367.273
2364.43
2374.055
2389.617
2394.43
2396.461
2420.695
2427.727
2433.773
2436.617
2391.617
2351.285
2329.02
2327.352
2324.852
2310.789
2349.04
2296.879
2355.842
2403.842
2446.863
2470.613
2460.346
2462.125
2445.525
2440.392
2443.058
2458.058
2455.892
2430.042
2467.542
2440.105
2432.847
2449.879
2443.637
2440.702
2450.637
2466.702
2471.669
2473.766
2498.782
2506.04
2512.282
2515.218
2451.347
2423.333
2416.458
2411.163
2361.763
2440.909
2434.422
2428.681
2496.957
2610.466
2530.325
2535.621
2585.021
2587.238
2593.508
2515.218
2505.282
2489.218
2484.25
2482.153
2457.137
2449.879
2443.637
2440.702
2450.637
2466.702
2471.669
2473.766
2498.782
2506.04
2512.282
2515.218
2468.766
2427.133
2404.149
2402.427
2399.847
2385.331
2427.342
2373.442
2355.842
2403.842
2367.931
2390.915
2392.637
2395.218
2409.734
2446.024
2420.117
2436.617
2428.602
2380.23
2371.266
2359.047
2344.984
2373.21
2381.484
2355.434
2364.398
2376.617
2390.68
2436.617
2426.992
2411.43
2406.617
2404.586
2380.352
2373.32
2367.273
2364.43
2374.055
2389.617
2394.43
2396.461
2420.695
2427.727
2433.773
2436.617
2426.992
2411.43
2406.617
2404.586
2380.352
2373.32
2367.273
2364.43
2302.114
2317.205
2321.871
2323.841
2347.341
2354.159
2360.023
2362.78
2349.826
2304.917
2287.977
2274.614
2269.227
2267.258
2207.258
2206.712
2193.587
2206.542
2251.451
2268.39
2281.754
2287.14
2289.11
2349.11
2280.548
2293.287
2250.934
2212.974
2258.443
2256.826
2254.402
2310.789
2349.04
2296.879
2355.842
2403.842
2446.863
2470.613
2472.392
2475.058
2490.058
2446.024
2420.117
2436.617
2426.992
2411.43
2406.617
2404.586
2380.352
2373.32
2367.273
2364.43
2358.875
2364.43
2338.863
2222.215
2217.715
2167.184
2165.777
2158.746
2215.851
2242.242
2362.653
2367.298
2419.46
2373.008
2374.46
2381.718
2340.085
2317.101
2329.633
2327.911
2325.331
2310.815
2350.342
2296.442
2357.422
2407.078
2369.863
2393.613
2395.392
2398.058
2413.058
2450.558
2423.669
2440.702
2428.089
2471.525
2457.088
2525.866
2522.728
2479.513
2361.951
2375.915
2416.094
2431.563
2448.08
2451.33
2584.643
2609.026
2559.371
2514.866
2490.297
2488.457
2485.698
2470.181
2431.388
2460.473
2532.046
2585.38
2633.181
2659.569
2661.546
2664.509
2681.176
2625.598
2590.819
2609.026
2607.185
2556.496
2489.513
2464.259
2433.655
2421.241
2498.554
2478.589
2427.161
2381.067
2355.621
2353.714
2350.857
2334.786
2379.593
2408.923
2388.615
2444
2401.282
2427.671
2429.648
2432.611
2449.278
2401.982
2374.914
2393.121
2431.914
2435.052
2436.293
2451.5
2479.711
2497.918
2506.543
2456.888
2412.384
2387.815
2385.974
2468.33
2452.259
2501.417
2535.433
2515.125
2526.404
2439
2441.407
2447.991
2379.688
2381.594
2384.451
2385.737
2412.058
2396.79
2343.862
2323.897
2393.634
2387.051
2384.644
2311.31
2310.644
2294.602
2310.435
2365.324
2386.028
2402.361
2408.944
2411.352
2484.685
2485.352
2412.058
2420.991
2431.866
2403.767
2415.724
2431.987
2487.746
2489.297
2516.046
2520.438
2544.188
2558.888
2509.488
2443.488
2378.637
2395.911
2369.52
2249.109
2244.464
2192.302
2190.851
2183.593
2171.06
2197.452
2245.43
2249.93
2230.75
2232.114
2238.932
2250.705
2252.886
2262.114
2296.091
2307.864
2311.856
2324.538
2326.553
2386.553
2400.845
2413.799
2438.591
2469.121
2487.871
2491.485
2571.118
2585.765
2588.118
2635.235
2656.191
2671.941
2676.265
2694.279
2699.813
2687.239
2643.651
2627.21
2614.239
2609.011
2607.099
2548.864
2548.335
2612.432
2625.386
2670.295
2687.235
2700.598
2705.985
2707.955
2625.909
2606.912
2607.441
2585.901
2598.64
2594.404
2674.037
2695.577
2699.813
2731.357
2727.121
2724.768
2714.18
2702.754
2691.254
2678.945
2670.507
2674.743
2677.096
2687.684
2699.11
2710.61
2722.919
2731.357
2774.945
2820.471
2802.272
2776.772
2771.239
2770.081
2759.493
2627.342
2601.239
2584.798
2602.996
2553.396
2558.771
2559.896
2570.182
2623.597
2648.25
2663.778
2608.778
2517.34
2511.611
2507.198
2466.031
2464.184
2458.958
2524.457
2525.136
2548.511
2605.082
2624.156
2629.885
2634.299
2675.465
2677.313
2682.538
2614.537
2616.334
2639.747
2643.72
2651.949
2647.145
2651.949
2758.453
2760.209
2796.047
2798.209
2833.091
2810.98
2710.095
2706.203
2662.5
2661.284
2655.203
2644.703
2596.635
2694.865
2698.655
2670.92
2672.074
2677.843
2687.804
2637.035
2624.942
2613.981
2593.003
2567.17
2551.304
2484.362
2478.49
2530.595
2543.007
2554.257
2575.786
2602.299
2618.582
2687.286
2758.536
2772.431
2761.181
2722.181
2707.47
2695.865
2691.188
2689.477
2637.372
2636.898
2625.5
2647.145
2694.478
2708.016
2718.978
2733.978
2706.478
2695.516
2693.987
2745.609
2627.368
2655.592
2666.842
2668.411
2687.684
2805.924
2892.549
2931.234
2878.285
2824.141
2824.591
2846.247
2882.697
2887.141
2896.916
2827.881
2834.137
2846.284
2859.918
2864.637
2876.14
2885.616
2868.238
2867.799
2846.671
2811.11
2828.488
2828.927
2782.196
2816.911
2812.679
2803.369
2801.786
2795.679
2783.821
2838.085
2833.366
2821.863
2826.198
2835.735
2837.357
2843.613
2855.759
2869.393
2874.113
2885.616
2886.823
2880.567
2842.814
2835.817
2826.28
2815.305
2779.451
2785.707
2823.46
2830.457
2839.994
2850.97
2818.089
2813.857
2804.548
2802.964
2796.857
2785
2771.69
2767.083
2755.854
2760.086
2769.396
2770.979
2777.086
2788.943
2802.253
2806.86
2818.089
2935.946
2943.28
2955.137
2958.804
2960.351
2978.815
2984.173
2988.78
2990.946
2973.982
2973.554
2952.929
2918.214
2935.179
2935.607
2887.483
2921.39
2917.256
2908.163
2906.616
2900.651
2889.07
2876.07
2871.57
2860.602
2864.735
2873.828
2875.375
2881.34
2892.922
2905.922
2910.422
2921.39
2914.227
2902.645
2899.064
2897.552
2879.517
2874.285
2869.785
2867.669
2874.831
2886.413
2889.994
2891.506
2909.541
2914.773
2919.273
2921.39
2917.256
2908.163
2906.616
2900.651
2889.07
2876.07
2871.57
2860.602
2864.735
2873.828
2875.375
2881.34
2892.922
2905.922
2910.422
2921.39
2957.387
2911.34
2900.372
2890.43
2871.404
2847.974
2833.584
2772.869
2709.904
2693.315
2704.034
2713.75
2732.344
2755.241
2769.304
2765.781
2825.947
2842.222
2838.272
2829.583
2828.106
2822.406
2811.339
2798.917
2794.617
2784.136
2788.086
2796.775
2798.253
2803.953
2815.019
2827.442
2831.742
2842.222
2835.378
2824.311
2820.889
2819.444
2802.211
2797.211
2792.911
2790.889
2797.733
2808.8
2812.222
2796.389
2795.989
2797.433
2814.667
2795.417
2800.417
2830.926
2835.324
2837.392
2853.585
2853.994
2873.682
2906.818
2923.568
2936.273
2954.866
2959.98
2981.798
3001.798
2944.717
2962.117
2994.783
3005.206
3023.622
3031.622
3035.044
3037.067
3040.767
3051.044
3094.111
3100.628
3101.428
3105.544
3101.594
3092.906
3091.428
3085.728
3074.661
3062.239
3057.939
3047.458
3051.408
3060.097
3061.575
3067.275
3078.342
3090.764
3095.064
3105.544
3087.364
3072.696
3069.423
3032.673
3031.651
3026.537
3087.887
3080.724
3069.142
3065.561
3064.049
3046.015
3040.782
3036.282
3034.166
3041.328
3052.91
3056.491
3058.003
3076.038
3081.27
3085.77
3087.887
3093.703
3089.57
3080.477
3078.93
3072.965
3061.384
3048.384
3043.884
3032.916
3037.049
3046.142
3047.689
3053.654
3065.235
3078.235
3082.735
3093.703
3113.866
3124.834
3148.265
3166.273
3175.784
3182.304
3183.517
3120.478
3104.644
3104.244
3084.994
3052.594
3068.428
3068.828
3088.078
3120.478
3113.633
3102.567
3099.144
3097.7
3080.467
3075.467
3071.167
3069.144
3075.989
3087.056
3090.478
3091.922
3041.565
3046.457
3050.663
3052.641
3048.777
3040.277
3038.832
3033.255
3022.429
3010.277
3006.071
2995.818
3011.739
3035.804
3029.109
3018.283
3014.935
3013.522
2996.663
2991.772
2987.565
3051.933
3058.778
3069.844
3073.267
3074.711
3091.944
3096.944
3101.244
3103.267
3111.267
3095.433
3095.033
3075.783
3043.383
3059.217
3059.617
3078.867
3111.267
3071.688
3100.514
3093.818
3082.992
3079.644
3078.231
3061.372
3056.481
3052.274
3050.296
3056.992
3067.818
3071.166
3072.579
3089.438
3094.329
3098.535
3100.514
3081.666
3071.413
3049.511
2963.845
2954.747
2948.511
2947.351
2939.813
2958.66
2968.913
2990.815
3011.024
3019.928
3026.032
3027.168
2971.326
2966.638
2946.638
2928.305
2981.394
2964.734
2933.457
2923.479
2905.846
2898.186
2902.973
2862.495
2822.036
2830.875
2846.855
2876.855
2886.426
2903.339
2910.686
2904.401
2894.237
2891.094
2889.768
2873.941
2869.349
2865.401
2923.201
2929.617
2939.992
2943.201
2936.857
2938.211
2954.367
2960.711
2965.398
2969.43
2971.326
2982.326
3022.794
2981.544
2912.966
2908.669
2905.359
2874.484
2873.099
2869.18
2865.711
2906.961
2975.539
2979.836
2983.146
3014.021
3015.406
3019.326
2961.105
2964.105
2949.564
2949.196
2931.518
2901.763
2905.972
2899.686
2889.523
2886.38
2885.054
2869.227
2864.635
2860.686
2858.829
2865.115
2875.278
2878.421
2879.747
2895.574
2900.166
2904.115
2905.972
2913.319
2929.145
2925.518
2929.145
2911.452
2901.827
2881.265
2800.844
2792.304
2786.449
2843.388
2896.508
2914.955
2924.989
2946.426
2967.138
2975.857
2981.833
2982.945
2990.169
3022.417
3016
3005.625
3002.417
3001.063
2984.906
2980.219
2976.188
2974.292
2980.708
2991.083
2994.292
2995.646
3011.802
3016.49
3020.521
3022.417
3016
3005.625
3002.417
3001.063
2984.906
2980.219
2976.188
2974.292
2933.042
2923.216
2914.31
2897.266
2876.276
2863.385
2808.995
2752.589
2736.821
2746.446
2755.171
2771.867
2792.429
2805.056
2858.337
2855.32
2845.888
2813.548
2822.98
2799.333
2806.392
2789.392
2780.145
2760.39
2683.123
2674.917
2669.292
2668.245
2714.675
2732.015
2741.448
2761.598
2840.41
2848.78
2844.28
2850.018
2830.818
2831.885
2814.285
2821.22
2812.558
2796.898
2767.498
2758.118
2741.543
2734.343
2738.843
2703.963
2721.218
2729.711
2745.064
2773.887
2783.083
2799.333
2806.392
2815.039
2856.096
2863.019
2846.358
2860.991
2844.632
2835.733
2870.892
2795.111
2787.063
2781.546
2780.519
2773.851
2790.524
2799.594
2765.781
2840.132
2848.028
2853.441
2854.448
2860.991
2864.132
2892.094
2899.472
2895.226
2877.113
2860.509
2852.337
2837.564
2809.828
2800.979
2785.342
2778.55
2782.795
2800.908
2817.512
2825.684
2840.458
2868.193
2877.042
2892.679
2899.472
2952.632
2972.868
2979.66
2981.019
2964.66
3012.603
2993.228
2917.447
2909.399
2903.882
2959.775
2952.975
2957.02
2928.654
2957.154
2978.788
2980.038
2941.962
2932.892
2924.671
2908.938
2889.563
2877.663
2882.897
2886.405
2926.005
2935.438
2943.988
2960.35
2980.5
2992.875
3045.09
3099.24
3094.74
3075.54
3057.94
3049.278
3033.618
3004.218
2994.838
2978.263
2971.063
2968.183
2966.583
2959.383
2951.613
2943.793
2935.423
2929.685
2932.565
2934.165
2941.365
2949.135
2956.955
2907.181
2912.806
2914.11
2882.889
2899.813
2951.88
2956.207
2957.591
2960.647
2975.56
2927.59
2929.099
2958.304
2928.076
2933.389
2960.833
3033.808
3028.377
3025.294
3024.09
3020.799
3067.691
3066.684
3065.175
3064.495
3070.028
3073.17
3074.396
3077.75
3087.854
3088.861
3090.37
3091.05
3106.486
3180.837
3208.347
3204.993
3208.488
3215.818
3178.46
3116.351
3112.46
3109.462
3081.5
3080.245
3076.696
3132.661
3170.738
3234.041
3176.913
3179.91
3207.873
3209.127
3212.677
3156.266
3167.1
3180.662
3143.995
3135.262
3127.345
3112.194
3093.537
3082.079
3033.731
2983.593
2965.345
2973.92
2981.693
2996.568
3014.886
3026.136
3018.719
3067.067
3090.746
3106.46
3114.882
3103.833
3088.35
3084.991
3084.288
3077.859
2997.625
2981.777
2971.795
3020.143
3034.942
3049.629
3056.567
3072.036
3067.455
3039.815
3034.692
3027.71
3019.674
3047.85
3050.523
3051.705
3071.832
3076.709
3085.118
3098.073
3050.484
3076.199
3076.902
3077.605
3087.033
3095.926
3098.498
3104.69
3112.725
3085.085
3059.049
3054.259
3048.067
3046.906
3074.547
3100.583
3105.373
3111.565
3112.725
3105.616
3070.879
3062.605
3055.105
3040.752
3023.077
3012.221
2966.419
2971.042
3006.4
3014.821
3022.455
3037.065
3055.056
3066.105
3058.116
3105.616
3124.432
3125.064
3132.958
3143.704
3151.932
3126.669
3151.932
3162.787
3168.191
3176.928
3179.629
3160.814
3161.954
3154.454
3168.059
3167.013
3170.961
3158.112
3161.507
3163.103
3084.276
3103.092
3110.592
3111.638
3124.487
3148.084
3141.343
3121.946
3114.478
3106.504
3104.935
3040.578
2983.823
2990.565
3009.961
3017.429
3025.403
3026.972
3038.934
3094.727
3048.927
3056.277
3074.152
3071.585
3070.069
3067.294
3059.585
3027.285
3022.398
3021.798
3024.365
3025.881
3028.656
3036.365
3068.665
3073.552
3074.152
3069.019
3060.719
3058.152
3057.069
3044.144
3040.394
3037.169
3035.652
3040.785
3049.085
3051.652
3052.735
3065.66
3069.41
3072.635
3074.152
3066.292
3039.342
3047.202
3023.756
3018.707
3010.543
3008.018
3006.953
2994.24
2990.551
2987.379
2985.887
2990.936
2999.1
3001.625
3002.691
3015.404
3019.092
3022.264
3023.756
3026.928
3036.092
3031.043
3022.879
3020.355
3019.289
3006.576
3002.887
2999.715
2998.223
3003.273
3011.436
3013.961
3015.027
3027.74
3031.428
3034.6
3036.092
3036.967
3031.918
3023.754
3021.23
3020.164
3007.451
3003.762
3000.59
2999.098
3004.148
3012.311
3014.836
3015.902
3028.615
3032.303
3035.475
3036.967
3051.516
3056.324
3051.275
3069.422
3061.258
3058.734
3057.668
3044.955
3041.266
3038.094
3036.602
3041.652
3049.816
3052.34
3053.406
3066.119
3069.807
3072.98
3074.471
3079.463
3074.414
3066.25
3063.725
3062.66
3049.947
3046.258
3043.086
3041.594
2997.504
3005.536
2982.31
2984.794
3008.02
3009.069
3021.577
3025.206
3028.327
3029.794
3047.879
3015.944
3008.337
3001.442
2988.246
2971.996
2962.016
2919.907
2923.389
2955.848
2963.58
2970.588
2984
3000.516
3010.66
3004.21
3047.879
3051.169
3046.202
3038.169
3035.685
3034.637
3022.129
3018.5
3015.379
3063.32
3068.369
3076.533
3079.057
3080.123
3092.836
3096.525
3099.697
3101.189
3108.049
3109.23
3120.91
3115.861
3107.697
3105.172
3104.107
3091.393
3087.705
3084.533
3083.041
3088.09
3096.254
3098.779
3099.844
3112.557
3116.246
3119.418
3120.91
3129.566
3097.107
3043.143
3039.762
3037.158
3012.863
3011.773
3008.689
3056.058
3038.418
3092.381
3095.762
3098.367
3122.662
3123.752
3126.836
3079.089
3080.25
3083.371
3078.403
3070.371
3067.887
3066.839
3054.331
3050.702
3047.581
3046.113
3051.081
3059.113
3061.597
3062.645
3075.153
3078.782
3081.903
3083.371
3096.567
3059.04
3100.48
3077.301
3091.656
3095.172
3096.006
3096.377
3091.564
3083.783
3081.377
3080.361
3068.244
3064.729
3061.705
3077.447
3076.025
3098.525
3100.775
3131.127
3156.158
3163.049
3140.549
3163.049
3193.33
3263.535
3265.832
3266.018
3240.648
3248.771
3324.925
3347.725
3353.263
3315.581
3338.036
3330.89
3338.036
3338.786
3336.604
3307.172
3282.9
3276.218
3278.4
3307.831
3332.104
3338.786
3336.604
3335.392
3329.938
3324.051
3318.127
3311.786
3307.439
3277.439
3270.294
3263.816
3251.42
3236.155
3226.78
3187.223
3146.201
3176.201
3183.347
3189.824
3202.22
3169.463
3178.698
3217.664
3210.162
3212.426
3216.645
3217.734
3218.791
3239.62
3246.357
3249.304
3247.246
3219.496
3196.611
3190.311
3192.368
3220.118
3243.004
3249.304
3258.054
3268.516
3269.466
3270.495
3298.78
3304.366
3305.218
3284.646
3305.218
3312.332
3317.918
3322.107
3330.857
3346.179
3354.164
3366.55
3373.157
3373.72
3394.72
3406.47
3418.157
3422.507
3420.665
3434.856
3432.827
3405.468
3382.905
3376.694
3378.722
3406.081
3428.644
3434.856
3440.363
3444.651
3433.129
3422.813
3386.042
3363.268
3374.79
3385.106
3421.877
3444.651
3416.764
3410.121
3404.1
3392.577
3378.387
3369.673
3380.514
3390.268
3388.181
3360.029
3336.812
3330.42
3332.507
3360.659
3335.536
3341.836
3369.399
3390.268
3379.029
3372.752
3371.592
3398.412
3409.816
3416.186
3417.362
3440.125
3442.39
3449.287
3454.581
3483.147
3490.083
3485.605
3489.377
3487.259
3458.693
3486.405
3479.823
3480
3486.903
3487.793
3494.375
3464.823
3415.692
3412.614
3410.243
3388.123
3387.131
3384.323
3381.838
3384.136
3384.405
3391.838
3408.629
3416.972
3429.901
3430.244
3431.215
3433.586
3412.093
3425.022
3441.757
3447.131
3440.091
3415.957
3422.996
3396.438
3405.04
3406.018
3411.732
3413.669
3418.293
3430.859
3424.156
3423.585
3402.281
3390.361
3378.504
3374.091
3326.384
3311.783
3318.486
3319.056
3340.361
3352.281
3364.138
3368.551
3416.257
3430.859
3431.429
3440.306
3442.991
3447.455
3476.15
3490.752
3501.433
3479.698
3475.509
3473.13
3472.202
3469.663
3462.013
3461.25
3460.107
3459.593
3463.782
3466.161
3467.089
3469.629
3477.279
3478.041
3479.184
3479.698
3463.627
3461.427
3460.127
3457.748
3451.141
3423.455
3419.266
3418.752
3420.952
3422.252
3376.396
3382.91
3410.206
3414.336
3414.843
3403.32
3393.005
3356.234
3333.46
3344.982
3355.298
3344.957
3321.286
3319.481
3313.021
3319.481
3320.098
3326.139
3327.943
3288.824
3299.88
3317.799
3329.515
3333.677
3340.407
3342.488
3343.367
3353.846
3356.887
3359.502
3360.731
3324.144
3314.247
3312.301
3348.889
3358.785
3360.731
3364.356
3390.546
3391.032
3427.62
3423.458
3416.728
3414.647
3413.769
3403.289
3400.248
3397.633
3396.404
3400.566
3407.296
3409.377
3410.255
3420.735
3423.775
3426.39
3427.62
3430.123
3434.809
3438.686
3450.402
3447.022
3461.981
3457.819
3451.09
3449.008
3448.13
3437.65
3434.61
3431.995
3430.765
3434.927
3441.657
3443.738
3444.617
3455.096
3458.137
3460.752
3461.981
3472.34
3457.846
3452.069
3451.264
3441.367
3426.959
3441.651
3447.507
3448.324
3458.356
3472.34
3472.826
3486.441
3492.779
3501.14
3496.978
3490.248
3488.167
3487.289
3476.809
3473.769
3471.154
3469.924
3474.086
3480.816
3482.897
3483.775
3494.255
3497.296
3499.91
3501.14
3503.755
3506.512
3491.36
3487.198
3480.468
3478.387
3477.508
3467.029
3463.988
3461.373
3460.144
3464.306
3471.035
3473.117
3473.995
3484.475
3487.515
3490.13
3491.36
3497.61
3491.65
3528.238
3524.076
3517.346
3515.265
3514.387
3503.907
3500.867
3498.252
3497.022
3501.184
3507.914
3509.995
3510.873
3521.353
3524.394
3527.008
3528.238
3529.468
3530.137
3525.975
3519.245
3517.164
3516.285
3505.806
3502.765
3500.15
3498.921
3503.083
3509.813
3511.894
3512.772
3523.252
3526.292
3528.907
3530.137
3532.894
3548.096
3557.993
3560.75
3556.588
3549.858
3547.777
3546.899
3536.419
3533.378
3530.764
3529.534
3533.696
3540.426
3542.507
3543.385
3553.865
3556.905
3559.52
3560.75
3562.696
3566.573
3565.965
3559.715
3559.182
3539.318
3528.203
3517.147
3513.032
3468.549
3454.934
3461.184
3461.716
3481.581
3492.696
3503.752
3507.867
3552.35
3565.965
3577.958
3577.637
3573.475
3566.745
3564.664
3563.785
3553.306
3550.265
3547.65
3546.421
3550.583
3557.313
3558.285
3560.367
3561.245
3571.725
3574.765
3577.38
3578.61
3574.448
3567.718
3565.637
3564.758
3554.279
3551.238
3548.623
3547.394
3551.556
3558.285
3560.367
3561.245
3571.725
3574.765
3577.38
3578.61
3592.225
3593.03
3588.868
3582.139
3580.057
3579.179
3568.699
3565.659
3563.044
3561.814
3564.356
3600.944
3616.147
3635.606
3604.34
3613.84
3614.552
3615.618
3621.618
3636.618
3610.044
3616.992
3618.044
3600.597
3602.331
3564.8
3565.034
3576.284
3595.219
3588.362
3605.819
3604.652
3619.027
3600.566
3584.019
3574.885
3574.2
3573.175
3567.405
3599.125
3578.125
3571.268
3543.944
3560.49
3569.625
3525.116
3526.128
3531.824
3546.065
3521.952
3528.552
3532.402
3522.175
3513.02
3480.386
3503.973
3514.329
3523.6
3556.647
3532.402
3523.495
3523.27
3556.903
3583.813
3592.947
3593.178
3604.284
3622.976
3627.591
3635.091
3635.553
3637.438
3639.572
3621.111
3604.564
3595.429
3594.745
3593.72
3634.547
3667.567
3646.291
3639.344
3658.291
3627.542
3636.795
3637.489
3638.528
3644.372
3612.072
3586.818
3593.502
3603.318
3603.816
3651.066
3664.642
3654.286
3645.267
3645.04
3634.074
3615.619
3624.638
3624.866
3590.383
3608.608
3607.795
3589.795
3573.663
3564.756
3564.089
3563.089
3602.495
3634.258
3660.456
3653.599
3672.3
3641.766
3650.901
3651.585
3652.611
3658.38
3672.803
3693.534
3700.303
3703.188
3715.495
3726.777
3732.33
3742.369
3761.215
3767.228
3777.853
3782.468
3785.675
3791.04
3794.944
3785.809
3785.579
3774.473
3755.78
3764.915
3765.146
3776.252
3746.907
3750.805
3769.261
3779.078
3760.85
3744.513
3735.494
3734.818
3733.805
3728.109
3761.482
3740.752
3733.982
3752.444
3768.99
3730.301
3730.976
3731.989
3737.685
3751.926
3725.239
3731.839
3742.839
3744.825
3748.631
3750.713
3743.725
3734.819
3743.973
3735.067
3734.842
3724.014
3705.789
3714.695
3714.92
3679.752
3697.752
3700.84
3683.062
3712.967
3704.061
3703.394
3702.394
3696.769
3687.614
3689.414
3721.875
3748.861
3742.091
3760.553
3777.099
3738.307
3738.983
3739.995
3745.691
3759.932
3733.145
3739.745
3729.519
3718.691
3719.253
3725.116
3722.303
3710.303
3699.303
3693.889
3684.102
3665.727
3659.864
3649.505
3645.005
3647.817
3659.817
3625.498
3630.846
3640.512
3658.66
3664.451
3674.682
3679.127
3688.168
3679.372
3679.15
3668.455
3696.086
3704.992
3705.217
3716.045
3734.27
3735.17
3717.17
3701.038
3692.131
3691.464
3690.464
3684.839
3717.242
3744.168
3737.399
3755.861
3724.655
3733.674
3734.35
3735.362
3741.059
3708.358
3682.539
3689.057
3683.235
3663.272
3669.094
3644.069
3637.63
3639.889
3599.745
3594.105
3593.625
3575.698
3565.668
3555.691
3551.977
3511.834
3499.547
3495.834
3501.585
3519.036
3510.452
3510.235
3499.798
3482.232
3464.883
3449.333
3440.748
3440.105
3439.142
3433.72
3461.875
3484.651
3521.609
3539.609
3555.742
3564.648
3565.316
3566.316
3571.941
3586.003
3561.694
3568.213
3562.39
3568.213
3573.657
3576.969
3581.796
3564.019
3548.085
3539.289
3538.63
3537.642
3532.086
3518.198
3541.963
3535.363
3532.55
3520.55
3509.55
3504.136
3494.348
3519.973
3514.036
3503.546
3498.989
3501.837
3470.064
3481.064
3486.478
3496.266
3514.641
3520.503
3530.863
3535.363
3537.799
3550.238
3561.194
3556.367
3542.478
3537.131
3531.421
3530.298
3527.767
3486.62
3491.508
3505.57
3467.639
3473.349
3474.472
3477.622
3475.383
3476.25
3466.907
3461.688
3460.724
3442.075
3451.419
3415.487
3416.439
3434.866
3438.371
3441.388
3443.257
3458.441
3463.99
3454.365
3445.749
3415.034
3436.439
3446.179
3454.897
3444.966
3423.711
3413.638
3451.914
3452.333
3449.717
3438.554
3428.321
3423.285
3414.18
3397.087
3391.634
3421.785
3417.55
3420.197
3431.491
3441.844
3446.94
3456.151
3473.446
3478.963
3488.713
3492.949
3485.094
3466.292
3484.291
3465.663
3459.872
3462.27
3475.308
3477.706
3475.519
3482.641
3480.025
3480.443
3469.281
3459.048
3454.012
3444.907
3427.814
3422.36
3412.724
3408.538
3412.724
3406.497
3408.564
3413.11
3413.884
3416.866
3422.657
3429.157
3431.407
3436.891
3437.1
3446.205
3442.173
3440.382
3439.324
3437.388
3432.01
3409.475
3406.065
3405.647
3407.438
3408.496
3410.432
3415.81
3438.344
3441.754
3442.173
3446.359
3444.292
3439.746
3438.972
3435.99
3430.199
3423.699
3421.449
3415.965
3418.032
3422.578
3423.352
3426.334
3432.125
3438.625
3440.875
3446.359
3450.391
3453.636
3451.593
3447.099
3446.335
3443.386
3437.662
3431.237
3429.013
3423.592
3425.635
3430.129
3430.894
3433.842
3439.566
3445.991
3448.216
3453.636
3454.401
3458.539
3456.496
3452.001
3451.237
3448.289
3442.565
3436.139
3433.915
3428.494
3430.537
3435.032
3435.796
3438.744
3444.468
3450.894
3453.118
3458.539
3437.612
3431.612
3429.942
3427.922
3423.479
3422.723
3419.808
3414.149
3407.797
3405.598
3400.239
3402.259
3406.702
3407.457
3410.372
3416.031
3417.781
3424.134
3425.168
3427.366
3431.457
3436.817
3442.817
3446.077
3423.577
3422.821
3432.906
3426.821
3434.918
3432.898
3428.455
3427.699
3424.784
3419.125
3412.773
3410.574
3405.214
3407.234
3411.678
3412.433
3415.348
3421.007
3427.359
3429.558
3434.918
3437.261
3437.531
3440.088
3438.068
3433.625
3432.869
3429.955
3424.295
3417.943
3415.744
3410.385
3412.405
3416.848
3417.604
3420.518
3426.178
3432.53
3434.729
3440.088
3440.293
3449.589
3460.499
3478.088
3482.531
3480.511
3476.068
3475.313
3472.398
3466.739
3460.386
3458.188
3452.828
3454.848
3459.291
3460.047
3462.962
3468.621
3474.973
3477.172
3482.531
3484.337
3482.317
3477.874
3477.118
3474.203
3468.544
3462.192
3459.993
3454.634
3455.196
3463.293
3468.048
3461.401
3463.42
3464.455
3457.494
3456.739
3448.416
3447.661
3446.842
3424.342
3419.899
3420.638
3423.195
3420.851
3411.554
3403.232
3412.341
3433.217
3429.031
3432.366
3442.599
3439.69
3443.722
3452.827
3453.094
3457.641
3459.891
3456.481
3454.545
3453.789
3451.722
3445.496
3444.875
3443.945
3443.526
3446.936
3409.23
3409.977
3412.02
3379.332
3379.939
3380.848
3381.257
3369.07
3364.212
3363.534
3355.212
3342.132
3354.46
3359.374
3360.059
3368.477
3381.257
3392.166
3414.666
3409.808
3413.141
3425.925
3420.565
3425.925
3426.06
3430.503
3418.315
3421.364
3403.774
3387.206
3384.158
3380.217
3379.479
3397.068
3413.636
3416.685
3420.625
3421.364
3472.422
3471.604
3476.615
3478.933
3481.071
3476.315
3478.453
3478.964
3483.055
3466.214
3466.953
3465.456
3496.223
3487.848
3482.489
3464.114
3469.473
3448.659
3404.382
3436.039
3448.478
3449.376
3454.433
3447.551
3451.011
3456.607
3458.337
3459.067
3467.781
3470.309
3472.483
3473.506
3458.607
3455.146
3449.551
3447.82
3447.09
3438.376
3435.848
3433.674
3432.652
3436.112
3441.708
3443.438
3444.169
3452.882
3455.41
3457.584
3458.607
3460.924
3472.975
3469.514
3463.919
3462.188
3461.458
3452.744
3450.216
3448.042
3447.02
3450.48
3456.076
3457.806
3458.537
3467.25
3469.778
3471.952
3472.975
3475.989
3476.888
3477.444
3479.229
3485.51
3495.833
3496.855
3497.26
3501.962
3492.06
3489.56
3487.926
3488.476
3493.126
3489.704
3484.171
3482.46
3481.738
3473.121
3470.621
3468.471
3467.46
3470.882
3476.415
3478.126
3478.849
3487.465
3489.965
3492.115
3493.126
3492.404
3510.204
3506.782
3501.249
3499.538
3498.815
3490.199
3487.699
3485.549
3484.538
3487.96
3493.493
3495.204
3495.926
3504.543
3507.043
3509.193
3510.204
3510.926
3498.626
3495.204
3489.671
3487.96
3487.238
3478.621
3476.121
3473.971
3472.96
3476.382
3481.915
3483.626
3484.349
3492.965
3495.465
3497.615
3498.626
3498.226
3515.425
3517.925
3527.064
3514.564
3514.964
3532.931
3529.508
3523.975
3522.264
3521.542
3512.925
3510.425
3508.275
3507.264
3510.686
3516.219
3517.931
3518.653
3527.269
3529.769
3531.919
3532.931
3536.931
3519.732
3510.642
3511.304
3507.882
3502.349
3500.638
3499.915
3491.299
3488.799
3486.649
3485.638
3489.06
3494.593
3496.304
3497.026
3505.643
3508.143
3510.293
3511.304
3511.967
3517.106
3519.256
3491.132
3486.863
3469.853
3466.468
3460.996
3459.304
3458.589
3450.067
3447.595
3445.468
3444.468
3447.853
3453.326
3455.018
3455.732
3464.254
3466.727
3468.853
3469.853
3460.815
3472.979
3481.97
3478.585
3473.113
3471.42
3470.706
3462.184
3459.712
3457.585
3456.585
3459.97
3465.442
3467.135
3467.849
3476.371
3478.843
3480.97
3481.97
3488.701
3487.986
3509.332
3497.547
3464.238
3459.14
3457.466
3456.477
3452.564
3446.825
3443.707
3445.38
3446.37
3450.283
3456.022
3459.14
3455.792
3450.379
3448.705
3447.999
3439.569
3437.124
3435.02
3434.031
3434.459
3436.473
3434.875
3437.117
3436.334
3445.75
3455.174
3460.3
3471.251
3476.298
3480.798
3483.883
3484.457
3488.185
3498.876
3490.626
3486.797
3475.02
3446.217
3443.097
3445.826
3453.617
3453.809
3453.935
3449.327
3440.104
3435.086
3424.368
3382.447
3377.995
3374.943
3374.375
3406.93
3416.253
3421.324
3432.157
3474.53
3479.03
3482.114
3482.688
3486.417
3501.901
3503.892
3509.57
3509.147
3524.824
3509.017
3492.374
3484.035
3479.378
3478.517
3461.874
3470.212
3474.87
3475.73
3492.374
3490.18
3506.116
3515.438
3524.753
3532.995
3536.269
3527.472
3544.116
3552.535
3536.599
3538.308
3543.379
3534.056
3528.985
3518.152
3475.78
3471.28
3468.195
3467.621
3463.892
3473.215
3478.286
3480.278
3491.112
3491.685
3534.058
3545.961
3550.461
3550.945
3554.03
3516.789
3485.407
3489.057
3493.616
3493.995
3509.161
3507.507
3492.507
3490.975
3520.324
3518.72
3530.439
3521.408
3516.495
3506
3464.952
3460.592
3457.604
3457.048
3489.788
3498.914
3503.879
3514.484
3518.923
3523.283
3526.271
3526.827
3494.043
3503.514
3501.927
3500.988
3499.272
3494.504
3474.524
3471.501
3471.13
3472.718
3473.656
3475.372
3480.14
3500.12
3503.143
3503.514
3504.064
3508.899
3504.037
3508.899
3503.456
3508.899
3503.765
3503.888
3515.447
3520.086
3505.055
3505.741
3505.231
3502.091
3498.952
3490.014
3485.152
3474.765
3434.14
3429.826
3426.869
3462.009
3458.397
3467.428
3472.341
3482.836
3523.884
3528.243
3531.232
3531.788
3535.4
3533.47
3533.845
3536.639
3532.889
3524.322
3508.884
3509.832
3510.509
3518.493
3466.931
3447.86
3453.303
3462.233
3453.295
3448.433
3438.046
3397.421
3393.107
3390.149
3389.599
3386.024
3406.004
3400.561
3408.995
3412.134
3408.129
3412.675
3408.964
3414.098
3414.648
3416.588
3444.5
3446.626
3431.348
3422.276
3417.729
3417.219
3403.549
3402.408
3374.781
3381.031
3385.301
3376.245
3371.432
3375.852
3377.934
3370.663
3365.851
3349.351
3346.798
3342.298
3340.954
3336.534
3328.186
3314.656
3313.839
3327.37
3328.941
3328.207
3322.819
3303.043
3257.195
3271.889
3271.073
3270.568
3268.946
3263.242
3253.867
3252.939
3242.658
3242.291
3238.02
3211.38
3212.196
3212.702
3214.323
3220.027
3229.402
3230.33
3230.698
3234.968
3261.608
3281.384
3280.568
3282.068
3276.098
3270.71
3266.721
3273.034
3277.454
3254.045
3261.443
3271.62
3274.582
3290.217
3304.763
3305.217
3308.115
3309.569
3324.539
3322.984
3322.064
3318.428
3313.095
3310.197
3311.753
3312.672
3316.308
3321.641
3324.539
3323.812
3304.191
3299.519
3298.847
3288.014
3283.696
3283.093
3275.696
3263.273
3274.217
3278.579
3279.188
3286.661
3298.847
3291.403
3296.433
3296.972
3282.003
3296.851
3283.814
3285.269
3304.89
3321.072
3325.527
3325.759
3321.809
3324.4
3338.946
3341.006
3343.597
3358.324
3363.088
3378.958
3381.826
3377.416
3388.629
3401.889
3399.324
3395.414
3384.164
3379.833
3375.208
3374.298
3370.677
3337.427
3341.376
3352.74
3357.115
3361.787
3362.706
3400.41
3433.66
3435.265
3406.806
3395.442
3397.525
3393.298
3391.843
3372.222
3356.04
3351.586
3353.04
3372.662
3388.843
3393.298
3396.374
3405.263
3419.808
3432.845
3440.042
3440.581
3441.389
3445.934
3457.298
3473.631
3478.965
3474.59
3447.241
3439.843
3438.389
3465.737
3473.135
3474.59
3475.044
3489.59
3486.479
3483.516
3481.835
3481.178
3479.383
3473.973
3473.434
3472.626
3472.263
3452.641
3441.808
3428.414
3413.869
3400.832
3393.635
3393.096
3392.288
3387.742
3376.379
3360.045
3354.712
3369.258
3348.471
3355.596
3356.13
3356.93
3361.43
3372.68
3372.68
3377.96
3345.043
3349.453
3348.013
3328.588
3312.568
3308.158
3309.598
3329.023
3345.043
3349.453
3344.736
3349.453
3382.37
3371.158
3378.283
3378.463
3387.125
3401.705
3387.305
3374.399
3367.274
3366.74
3365.94
3361.44
3350.19
3350.19
3378.697
3393.242
3406.279
3413.476
3414.015
3414.823
3419.369
3430.732
3412.595
3417.875
3420.955
3425.935
3427.475
3428.125
3435.88
3438.13
3440.065
3440.975
3437.375
3427.775
3420.451
3410.376
3407.444
3426.227
3411.682
3411.227
3408.33
3406.875
3382.406
3389.73
3399.805
3402.738
3418.216
3432.616
3433.066
3435.935
3437.375
3417.575
3372.644
3369.564
3364.584
3363.044
3362.394
3354.639
3352.389
3350.454
3349.544
3352.624
3357.604
3359.144
3359.794
3367.549
3369.799
3371.734
3372.644
3364.889
3362.826
3349.92
3356.108
3382.215
3393.465
3379.065
3371.94
3371.76
3358.854
3350.191
3343.066
3328.486
3327.953
3327.153
3334.278
3329.778
3318.528
3318.708
3327.37
3311.2
3325.78
3320.5
3281.094
3295.494
3275.644
3282.698
3283.226
3284.019
3288.474
3299.613
3283.116
3288.293
3286.396
3275.881
3275.656
3272.636
3267.754
3266.244
3265.607
3264.195
3256.592
3237.548
3221.842
3219.636
3215.313
3213.415
3212.523
3212.964
3214.376
3233.42
3236.44
3252.146
3257.028
3261.352
3262.862
3263.499
3271.102
3273.308
3275.205
3276.097
3303.719
3301.697
3298.678
3293.795
3292.286
3291.648
3284.045
3281.839
3279.942
3279.05
3282.07
3286.952
3288.462
3289.099
3296.702
3298.908
3300.805
3301.697
3306.874
3274.602
3289.777
3289.071
3297.092
3282.974
3270.321
3263.336
3262.813
3294.325
3289.87
3278.731
3295.349
3290.069
3304.469
3317.375
3324.5
3325.034
3325.834
3330.334
3341.584
3324.509
3329.736
3348.925
3342.86
3344.723
3348.866
3341.812
3341.634
3366.388
3351.808
3358.933
3359.113
3367.775
3382.355
3374.068
3376.633
3373.553
3368.573
3367.033
3366.383
3358.628
3356.378
3354.443
3353.533
3356.613
3361.593
3363.133
3363.783
3371.538
3373.788
3375.723
3376.633
3327.133
3324.264
3316.94
3297.56
3294.48
3289.5
3287.96
3287.31
3279.555
3277.305
3275.37
3274.46
3277.54
3282.52
3284.06
3284.71
3292.465
3294.715
3296.65
3297.56
3283.16
3270.254
3263.129
3262.595
3261.795
3257.295
3246.045
3262.5
3257.167
3271.712
3284.749
3291.946
3292.485
3293.293
3297.838
3309.202
3325.535
3330.869
3329.414
3309.793
3293.611
3289.157
3290.611
3310.232
3326.414
3330.869
3323.672
3323.49
3314.74
3300.013
3307.21
3307.391
3316.141
3330.869
3315.899
3308.702
3303.056
3299.944
3294.914
3296.997
3295.442
3294.785
3286.952
3284.679
3282.725
3281.806
3284.917
3289.947
3291.503
3292.159
3299.992
3302.265
3304.22
3305.139
3344.943
3349.17
3364.806
3350.26
3337.223
3330.027
3329.487
3328.679
3324.134
3312.77
3296.437
3291.104
3305.649
3318.686
3325.883
3326.422
3327.23
3331.775
3343.139
3359.472
3364.806
3356.048
3352.937
3347.907
3346.351
3345.694
3337.861
3335.588
3333.634
3332.715
3335.826
3340.856
3342.412
3343.068
3350.902
3353.174
3355.129
3356.048
3348.851
3348.669
3339.919
3325.192
3332.389
3332.571
3341.321
3356.048
3360.366
3364.912
3356.023
3351.285
3347.783
3344.672
3339.641
3338.086
3337.429
3329.596
3327.323
3325.369
3324.449
3327.561
3332.591
3334.146
3334.803
3342.636
3344.909
3346.864
3347.783
3354.98
3353.525
3333.904
3317.722
3313.268
3298.722
3285.686
3278.489
3277.949
3277.141
3272.596
3261.232
3244.899
3239.566
3254.111
3267.148
3274.345
3274.884
3275.692
3280.237
3291.601
3307.934
3313.268
3306.071
3305.889
3302.778
3297.747
3288.997
3287.442
3272.715
3272.058
3264.225
3271.422
3271.604
3269.331
3278.081
3276.126
3275.207
3289.934
3293.045
3298.076
3299.631
3300.288
3308.121
3310.394
3312.348
3313.268
3328.903
3327.418
3323.782
3332.153
3329.042
3324.011
3322.456
3321.799
3313.966
3311.693
3309.739
3308.819
3294.274
3281.237
3274.04
3273.501
3272.693
3268.148
3256.784
3240.451
3235.117
3233.436
3229.933
3229.331
3222.134
3221.952
3213.202
3198.475
3200.535
3209.285
3259.285
3249.588
3242.191
3232.014
3229.052
3213.417
3231.513
3231.054
3228.126
3226.657
3236.453
3243.926
3254.207
3257.199
3272.994
3287.688
3288.147
3291.074
3292.543
3281.247
3282.176
3284.281
3276.807
3275.236
3274.307
3272.608
3267.889
3248.114
3248.573
3245.58
3245.213
3246.784
3247.713
3249.412
3254.131
3273.907
3276.899
3277.267
3269.353
3298.593
3297.768
3281.811
3289.805
3294.271
3295.095
3311.053
3308.095
3280.183
3276.178
3261.147
3269.581
3266.558
3262.553
3262.003
3277.034
3276.662
3278.657
3269.186
3263.423
3263.052
3251.454
3249.866
3248.928
3245.216
3239.773
3236.816
3238.403
3229.465
3230.403
3234.115
3239.558
3242.515
3251.665
3250.84
3250.33
3248.692
3242.929
3244.839
3235.367
3234.429
3234.058
3229.744
3202.829
3203.653
3204.164
3205.802
3211.564
3221.036
3221.974
3222.345
3226.66
3220.375
3222.295
3239.746
3250.58
3252.852
3244.102
3247.213
3255.971
3257.302
3254.191
3258.928
3252.741
3254.612
3251.537
3252.208
3251.606
3241.429
3242.884
3227.914
3219.164
3221.874
3188.624
3183.071
3188.459
3196.807
3195.307
3188.994
3189.177
3189.856
3185.264
3187.881
3183.381
3173.585
3166.112
3155.832
3152.839
3137.045
3122.351
3121.892
3118.964
3117.495
3113.505
3123.301
3130.774
3141.055
3144.047
3159.842
3174.536
3174.995
3177.922
3179.392
3183.381
3187.652
3179.739
3188.578
3160.95
3157.277
3165.098
3181.445
3181.904
3182.513
3202.334
3207.798
3210.726
3205.913
3210.726
3218.716
3218.958
3178.747
3187.594
3176.651
3178.464
3182.454
3183.133
3185.75
3190.832
3196.536
3198.51
3203.323
3203.557
3202.213
3205.205
3206.022
3206.205
3204.392
3200.402
3199.723
3197.106
3192.024
3186.32
3184.346
3179.533
3181.347
3185.337
3186.015
3188.633
3193.714
3191.824
3197.528
3199.503
3204.315
3204.131
3203.453
3203.636
3204.315
3201.578
3196.792
3192.292
3190.478
3186.489
3185.81
3183.193
3178.111
3172.407
3170.432
3165.62
3167.434
3171.423
3172.102
3174.719
3179.801
3185.505
3187.48
3192.292
3238.14
3236.059
3219.559
3217.745
3213.755
3213.077
3210.459
3205.378
3199.673
3197.699
3192.886
3194.7
3198.69
3199.369
3201.986
3207.068
3212.772
3214.746
3219.559
3217.987
3216.173
3212.184
3211.505
3208.888
3203.806
3198.102
3196.128
3191.315
3193.129
3197.119
3197.797
3200.415
3205.496
3211.2
3213.175
3217.987
3232.681
3219.511
3217.698
3213.708
3213.029
3210.412
3205.33
3199.626
3197.652
3192.839
3194.653
3198.643
3199.321
3201.939
3207.02
3212.724
3214.699
3219.511
3219.695
3217.881
3213.892
3213.213
3210.596
3205.514
3199.81
3197.835
3193.023
3194.837
3198.827
3199.505
3202.122
3207.204
3212.908
3214.883
3219.695
3214.909
3217.205
3226.052
3227.972
3225.89
3224.077
3220.087
3219.408
3216.791
3211.709
3206.005
3204.031
3199.218
3201.032
3205.022
3205.7
3208.318
3213.399
3219.103
3221.078
3225.89
3218.62
3214.656
3213.839
3207.589
3205.776
3201.786
3201.107
3198.49
3193.408
3187.704
3185.73
3180.917
3176.198
3179.341
3184.422
3185.994
3186.657
3194.57
3196.866
3199.162
3208.958
3210.932
3219.912
3220.841
3225.26
3233.25
3248.25
3253.036
3261.492
3265.166
3264.982
3264.304
3264.487
3265.166
3260.353
3258.732
3248.936
3241.463
3231.182
3235.545
3232.552
3216.758
3202.064
3201.605
3198.677
3197.208
3207.004
3214.477
3224.758
3227.75
3243.545
3258.239
3258.698
3261.625
3263.094
3255.574
3252.431
3247.349
3245.778
3245.115
3237.202
3234.906
3232.931
3232.003
3235.145
3240.227
3241.798
3242.462
3250.375
3252.671
3254.645
3255.574
3257.074
3255.154
3252.011
3246.93
3245.358
3244.695
3236.782
3234.486
3232.511
3231.583
3234.726
3239.807
3241.379
3242.042
3249.955
3252.251
3254.226
3255.154
3250.231
3248.236
3251.193
3251.936
3259.93
3265.374
3262.198
3257.064
3255.477
3254.807
3246.812
3244.492
3242.497
3241.559
3244.735
3249.869
3251.456
3252.126
3260.121
3262.441
3264.436
3265.374
3256.224
3245.168
3240.76
3240.146
3232.595
3186.274
3197.331
3201.738
3202.353
3209.903
3256.224
3261.668
3258.492
3253.358
3251.771
3251.101
3243.106
3240.786
3238.791
3237.853
3241.028
3246.162
3247.75
3248.42
3256.415
3258.735
3260.729
3261.668
3261.545
3264.72
3276.133
3273.813
3263.916
3247.111
3238.131
3233.712
3225.722
3210.722
3205.936
3197.48
3193.806
3196.102
3173.515
3182.404
3154.911
3162.741
3177.441
3182.131
3190.419
3194.019
3201.389
3206.669
3212.856
3245.774
3260.174
3266.299
3274.969
3276.746
3273.666
3268.686
3267.146
3266.496
3258.741
3256.491
3254.556
3253.646
3256.726
3261.706
3263.246
3263.896
3271.651
3273.901
3275.836
3276.746
3275.306
3264.094
3263.914
3263.249
3263.429
3264.094
3263.56
3263.2
3260.12
3255.14
3253.6
3252.95
3245.195
3242.945
3241.01
3240.1
3243.18
3248.16
3249.7
3250.35
3258.105
3260.355
3262.29
3263.2
3267.11
3267.56
3286.985
3296.585
3247.085
3246.848
3254.218
3248.368
3245.288
3240.308
3238.768
3238.118
3230.363
3228.113
3226.178
3225.268
3228.348
3233.328
3234.868
3235.518
3243.273
3245.523
3247.458
3248.368
3245.685
3246.485
3256.085
3240.606
3240.213
3232.548
3229.468
3224.488
3222.948
3222.298
3214.543
3212.293
3210.358
3209.448
3212.528
3217.508
3219.048
3219.698
3227.453
3229.703
3229.309
3231.244
3232.154
3227.969
3225.719
3216.119
3207.319
3235.341
3227.432
3212.583
3207.846
3232.122
3228.449
3230.745
3240.541
3249.52
3253.94
3261.93
3276.93
3281.716
3290.172
3293.846
3292.274
3291.346
3287.672
3282.284
3279.357
3276.214
3271.133
3269.561
3268.898
3260.985
3258.689
3256.714
3255.786
3258.929
3264.01
3265.582
3266.245
3274.158
3276.454
3278.429
3279.357
3283.777
3321.866
3319.57
3316.427
3311.346
3309.774
3309.111
3301.198
3298.902
3296.927
3295.999
3288.177
3271.83
3271.371
3270.763
3250.941
3245.477
3242.55
3250.371
3266.718
3267.177
3267.786
3287.607
3293.071
3295.999
3300.499
3270.122
3277.52
3306.464
3306.281
3305.602
3305.786
3306.464
3290.67
3280.874
3273.401
3263.12
3260.128
3244.333
3229.639
3229.18
3226.253
3224.783
3234.579
3242.052
3252.333
3222.443
3238.078
3252.624
3253.078
3255.976
3257.431
3261.355
3260.436
3267.633
3266.976
3267.895
3268.552
3263.521
3257.875
3257.067
3256.567
3254.962
3249.316
3240.035
3239.116
3238.753
3234.525
3240.89
3241.707
3242.212
3243.833
3249.537
3258.912
3259.841
3260.208
3264.478
3291.119
3288.823
3279.027
3270.047
3265.628
3257.638
3242.638
3237.852
3229.395
3225.722
3228.018
3237.814
3213.997
3218.372
3226.282
3241.13
3245.867
3254.239
3257.875
3254.977
3294.782
3299.453
3302.956
3301.001
3304.504
3288.869
3274.141
3271.432
3267.929
3267.273
3282.908
3297.635
3300.345
3303.847
3304.504
3298.595
3298.413
3295.302
3296.11
3291.438
3289.984
3289.312
3287.229
3327.033
3331.26
3336.669
3339.26
3341.787
3341.605
3340.933
3341.115
3341.787
3337.241
3332.477
3337.241
3330.044
3310.044
3298.681
3271.332
3269.059
3259.362
3250.473
3246.098
3238.189
3223.341
3251.446
3242.99
3239.316
3237.745
3270.186
3268.469
3263.701
3243.722
3240.698
3240.327
3241.915
3242.853
3244.57
3249.338
3269.317
3272.34
3272.711
3273.397
3261.799
3260.082
3260.825
3254.446
3253.776
3244.838
3244.715
3234.329
3225.256
3265.881
3273.876
3274.701
3283.631
3285.951
3293.296
3294.121
3270.304
3270.546
3275.332
3276.801
3285.648
3325.858
3326.101
3328.205
3320.292
3315.872
3315.056
3299.261
3308.241
3308.057
3307.379
3307.563
3308.241
3303.284
3293.587
3286.189
3276.013
3273.051
3257.415
3242.87
3242.415
3272.574
3271.105
3280.901
3288.374
3298.654
3301.647
3317.441
3332.135
3332.594
3335.522
3336.991
3377.202
3349.574
3353.112
3348.52
3339.681
3337.385
3330.115
3329.298
3319.503
3319.26
3314.474
3313.005
3338.222
3347.152
3349.472
3356.817
3357.642
3367.539
3367.784
3372.619
3374.103
3383.041
3390.943
3380.557
3376.982
3369.432
3360.501
3359.563
3351.084
3340.027
3338.032
3335.267
3326.336
3324.017
3316.671
3315.847
3305.95
3305.705
3300.87
3299.385
3290.447
3299.378
3301.697
3309.043
3309.867
3319.764
3320.009
3324.844
3326.329
3335.267
3327.195
3334.793
3283.762
3283.39
3288.253
3290.247
3279.861
3283
3271.588
3271.402
3270.716
3270.902
3271.588
3262.657
3263.121
3272.059
3276.921
3287.308
3327.933
3332.247
3335.205
3335.755
3339.33
3331.428
3314.912
3314.448
3313.834
3293.808
3288.287
3285.33
3281.299
3269.701
3265.236
3260.468
3259.53
3221.048
3187.112
3172.267
3170.164
3167.519
3152.488
3147.626
3096.595
3093.638
3108.483
3110.586
3113.231
3128.262
3133.124
3184.155
3187.112
3189.022
3187.434
3178.504
3176.184
3168.839
3168.014
3158.117
3157.872
3153.037
3151.553
3142.615
3151.545
3153.865
3161.21
3162.035
3139.565
3139.807
3144.593
3146.063
3154.909
3157.527
3148.471
3142.447
3145.213
3136.274
3131.412
3121.026
3080.401
3076.086
3073.129
3072.579
3100.973
3110.004
3114.917
3125.411
3133.816
3138.13
3141.088
3141.638
3145.213
3143.303
3146.478
3174.39
3166.84
3163.129
3146.459
3137.528
3135.209
3127.863
3127.039
3117.142
3116.897
3112.062
3110.577
3133.948
3142.971
3145.315
3152.737
3153.57
3163.57
3163.818
3168.703
3170.203
3179.234
3180.889
3170.889
3163.26
3152.766
3149.711
3133.587
3118.587
3118.118
3147.921
3146.405
3123.63
3131.259
3141.754
3144.809
3154.053
3170.177
3185.177
3185.646
3188.634
3190.134
3198.702
3195.714
3186.682
3186.495
3181.582
3180.889
3170.395
3170.582
3129.534
3125.174
3125.867
3122.879
3122.323
3151.539
3160.666
3165.63
3176.236
3217.716
3222.121
3225.141
3225.703
3229.353
3227.966
3225.795
3226.268
3221.026
3221.441
3222.173
3214.544
3197.857
3197.341
3201.794
3205.003
3210.19
3211.794
3209.669
3210.346
3218.424
3220.768
3222.784
3223.732
3223.263
3222.586
3221.086
3212.063
3209.719
3202.297
3201.464
3191.464
3191.216
3186.331
3184.831
3182.901
3173.87
3182.893
3185.237
3192.659
3193.492
3203.492
3200.284
3200.531
3205.417
3200.229
3198.625
3200.125
3209.156
3208.479
3200.401
3198.057
3196.042
3195.094
3198.302
3203.49
3205.094
3205.771
3213.849
3216.193
3218.208
3219.156
3234.594
3225.563
3220.65
3210.155
3169.107
3164.747
3161.759
3194.479
3190.829
3199.955
3204.92
3215.525
3257.005
3261.411
3264.43
3264.992
3234.594
3239.105
3280.154
3277.099
3281.146
3277.938
3272.75
3271.146
3270.469
3262.391
3260.047
3258.031
3257.083
3260.292
3265.479
3267.083
3267.76
3275.839
3278.182
3280.198
3281.146
3276.233
3296.421
3305.452
3315.452
3312.243
3307.056
3305.452
3304.775
3296.697
3294.353
3292.337
3291.389
3294.598
3299.785
3301.389
3302.066
3310.145
3312.488
3314.504
3315.452
3314.702
3316.85
3313.678
3304.647
3299.734
3289.24
3248.191
3243.832
3240.844
3240.288
3270.746
3279.872
3284.837
3295.442
3302.163
3306.522
3309.51
3310.066
3313.678
3304.655
3302.311
3294.889
3294.056
3284.056
3283.809
3278.923
3277.423
3268.392
3243.628
3245.947
3253.293
3254.117
3264.014
3264.259
3269.094
3270.579
3279.517
3279.639
3276.464
3271.33
3269.742
3269.072
3261.077
3263.722
3261.402
3259.407
3258.469
3261.644
3266.778
3268.366
3269.036
3277.031
3279.351
3281.345
3282.284
3280.646
3262.292
3278.087
3282.679
3232.679
3233.282
3236.918
3241.293
3249.035
3253.773
3262.523
3261.92
3261.739
3261.067
3257.431
3249.521
3246.41
3241.38
3239.824
3239.168
3231.335
3229.062
3227.107
3226.188
3229.299
3234.33
3235.885
3236.542
3244.375
3246.648
3248.602
3249.521
3241.688
3237.739
3234.628
3229.597
3228.042
3227.385
3218.628
3210.794
3206.03
3203.758
3193.581
3191.626
3151.822
3150.903
3146.676
3143.778
3146.889
3151.919
3151.38
3179.999
3181.57
3182.233
3190.147
3192.443
3194.417
3195.346
3195.747
3186.908
3184.612
3177.342
3176.526
3199.376
3199.131
3194.296
3192.812
3183.874
3192.804
3195.124
3202.469
3203.294
3213.191
3213.436
3218.271
3219.755
3228.693
3225.518
3220.384
3218.796
3218.126
3210.131
3207.812
3205.817
3204.879
3208.054
3213.188
3214.776
3215.446
3223.441
3225.76
3227.755
3228.693
3229.363
3224.501
3223.677
3223.166
3221.528
3215.765
3206.294
3205.356
3204.985
3200.67
3173.755
3174.58
3142.691
3144.313
3150.017
3159.392
3160.32
3160.688
3164.958
3159.36
3158.703
3158.34
3166.082
3162.971
3157.941
3156.385
3155.729
3147.895
3145.622
3143.668
3142.749
3145.86
3150.89
3152.446
3153.102
3160.936
3163.208
3165.163
3166.082
3163.006
3158.242
3154.606
3174.227
3166.318
3163.207
3158.177
3156.621
3155.965
3148.131
3145.859
3143.904
3142.985
3146.096
3151.126
3152.682
3153.338
3161.172
3163.444
3165.399
3166.318
3157.561
3157.441
3179.864
3172.39
3162.11
3159.117
3143.323
3128.629
3128.17
3125.242
3123.773
3101.917
3109.314
3119.491
3122.453
3138.088
3152.634
3153.088
3155.986
3157.441
3158.36
3152.884
3152.288
3150.038
3141.375
3139.125
3132
3131.2
3121.6
3121.363
3116.673
3115.233
3109.108
3100.438
3109.1
3111.35
3118.475
3119.275
3128.875
3129.113
3133.803
3135.243
3143.913
3127.743
3124.663
3119.683
3118.143
3117.493
3109.738
3107.488
3105.553
3104.643
3141.97
3140.457
3137.866
3133.412
3141.783
3130.949
3126.631
3126.029
3118.631
3073.246
3072.792
3064.042
3061.769
3054.572
3053.764
3044.067
3043.827
3039.09
3037.635
3028.878
3039.711
3039.529
3034.792
3049.64
3038.277
3044.527
3059.254
3092.504
3090.42
3110.042
3114.417
3114.871
3095.295
3086.538
3076.841
3096.417
3105.174
3114.871
3135.712
3152.059
3157.924
3165.121
3165.303
3174.053
3188.78
3187.176
3185.304
3188.38
3191.491
3195.415
3192.889
3194.76
3195.158
3187.961
3187.779
3179.029
3164.302
3171.499
3171.681
3180.431
3195.158
3192.631
3192.511
3193.842
3184.562
3188.486
3204.121
3201.223
3194.027
3193.845
3185.095
3170.367
3177.564
3177.746
3186.496
3201.223
3205.961
3183.501
3170.595
3176.72
3167.12
3159.796
3149.721
3178.574
3162.939
3148.394
3147.939
3145.042
3143.587
3145.67
3144.115
3143.196
3141.514
3136.842
3117.266
3114.304
3113.941
3098.971
3090.221
3089.857
3094.595
3087.398
3087.216
3078.466
3063.739
3070.936
3071.117
3079.867
3094.595
3110.777
3121.61
3141.61
3139.928
3136.852
3099.148
3104.178
3103.576
3118.121
3116.038
3108.841
3108.659
3099.909
3085.182
3092.379
3092.561
3101.311
3116.038
3119.674
3124.705
3125.102
3126.707
3127.626
3125.035
3124.535
3117.338
3071.953
3064.756
3064.574
3055.824
3041.097
3048.294
3048.476
3057.226
3071.953
3044.605
3037.207
3035.753
3063.101
3070.499
3071.953
3083.317
3078.553
3082.189
3121.994
3102.418
3093.66
3083.963
3103.539
3112.297
3121.994
3133.357
3129.721
3118.395
3117.587
3102.86
3112.557
3105.36
3105.178
3096.428
3081.701
3055.215
3055.665
3053.625
3057.956
3084.895
3080.668
3085.34
3085.737
3100.586
3108.894
3117.158
3120.234
3153.484
3163.66
3152.335
3176.68
3190.21
3186.537
3188.833
3188.154
3150.065
3143.751
3139.481
3134.14
3131.431
3127.794
3127.34
3136.304
3128.04
3131.152
3136.182
3137.737
3138.394
3146.227
3148.5
3150.455
3151.374
3151.737
3151.01
3151.465
3153.365
3151.092
3166.062
3163.979
3160.476
3157.365
3152.335
3150.779
3150.122
3142.289
3140.016
3138.062
3137.143
3140.254
3145.284
3146.84
3147.496
3155.33
3157.602
3159.557
3160.476
3165.148
3173.456
3158.486
3155.375
3150.345
3148.789
3148.133
3140.299
3138.027
3136.072
3135.153
3138.264
3143.294
3144.85
3145.506
3153.34
3155.612
3157.567
3158.486
3154.85
3154.61
3151.499
3146.468
3144.913
3144.256
3136.423
3134.15
3132.196
3131.277
3134.388
3139.418
3140.973
3141.63
3149.463
3151.736
3153.691
3154.61
3156.095
3151.64
3154.35
3153.952
3155.437
3152.326
3147.295
3145.74
3145.083
3149.458
3141.625
3139.352
3137.398
3136.479
3139.59
3144.62
3146.176
3146.832
3154.665
3156.938
3158.893
3159.812
3159.004
3158.504
3156.899
3151.253
3141.972
3141.053
3140.689
3136.462
3141.827
3142.643
3143.148
3144.769
3150.473
3159.848
3160.777
3161.144
3165.415
3159.812
3162.888
3170.085
3168.184
3174.434
3179.768
3199.343
3201.427
3229.886
3234.432
3236.037
3263.385
3269.635
3277.08
3257.504
3248.746
3239.049
3226.039
3234.709
3212.187
3214.05
3211
3206.069
3204.545
3203.901
3196.223
3193.995
3192.079
3191.178
3194.228
3199.158
3200.683
3201.327
3209.005
3211.233
3213.149
3214.05
3212.476
3218.011
3214.962
3210.031
3208.506
3207.863
3200.184
3197.957
3196.041
3195.14
3198.189
3203.12
3204.645
3205.288
3212.967
3215.194
3217.11
3218.011
3222.244
3226.476
3225.818
3222.769
3217.838
3216.313
3215.67
3207.991
3205.764
3203.848
3202.947
3205.996
3210.927
3212.452
3213.095
3220.774
3223.001
3224.917
3225.818
3230.488
3231.792
3229.958
3217.326
3214.246
3209.266
3207.726
3207.076
3199.321
3197.071
3195.136
3194.226
3197.306
3202.286
3203.826
3204.476
3212.231
3214.481
3216.416
3217.326
3217.146
3213.679
3210.599
3205.619
3204.079
3203.429
3195.674
3193.424
3188.799
3188.405
3186.47
3185.56
3170.86
3162.635
3165.715
3157.534
3162.514
3159.469
3161.009
3128.091
3128.741
3118.666
3126.421
3128.671
3133.296
3135.231
3135.625
3136.535
3151.235
3159.46
3167.641
3170.686
3203.604
3213.679
3206.355
3216.43
3207.555
3208.995
3202.808
3199.728
3194.748
3193.208
3192.558
3184.803
3182.553
3180.618
3179.708
3178.119
3182.835
3198.855
3170.68
3185.38
3185.61
3187.275
3185.213
3185.573
3184.663
3184.013
3184.923
3185.573
3201.593
3207.183
3207.576
3215.241
3218.709
3235.85
3227.274
3219.173
3201.865
3203.335
3211.56
3217.15
3220.195
3205.795
3205.435
3209.32
3241.081
3242.763
3228.217
3229.822
3225.595
3225.835
3225.295
3234.053
3233.326
3246.543
3237.696
3261.178
3281.157
3290.095
3299.992
3297.866
3305.211
3303.379
3299.668
3294.534
3298.245
3303.379
3311.281
3311.687
3308.548
3314.927
3320.447
3304.49
3304.954
3299.51
3290.966
3305.812
3295.915
3284.503
3290.817
3295.747
3291.06
3274.216
3321.02
3321.712
3325.462
3358.296
3361.383
3364.588
3363.63
3360.425
3389.658
3384.738
3384.319
3368.681
3359.931
3351.227
3347.988
3312.969
3302.251
3307.172
3307.59
3323.229
3331.979
3340.682
3343.922
3378.94
3389.658
3389.09
3373.452
3331.531
3341.305
3331.092
3383.751
3387.884
3395.725
3398.964
3401.023
3401.714
3401.235
3402.001
3396.703
3404.283
3410.23
3416.813
3401.493
3413.461
3408.854
3397.077
3407.29
3407.045
3412.662
3392.045
3382.822
3372.609
3371.207
3391.824
3401.048
3375.353
3385.024
3396.826
3395.154
3381.196
3379.246
3377.266
3360.972
3340.572
3338.592
3317.75
3313.634
3322.761
3307.603
3305.455
3302.755
3287.408
3282.443
3230.338
3227.318
3242.476
3244.624
3247.324
3262.671
3267.636
3285.16
3288.148
3288.664
3301.081
3292.009
3287.544
3292.379
3291.973
3283.539
3274.466
3279.987
3283.698
3303.678
3311.228
3310.403
3317.749
3316.924
3316.414
3314.776
3309.013
3299.541
3298.603
3298.232
3293.918
3301.034
3301.867
3302.383
3304.038
3309.861
3319.431
3320.379
3320.754
3325.113
3317.749
3315.429
3295.403
3287.409
3290.174
3285.406
3285.916
3287.432
3288.916
3284.885
3300.04
3299.918
3288.358
3286.771
3286.22
3276.323
3279.898
3275.13
3274.724
3259.57
3251.09
3242.656
3239.517
3205.581
3195.195
3189.751
3173.794
3168.351
3163.943
3164.407
3167.173
3185.365
3194.212
3198.202
3202.987
3183.166
3186.273
3184.773
3164.997
3156.151
3178.791
3178.281
3206.794
3231.432
3232.189
3202.532
3205.232
3205.042
3220.642
3226.526
3224.546
3220.141
3222.121
3226.526
3210.233
3194.886
3192.062
3188.412
3187.728
3189.275
3206.737
3201.12
3210.343
3231.008
3231.976
3230.005
3239.221
3239.699
3240.465
3233.949
3230.71
3218.782
3214.33
3215.096
3211.266
3205.968
3209.798
3215.096
3173.174
3168.566
3176.816
3181.364
3186.382
3187.073
3199.001
3205.517
3210.507
3212.701
3210.642
3242.281
3247.352
3249.546
3249.969
3280.265
3284.469
3296.566
3288.147
3285.388
3303.097
3287.586
3285.528
3269.061
3221.262
3215.964
3213.235
3221.027
3236.793
3236.41
3236.601
3243.184
3233.96
3239.577
3204.559
3219.878
3203.005
3200.858
3198.158
3207.5
3216.618
3218.166
3224.679
3224.489
3223.789
3240.811
3235.846
3238.479
3223.321
3193.663
3189.258
3197.5
3170.018
3169.391
3165.601
3161.042
3152.974
3148.037
3138.918
3139.546
3143.336
3147.895
3155.963
3160.9
3170.018
3173.105
3171.125
3163.057
3165.007
3175.112
3175.586
3172.762
3172.383
3143.883
3102.403
3096.845
3112.318
3115.405
3114.563
3125.168
3120.3
3121
3124.789
3124.547
3125.175
3117.012
3117.712
3113.596
3129.07
3126.246
3123.878
3123.036
3122.514
3120.842
3114.958
3105.287
3104.329
3103.95
3099.545
3072.063
3106.713
3115.839
3106.721
3078.221
3073.816
3094.216
3097.303
3102.039
3106.599
3108.579
3122.537
3102.137
3099.966
3070.308
3065.571
3063.899
3035.399
3028.886
3021.128
3041.528
3043.699
3073.357
3078.093
3079.766
3108.266
3114.779
3122.537
3129.05
3157.551
3149.971
3149.552
3151.523
3145.906
3137.36
3101.965
3093.168
3122.281
3115.645
3103.613
3105.287
3114.227
3116.469
3121.115
3118.874
3126.618
3142.27
3142.02
3146.569
3142.656
3137.243
3141.156
3146.569
3149.879
3150.008
3162.236
3166.005
3176.44
3182.179
3189.924
3200.359
3206.179
3185.114
3182.897
3173.957
3173.467
3175.033
3174.043
3183.609
3178.901
3177.912
3178.781
3184.194
3168.346
3162.144
3164.411
3166.883
3166.389
3166.519
3151.948
3148.602
3160.387
3158.352
3161.698
3161.437
3160.437
3159.723
3160.723
3161.437
3163.703
3173.799
3183.552
3189.522
3203.55
3182.981
3162.142
3157.099
3162.454
3152.132
3153.11
3149.382
3144.785
3156.882
3167.715
3172.554
3181.876
3177.699
3168.156
3189.446
3187.228
3183.295
3188.285
3192.976
3187.279
3186.801
3192.747
3177.237
3187.955
3183.347
3174.644
3171.367
3179.464
3171.707
3174.53
3147.049
3169.118
3169.826
3173.985
3174.238
3177.358
3178.049
3181.289
3196.799
3188.096
3191.148
3192.549
3176.082
3144.403
3149.051
3141.259
3139.727
3168.531
3176.322
3177.854
3189.782
3195.399
3187.245
3185.274
3175.912
3209.202
3226.427
3223.116
3187.72
3205.108
3201.833
3202.548
3211.863
3225.741
3217.816
3205.719
3210.762
3191.857
3195.77
3201.544
3192.222
3201.765
3198.453
3188.91
3183.233
3171.136
3170.652
3167.567
3164.255
3159.659
3163.863
3168.46
3172.188
3193.027
3203.349
3201.641
3201.386
3218.03
3219.738
3217.319
3216.544
3218.762
3210.837
3210.122
3216.133
3224.058
3223.359
3219.488
3214.133
3218.004
3223.359
3218.386
3202.902
3200.708
3197.95
3182.273
3177.202
3123.976
3120.891
3136.375
3138.569
3141.327
3157.004
3162.075
3181.096
3184.148
3186.876
3184.875
3184.492
3187.731
3208.348
3199.133
3194.144
3197.42
3144.761
3156.17
3140.404
3152.332
3152.715
3173.332
3172.914
3176.602
3175.201
3180.19
3193.92
3199.592
3201.629
3178.279
3169.247
3169.622
3170.138
3178.216
3168.216
3202.505
3178.562
3180.665
3180.201
3178.686
3178.222
3174.216
3172.732
3144.82
3147.464
3142.021
3157.299
3157.113
3159.023
3120.541
3135.387
3136.001
3131.536
3131.072
3131.478
3129.539
3112.869
3114.995
3099.037
3091.487
3096.255
3092.224
3088.649
3103.928
3101.162
3101.713
3113.311
3105.409
3113.888
3114.398
3111.754
3101.367
3098.723
3099.393
3104.255
3092.355
3089.362
3090.862
3091.321
3082.474
3090.388
3093.495
3082.551
3076.237
3042.648
3027.954
3021.704
3012.857
3042.085
3053.683
3054.054
3040.384
3035.838
3037.322
3044.872
3095.903
3116.316
3136.295
3151.14
3156.584
3154.589
3150.124
3150.866
3156.629
3163.008
3166.147
3156.25
3151.116
3143.771
3145.409
3156.821
3157.285
3157.795
3151.481
3155.192
3148.813
3137.756
3142.164
3162.576
3168.019
3173.782
3179.17
3190.649
3188.097
3201.267
3211.547
3203.091
3202.356
3205.093
3224.869
3225.413
3232.934
3230.829
3236.798
3233.806
3253.628
3263.003
3275.428
3269.782
3274.411
3285.624
3282.024
3277.044
3275.726
3286.796
3284.546
3286.428
3295.09
3292.525
3277.825
3281.735
3280.825
3275.545
3273.664
3254.284
3252.221
3224.046
3219.546
3217.958
3190.883
3184.695
3177.325
3196.705
3198.768
3226.943
3231.443
3233.031
3260.106
3266.294
3273.664
3269.779
3282.685
3284.003
3290.128
3286.528
3263.493
3224.476
3222.903
3233.864
3234.099
3247.228
3243.381
3232.28
3204.384
3189.71
3150.694
3151.407
3153.449
3169.311
3169.428
3169.038
3159.533
3155.301
3160.962
3159.404
3155.596
3162.581
3163.022
3162.238
3165.113
3167.135
3193.679
3200.664
3196.855
3200.255
3195.631
3196.216
3192.816
3188.218
3181.233
3183.748
3188.346
3192.592
3192.206
3190.39
3206.243
3206.419
3204.397
3203.532
3187.671
3188.261
3169.657
3169.02
3177.04
3146.676
3146.239
3125.218
3125.791
3116.56
3097.925
3101.26
3096.725
3105.186
3096.85
3093.516
3079.266
3081.227
3081.867
3096.117
3098.583
3091.213
3090.639
3087.178
3083.013
3075.643
3071.133
3062.804
3063.377
3066.839
3071.004
3078.374
3082.883
3061.773
3066.801
3051.544
3052.944
3015.414
2972.623
2980.88
2980.013
2979.394
2980.261
2980.88
2990.475
3008.961
3008.334
3002.555
2995.646
3003.033
3005.939
2987.613
2940.915
2938.149
2933.167
2930.637
2927.764
2923.34
2904.038
2901.595
2898.695
2890.438
2875.038
2861.324
2859.481
2821.951
2813.499
2802.785
2788.785
2782.892
2782.72
2779.82
2779.445
2768.731
2768.388
2765.595
2773.149
2773.035
2768.525
2762.576
2755.725
2746.494
2744.893
2709.001
2704.891
2686.213
2685.338
2681.876
2667.626
2667.248
2662.099
2646.695
2646.262
2603.059
2595.15
2594.999
2581.018
2579.038
2576.547
2562.392
2557.813
2509.755
2506.97
2505.542
2501.746
2522.027
2516.547
2515.105
2536.574
2533.559
2528.257
2526.832
2507.599
2507.153
2518.965
2504.265
2493.053
2478.233
2472.045
2463.82
2454.22
2465.973
2462.898
2461.413
2446.867
2432.019
2422.739
2394.279
2393.552
2391.652
2387.424
2383.106
2380.58
2375.17
2373.716
2368.979
2341.63
2358.051
2356.582
2384.209
2391.682
2393.152
2392.917
2392.182
2387.763
2386.191
2335.681
2332.008
2331.548
2316.855
2315.355
2314.62
2313.12
2310.013
2300.957
2300.714
2300.472
2280.696
2264.349
2244.574
2242.469
2213.719
2209.128
2207.506
2179.879
2171.04
2164.726
2157.205
2176.981
2179.085
2207.835
2212.427
2214.048
2241.676
2247.99
2255.51
2252.403
2249.666
2244.88
2244.202
2235.355
2231.681
2224.411
2212.969
2212.51
2227.974
2219.036
2204.191
2196.593
2195.978
2184.38
2179.741
2189.003
2182.557
2182.042
2176.219
2174.289
2172.555
2165.133
2155.888
2126.539
2116.969
2115.438
2113.508
2102.336
2094.914
2092.766
2089.154
2081.169
2065.857
2086.903
2066.503
2063.679
2046.658
2045.111
2065.899
2060.91
2058.851
2055.997
2052.309
2050.338
2071.81
2059.907
2059.423
2053.665
2049.008
2043.965
2014.852
2014.465
2014.337
2032.463
2024.503
2003.438
1998.791
1998.084
1995.842
1987.832
1986.842
1986.136
1976.72
1973.533
1964.109
1958.37
1954.457
1948.38
1947.989
1939.56
1934.852
1932.635
1925.909
1913.681
1909.132
1906.914
1906.132
1896.708
1892.458
1890.893
1910.941
1925.963
1925.413
1888.838
1888.115
1904.937
1901.642
1900.833
1892.035
1908.176
1901.824
1872.039
1853.453
1859.997
1859.422
1880.715
1868.862
1857.568
1850.362
1827.562
1820.282
1816.7
1811.151
1800.96
1800.259
1796.024
1790.928
1781.91
1776.393
1787.228
1787.938
1792.223
1797.379
1806.504
1812.088
1822.4
1804.757
1787.615
1786.979
1803.358
1813.064
1812.515
1832.836
1771.725
1747.281
1737.127
1723.238
1722.682
1743.723
1723.698
1709.636
1702.648
1696.048
1695.598
1687.942
1682.43
1700.331
1696.619
1689.935
1686.304
1665.835
1663.491
1659.971
1656.683
1656.178
1646.236
1661.609
1610.432
1600.36
1572.303
1593.108
1585.655
1593.468
1603.241
1576.118
1546.165
1539.615
1538.786
1547.519
1566.68
1563.016
1509.691
1528.844
1548.018
1540.695
1526.577
1523.544
1495.044
1492.011
1450.577
1443.96
1441.623
1401.807
1413.494
1402.494
1431.42
1434.498
1476.55
1483.267
1485.638
1526.049
1535.284
1546.284
1543.912
1517.43
1514.305
1513.402
1511.405
1510.398
1520.981
1503.95
1513.582
1536.337
1546.923
1538.891
1548.381
1545.297
1552.302
1548.902
1544.627
1541.19
1545.436
1541.089
1537.593
1518.589
1532.144
1548.169
1552.768
1552.857
1537.093
1558.317
1528.65
1511.637
1510.433
1468.502
1471.923
1451.298
1442.644
1435.976
1438.132
1460.805
1460.862
1454.648
1415.005
1408.791
1400.811
1400.569
1397.327
1387.755
1381.469
1383.362
1411.38
1430.584
1371.726
1355.804
1382.733
1442.9
1459.175
1462.375
1494.398
1525.733
1499.57
1454.5
1367.692
1364.343
1386.649
1393.122
1426.713
1442.317
1424.048
1386.048
1324.293
1297.78
1329.294
1364.969
1376.539
1354.168
1376.79
1376.092
1375.563
1401.246
1374.996
1224.996
1252.441
1217.848
1210.681
1239.038
1174.438
1146.659
1144.953
1166.987
1127.451
1068.931
1049.375
866.042
863.375
894.288
865.942
823.06
848.76
731.365
712.615
705.995
593.182
567.401
536.693
617.443
626.036
743.432
762.182
768.802
881.615
907.396
938.104
935.62
933.135
918.135
900.089
868.151
848.609
847.842
834.451
825.484
781.679
773.574
741.188
705.911
726.544
682.544
660.888
525.513
488.894
481.694
384.794
374.481
233.606
211.106
203.163
67.788
36.85
0
