882
4758
8634
9729
13401
17769
13893
13011
16887
17769
14097
9729
5853
4758
8430
12798
16674
17769
17985
19641
20677
27973
24301
23419
22324
18448
14572
10204
11299
15667
19543
20425
24301
27973
31413
39045
40473
41403
52659
53754
78171
74499
70623
66255
65160
69528
73200
77076
78171
74295
73413
77289
78171
77076
72708
69036
65160
66255
70623
74295
78171
81531
81587
97868
100178
96506
95411
91535
87167
91043
92138
95810
100178
96302
95420
91052
87380
83504
82409
86081
87393
96017
99767
125408
127064
132744
133674
137706
176250
178420
181290
182109
187933
188605
197901
207225
209673
215993
216875
223943
232232
232394
237938
232122
215841
215679
214797
207729
224010
230330
232778
233660
240728
240890
234570
234408
233526
231078
214797
207729
224010
226458
227340
233660
240728
240890
231090
230271
229599
226729
217405
211581
205261
214585
217455
201174
206998
206836
204388
203506
213306
213978
214797
207729
214797
229538
229700
232148
235780
236662
232282
227502
227340
227682
225234
208953
211401
212283
218603
234128
234290
241358
202814
200644
196612
198782
240782
244814
270455
278087
286711
289021
272740
267176
260108
259946
259064
256616
257498
261374
257498
256616
260492
261374
255550
254878
245078
242208
232884
232065
241389
251189
254059
259883
260702
261374
260492
256616
257498
261374
261635
267315
268410
270990
267114
266232
267114
270990
267630
251349
251293
248983
251293
251349
267630
270990
267114
266232
263922
256290
247666
222025
229657
255298
257608
266232
266907
287775
245775
241743
239573
281573
285605
287775
295071
302703
309023
309905
327230
328022
329117
332177
343537
343753
352377
369702
369963
380421
422421
423261
426621
425949
420125
410801
409982
400182
397312
403136
412936
413608
416478
417297
426621
430497
430991
438591
444387
452019
454889
458329
459424
465744
477374
477430
477486
490842
495644
497228
516024
528813
532245
532933
533969
540999
546455
549887
550727
552039
554209
557959
562327
565267
565477
566317
594149
603949
605665
606337
612161
619229
630269
638057
658925
672008
674178
687138
699162
700746
704418
705846
718635
723003
723795
724483
725603
734927
739139
739979
741291
754080
761376
761637
774597
795465
823059
823851
828735
836391
838341
843143
851883
864399
864893
890534
891654
894068
894950
900774
904650
912282
913731
915331
918201
923997
933321
964755
965875
977903
983359
987031
990881
992193
995063
1006727
1008419
1011479
1021937
1029569
1031969
1040709
1048309
1052701
1057069
1064099
1064939
1067339
1072829
1085789
1091613
1097293
1097968
1099088
1124729
1128161
1128161
1128377
1129977
1132425
1132635
1136385
1137834
1138050
1138260
1149516
1149516
1154400
1160080
1164460
1164516
1172172
1176652
1179232
1192192
1193641
1195225
1195225
1197395
1197656
1207294
1208330
1215398
1225856
1231488
1251508
1264178
1264234
1298422
1298422
1298422
1304218
1308654
1323774
1323774
1326174
1337094
1346418
1346912
1350152
1354364
1359478
1359478
1360153
1364361
1377264
1387722
1387983
1408851
1408851
1409971
1416469
1417564
1430647
1430647
1434319
1440115
1440115
1441567
1452025
1467145
1471357
1480681
1486837
1486837
1486837
1486837
1488259
1488259
1489099
1501888
1506364
1507834
1513514
1518398
1518398
1523282
1523282
1523954
1527668
1528196
1528871
1529711
1534219
1536667
1536667
1536667
1535875
1536550
1536550
1537222
1539622
1541357
1552397
1563653
1555779
1555779
1563225
1568013
1577463
1581855
1585215
1586799
1587471
1587471
1595079
1595898
1597848
1601724
1607772
1607934
1607934
1608970
1610065
1610857
1614607
1621911
1621967
1629436
1633068
1633068
1633068
1633908
1635850
1638928
1644088
1644088
1644088
1644088
1644088
1646812
1646782
1646782
1655321
1657491
1660551
1666479
1666479
1667271
1671135
1671135
1671823
1673275
1673275
1673275
1674727
1661938
1662178
1662178
1668226
1668226
1668226
1668388
1676806
1676806
1678536
1678536
1678536
1679796
1666620
1666620
1669800
1669112
1669112
1669112
1663441
1668243
1668915
1670256
1668548
1660764
1651804
1648934
1648262
1648262
1648262
1649081
1649081
1649081
1649753
1649489
1649489
1647969
1646202
1639882
1636620
1637148
1637148
1640208
1642518
1647315
1648351
1655381
1656476
1656970
1661002
1661002
1664878
1664878
1664878
1664878
1666684
1675308
1675308
1675308
1675569
1675737
1675737
1675737
1675899
1675899
1667859
1667655
1668183
1665026
1666304
1666976
1668288
1668288
1668288
1670364
1670364
1670364
1670364
1663334
1665381
1665993
1665641
1671001
1668131
1668131
1671555
1666075
1666075
1666075
1666075
1670555
1659766
1659766
1659766
1659766
1659712
1664172
1665267
1664172
1671468
1671468
1675784
1678952
1681754
1682594
1682594
1680146
1679866
1679866
1681522
1681522
1678990
1679678
1668758
1677758
1677497
1677443
1677443
1666523
1666523
1677858
1679808
1711296
1710802
1710802
1710802
1710802
1711063
1711063
1711591
1721006
1725808
1727260
1727260
1729570
1729810
1730338
1730338
1736134
1736134
1740070
1741214
1719083
1719083
1719083
1719083
1719875
1719875
1719875
1719875
1723735
1723735
1723735
1714235
1699598
1700390
1706070
1707000
1681156
1681156
1683484
1683484
1675756
1682076
1682076
1683528
1683203
1683995
1682875
1672417
1672417
1648776
1640656
1638850
1631218
1633528
1632688
1641428
1641428
1657421
1655007
1662639
1662639
1671263
1678163
1677491
1677491
1677491
1677491
1676179
1676179
1676179
1673599
1674271
1676851
1676851
1676851
1676851
1676851
1683655
1684967
1685807
1685863
1684309
1679941
1677071
1675739
1677051
1677213
1680629
1680685
1686945
1686945
1686945
1689393
1689771
1691355
1692195
1704480
1699662
1692006
1692006
1689768
1689768
1689768
1692216
1674780
1674780
1678704
1666941
1674567
1678007
1678007
1681067
1677869
1674149
1665913
1665913
1665857
1671203
1668143
1668143
1668143
1668143
1664771
1664510
1664510
1660034
1659362
1657778
1658453
1658693
1666925
1659629
1659629
1679741
1679741
1678901
1678901
1678901
1678226
1679678
1674794
1671354
1674794
1669114
1669954
1664854
1664854
1664854
1664084
1664084
1664084
1667324
1662522
1662522
1662522
1664472
1667028
1663356
1663356
1622676
1620506
1619930
1619930
1619930
1622100
1622361
1622100
1622100
1628968
1616179
1616179
1598821
1601221
1603391
1613849
1618497
1611467
1614337
1623007
1621407
1612667
1611995
1611995
1611995
1619415
1619415
1619415
1619415
1614655
1603320
1605930
1606140
1608720
1609214
1609214
1610663
1609351
1610263
1610263
1608951
1613753
1613181
1619881
1619881
1629025
1628323
1628323
1621519
1624299
1624299
1624299
1624299
1623627
1621047
1631967
1631967
1633279
1660231
1661186
1661858
1661858
1661858
1661858
1668650
1669469
1669469
1672445
1677901
1680071
1680071
1666988
1666988
1667780
1667780
1667780
1667780
1651787
1651787
1634077
1634749
1634749
1625533
1632943
1632943
1632943
1632943
1642267
1642955
1635839
1640207
1640207
1640207
1639367
1639628
1640447
1643687
1642592
1642020
1653060
1653060
1653060
1650084
1652640
1651191
1651191
1652847
1657215
1657766
1655186
1647530
1642675
1642411
1629451
1629451
1632031
1632031
1632031
1632031
1632031
1632031
1630431
1631223
1631223
1627473
1631685
1631685
1631685
1633100
1632938
1629878
1627428
1629876
1636196
1594196
1594196
1592864
1593900
1590024
1591336
1591336
1591336
1591336
1596220
1602028
1602028
1604476
1604476
1611772
1604704
1595380
1587148
1584700
1585228
1578604
1577812
1577284
1577284
1545850
1545850
1546886
1543646
1544318
1545770
1558559
1569348
1569348
1569348
1569348
1569348
1569348
1569348
1570188
1565304
1566234
1570602
1559562
1561732
1563184
1563184
1563184
1563184
1562512
1562512
1562512
1561693
1562512
1562512
1565382
1566054
1566054
1566054
1566054
1566054
1565379
1565379
1566415
1567234
1551909
1551909
1551323
1551267
1544319
1544319
1544319
1544193
1543932
1542896
1535264
1533815
1538699
1538699
1533243
1536127
1528993
1523361
1523193
1496241
1493661
1492989
1492989
1482069
1482069
1480757
1480757
1483697
1483697
1486277
1486277
1486439
1478807
1489727
1491039
1491039
1491858
1492530
1492530
1492530
1492082
1492757
1494473
1500231
1500231
1492599
1492839
1495667
1491411
1495203
1489747
1490566
1487682
1479894
1479894
1477944
1474884
1470516
1470252
1464428
1464428
1464428
1423748
1425464
1422344
1422344
1387400
1388088
1389744
1390432
1389760
1396920
1396920
1400160
1401294
1401014
1404798
1407738
1411614
1398944
1402820
1402595
1392372
1388622
1387782
1382898
1395981
1393811
1393811
1393811
1391851
1390756
1391792
1397840
1397840
1402724
1402230
1408278
1393158
1388356
1394404
1388356
1385486
1381702
1387498
1387498
1387498
1383286
1392610
1374430
1381734
1383318
1376250
1376194
1381049
1381049
1381049
1388795
1388633
1388633
1400273
1394593
1397653
1397653
1397653
1410442
1411894
1411678
1410976
1413376
1419172
1419340
1419340
1419340
1411920
1423140
1423140
1426812
1422600
1422840
1424556
1423881
1428765
1428765
1427313
1427988
1418188
1418188
1409518
1409518
1399249
1401559
1398127
1398127
1397599
1392797
1391345
1391345
1392185
1386137
1384187
1387627
1387627
1381831
1387463
1387463
1396503
1395831
1395831
1394519
1394519
1394519
1394519
1391939
1381019
1388555
1389227
1389227
1390539
1390539
1390539
1390539
1392615
1392615
1396365
1403433
1404225
1404225
1403406
1403406
1403376
1392918
1395332
1396368
1404024
1404024
1404234
1383366
1374626
1374842
1374842
1374842
1374842
1374842
1374002
1374002
1372966
1373128
1372288
1372450
1372450
1368178
1368178
1366228
1360548
1355664
1355664
1355664
1357113
1374823
1374661
1374661
1374605
1377005
1377005
1377005
1377005
1377005
1376477
1376477
1369447
1369447
1369186
1349166
1349166
1346226
1348626
1337706
1338200
1333316
1321847
1328525
1328525
1327643
1327643
1332445
1334101
1334101
1334595
1338267
1333465
1334395
1334395
1336565
1332353
1326305
1326305
1324993
1324993
1324321
1320445
1319757
1316317
1295449
1305910
1305910
1305910
1303740
1303740
1303332
1315208
1323832
1323832
1323144
1315512
1319388
1318596
1315536
1326213
1323357
1341067
1343937
1348329
1346673
1346673
1346673
1344363
1335039
1331799
1331799
1332999
1324259
1324259
1304239
1300567
1300567
1304779
1296991
1302815
1302815
1304531
1304531
1304531
1295698
1291822
1291822
1286026
1286026
1286026
1286554
1293622
1292173
1298851
1305919
1305919
1309669
1316569
1320445
1333234
1332658
1339726
1339726
1339726
1339054
1337742
1330086
1330086
1330086
1330086
1330758
1332070
1332070
1332070
1342990
1342990
1345570
1346690
1333730
1332635
1334007
1327527
1343808
1343808
1331676
1321008
1321008
1333797
1332213
1332213
1337015
1337015
1337015
1337015
1325759
1325759
1326578
1291634
1291634
1297458
1303967
1304102
1308986
1312154
1319810
1326074
1323674
1329722
1337191
1337191
1337191
1337191
1337191
1339771
1339771
1339771
1339771
1342219
1342219
1342219
1343875
1343875
1343875
1340815
1323105
1323105
1326273
1323825
1334283
1334283
1341351
1362219
1370007
1368057
1381413
1380573
1379643
1379643
1384527
1390575
1390575
1391250
1389080
1395980
1375112
1375112
1383120
1383120
1383120
1377440
1377440
1377496
1375912
1377628
1378122
1378122
1381794
1386678
1395418
1389660
1389660
1391970
1392138
1400878
1400046
1387257
1386569
1375649
1375649
1378889
1379099
1379918
1379424
1379110
1379110
1379110
1366321
1371597
1364697
1364697
1360329
1360329
1363249
1365829
1367293
1364053
1362958
1366834
1373314
1369822
1369822
1369822
1365454
1364779
1365619
1365619
1356995
1358444
1364240
1364240
1364240
1364928
1360126
1363566
1363566
1366926
1366926
1366926
1368642
1373042
1373042
1373042
1365866
1367855
1368674
1364306
1372866
1372026
1374202
1371892
1364260
1338619
1347243
1349553
1349553
1357185
1362345
1364925
1364925
1365141
1366945
1367785
1367785
1373465
1373465
1379097
1379097
1404576
1404576
1398780
1398780
1395066
1395066
1395066
1395066
1394247
1391377
1390705
1390705
1389393
1389393
1388721
1377801
1377801
1375221
1375221
1375221
1375221
1386141
1386813
1388125
1388125
1388125
1390705
1392481
1393300
1394612
1394612
1394084
1394140
1395592
1396687
1404691
1410679
1404883
1404883
1417681
1423729
1436518
1437448
1437976
1431076
1431076
1430236
1417438
1418278
1418440
1418440
1417600
1416808
1415772
1415772
1415772
1402689
1409169
1409169
1404801
1403982
1405932
1405932
1398144
1397904
1398999
1398999
1398879
1398207
1398207
1398207
1405503
1401831
1405581
1405581
1405581
1405749
1406277
1406277
1406115
1406115
1406115
1404107
1405559
1405559
1418915
1418915
1419587
1419587
1419587
1426894
1427930
1427930
1434960
1434960
1434960
1434960
1434960
1442256
1433632
1434320
1435976
1435976
1433968
1430218
1430218
1430218
1430218
1430218
1427638
1427638
1430218
1436518
1448158
1448158
1448158
1449742
1449742
1438702
1427662
1427662
1441018
1441018
1441018
1441018
1441018
1429378
1429378
1436674
1443622
1441312
1441312
1441312
1444552
1444552
1443712
1441864
1444174
1443355
1444147
1444147
1442695
1442020
1444890
1444772
1444772
1433732
1434551
1435045
1435045
1442677
1436629
1436629
1442095
1445455
1445455
1445455
1445455
1443405
1442717
1441877
1441877
1441877
1444747
1446403
1446235
1444651
1444651
1437751
1439063
1439063
1439063
1433015
1433015
1431920
1428860
1433744
1453835
1453835
1453835
1453835
1451665
1451665
1451665
1451665
1453835
1453835
1453835
1453835
1452523
1441603
1441603
1440931
1438351
1438351
1438351
1440931
1449991
1449991
1449991
1450663
1450663
1451975
1459271
1459271
1459487
1446527
1446527
1435670
1435670
1435670
1435910
1429430
1429430
1425990
1425750
1426786
1438042
1440912
1442361
1440705
1446753
1446753
1443513
1443513
1442673
1436877
1457745
1459915
1459915
1446832
1446832
1446832
1446776
1448646
1449682
1448149
1448149
1441119
1441119
1441119
1434799
1433083
1432153
1442449
1442361
1442361
1433737
1433737
1426081
1426081
1426081
1426243
1425555
1414635
1414635
1403379
1401927
1401135
1401135
1401351
1401351
1400679
1405047
1398567
1387473
1382969
1379729
1378693
1379813
1384181
1384181
1381601
1381601
1381601
1381439
1370981
1370671
1383460
1383460
1386040
1386040
1379720
1379720
1390760
1388360
1393816
1387496
1387496
1389806
1383326
1382798
1382798
1395314
1395314
1395314
1398184
1397352
1395636
1399076
1399076
1398582
1398582
1405260
1405260
1392471
1405554
1400670
1399851
1402407
1398531
1399203
1399203
1399203
1399203
1399203
1404087
1403559
1403559
1403559
1403559
1408697
1393577
1395913
1396174
1397486
1394426
1404695
1404695
1404695
1405625
1405625
1403315
1404915
1406515
1410907
1423696
1416400
1432732
1434181
1429379
1432547
1438343
1438343
1442464
1445334
1445334
1445334
1442754
1431834
1431162
1431162
1431162
1429850
1424322
1423010
1431914
1427634
1422832
1424432
1424432
1426148
1426148
1426148
1426148
1426148
1426148
1426148
1422272
1422272
1421065
1422649
1417100
1417100
1420364
1420124
1407335
1407335
1411085
1411085
1411085
1409633
1408049
1407374
1408046
1408046
1406594
1406594
1401710
1395230
1395230
1395230
1394969
1395497
1395497
1390613
1391405
1391461
1391461
1391461
1389745
1389745
1383949
1383949
1383949
1383949
1377049
1381846
1392886
1392886
1395334
1394914
1390780
1396828
1396828
1396884
1396092
1396092
1393152
1401633
1401633
1397345
1391297
1393745
1393745
1393907
1393907
1401583
1400547
1400547
1398891
1398891
1398630
1398630
1398468
1398684
1394934
1393602
1393602
1393546
1387978
1395766
1395766
1395766
1393318
1393318
1396486
1396486
1396486
1396486
1394038
1393350
1387554
1393350
1382892
1384492
1384492
1384492
1373236
1376676
1387770
1386030
1386030
1386912
1392012
1393404
1393932
1392600
1393440
1386410
1386410
1389650
1393400
1399080
1400768
1400768
1400768
1401470
1408106
1408106
1408106
1415738
1426616
1439972
1439972
1440212
1440374
1447274
1447274
1447274
1444826
1444826
1441676
1428593
1431653
1431653
1428809
1427714
1421234
1420415
1424623
1424623
1420951
1429459
1433335
1432567
1419607
1419607
1415857
1415689
1415689
1416481
1416975
1416975
1417665
1419471
1419471
1412403
1414059
1419855
1419855
1427643
1429243
1429243
1429243
1432993
1432993
1436743
1436743
1443063
1450093
1457123
1457123
1456859
1456859
1456859
1456859
1456859
1456859
1461661
1468729
1471599
1477279
1497391
1497391
1497391
1496881
1496881
1486204
1485529
1479733
1478213
1468112
1468112
1468328
1470044
1470044
1457255
1457255
1458971
1458971
1458971
1458163
1458835
1459675
1459675
1452206
1452206
1444737
1443897
1436829
1436829
1431945
1431945
1427733
1422931
1421275
1415227
1418491
1400781
1397541
1388801
1388801
1386401
1385726
1385726
1382558
1382720
1378844
1375604
1376276
1376276
1375588
1388671
1388671
1387222
1386728
1392372
1385736
1386831
1391633
1391633
1402562
1403402
1405002
1402602
1402152
1402152
1402152
1401333
1385052
1390732
1394608
1394608
1394664
1394664
1397244
1397300
1398752
1398752
1411523
1413123
1416363
1416363
1416363
1423431
1425879
1432199
1448480
1448642
1448642
1448586
1448586
1448586
1439262
1439937
1436061
1434609
1433817
1433817
1433817
1433817
1436877
1436877
1436877
1436877
1428137
1427897
1417439
1416767
1420643
1428563
1429991
1440071
1446707
1447526
1444656
1447162
1447162
1455902
1455902
1450270
1444446
1444446
1446102
1439034
1434150
1434150
1437582
1439298
1425942
1425662
1425422
1423112
1406831
1406775
1406103
1408413
1410453
1410453
1410509
1410509
1410509
1417978
1418140
1421380
1421380
1415748
1416678
1415990
1416046
1418986
1418986
1422226
1423426
1422754
1422754
1431378
1432473
1432473
1433403
1433403
1433403
1433403
1434333
1434333
1435933
1435933
1437385
1447345
1444273
1444273
1445585
1449335
1446755
1446755
1441871
1439291
1432971
1425903
1425903
1409622
1409460
1407012
1413332
1413494
1413494
1413494
1420400
1420400
1419608
1420644
1420644
1427940
1432308
1431489
1436745
1442569
1443345
1450245
1450245
1443345
1443315
1440867
1440867
1439555
1443227
1449547
1450475
1449380
1445708
1445708
1445708
1427998
1427998
1427998
1438456
1444516
1444516
1444516
1444858
1444876
1444876
1444876
1443564
1443564
1444239
1469880
1471329
1471329
1470627
1470627
1464147
1474083
1482651
1483389
1482549
1472931
1472931
1475991
1479663
1466874
1469934
1458618
1457196
1444398
1438758
1438758
1438758
1436178
1433868
1433868
1426236
1417612
1425244
1425244
1425244
1425244
1424208
1425996
1433303
1433303
1433303
1435253
1428575
1429103
1429103
1436171
1415303
1417253
1413813
1413813
1414849
1414849
1413249
1421989
1421827
1426195
1427647
1423279
1423279
1428959
1429175
1434971
1448867
1449029
1452469
1452469
1439680
1441132
1446016
1437392
1433516
1433354
1427196
1420290
1420290
1420290
1420290
1420452
1427520
1433840
1433840
1436288
1436288
1436288
1441544
1442664
1442664
1442925
1442106
1442106
1444976
1444814
1449020
1449020
1441724
1441724
1446608
1446776
1454402
1454402
1454930
1448414
1452164
1464407
1464407
1463371
1464683
1460933
1465301
1465795
1465795
1465633
1465633
1465633
1463977
1463697
1464817
1464817
1470385
1470646
1468336
1469936
1468484
1479524
1479524
1459976
1459976
1466068
1455028
1449316
1446446
1440398
1440398
1452554
1455794
1456055
1456055
1456217
1456217
1456217
1459857
1470777
1470777
1470777
1467609
1470479
1470479
1470647
1468827
1463371
1463371
1439770
1439770
1437370
1435654
1431778
1423990
1427350
1427350
1435138
1425922
1425922
1426450
1426450
1427269
1425937
1419421
1412125
1412125
1412944
1410774
1410102
1410102
1409940
1409940
1409940
1413108
1419156
1412676
1402980
1402140
1402140
1398972
1399140
1400235
1408905
1402585
1400137
1399975
1392907
1392907
1392907
1395355
1395355
1395517
1395517
1395517
1401837
1401621
1395825
1395825
1395825
1394985
1391817
1391817
1385769
1378739
1378245
1377453
1378128
1378368
1385837
1392317
1395293
1395257
1397705
1402111
1402111
1415451
1418321
1421919
1421787
1421787
1423239
1429287
1421631
1421631
1421631
1425863
1426958
1426958
1426958
1429964
1429964
1430132
1429460
1429460
1429460
1426220
1427936
1425788
1431836
1430180
1442513
1445383
1445383
1461664
1461136
1440268
1440268
1438684
1439178
1439178
1439178
1439122
1439122
1439122
1440158
1440158
1444966
1443366
1443156
1444380
1444164
1442712
1442712
1440402
1433502
1433502
1433502
1428046
1431214
1431214
1433794
1432078
1435954
1438930
1438930
1438930
1432882
1432882
1429210
1444232
1446101
1443077
1450546
1454422
1459819
1452163
1455835
1455835
1458883
1452835
1461505
1458635
1458635
1458635
1457186
1450118
1451774
1448414
1435625
1429305
1429305
1426857
1426857
1426695
1426695
1433763
1437395
1437395
1437395
1437395
1437557
1437557
1424201
1422485
1422485
1420315
1420315
1420315
1418145
1418145
1418145
1418145
1404789
1395291
1400923
1400923
1403093
1403093
1405963
1407275
1407275
1410715
1410451
1410451
1410451
1413691
1414483
1425232
1424824
1424824
1428184
1428184
1428184
1428184
1428712
1420924
1421092
1422022
1414954
1414954
1414954
1414898
1413968
1413968
1418336
1427895
1427895
1427895
1436775
1439645
1439645
1439645
1438525
1438469
1438469
1422593
1423265
1423265
1420025
1420697
1420697
1410068
1414706
1406918
1417838
1417838
1419290
1419290
1419962
1419794
1414850
1414850
1393982
1395566
1391198
1391142
1380393
1380393
1380393
1381065
1380246
1380246
1369206
1370658
1376114
1370318
1369790
1385075
1385075
1386147
1386147
1385985
1378917
1378917
1375477
1374165
1374165
1374165
1373671
1372071
1372071
1364843
1367903
1358687
1351391
1349791
1356859
1356859
1363470
1370766
1370766
1377796
1377796
1378290
1371970
1375030
1380854
1380854
1379759
1386827
1386827
1388027
1388027
1388027
1388027
1379287
1379287
1368031
1356775
1356559
1358159
1351839
1351839
1351839
1354709
1365167
1365167
1357871
1357655
1356619
1354963
1349283
1353495
1353495
1353495
1353495
1355095
1355095
1351655
1350725
1352381
1350953
1347593
1360382
1360382
1371422
1362338
1362338
1353598
1360894
1358024
1349284
1356004
1358174
1360574
1360736
1360736
1359878
1356206
1362002
1353749
1353989
1352953
1360249
1360249
1362697
1362529
1363649
1363649
1374905
1388381
1393265
1393265
1395845
1398637
1396057
1393477
1393477
1385689
1403014
1403014
1403014
1403014
1404134
1391345
1400085
1400085
1400085
1405803
1405803
1405803
1408383
1408383
1408383
1408383
1415679
1416609
1420485
1423920
1423920
1428558
1430728
1430989
1429953
1425069
1419105
1419777
1428401
1430117
1432697
1435373
1422290
1422290
1419866
1422736
1428416
1428416
1426816
1433006
1433006
1439326
1439110
1439110
1439110
1439110
1431322
1424422
1427620
1448048
1448048
1448048
1447012
1439716
1439716
1438264
1438264
1438264
1441587
1440551
1440302
1446254
1446254
1443806
1445258
1443250
1443250
1441650
1434354
1434354
1431294
1431294
1432636
1436164
1435372
1435900
1434451
1434451
1433632
1428013
1428013
1428013
1432815
1433607
1441266
1444434
1444434
1444434
1451226
1451226
1451226
1451226
1451226
1453176
1448292
1459750
1448830
1448830
1447900
1444460
1441717
1441717
1454506
1457674
1457674
1454614
1453014
1453014
1453014
1449954
1451670
1451670
1450995
1454745
1454529
1454691
1454691
1454691
1455510
1454058
1460378
1460378
1461053
1455215
1451339
1451339
1451339
1460009
1463885
1469517
1466647
1473127
1478797
1474429
1470997
1469281
1469281
1473157
1473157
1474959
1472019
1475187
1479555
1486851
1486851
1483683
1496766
1504186
1503394
1503394
1500524
1500785
1503329
1498860
1489644
1488894
1488654
1482858
1490154
1491036
1491036
1487160
1486230
1486174
1486174
1485913
1493545
1499225
1499225
1499225
1499225
1494423
1494219
1494219
1494219
1494219
1494219
1494480
1494480
1488432
1476669
1476408
1463052
1463052
1463052
1462890
1457210
1453970
1453970
1453970
1453970
1457210
1457471
1457471
1457471
1457633
1463313
1465769
1466297
1466297
1466825
1474345
1473005
1473005
1471885
1466061
1452705
1445236
1456492
1456492
1456330
1454380
1456036
1467292
1469462
1466222
1472018
1473558
1475894
1489250
1489082
1496551
1489082
1489082
1501115
1501115
1501115
1501115
1506667
1505848
1503268
1503762
1509218
1511088
1511088
1520580
1520580
1511655
1511655
1511655
1508215
1507105
1507105
1507897
1504657
1499129
1499804
1499804
1496934
1496934
1484145
1486593
1487087
1485503
1498586
1495346
1499558
1499558
1496688
1507852
1500822
1500822
1500822
1500822
1507890
1511640
1510040
1512281
1510771
1510771
1509322
1506742
1508054
1499384
1499384
1500224
1498912
1498162
1497634
1494274
1494274
1494274
1493949
1486161
1487091
1498347
1492667
1492667
1499963
1488923
1488248
1487576
1487576
1493012
1493012
1505408
1512308
1525391
1529222
1529222
1529897
1530425
1531461
1531461
1531461
1531461
1531461
1531200
1531200
1527450
1526414
1526414
1526414
1522742
1523003
1522073
1522073
1520057
1511387
1511881
1524089
1530149
1537979
1537979
1537979
1544459
1539739
1539739
1539739
1539739
1540669
1540669
1549300
1549300
1569100
1570874
1570874
1570874
1573046
1573046
1578482
1578482
1579170
1583236
1583236
1585816
1585816
1585816
1585816
1585816
1584997
1580381
1579706
1582115
1571258
1574994
1573542
1576412
1574696
1574936
1577106
1576866
1578310
1562029
1562191
1554403
1554235
1559915
1548875
1549136
1548974
1548974
1548974
1545539
1543829
1543829
1543829
1543301
1543301
1543175
1543175
1543343
1543343
1543617
1543356
1543356
1543356
1562620
1563932
1556636
1556636
1556636
1557672
1554432
1554432
1554432
1561022
1561022
1561022
1561022
1561022
1561022
1563602
1564638
1570866
1571554
1571610
1571610
1571610
1575282
1581602
1581602
1584682
1584682
1574152
1574152
1578028
1578028
1585058
1585058
1591232
1603875
1607043
1606875
1600685
1599373
1599573
1599573
1593525
1593363
1588561
1588561
1581369
1581369
1580729
1580567
1580567
1574771
1574771
1574771
1573055
1572215
1572551
1570895
1568025
1568025
1560393
1560393
1560337
1559461
1559461
1559461
1550837
1536677
1536677
1539713
1533349
1533349
1533349
1528465
1521559
1519959
1519959
1519959
1516083
1516083
1505163
1499879
1499879
1497431
1495979
1495049
1491299
1489847
1484023
1479655
1479655
1479127
1474759
1474759
1474759
1466135
1465040
1465040
1458992
1458992
1457336
1456808
1449339
1449423
1449423
1449423
1440099
1434643
1434643
1434643
1434643
1434643
1434643
1429011
1425135
1424253
1424253
1420893
1416009
1403220
1401504
1401504
1395456
1386786
1386786
1383750
1387626
1387626
1361985
1361310
1361310
1358142
1341861
1341861
1341861
1341861
1341861
1341861
1341551
1341551
1343721
1339845
1338189
1338027
1338027
1334859
1334859
1330491
1317702
1317702
1315302
1315302
1312722
1309662
1306302
1306302
1303134
1298766
1294700
1277375
1277375
1277375
1269906
1269666
1260996
1257556
1256436
1249956
1249794
1249794
1236711
1236711
1223453
1223453
1216157
1203074
1203074
1202402
1189613
1180873
1180873
1163548
1160968
1162063
1165735
1170103
1173979
1172779
1172779
1159696
1159696
1158820
1158876
1178896
1171996
1171996
1164700
1160950
1158080
1152400
1152139
1152139
1148899
1148737
1148737
1148737
1148737
1148737
1151977
1151977
1157657
1157819
1158080
1158296
1158296
1154420
1154420
1147124
1144254
1140042
1126686
1125591
1117959
1116359
1105103
1104067
1104067
1095327
1090959
1085279
1085279
1081403
1085279
1086161
1083291
1082255
1076431
1075759
1061459
1061459
1059011
1059011
1055261
1055261
1055261
1053091
1052875
1041619
1041619
1040307
1037437
1033765
1029889
1025521
1024426
1025521
1029889
1033765
1037437
1034269
1034269
1021186
1014156
1014156
1014156
1008524
1007684
1005236
999604
998674
987634
987634
982178
975698
968066
961746
961746
958578
955218
949762
945886
938254
937159
911518
900262
898834
895394
894464
897904
898834
900262
901357
912613
938254
945886
942010
938338
937243
932875
924205
917527
917527
921895
921895
925771
929443
924641
923969
925064
925064
923969
913511
906443
902567
902567
902567
902327
902327
898655
897967
897175
897175
896293
892417
896293
888997
881365
882247
881753
878693
878199
877527
876075
875283
862494
861564
861564
861564
860444
858992
858992
858752
855080
855080
854392
847324
847268
844688
843652
837332
837332
838368
844688
848360
850940
879188
896513
903581
904269
904325
900653
896777
895682
891314
895682
899354
900449
904325
893405
893405
890535
887949
886293
882081
874785
870417
864621
853581
853581
853581
840498
840498
839568
832272
828396
828396
839756
840686
866327
870203
875983
889066
896362
896362
883006
880836
880836
880836
882678
882678
875610
875610
875610
875082
875082
875082
862293
856837
856837
849769
848950
848950
843494
843494
841324
833692
833692
832240
832240
831746
831746
831746
827870
823502
819830
818735
823103
826775
830651
831746
831252
822512
822512
815444
808544
791219
791219
791219
790337
786461
783881
783089
782414
782414
773790
772590
772590
759234
759234
751938
750626
724985
724985
724985
724985
732617
758258
760568
769192
769192
769192
761404
760910
760091
755723
751355
747479
746384
742712
747080
750752
754628
755723
755462
754787
754787
747491
738821
732341
732080
732080
711212
705164
684296
684296
683176
678292
675712
675712
664456
667036
673084
674204
685460
702785
707669
727697
729125
729125
726255
727971
740760
755060
758936
768736
777360
779148
782316
777514
777514
764554
764554
758758
758758
753278
751108
750013
746341
741973
738097
738097
738097
734929
732759
731447
731447
731447
728279
719655
719439
719439
719277
719016
713336
713336
710096
710096
723452
723614
723830
724091
732191
732191
735431
741111
739161
726078
726078
706058
699028
690404
690404
690404
688094
685924
684268
684268
684268
684007
684007
683746
683218
684100
691569
698865
698865
698865
698865
698865
691396
680140
672844
661588
654558
648878
648878
648350
648350
644474
644418
624398
623870
643890
643946
643946
643946
637046
630726
630726
628556
628556
626386
626386
630418
632588
674588
674588
667292
634952
631280
624960
624904
617836
616800
599475
598787
596207
581087
574409
568729
568561
555478
555478
555422
553112
549752
549752
566033
568343
571703
571759
559627
553947
553731
544407
541167
541005
540744
540744
550068
550230
555910
559150
583498
596854
597115
597331
595675
594745
590995
565354
561682
553058
547378
546066
547722
556346
581987
583299
587049
592729
596401
597331
588707
563066
555434
553124
560756
569380
571690
597331
597331
597331
590301
589265
581796
581796
585672
592702
594130
595166
599378
606847
595487
588191
575108
560808
559878
556002
556002
530361
556002
562542
566418
598758
611841
626141
627071
627071
629519
631119
637599
639909
641221
647541
660330
648302
648246
648302
668322
666152
662120
620120
624152
626322
664866
658818
657390
654810
653690
632822
627938
616682
599357
600785
612041
613161
619209
635310
640194
642774
653994
644670
638990
638828
606488
593132
589892
589676
589415
595095
608451
608712
629604
638928
642168
642330
642546
635077
635021
626397
626397
620077
620077
626397
635021
636449
643918
643974
646374
647958
654438
655320
659196
659690
664082
664964
667378
669094
669310
669985
670153
671353
667477
666595
667477
671353
674177
676193
673883
649466
675107
683731
686041
692133
688257
688131
692007
692889
672869
672813
683185
683241
682980
650640
647400
641720
641504
628148
627986
618662
649778
650039
650039
650201
650417
653657
653657
659337
652041
652041
651111
636811
632935
619852
594211
561871
572233
579529
593829
594759
614320
625680
638763
642639
638763
637881
641757
642639
650271
664571
692203
704668
704668
714108
719676
721248
730438
722969
715673
714791
722260
729556
730438
726562
725680
723510
684966
682158
679578
678483
678222
672542
672803
673898
676478
682158
682368
715360
718540
719576
715913
714681
710865
710095
704415
704253
703992
700752
668412
668196
668196
668196
668457
671697
671859
685215
694539
694755
719103
724783
703915
692659
675334
672754
671326
665278
664158
659274
680142
686190
688770
689890
691318
702574
707458
724783
714411
714355
693455
692809
673248
660165
652869
671129
668289
667359
699699
713039
713039
737924
751007
751937
759233
761885
778166
780614
787682
794002
794884
795046
794785
791545
767197
761517
752193
752031
751815
738459
738720
738936
748260
748422
751662
757342
789682
803038
805618
815348
823004
823004
829322
830771
814490
775418
770616
757656
750024
708024
693724
693724
676014
691539
693953
698755
716465
755537
769837
800397
808029
820989
820863
813795
807475
807313
802472
800024
800906
807226
809674
816742
816904
832429
829069
829013
812732
810422
826703
829013
829069
832429
832267
816742
814294
807974
800906
800024
807092
823373
824255
826703
826865
833185
833185
833185
833185
832393
839071
839863
846771
864481
861313
851513
849563
847847
833547
824923
821047
808258
821047
824923
828091
842391
848639
850589
852305
862105
864109
847828
846946
846784
839716
833396
834278
836726
843046
843208
859489
866557
864109
857789
856189
854877
848397
846087
833298
834898
841218
847698
860487
862797
864109
866557
833565
830385
830175
829139
826691
810410
809528
802460
796140
795978
802298
804746
811814
828095
828977
829139
822071
805790
799470
798588
798426
795978
790298
780974
767618
767402
735062
734801
734639
731399
735107
735107
738347
738347
738608
738608
738608
738770
737888
730592
723123
723123
730592
737888
747688
748216
751276
768601
782901
784501
785813
791445
804234
796578
796578
790260
788811
779081
776501
784157
785741
788321
788321
794801
807761
790436
769568
764684
758636
757208
745952
744832
742252
743092
754452
760248
737556
731484
718144
705817
704887
704887
701011
675370
688453
714094
746434
750310
751240
762600
768380
775676
768646
764434
763006
761970
754501
750625
758094
765124
769336
770372
774248
775676
775514
775253
736181
731379
717079
717079
717079
699369
699369
696129
654129
651715
651715
635434
622474
614842
601486
601486
614446
614446
614446
614446
626275
629757
637389
637389
643869
650547
661907
668585
674217
695117
715137
723761
723497
720917
720917
713261
706781
693821
699389
701969
708449
716105
717689
719138
713506
707621
704561
702961
688661
678861
678333
677021
664232
667292
672924
687224
687752
689064
690664
702229
708114
708114
705244
684376
677308
671628
671628
671628
666826
669696
690564
690564
696244
703312
703312
708114
695031
694101
686805
683965
681105
677229
652812
620472
642285
653645
666728
667658
691478
695354
695354
702650
705230
705902
713558
724918
735838
737150
746474
781418
777590
773486
772037
777845
764885
762305
761633
726689
715769
708113
698789
697477
694897
683537
684849
687429
688101
695757
707117
718037
727361
754313
765170
766052
769928
769928
765126
765126
756618
756618
748986
748986
748986
732705
748314
787386
796826
801628
809260
811674
817454
835164
848124
842492
841180
841180
826880
826352
824752
821692
808903
791578
807943
810247
811559
813159
826235
826763
826763
826763
832395
829815
802863
793539
785883
774523
773851
762931
761619
769275
804219
806799
807471
816795
827715
829027
839163
835287
834405
834405
838281
830812
830812
823516
830812
838281
839163
839107
836797
833437
817156
815800
780856
780184
772528
763204
752284
740924
739612
740924
752284
752956
755536
764860
799408
799408
810328
808018
795229
788749
787149
780829
778381
777069
783389
785699
788147
793002
794314
799711
801311
797831
797831
801707
802589
791229
789917
780593
745649
734729
732149
731477
731477
765665
766977
776301
778881
789801
793169
800825
801497
800615
796739
797621
801497
793841
766889
756285
753705
752393
741473
740801
731477
731477
731477
732149
732149
732149
733461
733461
735879
736698
749781
749943
749943
750735
764091
765675
776931
778380
778380
784060
787492
808360
808360
811230
808026
839704
839704
846734
852414
861738
862426
863462
864302
865094
873764
876178
879238
879926
880614
883674
872314
865636
872314
883674
887106
890778
897086
908446
918005
921365
921365
923315
944183
944858
947798
947798
953478
964518
965358
965414
967130
971522
973472
979070
979070
1018142
1019072
1019333
1026298
1027393
1028842
1036474
1037162
1062803
1062803
1065113
1065169
1067469
1067469
1064629
1057333
1039084
1035208
1023750
991410
1004493
1018793
1018793
1039693
1064110
1071406
1072336
1076212
1080604
1086284
1092332
1103189
1103189
1107991
1107991
1106679
1106679
1106679
1104099
1103931
1103931
1103931
1115291
1126211
1133867
1136447
1145771
1147083
1174035
1174707
1174707
1177107
1183799
1187831
1187887
1187887
1200847
1201639
1214428
1215116
1217516
1217516
1219323
1219323
1219323
1219323
1234111
1242851
1242851
1249881
1252941
1259971
1259971
1260133
1263493
1269125
1289237
1289237
1290273
1293945
1295373
1295373
1295373
1302403
1305273
1305273
1305273
1305273
1309023
1309953
1311048
1311048
1311048
1320282
1320282
1325914
1329790
1330350
1330350
1341606
1343556
1345008
1345170
1345170
1345664
1347834
1356504
1357032
1357032
1357032
1364328
1367768
1367930
1369050
1376346
1376346
1366906
1350541
1345686
1345270
1343670
1340772
1340772
1339460
1343467
1345067
1345595
1346907
1349967
1359767
1372556
1379506
1385391
1377735
1377063
1373695
1370767
1368187
1366875
1357551
1322607
1325187
1325187
1325187
1332877
1334189
1334861
1334861
1334861
1334861
1336517
1340393
1341275
1348103
1382111
1385279
1396199
1396199
1396199
1396367
1396583
1396844
1396844
1429184
1430003
1430531
1432701
1450411
1461880
1462552
1473592
1474267
1485879
1485879
1485879
1491335
1487895
1486965
1476933
1469301
1444620
1443948
1442853
1443783
1443783
1444878
1444878
1448318
1455950
1455950
1456006
1456006
1461861
1479571
1479571
1481755
1481755
1481755
1486699
1491899
1497355
1500199
1505655
1514727
1516897
1516897
1517059
1517059
1541944
1545592
1545592
1560712
1561504
1562323
1561579
1561579
1561579
1565707
1567423
1567423
1574323
1585363
1586035
1586035
1573348
1573348
1580644
1583812
1583812
1584484
1594102
1594102
1598494
1599022
1599022
1599022
1599184
1599424
1601872
1598812
1600412
1600412
1600817
1607297
1608497
1612529
1617331
1637443
1639908
1639908
1639908
1641003
1641003
1642123
1643435
1637580
1628956
1628900
1628696
1622852
1620452
1622168
1622168
1630792
1637037
1637093
1637333
1637333
1639733
1639733
1644989
1649309
1649309
1661432
1653742
1653742
1653742
1652430
1652430
1652430
1651758
1649178
1650894
1650894
1657139
1658451
1660851
1667547
1667547
1667787
1674817
1674817
1686152
1687188
1693236
1702795
1708619
1747163
1747163
1755836
1754387
1759955
1760117
1764485
1765117
1765117
1765117
1765117
1776157
1779829
1779829
1784275
1785311
1785311
1785311
1785311
1777142
1777142
1775686
1780403
1777533
1777533
1777773
1778313
1783473
1783635
1782599
1783583
1783583
1753031
1741278
1733646
1728844
1686844
1669134
1654834
1652420
1636139
1636139
1644239
1644239
1644239
1647041
1647041
1647041
1658462
1658462
1658462
1664102
1664102
1660430
1660430
1663490
1663490
1663490
1664585
1668461
1668461
1668517
1669309
1670989
1670989
1665309
1672965
1672965
1672965
1672965
1672965
1671249
1661449
1647149
1641752
1634753
1632803
1628927
1625759
1638548
1647172
1651048
1652764
1662564
1668344
1670294
1673462
1673462
1676522
1677617
1679069
1680725
1687755
1687755
1687755
1688791
1688791
1691661
1689711
1696031
1689353
1682873
1688553
1685121
1685121
1692909
1695363
1708957
1708957
1708957
1712017
1713617
1719073
1719745
1725569
1717937
1718465
1719893
1719893
1719893
1726923
1726923
1726923
1726923
1728639
1737263
1737263
1730233
1730233
1730233
1727819
1727819
1725903
1738530
1738530
1738530
1738530
1745999
1745999
1746839
1747679
1748561
1748561
1748935
1748935
1749607
1757076
1757076
1757076
1757076
1756430
1753077
1753077
1753077
1755194
1743158
1746028
1750583
1750583
1751513
1733397
1736637
1739877
1739877
1739877
1739877
1740717
1740555
1740555
1738335
1737841
1745547
1745547
1742115
1743309
1743309
1743309
1743725
1742689
1752721
1749049
1749049
1754681
1755175
1755175
1756015
1756015
1756015
1757671
1757671
1757671
1758983
1758983
1762043
1762973
1767293
1767279
1764471
1764471
1765311
1765311
1769757
1769757
1764301
1764301
1764301
1757005
1761273
1754243
1754243
1754201
1762227
1755759
1755759
1752591
1752591
1757475
1757475
1757475
1768731
1768731
1768451
1771031
1773896
1759108
1759108
1759108
1759108
1764799
1764799
1764799
1756447
1756447
1756708
1756708
1756708
1757383
1762027
1761901
1761901
1763501
1764537
1763273
1754603
1755278
1756080
1756080
1749994
1743514
1743514
1743514
1748970
1749561
1743291
1743291
1743291
1743291
1743459
1748915
1749363
1756659
1755299
1755299
1756611
1762523
1762523
1762523
1762523
1762523
1762523
1759653
1759653
1759893
1759893
1765689
1767859
1749367
1749367
1749367
1750159
1754527
1754527
1743738
1743738
1743999
1741155
1741387
1742839
1742839
1742839
1748279
1748279
1747349
1746509
1746509
1748009
1751885
1750790
1753016
1752854
1752854
1752854
1746374
1742101
1742101
1742101
1743817
1743817
1743492
1738252
1740202
1739514
1740826
1740826
1740826
1745426
1745426
1744634
1744394
1744394
1744394
1744394
1739194
1739194
1745357
1744829
1737799
1737799
1737799
1737799
1740669
1740669
1715988
1718504
1726378
1723978
1723978
1723978
1723978
1733428
1733428
1733428
1740458
1740458
1741494
1741494
1740822
1738596
1734948
1734948
1733232
1733232
1733522
1733522
1733522
1731922
1738852
1748147
1748147
1748315
1747385
1744325
1744325
1744325
1745925
1745925
1745925
1734856
1734168
1734786
1721826
1721034
1721034
1720978
1721239
1696354
1678806
1678806
1681386
1691088
1688918
1688756
1687300
1687300
1686481
1694145
1685872
1686112
1686904
1686904
1687114
1675754
1665296
1666088
1668286
1681189
1681189
1681189
1681189
1681189
1678609
1686370
1685250
1685194
1685194
1685194
1685194
1685866
1685866
1685866
1674783
1678455
1678455
1678455
1665780
1668360
1669184
1669184
1676972
1668299
1647431
1647431
1650863
1650863
1650737
1650737
1649405
1649405
1650080
1650080
1650872
1639952
1643624
1643624
1640264
1640264
1640758
1644430
1644430
1650478
1648030
1648030
1651466
1651466
1651466
1652918
1641662
1641662
1641662
1641662
1641662
1640062
1637612
1636300
1635772
1632712
1619923
1603354
1589054
1583422
1583422
1583422
1584734
1586334
1586334
1586334
1586862
1586862
1590634
1578114
1582164
1585604
1584509
1584509
1585439
1599379
1598691
1599510
1599566
1600060
1601660
1594191
1604334
1606224
1611904
1611904
1611960
1579620
1578690
1571394
1557094
1557094
1544011
1540135
1523800
1531096
1532026
1545109
1558653
1558653
1579553
1605194
1609070
1599791
1595399
1595399
1595615
1600417
1599625
1604641
1604641
1604641
1604641
1599839
1599839
1605519
1623229
1635693
1635693
1635693
1635693
1635693
1635489
1635489
1635489
1636164
1639062
1639062
1601826
1601826
1602498
1603534
1603534
1603478
1603534
1603534
1597926
1608966
1607654
1607654
1606814
1610658
1610658
1610340
1608624
1610359
1610303
1609223
1615703
1615175
1615863
1615863
1615863
1621495
1621495
1623095
1623095
1625543
1585168
1585168
1586878
1586878
1586878
1586878
1586038
1588810
1585750
1589709
1589709
1589709
1589547
1578618
1576308
1577964
1577964
1577685
1577685
1616757
1616757
1609623
1609567
1609567
1599491
1602731
1604043
1593585
1593585
1594893
1594893
1586273
1586273
1586273
1586273
1586273
1586273
1613621
1611965
1613277
1613277
1613277
1613277
1610877
1610877
1610877
1610877
1609488
1612310
1612310
1619942
1614748
1609116
1602086
1601761
1594292
1594166
1586870
1592006
1593395
1593395
1593395
1582355
1582355
1582616
1587260
1587260
1587260
1582868
1589936
1578896
1578896
1578896
1571600
1570760
1570760
1571000
1571000
1567940
1567940
1567940
1569268
1570720
1566328
1573228
1573228
1572133
1569073
1569913
1572973
1576218
1576218
1574502
1574298
1572909
1573913
1566883
1566181
1570057
1570057
1570057
1570057
1564009
1564009
1571039
1570247
1569559
1570595
1570595
1569923
1571639
1571639
1571639
1571639
1572431
1572431
1574601
1574601
1577841
1577841
1570811
1571339
1571555
1571555
1571555
1558837
1555669
1548769
1539271
1539433
1540108
1540108
1540108
1540108
1532812
1532812
1533484
1533484
1526015
1526015
1528463
1521983
1521983
1521983
1528607
1525742
1525742
1525742
1522070
1522070
1522070
1522070
1524380
1524874
1524874
1530364
1532080
1532080
1539841
1538805
1544485
1547805
1547805
1547805
1547805
1550105
1553165
1553165
1552493
1553451
1553451
1552632
1552371
1552371
1552371
1552632
1545000
1544690
1544834
1551154
1540114
1540114
1531444
1531444
1531444
1524148
1548164
1551604
1551865
1551865
1552049
1552049
1550597
1547727
1547727
1538991
1538991
1540575
1540575
1540575
1544007
1542695
1538137
1538137
1544144
1544144
1547894
1547894
1547838
1547838
1548678
1548678
1548678
1554726
1554726
1560154
1560154
1568824
1568824
1568662
1568662
1570972
1568572
1572244
1572244
1564456
1564456
1564456
1566052
1572100
1573412
1562954
1562954
1562954
1562078
1558106
1558106
1558106
1558162
1558162
1562964
1562964
1569012
1561380
1561380
1561380
1562199
1562031
1561359
1561359
1561359
1561359
1560047
1549589
1569137
1571561
1571399
1575171
1574499
1574499
1572783
1571331
1573641
1569505
1564621
1563946
1563452
1563452
1569500
1564636
1557167
1553417
1557167
1559615
1560455
1559419
1561163
1556992
1554152
1554992
1560788
1560788
1560788
1560788
1560788
1562958
1569988
1569988
1566548
1566548
1572536
1581206
1581206
1581206
1588676
1588676
1586228
1587540
1590120
1593060
1595930
1595930
1595930
1595690
1590058
1590319
1590319
1589647
1590322
1590322
1590322
1593192
1591476
1591476
1591476
1591476
1591476
1591476
1590684
1590628
1593688
1592593
1592017
1592017
1592017
1592017
1589177
1582499
1582739
1583414
1586474
1585682
1585738
1585738
1584082
1584082
1589800
1589800
1594168
1593928
1593928
1593928
1597804
1601748
1601748
1559748
1548828
1548828
1548828
1548828
1550428
1550224
1550224
1539640
1548964
1550564
1544244
1544244
1536588
1535769
1537368
1537368
1536136
1536136
1536136
1535804
1531412
1531286
1531070
1529354
1528679
1527479
1527311
1524897
1529289
1529289
1529457
1529457
1529457
1530132
1530626
1530626
1532230
1526550
1520870
1517630
1516700
1513028
1513028
1513028
1504404
1503092
1501436
1501436
1497686
1495970
1478849
1479065
1477409
1478339
1481107
1481107
1481107
1482763
1484075
1484075
1486207
1485791
1485731
1485569
1485569
1485569
1488629
1488629
1488629
1488869
1488869
1488869
1492010
1492010
1492010
1490558
1490558
1490558
1490558
1490558
1485102
1486197
1495530
1495530
1495205
1488075
1489527
1454583
1460019
1460019
1463769
1463769
1463825
1462013
1450757
1450757
1450757
1447887
1432767
1463247
1463247
1463247
1463247
1463247
1462455
1462455
1468775
1468775
1462958
1462958
1462958
1462958
1462958
1462958
1458156
1441875
1428915
1428915
1428915
1429463
1427747
1422067
1417265
1417265
1417321
1417153
1420023
1420023
1420185
1421280
1414960
1414960
1420365
1421053
1421053
1423633
1427509
1428709
1424152
1424152
1424152
1424152
1418696
1418021
1417346
1401065
1421753
1408670
1408670
1408886
1410314
1410314
1413374
1413374
1413374
1417250
1413044
1412804
1412804
1412804
1414974
1414134
1416304
1416304
1417096
1415049
1415049
1415049
1415049
1415721
1415721
1415721
1415721
1415049
1417497
1417497
1422189
1422189
1422189
1416557
1416557
1416557
1416557
1419827
1419827
1412351
1414007
1414007
1414007
1408537
1409065
1414699
1421377
1422472
1422211
1422211
1413587
1418389
1418389
1419429
1425909
1430301
1433560
1441029
1437153
1439915
1439915
1442315
1442315
1442315
1443245
1440417
1440417
1444167
1447227
1447755
1451427
1457747
1457747
1457747
1462139
1463175
1469655
1470775
1470775
1470775
1466899
1489852
1502372
1502372
1502372
1510160
1510160
1510160
1510160
1503680
1503680
1503680
1506550
1495843
1499593
1493961
1493467
1487787
1487293
1480225
1483393
1480523
1479851
1479851
1481163
1474133
1474133
1474133
1468749
1468749
1473633
1482303
1482991
1483693
1490599
1483749
1485699
1485699
1486794
1493824
1495480
1495480
1496590
1496590
1517458
1518770
1521294
1521294
1519694
1525374
1525374
1526193
1526193
1526721
1525005
1524511
1524511
1528183
1530079
1531174
1531006
1531006
1528558
1537298
1537298
1537298
1537298
1537298
1537298
1537298
1548155
1548155
1545575
1545575
1546505
1547180
1541724
1540272
1539480
1537170
1537170
1534722
1534722
1536174
1544844
1552140
1552140
1544508
1550188
1544732
1539930
1537620
1537404
1537404
1536474
1536474
1535844
1535844
1535844
1547100
1530776
1525308
1524468
1524468
1523156
1523156
1531896
1524108
1524108
1521798
1505517
1503917
1501469
1488680
1486370
1479890
1473570
1472258
1473858
1475170
1487959
1490407
1491961
1498261
1504581
1501589
1501328
1501328
1497578
1497578
1500638
1502090
1502090
1506302
1508472
1508733
1508733
1507697
1513745
1513801
1514489
1521519
1516225
1519897
1519897
1519897
1519897
1519369
1519369
1513737
1513737
1512137
1512137
1510825
1510825
1510825
1510825
1511353
1512953
1514265
1525014
1525014
1525014
1525014
1504994
1504994
1503682
1506922
1503862
1510342
1504708
1503396
1503396
1503396
1503396
1510703
1510943
1513523
1515123
1516839
1515999
1514283
1514283
1515378
1522512
1523442
1561326
1562166
1558806
1547550
1559835
1560051
1560051
1550835
1550835
1550149
1550205
1545321
1547649
1552017
1552017
1552179
1551339
1551078
1551078
1520778
1517538
1517538
1517538
1517538
1517538
1517538
1518357
1518357
1517517
1520685
1526317
1526317
1527766
1528438
1528438
1534758
1527288
1527288
1529004
1530040
1530040
1533400
1527004
1534636
1533036
1526006
1524970
1521730
1521490
1525162
1528198
1521878
1521878
1533241
1525453
1527623
1527623
1527623
1527623
1527623
1527623
1527623
1527623
1540703
1540703
1537271
1537271
1537271
1536596
1541100
1541100
1541100
1545468
1544538
1544538
1543863
1543863
1534663
1528839
1524963
1524963
1524963
1524907
1524907
1563529
1563529
1563529
1563529
1562197
1562197
1562197
1564645
1563609
1563609
1563609
1563609
1563609
1565325
1574065
1576935
1581819
1571379
1582299
1582299
1586223
1586223
1586193
1593223
1586643
1585803
1588659
1588603
1585435
1585435
1585435
1594175
1594175
1591034
1591528
1598668
1604308
1642084
1613860
1613860
1621648
1621648
1620048
1620048
1619880
1619880
1619088
1618827
1618827
1618827
1618827
1618665
1614789
1616445
1616445
1617264
1617264
1617264
1617936
1620246
1620246
1619571
1617171
1617171
1613421
1613421
1613421
1618677
1618677
1624781
1624781
1624781
1623851
1623851
1623851
1623851
1623851
1623851
1622399
1622399
1623435
1623435
1623435
1623435
1623435
1617115
1617059
1619591
1619591
1619591
1619591
1616159
1601859
1600929
1568589
1568589
1542948
1529865
1525989
1525989
1525989
1525989
1526664
1530540
1529520
1529520
1525644
1524549
1524549
1526885
1523825
1527701
1527701
1534021
1534021
1534021
1534282
1531702
1525654
1525654
1530538
1531066
1528486
1531546
1534054
1538534
1538534
1538534
1539214
1537614
1534182
1534182
1534182
1534182
1534182
1534182
1534182
1534182
1533902
1533902
1539582
1535910
1539078
1544710
1543054
1543054
1546222
1546222
1546222
1546222
1549390
1549390
1556420
1556660
1562708
1562708
1561916
1561916
1568236
1569076
1568766
1572816
1565960
1565960
1569836
1569836
1563206
1563206
1563206
1563206
1563206
1563206
1563206
1560336
1561431
1562883
1562883
1562883
1564011
1563750
1563750
1568634
1555440
1555440
1555160
1549274
1549274
1549274
1510202
1509527
1514411
1514411
1514411
1514411
1518803
1522475
1533835
1527515
1527515
1532771
1535641
1525183
1527385
1527385
1526073
1526073
1526567
1526567
1523987
1523299
1523299
1523299
1525879
1520417
1520417
1529597
1532467
1535527
1518202
1518202
1521874
1512550
1504762
1512532
1512532
1512406
1515846
1498136
1496536
1496536
1496536
1495224
1495224
1502254
1493917
1494697
1488873
1485813
1485813
1480133
1484593
1477563
1475907
1475907
1474479
1470839
1471061
1485361
1478065
1478065
1478065
1478065
1477571
1488371
1488371
1494691
1494691
1494691
1492243
1492243
1492954
1518595
1529515
1529275
1526695
1530287
1530071
1532651
1527042
1528842
1523162
1523162
1521452
1525664
1526700
1533204
1530036
1530036
1530036
1530036
1530036
1529726
1537826
1527236
1514276
1517090
1513650
1530920
1532520
1532520
1535760
1535760
1534240
1534240
1528030
1528030
1528960
1529779
1533019
1514191
1515643
1509595
1503987
1503987
1501817
1495337
1493747
1506707
1507547
1509563
1509563
1509167
1509167
1509167
1507583
1507583
1508255
1508255
1508255
1500786
1494738
1497318
1497318
1500378
1499448
1499448
1503816
1502100
1501005
1501005
1492335
1492335
1493007
1487847
1487847
1487847
1487847
1487847
1487847
1487847
1487685
1487685
1487685
1490099
1451027
1451027
1451027
1457927
1457927
1457927
1457927
1465396
1465452
1472482
1466162
1468794
1467864
1466552
1477912
1477912
1481344
1485562
1496419
1492543
1494794
1494794
1494794
1490426
1487066
1495886
1501518
1501518
1503944
1503944
1509740
1524860
1525028
1525028
1528034
1528034
1531706
1529258
1529258
1529258
1529258
1528730
1528730
1528202
1524962
1532030
1527335
1533383
1536623
1536623
1542671
1542671
1542671
1500671
1496999
1497839
1497839
1497839
1497839
1497783
1498455
1499395
1503145
1503145
1503145
1503406
1504442
1504442
1505234
1513974
1513974
1516788
1515930
1513060
1513060
1517862
1517862
1517862
1517334
1517334
1508594
1499854
1493806
1493806
1493806
1491226
1491226
1492826
1493618
1496870
1496870
1508126
1468502
1468502
1468502
1462870
1469190
1470642
1470642
1474518
1478190
1478190
1480500
1479405
1470735
1472391
1472631
1472391
1478215
1483895
1477415
1477415
1477415
1480475
1487375
1490651
1487591
1481795
1481795
1478363
1477688
1474100
1474100
1474100
1466468
1479257
1479257
1484141
1484141
1480701
1479249
1475889
1475889
1475889
1476051
1476051
1476051
1472379
1481559
1481559
1481559
1492479
1493154
1488786
1488786
1485546
1485546
1484097
1486545
1487337
1495125
1503795
1503579
1504073
1506243
1508553
1508553
1505493
1505493
1509369
1509369
1518287
1512851
1513091
1510031
1510031
1512923
1511828
1511772
1511772
1510736
1512452
1512946
1511346
1505818
1507988
1507988
1507988
1506868
1506868
1503196
1500886
1500886
1506934
1505622
1501746
1497354
1496682
1497176
1488506
1488506
1490676
1493916
1495515
1495515
1499793
1511049
1510788
1517818
1517818
1524136
1524136
1524136
1524811
1530491
1530491
1530491
1531019
1539643
1539149
1546179
1546179
1546123
1546123
1543253
1542434
1543529
1543529
1536499
1532131
1532131
1532131
1536971
1513330
1513330
1505698
1505698
1499378
1495502
1495502
1493846
1494665
1494665
1495337
1496432
1494980
1494292
1503032
1477391
1477391
1475939
1464899
1457603
1457603
1458443
1454855
1454855
1462511
1465679
1457891
1457891
1464959
1460567
1460567
1457903
1457483
1456191
1444831
1444831
1444831
1442251
1442251
1447304
1452084
1451759
1449589
1438333
1439782
1439254
1439254
1439254
1437654
1437654
1436342
1436342
1425178
1425178
1430810
1432122
1435020
1435020
1435020
1435020
1445225
1445225
1446825
1442185
1451464
1462384
1462384
1449424
1450099
1449063
1454859
1451799
1456011
1458459
1459131
1456575
1454405
1467365
1462481
1463321
1476281
1478451
1481883
1476203
1475108
1474847
1472267
1467875
1460129
1460291
1463531
1456463
1453593
1459145
1459145
1463537
1463537
1470667
1470667
1470667
1470667
1470667
1470667
1467607
1461975
1465143
1465143
1468013
1474061
1475373
1475373
1484113
1483441
1483237
1484077
1482982
1482982
1482982
1482488
1482728
1482728
1482728
1482728
1485308
1486238
1482566
1482566
1483385
1482290
1482551
1482551
1485719
1483139
1476109
1472941
1466263
1472647
1472647
1482447
1484277
1484277
1484277
1489957
1485863
1488479
1488479
1488689
1488689
1484939
1484995
1480111
1487407
1482523
1482523
1481487
1482417
1482417
1477477
1480837
1480837
1481341
1481869
1475549
1469917
1472497
1475937
1473067
1466037
1466037
1467489
1468584
1468584
1447716
1447716
1447716
1449954
1442658
1444968
1445496
1445496
1445664
1445664
1445664
1445664
1445664
1438195
1438357
1449397
1449397
1449397
1453489
1451153
1451153
1451945
1451945
1451945
1451945
1451945
1451945
1451945
1453040
1453040
1453280
1453280
1462853
1462853
1462853
1462165
1467621
1461301
1461301
1461301
1457629
1457629
1463677
1463677
1452317
1452101
1452101
1452101
1452101
1455363
1451691
1454139
1450971
1446759
1460574
1457406
1460766
1455964
1455964
1461420
1460892
1452152
1453247
1451795
1451123
1451123
1451123
1451123
1451123
1462581
1462581
1464033
1467705
1467564
1470996
1470996
1470996
1467936
1462996
1465444
1459196
1462500
1462500
1458828
1450088
1455212
1455212
1454117
1443023
1439963
1427846
1427846
1428941
1442024
1442024
1442024
1447848
1447680
1447680
1447518
1443732
1443732
1438639
1445935
1453404
1453404
1447724
1447724
1454044
1457248
1454938
1458378
1458378
1458378
1458362
1445402
1445402
1445402
1452432
1449264
1449525
1453275
1444651
1444651
1444651
1431568
1438518
1438278
1438278
1438278
1445277
1449027
1454659
1447591
1443841
1451473
1451529
1451529
1451529
1451529
1453299
1453299
1450719
1449003
1449003
1454799
1458675
1458675
1458459
1458459
1458459
1458459
1453406
1453406
1453406
1459230
1454862
1444404
1435734
1441530
1434500
1447583
1446131
1431011
1429411
1426541
1422791
1417907
1430990
1430990
1431152
1434392
1434392
1439828
1436388
1435569
1433061
1433117
1438941
1447869
1448031
1448292
1448292
1448292
1452358
1452520
1460308
1460308
1460308
1460308
1460308
1456432
1462228
1457744
1458864
1458864
1458864
1457934
1457142
1457358
1463678
1461508
1455684
1455684
1455684
1455190
1455190
1463863
1463044
1458160
1469516
1469572
1468732
1470332
1470332
1473392
1464722
1469090
1469090
1469090
1472258
1471761
1463973
1463973
1463973
1471761
1473345
1474020
1474812
1474812
1474137
1474137
1474137
1475462
1462692
1455792
1458554
1458554
1458554
1469474
1469474
1469474
1463794
1463794
1463794
1459426
1460506
1459714
1459975
1459975
1459975
1463647
1474105
1468309
1471549
1470877
1470877
1470202
1466530
1464874
1474054
1477414
1477414
1469626
1467212
1478568
1497237
1497477
1491489
1502529
1499289
1499279
1499279
1506019
1506019
1501807
1501807
1503259
1500811
1504483
1502827
1499767
1484647
1487707
1487707
1490535
1490535
1490225
1503701
1504631
1480850
1469930
1469258
1473008
1476257
1476751
1484047
1484287
1483447
1484483
1489423
1494583
1507939
1507939
1508149
1501081
1501081
1501297
1501297
1502227
1503046
1505134
1515950
1516190
1516190
1516190
1516190
1509160
1509160
1508458
1498000
1494748
1496060
1488764
1490012
1490012
1489518
1489518
1489518
1489278
1489278
1487678
1487678
1486738
1486738
1486738
1486498
1486498
1486498
1486442
1479412
1479412
1478376
1472580
1471810
1466130
1457390
1457390
1453514
1453514
1453514
1453514
1453514
1440725
1439413
1436543
1430495
1430495
1417535
1419071
1411602
1411986
1411586
1411586
1404556
1398592
1394920
1394920
1389240
1383100
1373776
1366746
1366506
1360186
1360186
1360186
1360186
1356514
1356514
1356514
1355584
1353274
1349398
1349398
1349236
1349236
1345360
1332571
1332571
1332571
1325871
1325871
1325031
1314174
1312546
1311451
1311451
1305403
1298335
1298335
1296165
1293105
1293105
1286075
1286075
1274819
1274819
1263361
1255573
1255573
1252133
1252133
1252133
1251293
1251293
1247081
1246289
1239969
1236537
1235088
1230286
1227976
1226260
1223812
1223812
1216782
1216782
1216782
1211898
1208538
1206090
1203920
1201340
1197900
1196300
1196300
1196138
1196138
1190090
1190090
1172380
1158080
1154912
1154651
1154651
1154651
1154651
1153979
1152884
1145984
1145984
1141182
1141182
1141182
1136790
1135998
1130542
1124062
1123568
1122728
1113988
1103068
1100758
1100758
1100758
1099158
1097846
1092214
1092214
1092214
1079425
1076365
1076893
1086693
1104018
1118138
1130927
1132239
1135299
1140931
1142531
1142531
1140361
1140361
1140361
1133683
1133683
1131373
1125325
1124506
1123411
1123411
1122316
1116268
1110636
1109817
1108047
1108047
1107885
1107885
1103673
1090713
1090713
1090503
1084707
1079075
1076495
1071611
1070771
1064947
1064419
1064419
1060747
1055945
1055777
1049981
1049771
1046531
1035491
1035329
1033877
1033877
1033877
1028053
1028053
1027525
1026213
1026213
1017543
1007085
1006049
1006049
985181
984509
980837
979385
978713
972665
969425
969425
969185
954885
951009
942385
940669
930869
918080
914912
912962
912962
916838
920006
932266
932266
932266
933982
937671
937671
937671
937671
936852
936628
936628
935956
935956
926956
920056
916696
916696
910376
910376
907316
907316
903440
902648
884938
878260
866900
873578
874370
892080
903440
892184
891392
891392
887642
887642
886547
886331
875411
864371
861501
861501
858921
855045
844587
844347
835723
835462
832222
829772
818852
818852
818852
815684
811316
798233
790445
784813
777157
776482
776482
773122
773122
772303
771373
764077
762493
757037
748413
747919
747919
747919
743117
742856
740408
727619
727619
723251
722576
722576
721124
715328
704408
704408
704408
701168
688085
688029
684357
678037
672241
672241
672241
669181
656221
653281
653281
652245
641205
641205
632465
626641
626479
625549
625021
625021
625021
625021
625021
624805
617509
617509
617509
604426
598746
598506
595338
578013
578013
572381
571261
571261
563629
563629
563629
563629
550840
548392
541912
540312
538002
536690
530370
536690
539000
545480
547928
549528
550840
563629
550546
550546
550546
550546
546796
544846
543751
540583
540583
537343
533593
530161
530105
529844
528244
521764
508408
508408
499738
499738
498808
498808
498752
498752
485396
485396
459755
459755
459080
453256
445624
444024
440964
428175
418375
417063
402763
402235
384910
379278
396603
406403
412035
424824
426136
440436
442036
445096
445624
445462
437674
437674
430378
426706
423646
412390
412390
399034
388114
381084
377208
377208
377208
376968
375932
375932
382962
383998
385426
392895
396771
400983
399555
399555
399555
406233
417593
408969
388949
383317
350977
343508
336212
336212
343508
344390
351859
350275
343795
343795
337315
343993
350473
350473
349633
343837
355197
356037
361833
361305
359705
356645
351013
338224
336912
319587
309787
295487
298547
298547
293745
294273
287205
281525
260657
270457
272057
286357
287669
300458
297588
303473
303473
309105
310554
317622
322424
324723
339511
345191
348061
341741
341741
339341
339285
331816
323192
331816
333244
339564
347033
347089
349489
346429
348069
347541
330216
328904
316115
310483
296183
294583
287905
276545
283223
294583
288103
281783
280471
278871
276423
263634
261324
274113
280593
283041
284353
286663
288263
294583
293701
286232
278936
278936
271304
267864
266769
266769
265839
265839
266934
274566
275496
286752
312393
313821
317261
314093
314093
314093
310217
295917
283128
283128
281412
291212
301060
313849
317613
319329
320421
321964
325840
323614
321994
328672
335152
334984
334984
334984
334984
334490
334490
332774
328382
327707
317972
312152
318830
330190
329154
324942
321066
314036
312608
305139
312169
316381
320340
321768
322804
326680
321000
321000
320070
316398
316398
315086
313430
313430
300641
299041
296593
294283
287803
281483
280171
286651
299440
301888
303488
309808
312118
313430
307634
306794
295434
306794
312590
313430
306752
295392
306752
313430
306950
300272
313355
326144
329084
336872
344168
352838
361966
373326
376386
387426
419766
422934
423864
427740
429396
430848
434598
434654
434822
438182
440596
441526
441526
443974
446374
481318
487942
491818
492490
498538
503422
507172
512244
529569
547279
554748
561816
563400
564330
572118
576920
583820
585248
598208
599408
599902
606310
611766
650838
650838
651933
657729
657897
661773
672813
674125
676705
677380
690340
692056
693712
713732
717172
720922
723982
725077
728137
732013
737467
750823
751615
754855
754911
755079
763443
763937
771406
772288
776038
776200
776875
781759
782599
785275
788215
827287
828079
832291
837063
837903
855228
860684
867004
870880
871042
871972
880642
882094
887726
888846
894526
926866
939826
946306
953374
963832
968038
971478
974918
978950
981398
986200
989632
992080
998128
1000576
1011832
1041484
1045654
1049086
1052254
1063174
1078294
1081234
1083602
1083602
1084421
1084421
1098721
1101889
1106269
1106479
1107599
1113270
1113942
1116176
1120978
1121239
1121401
1130141
1146422
1147622
1152014
1160684
1153685
1143885
1141935
1129146
1114846
1110970
1107802
1106086
1107802
1121262
1124430
1126380
1130256
1140056
1146640
1154437
1157877
1158807
1159023
1162383
1173240
1174824
1207164
1208820
1223120
1240830
1242258
1251582
1258878
1261048
1261736
1264904
1266356
1272036
1272876
1273044
1282677
1286349
1293981
1307064
1311432
1312884
1314084
1315536
1315536
1317192
1317880
1318810
1319629
1328299
1331191
1332391
1338215
1338215
1339664
1343104
1351774
1367779
1375411
1382051
1382219
1382907
1383435
1372075
1354365
1347687
1351359
1356243
1358823
1360175
1360175
1369247
1371767
1374637
1383001
1383001
1385929
1389679
1391629
1404712
1404712
1404712
1406642
1407737
1407737
1414805
1424113
1429569
1428141
1425741
1417117
1417061
1410741
1403272
1403328
1405728
1405728
1412048
1420560
1424799
1435095
1440775
1449774
1453650
1453650
1455098
1444058
1454902
1455742
1442953
1442953
1442953
1442953
1442953
1447345
1449061
1449061
1450156
1458896
1458896
1458896
1460496
1463856
1466436
1466436
1468836
1469872
1464800
1466000
1469680
1471850
1458767
1458767
1453943
1453739
1440779
1442729
1474109
1474637
1485557
1485719
1506619
1506619
1511915
1511915
1516515
1516515
1519575
1520103
1523163
1531731
1539387
1542827
1547711
1547711
1551425
1549973
1549973
1550645
1550645
1550645
1550885
1550829
1550829
1559869
1561819
1561819
1562611
1565413
1565413
1570297
1570537
1572344
1571924
1574338
1583008
1582888
1586560
1587596
1584428
1584428
1585103
1585791
1585791
1585791
1585791
1589962
1590650
1591975
1592647
1592647
1592485
1593797
1596377
1593317
1594445
1605302
1605302
1609662
1611114
1619738
1611950
1617406
1623291
1629339
1643766
1643766
1642050
1649118
1649118
1650714
1657614
1655286
1655286
1647990
1651230
1657142
1664257
1665097
1665097
1665769
1665769
1661160
1677495
1677495
1677495
1677495
1677087
1677087
1677249
1677777
1677777
1677777
1670145
1670145
1672653
1673583
1676453
1681610
1688120
1684680
1684680
1684680
1671720
1668084
1660615
1660615
1660615
1660855
1663096
1660996
1660996
1646736
1666644
1665714
1672614
1668878
1668878
1668878
1668878
1668878
1668878
1661068
1669738
1669738
1668187
1668187
1674235
1680799
1681039
1680759
1680927
1684167
1687335
1684533
1684533
1684272
1684272
1684272
1684272
1675496
1671506
1671506
1673774
1675496
1675496
1681826
1681826
1681826
1681007
1681169
1681169
1681169
1681169
1681169
1681169
1681169
1681163
1681403
1681403
1681403
1681403
1682243
1682243
1679829
1679991
1679991
1679991
1679991
1678263
1682013
1682013
1684949
1685879
1685879
1684427
1684427
1685102
1678202
1678202
1677034
1686034
1686034
1678966
1678966
1678966
1678966
1673295
1673295
1678692
1678748
1684796
1679164
1672486
1673305
1676175
1676847
1678159
1678375
1678375
1679305
1685391
1681711
1681711
1683063
1680171
1681887
1684467
1684961
1684385
1677917
1677917
1674041
1679927
1674471
1674471
1680741
1680501
1671761
1672747
1676719
1681015
1681015
1651363
1651419
1657985
1656329
1656329
1656329
1656329
1663625
1670525
1671365
1671365
1671365
1668505
1669297
1669297
1671133
1671133
1674045
1678257
1669587
1669587
1677461
1677461
1669829
1669257
1669257
1669257
1672809
1672809
1673070
1673070
1674726
1674726
1678166
1678427
1675567
1675567
1675567
1675567
1683199
1683199
1683199
1685485
1675027
1659604
1632652
1638513
1648233
1647303
1634220
1635150
1635150
1633550
1633550
1644008
1636248
1640568
1638912
1638321
1638321
1638321
1642197
1647829
1648669
1654989
1654989
1654989
1655889
1655395
1656820
1656766
1657786
1657087
1657087
1660147
1660147
1656707
1669583
1669527
1660857
1660857
1660857
1660107
1663917
1665967
1667624
1667624
1678584
1675144
1678584
1681608
1688088
1689523
1689523
1690835
1685951
1681559
1681820
1682060
1684715
1684251
1684011
1687451
1690031
1682399
1682399
1678959
1679220
1678961
1678757
1671288
1667412
1666710
1659680
1659680
1658473
1663357
1659917
1666947
1666947
1666947
1666947
1673097
1675967
1675967
1677683
1669895
1670063
1675407
1675407
1672959
1671439
1671439
1677445
1680505
1674185
1682153
1680386
1681205
1681205
1681466
1678026
1684926
1684656
1682208
1672929
1671617
1665137
1663537
1661669
1663445
1664757
1671237
1671825
1673425
1673425
1673425
1673425
1673185
1674004
1674004
1670332
1670332
1670332
1667164
1666234
1664578
1661718
1668748
1672707
1672311
1666371
1665699
1665699
1665537
1665537
1636707
1636707
1636869
1643189
1643683
1644211
1642171
1653211
1656883
1653133
1654228
1654228
1655884
1655722
1641422
1634634
1635765
1634109
1634109
1632657
1632657
1638225
1638225
1646035
1647487
1647229
1645837
1640953
1641865
1628356
1628116
1628644
1633528
1633528
1634200
1638304
1633502
1633502
1632050
1599710
1601366
1612406
1610906
1611594
1610802
1613258
1624298
1624298
1624298
1624460
1624460
1624460
1642170
1642170
1640498
1633598
1633598
1632910
1632910
1632646
1632646
1631706
1631706
1631706
1632486
1631946
1631946
1635114
1635114
1643738
1646128
1646128
1637458
1633582
1633420
1636384
1635709
1635709
1638289
1642681
1643539
1644575
1644575
1641611
1645487
1645487
1645487
1649159
1630910
1630184
1641440
1641440
1634144
1650020
1653460
1647780
1647780
1650722
1650722
1647362
1647362
1647362
1609250
1608925
1608250
1608250
1608250
1603366
1604109
1606557
1615972
1615297
1615297
1606002
1606002
1614742
1614538
1600238
1601078
1602530
1601330
1601300
1602752
1602752
1591652
1585548
1592844
1597646
1597646
1597646
1597702
1601452
1598020
1600468
1597228
1591558
1579298
1602419
1601747
1601747
1601747
1612667
1611083
1611139
1613791
1616851
1618479
1619347
1619563
1613063
1609313
1611893
1610437
1610437
1610437
1605432
1605432
1605432
1611064
1611558
1611558
1611558
1607682
1607682
1607154
1607154
1607154
1605204
1608954
1608024
1603812
1603140
1596240
1595310
1595254
1608610
1608610
1608778
1607486
1607206
1610446
1610446
1604398
1603086
1609827
1610951
1609856
1611512
1579172
1579172
1579172
1579172
1581620
1581620
1542548
1548344
1547346
1543470
1543470
1547346
1553142
1553142
1558026
1558026
1547106
1554174
1548126
1566474
1575147
1571907
1575347
1577003
1587752
1587080
1594670
1587038
1584168
1583328
1582496
1578968
1579136
1578296
1577004
1578040
1582842
1583058
1583730
1590192
1590192
1591032
1584552
1583345
1578461
1578053
1578547
1578547
1567507
1567507
1566688
1566688
1566928
1567422
1567422
1567422
1567422
1558682
1543877
1541297
1545047
1540245
1540245
1530921
1530921
1523265
1523265
1536225
1536225
1536225
1537537
1528867
1529797
1524589
1524589
1540870
1541800
1541800
1541306
1546300
1546300
1546300
1546300
1546300
1547119
1547119
1555859
1552109
1552784
1551335
1544039
1544039
1536899
1543577
1547009
1547009
1546748
1546748
1553648
1553648
1550708
1547348
1552804
1552804
1535479
1535479
1534443
1540075
1541005
1534685
1531253
1527041
1529981
1529981
1529981
1529981
1530149
1523119
1515823
1505365
1506585
1500905
1500905
1500485
1500429
1500429
1500429
1501878
1501878
1504458
1504458
1503786
1505106
1506555
1500507
1506187
1513975
1506907
1509777
1496421
1493841
1486811
1495435
1506475
1517720
1517720
1514660
1514660
1515902
1515902
1511574
1510644
1510644
1510644
1522460
1524440
1528350
1527038
1526366
1526240
1526184
1526184
1526184
1519054
1517722
1517722
1514662
1525918
1533706
1536576
1535646
1536334
1536118
1538288
1537712
1545344
1545344
1555640
1555640
1565740
1565212
1562152
1562152
1529812
1529812
1529812
1528972
1532332
1506691
1509751
1509490
1509490
1509490
1501858
1505530
1511210
1511210
1511048
1511048
1497965
1497125
1503803
1500635
1499803
1502971
1502971
1502971
1502971
1508447
1509122
1520378
1526698
1526698
1532746
1526426
1525586
1527866
1527866
1527866
1527746
1527506
1527767
1527767
1528261
1530097
1530097
1525020
1526804
1529972
1529972
1537604
1536916
1536916
1536916
1536916
1536916
1525822
1533291
1533966
1533438
1533438
1533438
1533276
1498332
1493536
1493368
1493368
1493368
1493368
1472500
1472500
1468828
1468567
1468567
1465987
1465987
1473055
1473055
1473055
1480191
1480191
1479663
1482533
1482533
1482533
1477731
1471907
1471907
1467515
1449805
1448353
1451289
1451289
1442619
1455975
1455807
1457119
1457119
1453951
1452499
1461316
1452576
1444944
1456142
1458542
1455962
1447338
1448013
1452221
1452221
1452221
1452221
1452221
1458269
1467009
1467009
1484334
1490438
1490438
1493498
1486202
1487322
1488358
1488358
1487566
1491554
1493006
1493825
1493825
1488145
1489597
1490272
1490272
1460844
1473633
1473633
1473393
1473132
1472892
1472892
1470312
1473984
1473984
1473984
1472889
1475199
1475199
1475199
1469403
1468547
1462913
1462913
1457149
1458805
1459925
1460600
1459148
1457492
1458164
1459259
1459203
1463079
1463079
1463079
1463079
1466829
1466829
1466829
1455573
1461042
1459326
1459164
1465551
1465551
1465551
1465812
1465644
1471358
1472030
1473066
1473066
1473066
1473066
1478746
1478746
1475902
1478772
1478772
1484568
1479500
1456379
1449899
1449899
1441019
1440347
1445231
1445231
1448981
1446401
1448549
1452615
1452615
1456983
1460151
1464953
1473623
1473623
1480763
1480763
1476395
1476395
1469654
1469654
1471490
1470178
1470970
1474030
1474030
1471450
1471450
1477930
1477930
1469530
1470205
1469944
1469944
1469256
1458000
1458000
1456284
1453836
1454872
1454872
1450070
1457366
1457366
1457366
1457366
1456838
1456838
1456838
1458287
1439459
1432559
1421224
1414156
1419268
1423636
1423636
1426036
1426036
1427746
1427746
1427746
1427746
1414666
1414666
1425106
1425268
1411912
1424701
1424701
1426508
1429570
1429570
1430410
1430410
1430170
1430170
1424374
1419826
1419826
1419826
1419826
1417990
1417496
1417442
1417442
1416512
1420388
1420388
1420388
1422044
1423634
1422962
1423892
1429716
1431372
1431372
1431372
1432902
1440502
1447402
1450642
1441972
1434160
1435113
1440909
1440909
1440909
1443779
1443779
1443779
1444571
1452611
1446787
1451155
1459779
1462539
1462539
1451499
1450463
1453333
1453333
1452514
1450984
1450984
1448044
1449644
1449644
1436684
1437476
1437476
1437476
1434606
1431983
1431164
1428294
1428294
1428238
1423436
1418634
1419322
1413642
1412122
1412122
1420746
1419297
1419297
1424753
1417685
1396817
1391361
1392961
1411141
1406339
1406339
1397669
1397669
1387211
1387267
1392985
1386085
1386085
1393554
1395270
1389590
1389590
1388141
1388303
1388303
1388303
1399223
1415504
1424244
1413387
1413387
1413387
1406319
1408719
1402041
1409109
1408434
1418892
1419948
1421068
1424128
1423444
1410484
1411579
1407211
1401415
1406217
1406217
1402467
1402467
1402467
1403819
1410497
1410497
1410497
1411185
1410510
1413942
1418310
1415142
1409346
1408852
1408852
1407540
1407540
1417912
1438780
1435910
1436946
1433805
1440935
1441623
1441623
1447255
1448350
1448350
1445182
1434142
1433454
1433454
1440750
1440750
1423040
1423040
1422660
1419228
1419228
1416648
1416648
1416432
1416432
1416432
1416432
1408963
1396003
1395073
1382284
1383214
1383708
1383708
1383708
1383214
1380766
1382366
1382366
1374734
1369850
1369850
1366418
1367867
1367867
1391107
1391107
1399847
1400967
1400967
1402917
1402917
1402917
1397461
1408501
1413303
1413303
1413303
1414903
1414735
1413699
1403241
1392201
1392201
1380841
1380897
1380897
1386247
1386247
1386247
1385575
1385575
1389943
1415584
1415584
1417984
1425472
1414432
1418308
1420708
1420708
1425592
1432540
1432540
1432540
1432540
1429300
1437088
1434868
1442164
1442164
1442164
1441996
1442257
1436209
1436209
1443505
1443505
1447801
1448896
1451066
1451885
1457517
1457517
1459965
1452333
1445499
1458582
1454706
1454922
1455958
1459198
1459198
1456618
1456618
1485482
1481606
1481606
1482830
1484279
1484279
1484447
1484447
1487507
1490567
1489531
1488967
1490751
1492911
1492911
1500380
1501829
1509485
1509485
1509485
1510157
1511469
1511469
1511469
1512309
1517765
1517765
1517504
1513832
1515284
1515284
1515284
1515284
1515284
1515284
1515284
1515284
1515284
1515284
1518425
1517606
1517606
1514736
1514736
1514736
1497411
1493535
1502043
1504213
1504213
1495473
1501153
1501153
1507213
1501457
1504897
1503241
1506913
1506913
1506913
1504015
1504015
1503521
1499849
1506749
1506749
1506749
1506749
1513069
1516429
1520305
1519811
1519811
1519811
1530083
1530083
1530083
1532573
1538253
1545600
1553069
1559117
1560153
1561605
1561605
1557855
1557855
1557855
1559571
1556131
1553261
1552841
1547385
1540485
1540485
1545515
1551195
1551195
1542455
1539015
1545831
1542159
1542159
1543254
1534630
1528760
1531820
1530890
1530890
1541348
1543004
1542842
1541186
1542842
1542842
1556042
1556042
1561032
1561032
1553964
1553964
1542708
1539268
1539268
1535596
1535596
1536271
1536511
1534201
1530769
1530769
1531444
1510576
1513712
1516278
1516278
1520154
1520154
1520154
1520154
1515786
1516474
1514818
1520642
1522448
1523267
1525603
1527829
1527829
1528669
1528930
1530058
1530058
1533298
1530328
1532498
1532498
1535858
1537514
1542316
1534387
1534387
1534627
1533787
1535623
1536743
1522648
1522704
1533744
1547337
1551705
1550305
1543627
1537995
1537827
1537827
1538646
1538646
1540362
1538910
1529292
1529292
1529292
1529460
1527940
1527121
1527121
1521665
1514369
1515299
1517249
1517249
1517249
1512809
1512809
1509939
1515395
1507585
1507585
1497127
1497127
1494299
1495748
1488680
1488680
1486804
1486804
1486129
1477459
1477459
1477198
1476078
1481874
1488904
1491964
1491964
1489036
1489036
1489036
1487974
1487974
1486366
1486366
1478897
1478897
1486685
1486685
1484849
1485944
1485944
1488278
1492028
1492028
1493552
1496132
1481110
1481110
1480015
1488685
1488685
1488685
1488685
1488685
1491265
1491265
1495141
1495627
1495627
1495627
1498795
1499635
1501511
1505183
1504511
1505186
1505186
1505186
1503530
1503698
1503698
1503938
1503938
1503938
1503938
1506386
1505711
1505711
1507461
1506773
1512213
1503473
1494733
1487703
1485533
1485533
1480649
1480249
1471579
1475011
1475011
1475011
1475011
1475251
1472803
1469743
1469743
1469743
1469743
1469687
1469687
1469687
1473127
1464387
1466670
1467706
1456666
1453726
1462350
1462350
1442330
1442330
1447962
1447703
1444071
1450743
1449707
1449707
1449707
1449875
1443407
1445717
1452301
1452301
1453093
1453093
1453093
1453093
1453093
1447045
1451413
1430545
1425743
1432773
1429023
1428335
1430505
1425621
1425621
1425621
1423671
1426119
1427571
1427409
1427409
1424829
1425090
1434306
1428674
1428674
1439714
1439714
1438265
1439717
1441009
1441009
1439914
1436554
1436554
1429258
1426018
1426018
1425316
1425484
1429156
1434788
1445828
1445828
1441512
1437120
1434060
1434748
1441068
1439948
1440020
1440020
1442600
1429549
1438873
1437424
1437424
1441623
1444873
1439589
1438017
1433649
1433649
1435249
1441927
1439617
1438522
1436922
1436922
1437183
1429714
1429714
1429714
1418674
1425304
1426234
1409953
1406785
1406785
1400989
1389629
1388789
1389629
1400989
1406785
1406785
1413105
1405473
1405473
1409349
1414151
1408403
1407383
1408071
1408071
1408071
1400283
1406079
1406079
1406079
1406079
1406079
1406079
1406079
1406319
1404870
1404870
1404870
1404870
1393614
1386936
1383264
1389584
1388489
1387649
1386197
1386197
1385525
1384595
1384355
1384355
1384355
1385807
1393091
1392161
1389851
1390670
1390670
1400750
1399850
1386890
1374630
1377150
1369494
1369494
1369494
1370286
1370286
1372456
1372456
1375396
1369076
1368401
1367089
1365637
1365637
1381347
1381347
1379898
1380738
1373269
1368901
1369573
1369517
1382306
1378430
1372634
1380154
1389478
1399936
1401592
1401592
1401592
1400497
1379629
1385949
1382889
1381454
1377086
1377086
1377086
1378742
1378742
1365953
1365953
1373021
1362232
1358992
1345748
1345910
1342160
1342322
1346114
1348694
1352201
1348325
1348325
1354356
1353684
1353684
1357896
1357896
1356584
1356584
1369373
1363741
1369421
1376321
1374721
1374721
1374721
1375513
1375513
1379905
1383577
1383577
1384507
1385179
1393919
1393919
1394087
1382831
1382831
1382831
1382831
1382831
1381736
1374440
1335368
1343336
1336337
1333937
1333937
1333937
1338821
1337785
1324825
1323225
1323719
1323775
1310419
1292239
1267438
1259969
1259913
1268653
1272931
1280400
1267317
1267317
1269171
1272111
1272639
1272145
1269975
1270663
1270663
1268215
1285540
1274683
1274683
1280315
1280315
1285199
1279567
1279567
1279567
1280687
1279001
1279001
1279169
1278377
1274705
1275635
1268166
1268166
1268166
1262710
1262035
1263463
1263463
1263463
1256433
1245975
1243395
1243395
1241281
1260524
1260524
1263764
1269396
1271796
1271796
1277428
1277428
1271748
1271748
1271586
1277266
1281634
1282474
1282474
1282474
1279948
1280004
1284216
1289848
1295376
1297824
1297149
1294089
1294089
1290213
1288761
1287105
1290345
1303701
1290912
1294544
1294544
1292444
1284788
1293528
1293528
1285740
1287324
1287324
1287324
1286649
1279581
1273757
1273757
1298558
1300142
1313618
1310875
1302205
1301169
1301857
1302952
1309000
1308181
1307349
1305897
1307209
1307209
1305553
1305553
1306241
1312697
1310446
1305830
1302080
1291160
1283864
1283624
1284443
1284443
1287503
1287503
1287503
1294571
1288891
1290547
1293715
1298517
1298517
1303401
1304076
1303908
1310586
1313456
1313456
1315904
1314188
1314188
1314188
1313258
1316318
1314602
1314602
1313914
1311242
1307802
1307802
1304634
1310954
1309004
1309004
1308608
1309644
1308714
1338194
1340774
1341518
1328729
1320333
1316973
1317792
1319144
1315976
1315976
1318017
1314055
1314055
1314583
1315375
1322275
1322275
1319827
1319827
1320757
1320589
1316713
1316713
1309813
1315861
1311493
1306609
1315933
1315933
1315933
1315933
1315933
1319683
1323895
1323055
1323055
1323055
1338725
1345754
1339274
1339274
1341224
1332554
1336430
1343460
1344300
1346610
1346610
1349010
1347915
1344555
1332035
1335707
1341391
1348339
1345469
1345469
1345413
1341981
1348301
1348301
1342505
1342999
1340129
1347785
1347785
1347785
1347785
1340755
1338445
1329821
1329821
1329821
1348490
1348490
1352930
1352930
1352650
1341394
1341394
1352184
1352184
1352856
1359756
1356696
1356696
1355660
1366118
1372382
1372382
1373070
1386030
1386030
1385790
1388660
1388660
1385492
1380036
1387332
1389282
1396578
1397253
1397253
1390669
1394677
1394677
1398349
1398349
1401517
1407149
1410913
1410913
1410913
1412629
1411789
1411789
1411789
1411733
1416699
1412823
1412823
1412823
1411787
1404491
1408163
1407475
1408294
1408294
1406458
1404802
1403766
1403766
1403766
1392726
1392726
1392486
1393596
1393596
1394090
1394090
1390650
1386900
1386900
1386684
1392140
1393589
1393589
1393589
1391189
1383893
1383893
1387769
1387769
1387769
1388457
1388457
1390333
1390333
1377544
1383808
1387480
1378156
1372476
1373164
1371508
1371670
1382065
1382065
1382905
1377109
1380541
1384909
1384909
1386509
1386695
1386911
1397768
1394966
1386296
1389356
1388564
1386908
1399697
1399697
1399535
1399535
1395323
1394635
1394635
1392465
1381608
1382280
1379220
1374418
1374418
1376818
1376818
1375218
1367586
1369896
1372766
1369896
1373772
1376082
1376082
1370034
1366362
1367037
1376574
1376742
1385412
1385412
1392881
1392881
1381841
1381841
1381561
1390185
1390857
1385499
1378599
1385644
1402969
1405791
1405791
1401423
1414383
1414143
1414143
1410267
1412550
1415282
1415954
1414502
1413710
1411400
1409951
1409021
1412771
1412083
1411291
1417627
1419937
1419937
1419937
1424732
1424732
1426208
1426286
1425822
1429572
1429740
1435372
1400428
1400428
1400428
1442428
1440258
1444008
1447044
1444464
1438784
1435892
1424852
1425782
1425944
1431992
1426536
1431420
1430732
1430972
1437872
1437872
1439472
1431816
1431816
1431816
1436224
1436224
1436280
1442328
1442328
1442328
1447784
1449236
1450084
1451536
1446252
1443116
1443116
1443116
1449436
1445560
1436560
1437680
1444580
1438424
1436768
1436768
1436080
1425160
1418840
1413208
1414520
1414520
1420832
1424486
1430966
1430966
1430966
1429310
1429310
1429310
1440230
1440392
1440392
1441544
1436660
1437972
1434912
1434856
1426116
1426788
1413432
1413488
1413488
1413227
1420355
1426151
1426151
1426151
1439111
1447781
1449381
1449381
1449325
1449325
1457995
1458256
1455016
1447986
1445538
1438508
1438508
1438508
1437196
1437196
1435246
1435246
1434752
1467176
1467176
1463300
1466360
1465685
1468853
1466453
1457829
1456394
1454084
1454084
1455684
1452252
1452252
1452252
1450176
1452756
1459656
1459656
1441946
1442765
1442237
1435917
1434797
1430585
1436633
1434233
1423193
1429513
1429513
1429513
1422445
1423189
1421589
1421589
1421589
1421589
1420140
1430885
1430885
1432317
1436261
1436429
1439977
1433657
1427177
1427177
1432549
1430101
1430101
1431701
1438021
1440331
1442779
1444091
1444091
1444091
1444091
1444035
1444091
1444619
1450499
1453179
1453179
1456539
1456800
1456800
1456800
1448060
1448060
1441160
1443470
1444590
1445409
1446084
1445244
1449120
1448840
1446670
1460970
1472010
1472010
1465530
1471758
1474628
1473956
1473956
1472300
1472300
1468628
1469122
1472362
1474018
1474186
1471126
1471126
1471342
1470523
1471453
1473593
1475332
1475332
1476368
1476368
1467744
1467744
1457286
1468956
1468956
1468794
1470510
1469835
1466579
1458791
1478339
1485245
1487415
1488767
1499687
1503886
1500718
1500774
1500086
1502534
1498862
1491236
1504112
1497434
1497434
1497272
1497272
1488648
1488648
1488648
1488824
1512840
1512840
1508964
1508964
1514532
1512281
1521881
1526087
1536545
1523585
1518585
1520787
1520787
1519857
1519857
1516185
1517769
1517769
1517769
1517769
1520365
1521037
1521037
1524205
1523785
1532665
1533505
1532929
1536361
1540729
1546409
1550801
1552751
1552583
1548191
1548191
1544519
1544519
1545107
1537250
1537250
1537250
1536155
1536155
1532672
1532672
1532672
1540262
1534466
1537336
1539646
1539646
1539646
1539646
1542616
1542616
1542616
1542616
1542616
1543304
1550334
1550166
1549374
1549374
1549374
1549614
1545402
1543452
1543452
1546008
1546008
1546008
1547608
1534777
1534351
1536433
1535338
1534758
1523502
1515870
1491069
1491861
1493313
1492819
1471951
1471951
1465631
1472761
1480230
1481022
1498347
1498347
1497507
1497507
1497507
1493139
1492467
1491648
1491648
1493100
1492836
1492836
1487204
1490264
1490264
1489172
1480548
1466248
1460809
1457641
1447841
1443965
1442249
1438477
1427557
1428187
1428187
1428187
1428187
1429903
1429903
1428973
1425445
1425445
1428613
1428613
1427773
1427773
1426057
1456009
1456009
1459069
1465117
1465117
1435637
1426967
1421335
1415655
1415655
1415655
1416447
1416447
1410399
1407529
1411011
1416467
1417155
1418250
1418250
1418250
1420420
1419892
1420420
1420420
1421456
1422536
1405211
1411259
1411315
1412155
1411993
1415665
1415093
1412981
1417349
1427520
1427520
1427316
1410110
1410604
1416284
1416446
1409378
1409378
1411629
1417309
1435019
1435019
1435019
1434779
1431839
1431839
1428599
1434055
1434316
1432882
1433674
1435330
1432822
1432822
1432822
1441330
1445542
1445542
1446998
1445048
1441172
1441172
1441433
1441433
1440758
1445126
1470767
1474172
1474172
1468376
1471816
1471816
1464347
1464347
1464403
1461635
1460303
1455303
1453991
1454519
1448471
1448639
1454463
1454463
1462251
1462251
1460535
1453467
1454397
1461798
1456166
1455491
1457891
1457397
1457397
1457136
1457136
1450656
1450656
1449816
1449816
1452396
1441539
1440087
1440087
1441539
1437171
1444640
1446224
1467092
1468187
1468349
1477469
1476677
1476677
1466219
1466219
1466219
1459899
1462479
1463928
1461348
1473633
1471813
1478133
1480303
1480543
1480543
1481071
1475439
1475439
1476279
1478727
1477895
1482835
1482835
1475683
1474843
1474843
1471973
1467193
1466521
1473421
1465789
1465789
1478872
1484668
1484668
1485343
1480541
1480541
1486861
1486861
1486861
1488253
1479629
1480157
1480418
1480418
1480679
1480679
1475047
1476703
1483831
1483831
1489627
1496657
1496657
1496603
1496603
1497131
1497131
1491499
1487623
1487623
1490493
1489341
1495253
1495253
1494845
1495085
1495085
1495085
1495085
1482125
1481437
1481437
1482277
1479217
1479217
1475467
1479859
1479859
1479859
1496140
1493560
1488104
1488104
1488320
1462679
1470148
1470148
1472484
1468608
1461540
1461372
1458792
1452996
1452996
1449828
1461084
1456282
1453042
1453042
1451522
1453178
1459002
1459002
1459263
1456863
1455263
1448943
1447823
1447823
1446893
1446731
1439262
1439262
1439262
1439262
1449362
1458102
1459686
1452656
1452656
1454966
1454966
1444508
1436876
1436876
1440236
1438924
1447594
1455382
1457538
1467467
1473099
1473099
1473593
1473593
1474385
1465989
1466157
1466397
1460234
1457786
1457786
1455476
1455276
1446606
1453756
1456336
1456336
1465076
1465132
1463680
1461510
1458342
1459794
1450470
1456467
1447797
1453593
1454412
1460732
1463146
1463146
1467022
1466966
1472646
1472907
1481577
1492497
1492497
1492497
1499835
1499835
1499835
1499835
1500329
1491589
1491364
1490052
1493328
1513189
1513861
1501396
1507716
1510084
1510084
1512954
1526310
1526310
1519632
1508712
1508712
1507676
1511036
1521788
1523388
1523388
1530580
1529761
1529761
1528942
1528942
1528774
1532650
1532650
1511782
1488141
1475181
1475181
1470297
1449429
1453269
1453269
1452339
1459369
1461283
1466313
1466313
1458525
1458725
1457141
1446058
1446058
1449842
1447632
1447800
1458720
1464352
1464352
1464352
1464352
1461952
1461952
1461896
1465646
1465646
1464854
1457845
1462213
1465573
1465573
1465573
1459649
1459649
1460685
1471605
1471767
1468257
1468257
1468257
1470315
1470315
1470315
1470315
1463523
1461939
1461939
1460355
1422171
1419723
1424607
1413567
1410135
1418875
1423267
1423267
1423267
1423105
1426981
1434613
1434613
1427317
1427317
1427317
1421861
1427909
1428437
1439357
1440941
1446621
1446621
1445829
1453891
1453675
1453675
1451725
1444769
1451399
1451399
1452074
1452074
1449764
1449764
1453976
1466936
1465336
1465336
1462936
1462936
1459504
1459504
1453824
1454616
1456216
1456216
1450536
1450536
1444056
1453909
1453909
1453909
1453909
1456219
1455531
1454843
1452673
1459757
1459757
1446797
1437473
1438148
1436548
1436548
1439104
1439104
1435354
1435354
1435516
1435276
1442572
1442572
1442572
1437580
1439530
1442698
1442698
1443373
1440313
1440313
1432525
1431733
1432261
1432261
1435321
1435321
1432451
1432451
1432451
1432451
1432945
1434895
1435570
1436606
1436606
1434380
1434380
1434380
1435055
1435055
1435055
1437455
1437983
1425223
1432291
1432291
1432291
1432291
1433386
1440855
1448643
1443214
1443886
1432966
1429182
1422282
1422021
1424421
1424421
1424421
1424421
1415751
1408851
1411021
1411861
1411861
1414803
1411635
1412427
1412427
1404771
1404771
1397302
1392934
1404697
1404697
1393840
1392391
1374681
1374681
1381929
1387725
1382045
1383113
1385513
1385273
1385435
1389185
1390522
1396570
1396570
1396738
1396738
1404370
1396738
1404370
1404370
1397074
1395622
1392262
1389341
1389341
1387741
1387741
1379117
1378325
1378325
1377395
1381271
1382855
1385725
1388785
1389313
1390153
1390153
1388701
1391101
1392031
1395199
1394671
1394671
1381588
1383040
1390070
1389398
1388558
1388294
1388294
1388294
1388294
1384622
1384622
1386074
1375616
1378652
1379146
1379146
1379986
1385666
1384994
1386443
1387563
1387563
1387563
1387563
1391235
1387875
1387875
1387875
1387203
1384893
1374957
1368909
1362589
1362589
1365829
1359781
1334140
1337308
1337140
1343620
1337572
1338244
1339828
1336388
1332020
1337476
1337215
1328545
1327093
1316053
1310421
1312371
1312587
1309527
1309471
1309633
1309633
1325914
1311614
1311614
1314974
1318034
1307114
1306426
1304974
1298074
1291174
1291174
1300453
1302763
1310395
1311823
1311004
1309968
1309968
1309800
1307220
1310660
1314228
1310478
1310217
1311817
1298461
1296805
1288135
1286551
1288003
1282207
1281112
1281112
1281112
1287160
1297618
1298112
1305581
1305581
1305581
1299901
1306221
1299321
1317031
1317031
1311575
1308705
1308705
1309199
1308527
1319567
1320995
1307912
1307912
1307210
1311086
1318555
1311487
1322743
1322215
1322053
1322053
1316373
1309744
1314628
1319516
1308596
1308596
1312268
1311449
1321802
1318442
1319894
1322722
1324242
1324242
1324242
1321828
1323778
1323778
1329846
1331502
1333672
1333672
1329280
1326700
1329100
1329100
1323416
1319048
1319888
1304768
1301708
1298838
1298838
1298838
1298838
1299526
1307314
1308154
1310324
1314074
1318876
1329665
1331114
1320194
1316318
1315458
1315458
1321778
1321778
1325990
1313030
1309970
1307660
1305490
1305490
1297858
1306778
1305346
1294489
1294489
1290613
1290613
1290613
1304913
1310961
1311636
1312455
1312287
1303617
1292534
1292534
1292534
1288658
1288658
1289477
1283429
1279217
1279217
1272897
1269021
1269021
1274845
1274845
1274845
1274845
1281913
1292833
1296001
1294881
1269240
1277864
1280444
1281539
1281539
1286423
1286423
1296881
1296620
1299980
1303040
1298238
1292190
1291950
1296752
1296752
1292360
1290050
1295874
1276546
1270498
1268422
1268422
1259752
1259696
1266726
1266726
1267846
1266916
1266916
1267084
1267084
1267084
1274380
1277820
1279476
1279476
1283688
1283194
1278826
1280996
1275540
1279908
1285364
1286964
1289134
1299991
1296931
1296931
1303411
1292491
1292701
1292757
1296633
1295945
1289045
1285169
1246097
1211153
1211825
1211825
1222745
1222745
1222583
1222583
1222322
1223358
1224366
1226082
1226082
1226082
1225920
1229796
1216836
1218492
1224288
1224288
1224288
1227960
1227432
1223556
1223556
1223556
1231344
1231344
1218555
1218555
1221987
1228299
1225899
1225899
1231051
1234927
1243551
1235895
1235895
1238765
1235817
1239357
1239357
1240032
1240032
1240032
1241688
1243140
1254396
1254396
1241436
1233967
1236137
1234421
1239305
1240449
1234641
1235677
1235677
1235821
1233871
1241167
1242823
1242823
1275767
1275823
1276039
1276207
1277923
1277923
1277923
1277761
1277761
1270292
1276772
1276772
1282056
1281528
1269179
1269179
1272049
1277681
1277513
1277252
1287710
1290290
1290290
1290050
1290390
1294596
1290772
1284976
1282106
1279706
1281656
1281656
1281656
1288952
1288952
1288952
1292012
1281155
1260287
1249430
1251170
1244140
1243465
1242971
1237291
1239461
1239461
1233827
1233155
1229405
1229405
1232275
1231483
1231483
1228315
1228315
1227640
1224400
1224400
1224400
1231468
1233688
1233472
1229260
1230086
1235718
1239390
1240062
1240062
1243122
1252446
1250136
1251448
1251504
1250468
1250412
1249884
1255564
1255564
1264684
1264684
1263892
1274932
1274932
1276588
1282384
1280784
1280784
1288440
1292652
1294822
1296274
1299946
1299946
1297498
1279788
1254147
1242891
1243927
1243927
1240567
1247047
1247047
1247047
1247047
1246207
1247026
1252658
1256330
1251446
1260725
1260231
1260919
1268707
1268707
1272457
1275625
1277077
1274207
1274207
1284503
1284559
1284559
1283439
1280007
1279167
1277583
1280643
1280643
1273613
1281401
1281401
1279931
1279931
1283603
1282567
1289047
1282579
1294928
1293916
1295572
1293402
1296462
1317330
1314270
1314270
1307950
1328818
1340554
1339714
1339770
1343010
1336852
1337440
1336864
1336864
1336864
1331232
1344192
1344248
1349050
1349050
1348846
1356150
1354200
1356780
1350300
1352470
1355650
1338325
1338325
1339117
1339117
1342557
1344157
1348525
1344649
1344649
1344649
1344649
1347817
1341769
1341769
1345209
1344681
1350844
1357164
1357658
1355708
1355708
1357544
1371844
1371788
1364758
1375798
1380278
1369022
1367854
1373650
1373650
1373122
1373962
1373962
1366666
1362274
1362768
1375557
1375557
1375557
1378427
1378427
1377933
1369193
1369193
1363369
1363897
1362297
1362513
1364683
1370507
1370507
1377857
1372857
1370547
1369098
1366038
1359008
1372091
1366043
1360219
1367875
1368911
1356122
1355282
1355066
1347434
1341386
1346842
1346674
1348123
1348123
1344451
1352083
1359151
1358056
1358056
1352260
1358938
1356628
1362452
1361924
1361924
1362149
1365317
1365317
1365317
1363865
1363604
1363604
1362929
1368725
1357805
1356965
1356965
1358085
1361525
1361525
1362455
1363550
1367222
1367222
1369802
1370897
1362273
1369569
1364767
1364095
1364095
1351012
1358080
1351012
1351012
1350518
1337729
1338824
1339040
1339859
1339859
1332829
1329157
1329157
1327501
1327501
1328320
1329112
1321282
1321282
1321282
1321282
1321021
1320202
1322038
1319168
1322336
1320680
1309424
1293143
1290973
1289937
1287537
1287705
1287705
1286121
1293590
1289840
1289840
1289168
1284176
1289060
1290155
1286483
1290851
1291061
1291061
1291061
1290857
1290857
1290857
1290857
1294607
1296921
1296921
1298521
1298782
1293102
1293264
1293264
1300332
1300332
1300332
1302282
1306650
1306650
1305810
1305135
1318095
1321263
1321263
1324155
1324155
1324155
1324155
1319787
1332576
1333264
1331664
1331664
1328604
1335900
1348983
1348983
1348953
1341484
1340812
1347842
1341522
1343832
1341662
1341662
1321642
1330060
1329385
1328455
1328455
1328716
1314416
1314416
1314416
1313597
1313687
1315287
1315287
1322317
1322317
1318645
1318645
1318645
1329103
1336399
1343511
1334771
1334771
1334771
1329091
1327642
1323766
1320896
1320896
1320221
1320221
1312433
1312433
1312433
1312433
1312433
1312433
1311745
1317201
1311521
1314461
1309005
1312065
1312065
1313649
1313649
1309281
1308915
1308387
1309206
1346278
1351598
1350014
1346878
1346878
1350118
1352988
1344248
1344248
1344248
1350044
1342256
1344566
1344566
1344566
1350022
1353262
1342006
1343206
1343206
1343254
1343254
1344854
1347086
1342887
1347689
1347689
1351403
1344107
1348319
1348103
1348159
1339489
1340941
1341977
1337609
1335953
1335953
1322870
1329350
1330142
1330142
1331594
1331594
1331594
1332088
1334488
1344766
1341874
1340218
1336510
1335670
1329238
1328202
1316946
1316784
1316784
1324875
1321203
1321203
1310346
1306470
1307460
1308555
1303085
1305665
1307381
1304981
1306409
1317867
1307010
1315750
1320118
1317948
1328625
1328625
1335693
1324773
1317141
1315829
1315829
1313659
1313659
1313659
1317331
1317331
1317331
1320771
1317711
1317711
1322595
1311555
1290687
1289895
1286535
1293213
1296885
1297815
1308573
1309365
1312425
1312425
1310825
1310825
1311086
1303298
1311968
1313844
1317084
1317084
1308460
1309132
1309132
1309132
1311580
1311580
1310158
1313098
1324018
1312683
1305653
1312721
1324853
1320485
1328117
1327442
1327442
1328372
1328372
1315583
1315583
1311995
1311323
1305535
1300651
1299199
1291567
1294015
1293327
1293588
1301244
1304684
1298364
1288764
1287924
1293720
1296612
1296118
1295902
1291018
1296474
1296530
1296530
1300202
1300202
1300202
1295990
1279709
1280397
1289067
1289011
1298306
1290674
1289999
1289999
1289999
1289999
1295631
1298571
1298571
1295511
1295511
1294719
1307679
1307679
1300071
1292775
1292775
1293463
1292295
1295117
1295117
1298177
1307097
1304037
1297557
1295973
1304643
1300611
1306067
1302899
1304019
1303200
1303200
1300330
1300330
1296890
1294720
1294720
1294558
1305722
1313378
1313378
1313378
1354418
1354418
1354418
1351358
1348181
1348181
1348181
1342393
1342393
1340941
1340941
1342390
1333766
1333766
1330826
1313116
1333984
1338622
1338622
1328164
1341247
1348903
1351963
1351963
1351963
1351963
1352491
1352491
1350835
1350835
1350779
1345895
1345401
1368522
1371558
1372233
1372233
1368561
1365981
1371777
1375409
1373825
1373987
1373987
1370819
1368239
1368239
1368239
1367420
1367420
1367420
1367420
1364360
1369992
1371462
1367790
1371856
1379376
1379376
1373736
1374408
1372238
1375598
1376390
1375571
1373971
1373971
1373971
1375283
1374595
1374595
1374595
1376051
1376051
1381847
1381847
1386915
1387603
1379947
1375735
1375735
1375735
1374615
1371555
1377875
1377875
1380275
1380275
1380113
1388737
1399657
1398205
1394329
1388533
1383077
1408718
1403916
1403652
1405318
1406158
1399534
1394438
1394382
1391982
1384513
1384513
1383064
1381612
1381468
1381300
1381300
1387620
1387620
1387620
1380324
1382724
1382724
1381905
1390529
1399269
1395519
1389415
1389415
1395047
1395047
1395047
1388999
1388999
1392059
1391023
1396951
1389319
1393329
1393329
1389889
1395937
1409752
1409752
1409752
1404724
1406894
1405238
1405406
1407213
1407213
1409793
1412621
1406165
1409797
1419071
1419071
1412393
1412393
1424252
1424252
1424252
1424513
1431809
1434679
1434679
1433559
1433559
1434489
1435164
1429708
1432156
1432156
1432156
1421236
1421298
1421298
1424358
1425478
1423078
1424198
1424198
1416729
1419789
1409331
1412241
1409181
1418505
1421745
1430481
1429361
1430036
1436736
1439136
1432193
1433645
1433645
1434320
1437488
1435888
1431033
1427973
1435629
1433049
1430739
1434615
1432899
1432899
1429459
1433323
1432829
1427145
1428181
1428181
1422653
1419293
1419965
1412897
1415027
1411355
1403567
1414747
1424347
1423853
1431322
1432162
1430446
1437346
1445134
1446766
1446505
1446505
1446505
1446475
1446475
1440843
1446299
1446299
1446560
1445728
1450612
1452064
1456432
1418680
1407820
1405510
1404198
1402248
1400078
1403518
1403518
1403110
1403110
1396790
1397630
1396030
1397342
1397342
1391710
1391216
1403485
1403485
1400425
1405227
1404132
1392968
1393643
1394915
1397166
1392364
1392364
1395276
1395276
1395276
1395276
1398716
1396136
1403605
1402510
1402958
1402958
1402958
1401082
1418792
1417528
1420588
1418418
1412738
1411906
1411906
1415074
1418386
1415326
1411654
1419442
1419442
1419970
1419970
1420132
1418680
1418680
1416964
1419636
1412606
1412606
1416456
1416252
1395384
1357852
1357684
1357009
1373879
1368895
1371765
1373349
1367553
1363803
1363803
1363803
1365519
1367855
1365685
1355416
1355416
1352836
1364476
1372108
1381908
1372062
1372590
1376549
1379129
1378427
1374995
1376711
1373471
1377143
1377305
1379705
1379966
1381358
1394147
1393907
1395219
1395219
1395219
1402629
1413087
1413087
1406607
1410357
1410357
1410357
1413227
1413227
1413227
1413227
1416977
1416977
1413542
1420838
1421332
1418462
1415522
1416718
1413278
1413440
1411920
1410825
1412481
1414929
1420935
1413466
1410406
1410406
1412122
1412738
1430746
1430746
1430578
1417495
1417495
1420663
1423063
1426423
1428202
1429651
1430963
1427723
1427723
1429893
1436843
1447700
1447644
1447644
1460061
1471519
1461061
1461061
1460736
1461831
1461831
1453161
1451577
1450541
1454759
1454759
1454759
1455020
1465292
1465292
1465292
1462422
1465770
1469594
1469594
1463189
1466939
1467179
1462699
1466371
1469416
1471816
1470976
1469524
1469524
1475320
1475320
1475320
1478260
1479190
1479718
1483390
1484990
1480622
1482054
1469094
1468884
1468884
1478684
1482356
1482596
1483632
1487508
1487508
1513149
1513149
1518325
1520149
1514517
1510845
1510789
1513930
1513930
1513930
1517071
1517071
1517071
1517071
1517743
1510111
1510351
1503283
1503283
1494613
1491445
1490773
1497481
1491001
1493581
1490141
1492541
1492541
1492541
1492013
1492013
1492013
1502762
1503581
1511411
1524371
1524315
1524315
1535235
1535235
1524195
1525035
1525035
1528887
1539927
1539927
1539927
1539927
1543167
1543167
1543167
1543167
1545243
1545243
1545243
1545243
1545243
1545243
1544207
1549091
1549307
1549307
1555627
1555219
1550851
1542111
1545351
1539555
1535343
1535343
1531903
1531903
1539199
1539991
1537821
1540881
1533225
1532105
1527221
1533701
1525077
1514619
1510743
1511418
1509762
1515394
1515394
1515394
1506070
1505854
1505326
1507640
1504580
1504580
1504820
1509704
1512872
1511942
1505233
1504303
1501363
1501363
1494883
1494883
1494883
1491007
1491007
1480087
1478487
1478487
1478283
1489236
1489236
1490892
1490892
1480434
1490892
1489500
1484616
1489418
1478498
1479380
1486286
1485886
1487836
1487836
1488931
1488256
1493058
1496808
1495968
1494312
1494312
1494312
1494312
1497552
1483252
1476304
1479472
1473676
1474720
1474720
1474720
1471660
1471660
1466776
1466776
1472408
1467606
1467606
1466276
1466804
1473872
1474088
1461128
1461128
1456760
1457021
1457021
1460897
1462553
1462553
1453813
1453813
1459861
1459861
1466539
1472335
1490045
1497514
1499146
1500666
1503906
1503906
1496838
1497526
1497526
1497526
1494286
1499918
1505580
1501704
1496902
1496902
1497832
1496737
1504206
1493748
1493748
1493748
1496058
1493052
1493052
1493052
1496492
1493324
1486294
1488010
1488010
1487842
1484944
1471861
1474731
1474059
1480737
1474913
1474913
1474913
1483653
1483653
1474358
1474358
1474520
1474520
1480344
1485146
1485146
1485146
1491466
1491466
1491466
1487590
1491340
1491340
1491556
1491556
1489242
1495290
1484832
1483232
1484832
1485952
1485952
1484857
1481185
1482769
1482508
1481820
1483536
1509177
1511577
1507073
1507073
1504625
1510257
1502961
1504413
1507853
1507853
1507853
1505403
1505403
1507119
1507119
1507119
1505670
1494127
1494127
1487059
1487059
1487320
1488356
1488356
1488356
1501439
1502369
1501694
1507374
1520001
1520001
1520001
1533084
1533084
1533084
1533084
1530774
1534820
1534820
1532370
1529500
1529338
1526758
1526758
1526758
1528070
1530240
1530240
1530240
1527400
1526560
1520764
1521604
1527400
1527400
1527400
1531276
1531276
1531537
1518577
1513283
1517121
1515465
1501165
1500070
1500070
1496438
1499498
1499660
1507457
1485046
1472257
1470805
1473865
1477297
1471665
1484454
1484398
1484137
1484137
1484812
1484812
1486412
1486412
1482947
1478579
1479615
1477899
1477899
1457031
1458747
1463549
1461833
1461572
1461572
1461572
1460780
1466762
1455842
1453442
1454117
1459199
1459199
1460039
1457169
1464199
1464199
1460959
1463539
1457859
1457859
1454109
1455579
1452139
1458619
1451323
1451323
1451323
1453273
1450963
1452275
1443605
1430522
1456163
1452491
1459960
1466280
1466280
1470486
1470486
1476534
1472862
1470692
1472004
1472004
1473739
1476979
1478015
1478015
1478015
1478015
1483853
1483853
1482253
1484701
1486150
1486990
1494883
1495555
1495555
1496230
1495542
1495542
1495542
1500998
1500998
1490735
1491423
1498323
1498539
1490883
1500442
1506074
1509314
1501682
1510422
1511517
1505469
1501403
1501403
1499951
1487162
1488614
1485374
1482974
1482974
1477518
1471722
1473034
1473034
1473034
1473709
1475021
1478081
1466825
1466825
1466825
1469273
1469273
1460603
1458023
1458023
1458023
1471379
1471379
1475255
1475255
1474994
1476594
1475906
1477622
1469966
1467518
1467518
1469688
1469688
1463892
1463217
1463217
1465719
1458087
1458087
1457295
1456259
1448027
1448027
1445717
1434797
1432205
1423465
1413665
1418057
1421367
1421367
1434450
1433138
1434738
1434738
1434738
1435774
1446814
1445158
1445158
1441486
1441486
1425205
1419930
1413610
1416670
1416670
1416670
1415218
1420020
1416144
1417728
1410699
1410699
1410699
1412820
1414536
1415376
1415544
1415544
1414752
1414224
1419026
1418786
1423178
1429226
1429226
1423770
1426108
1426108
1418452
1418452
1422328
1413704
1415016
1415016
1415016
1404096
1403421
1408305
1411245
1398456
1404252
1410048
1410048
1422837
1423005
1423005
1420605
1419933
1419003
1419678
1419622
1422070
1422070
1415002
1418442
1412986
1412986
1420054
1412422
1371262
1369662
1368732
1369551
1369551
1375007
1375007
1374881
1378321
1381191
1386871
1386871
1392695
1389263
1385591
1372802
1369442
1368512
1370960
1370960
1370699
1359339
1362399
1351479
1356281
1343360
1336682
1325825
1324513
1323201
1323201
1330833
1337511
1337511
1340391
1347687
1342885
1343815
1330855
1324177
1322593
1322833
1309873
1308421
1308421
1310821
1319491
1328161
1327125
1327125
1326864
1333812
1333551
1333713
1337145
1337145
1337817
1345121
1348289
1348783
1348783
1342987
1325277
1329153
1334785
1331617
1322993
1318625
1320575
1314095
1316045
1319485
1321435
1300567
1300567
1300567
1299892
1301699
1296067
1296067
1299127
1299127
1299367
1296127
1298135
1298135
1295265
1295265
1296084
1288287
1287615
1285035
1276411
1278811
1265728
1253608
1255324
1255324
1262608
1270077
1276557
1275437
1277037
1278349
1288079
1280610
1280285
1280285
1283525
1278069
1274829
1275045
1275306
1285662
1282602
1277964
1284864
1288614
1288614
1288452
1291812
1295688
1292628
1266987
1266987
1266987
1268415
1268175
1268175
1268175
1268175
1268175
1275205
1271329
1264195
1249485
1241697
1240602
1240294
1240294
1241389
1241389
1248419
1261379
1261379
1253375
1242015
1243905
1256988
1252186
1264519
1271988
1274928
1278168
1278168
1270512
1269672
1271730
1277186
1271138
1271138
1274198
1274198
1278410
1281308
1277558
1277558
1277558
1277558
1277558
1276718
1276718
1280930
1281092
1281353
1282025
1271105
1273519
1276759
1267200
1272832
1281502
1277752
1277752
1276632
1281024
1281024
1273236
1271220
1272840
1269408
1269408
1262452
1261372
1257940
1247482
1245882
1242442
1242442
1240993
1233524
1233362
1220573
1214093
1208461
1208461
1207629
1205229
1205229
1205229
1197933
1197933
1197933
1194493
1192543
1190827
1187077
1180009
1180009
1177561
1175113
1171363
1170051
1170051
1161381
1160069
1160069
1159901
1159901
1154269
1151959
1151959
1151743
1151743
1147021
1142219
1139771
1139771
1139771
1139771
1138931
1138403
1134653
1132937
1129877
1123199
1111943
1107731
1104791
1104791
1104791
1093535
1076210
1076210
1076210
1074260
1071092
1069376
1069376
1069376
1069376
1069376
1071326
1085626
1088794
1090510
1094386
1094386
1103010
1115799
1115799
1113629
1113629
1113101
1105632
1105470
1092510
1092270
1092270
1092270
1092270
1092270
1092270
1092054
1088886
1083254
1083254
1078370
1072738
1061698
1055902
1054302
1045562
1045562
1038884
1038356
1020646
1020646
1019334
1016934
1016934
1015482
1012050
1012050
1005730
1002290
1001618
1000778
997538
994098
990222
990222
984542
981672
978802
971734
970422
970422
966982
966982
961158
961158
961158
954090
954090
954090
954090
950418
947548
947548
941724
941724
916083
915915
908446
902398
901904
901904
900974
899258
895382
893933
891533
891533
884237
880805
877637
876962
876701
876701
872825
869585
851875
851875
851713
851025
851025
849075
849075
849075
842755
842755
839587
839587
839587
836527
836527
833467
830107
817024
804235
803741
798109
792477
792477
791802
791010
791010
791010
791010
782386
782386
782386
776562
776562
776562
763479
763479
757683
757683
750387
748935
745575
743175
741459
740640
738690
733888
725218
725218
724543
724543
698902
698902
697302
697302
696182
694526
692356
684887
681137
680462
680462
680462
679034
675974
667304
667043
666368
659300
659300
646340
644624
644624
639168
636228
623268
616200
615381
609925
609709
608397
608397
607725
594642
587612
580582
573113
572441
572441
571601
571601
571601
558812
546023
545783
545108
545108
539284
539122
537538
535124
509483
503803
502767
499527
496095
483306
479556
474754
471694
470599
468151
466435
457765
449095
446155
444571
443259
440949
434901
434901
434901
434901
434901
432453
430503
429573
429312
429312
429312
429072
425904
425904
424592
423752
422822
415353
406613
405925
405925
401557
392887
388085
386369
386369
377045
363962
357914
357914
355334
352394
345716
332360
332360
332099
325779
325779
325779
325779
325779
324063
322751
322751
322751
318359
312727
311691
308331
308331
304581
301141
301141
297701
294533
287633
286033
272950
266050
266050
263880
261710
254078
248622
246174
246174
242934
241839
240803
237563
224603
224603
224603
221543
220507
217447
212563
210163
209995
209833
206593
206593
206593
206593
206593
206377
200745
197685
196590
183234
178842
174040
174040
174040
169238
167638
162006
162006
154218
150342
144546
138066
125277
125277
125277
122037
120725
114047
110987
110987
110771
109952
109952
109952
109712
92387
92387
83717
79505
75113
72053
68177
68177
68177
64301
64301
57271
53059
53059
47263
47263
46423
37799
35849
31973
17673
4884
4884
3168
0
