2430
13230
15039
15831
17735
23615
36775
38821
56533
57083
57578
58448
89696
92504
93980
97445
97940
117180
122940
140652
140976
141756
144402
144722
145002
152592
154192
156052
155272
152626
158386
161032
161812
166132
176932
179932
181512
184977
198893
204977
199217
203537
212945
223745
224065
228625
246337
247117
241357
238711
244471
243691
246337
252421
257671
262531
266731
272939
278819
284579
285359
288005
287225
284579
278819
291979
309691
309196
307150
293990
276278
270398
270893
272939
278819
279611
319945
321754
339466
354430
357076
357279
358879
366194
368003
370443
384359
385139
387785
393545
392765
387005
384359
383567
365855
383567
398531
383567
385376
425710
385376
386168
383522
386168
384359
402071
404717
405509
445843
447652
462616
464425
482137
480328
481120
521454
536418
521454
503742
506388
503742
502950
462616
469016
470456
471896
485056
492910
493460
511172
511375
531133
538987
542119
543373
543923
558933
563493
560847
563089
563725
569485
572131
572911
576043
575263
576166
570406
588118
628452
629244
614280
629244
631053
633699
632907
615195
612549
572215
570406
588118
603082
604891
607537
608329
608879
649213
650083
649533
650325
652755
651885
620637
619845
617415
648663
651309
669021
683985
643651
642859
640213
641005
623293
608329
610138
608329
648663
641073
640793
641113
642713
644573
652163
652443
650843
648983
648663
634747
627432
624992
623392
623189
637105
638914
646229
648669
650269
667981
666172
664363
624029
623237
663571
665380
650416
632704
633496
630850
645814
648460
648663
646017
645225
627513
612549
614358
654692
655484
658130
617796
632760
650472
648663
630951
615987
616779
614133
616779
634491
649455
647646
646854
648663
608329
648663
642903
645903
648891
675827
678473
680069
685319
687167
694817
696071
701831
706391
705611
702965
703745
686033
686825
692587
694396
679432
682078
679432
697144
712108
710299
709507
669173
666527
706861
706069
707878
722842
682508
683300
685946
703658
685946
684137
669173
670982
668336
708670
706861
706069
723781
683447
668483
669275
671921
686885
669173
671219
665339
665834
648122
661282
660787
661767
648607
646561
664273
646561
640799
641591
639782
637136
677470
680116
697828
697036
682072
683881
698845
698053
683089
700801
706563
707355
722319
681985
683794
681148
679339
681985
664273
679237
680029
682675
723009
720363
702651
704460
689496
687687
647353
646561
664273
663778
669538
658738
677978
676169
679634
680129
679349
676703
670943
671723
674369
655129
651664
650188
647380
645476
647380
658180
659989
661465
664273
662464
655149
653549
651109
637193
639002
646317
648757
649549
667261
669070
684034
669070
651358
611024
609215
606569
609215
608423
610023
610815
611018
605256
605053
603244
602452
599806
584842
598758
639092
679426
682072
699784
714748
697036
698845
701491
719203
719995
719203
716557
756891
741927
756891
716557
718366
700654
698845
697942
697306
694174
691932
692835
693471
696603
698845
658511
659303
699637
702283
687319
669607
671416
670624
688336
703300
701491
698845
713809
731521
691187
693833
694625
734959
736768
721804
704092
701446
700654
698845
700654
685690
684898
682252
680443
640109
680443
685303
686095
692303
674591
668711
664511
668711
686423
692303
687443
681235
683881
698845
698065
698845
703165
706630
709630
715714
729630
731210
725450
722804
728564
731210
742010
759722
800056
797410
800056
782344
784153
743819
742010
741218
742010
756974
742010
759722
757076
756284
715950
698238
696429
681465
696429
699075
699867
740201
742010
727046
725237
722591
721799
704087
663753
704087
704879
722591
707627
710273
712082
671748
669939
652227
654036
646721
644075
642266
639826
638226
638023
624107
625707
628147
628350
642266
649581
648789
663753
662961
703295
700649
698840
713804
731516
734162
734954
694620
696429
678717
663753
668073
665427
659667
662313
661533
667293
667832
669344
670124
673436
674228
691940
696224
696774
704364
712218
671884
679534
681964
687004
691274
694082
727682
712718
718361
717569
731485
737693
742013
746333
752417
756977
766385
777185
777505
775696
793408
775696
771376
766816
766496
769961
771541
774541
763741
774541
765133
792069
789423
771711
812045
814691
812045
811253
770919
771711
789423
804387
786675
771711
773520
771711
775176
778176
779756
790556
794876
793296
779380
775060
768976
765511
771595
760795
774711
771711
791469
806479
791469
809181
808978
805846
804592
804042
786330
766572
758718
754158
757290
758544
758747
759297
763857
771711
798647
799901
772965
777525
774537
766887
765039
759789
756789
759789
758535
753975
756963
758811
764061
765657
773307
771711
769469
766823
768047
774131
778451
786101
790961
790181
830515
829879
828976
825844
829294
823534
805822
804013
763679
762887
760241
745277
745772
745277
743231
730071
712359
711379
729091
731137
744297
750177
758031
758934
766249
767119
771439
771871
775183
775975
776755
777211
783835
788105
789545
795425
795145
793545
793825
801415
803275
804875
805195
797605
797285
795425
797865
796056
795853
788538
786098
800014
800217
801817
809132
810941
809341
795425
826673
824243
792995
792203
791653
794083
794633
795503
796295
795425
835759
834535
842185
834535
830215
834535
829675
826225
820141
826225
827449
830899
835759
795425
799695
795425
761825
756182
748328
745520
779120
772912
780766
783574
789217
795425
794522
790202
795242
787388
791658
800352
801222
802230
809545
811823
811391
813437
817707
822027
822347
828971
821656
815032
815935
816367
835607
834737
830467
838321
838816
879150
838816
835366
843016
847336
839686
845770
841450
840226
845086
848536
843676
844900
838816
836376
834776
834573
837013
838822
839025
837216
851132
843817
845417
852732
838816
845440
840580
844850
849170
857024
858536
854266
851458
857101
890701
894971
887117
882847
885847
890047
905011
871411
865768
875176
868968
861114
864954
860634
861504
868819
871627
879481
880705
886789
891109
898759
939093
942543
947403
948306
947082
906748
900664
897214
896782
900646
892996
892093
884778
878154
878586
881232
887440
883120
882250
877390
883270
889478
893678
887798
881590
877390
882250
890104
891544
883690
883140
889540
902700
904140
904690
903250
890090
883690
882250
886570
894220
934554
931104
932328
935778
940638
939414
935094
941178
900844
893194
888334
882250
874935
867081
873705
874608
881923
886193
887063
887495
880871
879968
879098
874828
870508
870076
877930
882250
889900
885340
884086
887074
888328
892888
865952
864356
861356
856106
854258
846608
843620
849500
851546
845666
827954
814794
812748
812253
825413
843125
844721
871657
872152
874000
877000
882250
882047
874732
860816
859007
856567
854967
852159
818559
812916
806708
798854
794584
797392
830992
836635
842843
850697
854967
859287
865371
825037
817387
813067
811843
816703
810619
818269
819493
859827
856377
851517
854967
854064
853569
850104
849672
841818
843294
841818
868754
863714
861284
853634
826698
807458
815108
804308
802499
803369
803864
814664
816568
819376
827230
832270
825646
828076
826172
823364
822494
818224
813904
815158
807843
809652
816276
816708
821028
828343
831808
832711
836981
856221
853089
833331
832077
831527
839381
859139
859689
859892
877604
880736
881990
866980
881990
877430
859718
864278
856424
856221
861471
856221
850137
853035
851811
857895
854445
814111
806461
802141
796057
791197
790658
772946
772396
768076
763792
763000
759688
758176
762496
754906
759190
759729
760521
763833
771423
772935
790647
791197
792100
787830
794038
760438
767062
774377
778647
782917
790771
795091
800734
801190
802060
802492
805804
804934
800664
796344
795912
788058
787155
787947
821547
827427
826971
820347
828201
820886
823694
824474
821162
814954
809311
806503
805711
807151
805711
799831
791977
791197
791477
799067
798747
797147
795287
787697
787417
789277
790877
791197
794329
795583
813295
816427
816630
836388
844242
848802
863812
864362
882074
882277
902035
909889
914449
915703
916253
931263
933693
902445
901653
902203
903073
934321
935113
932683
932133
931263
935533
936403
938212
942532
946802
940178
932863
940178
935908
931588
931156
926886
919032
918162
923202
923697
924017
925921
928729
930205
933670
944470
963710
964205
972899
973907
980531
982577
984855
965615
965295
964800
965703
960663
958617
949923
950355
949347
947069
966309
965406
973260
984060
985640
989105
975189
979509
985593
999509
988709
985244
983664
980664
976344
970260
973260
992500
992824
996274
1002482
1005470
1020434
1024274
1027274
1031474
1022066
1007102
1003262
999062
1008470
1005470
1009740
976140
982348
978078
972435
966227
963419
966227
999827
1005470
1013324
1005470
1023182
1036342
1036837
1030957
1033003
1032508
1038388
1036342
1018630
1005470
1014878
1010318
1005998
988286
977486
974840
970976
969464
972110
982910
987230
986360
987263
993887
1001741
995117
994214
986899
1004611
996757
992437
988167
987735
988605
992875
993195
994707
998571
1003131
1002811
1007131
1007563
1014878
1005470
997820
994820
992972
998222
1001210
1002464
997904
992654
991400
989804
991400
995960
999808
996820
998668
971732
974732
982382
976502
971642
965434
961234
966094
972302
978182
982382
978917
965001
966581
963581
959261
962261
966581
955781
969697
963613
974413
975568
973988
980072
983537
980072
969272
983188
989272
993592
996592
998172
1008972
1013242
1021096
1027304
1032947
1066547
1069355
1061501
1055858
1054278
1058478
1055478
1047624
1041540
1045810
1053664
1047040
1042770
1038450
1034180
1033310
1025995
1025092
1025524
1026304
1031947
1034935
1030615
1061863
1066423
1072303
1073883
1080507
1081410
1088725
1085917
1086787
1091107
1057507
1057075
1050867
1036951
1044541
1045549
1047827
1052097
1054143
1059183
1059678
1059998
1079238
1096950
1101234
1104450
1104945
1107843
1116537
1116213
1122421
1125871
1145111
1138903
1119663
1116675
1113225
1116213
1116537
1122180
1122960
1127160
1127592
1134907
1127592
1126722
1127625
1135479
1128855
1127952
1123682
1154930
1154498
1150178
1151758
1158382
1162702
1167742
1170172
1177822
1204758
1177822
1175392
1167742
1172302
1171048
1172302
1175200
1172302
1167262
1174852
1180732
1185002
1183422
1186410
1178556
1174356
1173576
1167933
1164945
1133697
1126107
1121547
1122417
1116537
1096779
1088925
1088375
1073365
1055653
1058785
1078543
1078340
1078543
1073983
1091695
1106705
1111265
1110011
1110561
1111815
1108683
1116537
1119345
1123615
1124839
1119196
1085596
1082788
1078518
1084726
1078518
1112118
1116978
1122621
1130475
1122621
1128705
1136355
1176689
1180139
1184459
1153211
1150223
1144580
1143710
1139510
1131920
1131140
1125260
1128248
1132448
1133228
1138871
1137291
1168539
1176129
1180689
1176129
1171859
1164005
1164785
1157470
1156567
1156111
1157551
1160863
1156543
1156111
1149487
1150279
1156159
1156615
1150735
1149955
1155835
1157415
1156623
1153311
1151871
1144281
1144001
1142401
1149991
1150271
1149951
1148091
1149951
1151551
1151871
1157955
1161405
1160181
1154097
1149777
1142127
1101793
1106653
1101793
1098343
1099567
1103887
1111537
1151871
1145991
1151871
1169583
1151871
1138711
1136665
1136170
1136665
1138711
1151871
1136861
1138115
1143995
1150435
1153747
1158017
1158857
1173867
1169307
1154297
1153043
1156175
1160735
1168589
1169139
1169342
1189100
1196954
1214666
1234424
1234627
1234077
1214319
1214869
1216123
1219255
1236967
1232407
1224553
1224350
1223800
1222546
1219414
1201702
1198570
1190716
1170958
1170755
1153043
1157603
1160605
1145641
1149481
1158889
1154689
1151689
1147849
1138441
1142641
1145641
1160605
1152751
1160605
1147445
1146005
1144565
1157725
1164125
1164675
1166115
1159715
1159165
1160605
1157797
1153527
1147884
1147389
1139535
1130841
1131821
1136285
1134239
1129199
1128879
1109639
1105439
1104659
1101671
1070423
1062833
1064413
1059853
1058273
1062473
1063253
1068896
1071884
1076444
1077962
1082232
1076024
1083878
1090086
1095729
1089849
1123449
1131039
1131831
1132151
1132646
1137686
1156926
1158438
1167132
1168140
1170418
1168140
1170186
1169178
1163535
1166847
1162577
1162027
1157743
1157204
1139492
1138700
1135388
1127798
1126286
1130606
1131156
1135440
1153152
1148832
1151640
1118040
1118579
1122849
1128099
1129947
1137597
1129947
1128099
1122849
1119001
1117405
1119001
1117747
1113187
1114441
1119001
1116013
1113013
1116001
1119001
1145937
1150257
1145937
1139853
1138629
1135179
1138629
1144391
1152041
1158125
1162985
1155335
1115001
1110141
1111365
1105157
1108009
1113259
1117459
1125109
1125541
1132856
1132532
1129082
1126094
1106854
1107724
1107174
1106382
1105512
1074264
1073769
1074561
1063761
1061952
1062447
1064877
1065747
1066297
1047057
1048961
1051769
1071009
1072485
1076949
1087749
1089558
1087654
1084846
1083370
1079905
1083370
1080940
1077952
1081264
1076800
1075820
1074302
1068540
1063680
1065260
1059617
1060457
1052807
1056257
1061117
1067557
1066333
1070653
1074923
1081007
1080227
1079387
1085267
1086779
1082219
1086779
1084133
1080269
1076069
1074557
1078421
1071981
1068669
1067089
1061209
1056939
1059585
1065228
1061778
1064766
1072356
1080006
1073922
1114256
1118456
1119236
1120460
1126340
1157588
1153268
1152836
1153706
1149506
1141856
1139004
1131689
1139339
1134089
1134521
1141836
1140966
1143818
1149068
1153268
1159148
1164008
1168208
1174416
1170216
1164008
1158128
1153268
1154138
1156568
1157360
1188608
1194816
1195366
1228966
1231774
1236044
1233236
1225382
1233236
1228966
1248724
1215124
1219684
1213476
1214026
1214229
1222083
1216440
1219572
1237284
1242927
1244181
1259191
1278949
1298189
1301639
1302479
1303349
1310999
1311431
1315631
1308316
1311168
1310298
1302648
1302216
1298016
1292766
1298016
1295164
1302479
1308241
1313101
1316551
1315327
1274993
1270673
1263023
1259573
1254713
1255937
1262021
1266341
1260257
1267907
1236659
1232459
1227899
1220309
1218729
1217949
1212306
1209318
1203438
1210753
1209883
1202233
1201801
1206001
1203149
1195834
1196266
1203916
1204786
1207638
1212888
1207638
1203438
1194744
1196553
1190673
1188769
1192234
1187964
1189440
1192248
1194152
1193832
1213072
1213567
1210759
1221559
1218094
1216048
1205248
1200208
1180968
1180473
1178997
1178157
1175259
1174251
1170939
1173217
1170939
1190179
1190499
1190994
1196034
1198080
1202350
1195910
1196918
1205612
1186372
1187212
1182942
1188822
1195262
1199532
1202430
1200621
1200126
1203438
1202214
1205664
1199902
1192252
1187932
1181848
1178398
1218732
1223592
1224816
1230900
1235220
1242870
1238010
1235202
1230932
1225052
1207340
1208594
1235530
1236970
1238062
1238186
1244810
1211210
1216145
1214891
1209248
1209884
1214924
1217354
1225004
1251940
1246900
1244470
1236820
1209884
1196724
1190516
1190021
1182167
1180121
1179251
1186566
1190766
1191198
1198848
1198416
1190766
1191636
1196886
1199738
1196886
1189571
1184321
1180121
1178867
1178317
1178114
1158356
1150502
1145942
1130932
1138786
1141918
1143172
1162930
1167490
1182500
1179368
1179571
1197283
1179571
1180121
1175261
1188421
1184971
1144637
1136987
1132667
1126583
1125359
1129559
1133759
1130907
1136157
1143472
1143904
1151554
1144239
1136589
1136157
1135287
1130037
1130907
1133759
1129559
1127963
1123403
1120403
1117415
1109765
1107917
1113167
1086231
1084977
1087977
1082727
1090377
1091631
1094619
1096467
1123403
1124999
1129559
1123475
1122683
1118363
1116783
1120095
1119315
1125755
1135163
1121247
1127127
1124127
1124967
1131407
1136342
1133030
1133486
1132046
1132838
1136150
1137590
1133270
1134050
1130738
1136618
1130178
1124298
1118418
1117578
1117122
1121392
1111984
1107714
1104249
1110009
1114329
1123023
1124603
1130687
1141487
1159199
1163519
1168079
1157279
1157599
1139887
1129087
1124527
1124207
1135007
1138472
1152388
1155388
1155708
1155428
1155708
1157568
1165158
1164838
1163238
1161378
1153788
1155388
1159588
1150180
1159588
1155388
1159228
1174192
1159228
1155388
1152388
1155388
1156024
1151089
1152529
1125593
1125717
1132341
1137276
1136184
1135548
1134108
1133984
1127360
1128452
1155388
1174628
1175178
1175381
1176635
1177130
1177680
1177883
1178203
1179457
1171603
1191361
1199215
1196083
1194829
1194279
1194076
1174318
1169758
1165198
1168330
1160476
1159222
1141510
1123798
1126930
1144642
1129632
1134672
1154430
1162284
1166844
1181854
1186414
1201424
1205694
1214388
1215396
1217674
1217471
1216921
1213789
1231501
1228499
1230545
1210787
1216037
1213185
1207935
1200620
1196420
1195988
1188338
1187468
1194783
1197635
1201835
1202267
1209917
1210787
1219481
1215211
1217489
1212449
1214495
1218765
1210071
1215111
1212833
1211825
1209779
1210274
1229514
1230522
1211282
1210962
1210467
1210787
1212635
1232831
1225516
1226626
1235320
1227670
1224818
1220618
1224482
1224050
1223180
1217930
1237688
1218448
1217608
1218448
1198690
1195240
1198690
1217930
1218566
1222031
1220939
1220303
1223615
1222175
1223015
1196079
1206879
1211814
1218254
1211814
1216134
1230050
1219250
1214315
1207691
1207567
1206412
1204832
1198748
1195436
1192436
1193876
1199960
1226896
1233520
1232680
1236950
1237074
1223158
1229038
1224718
1227718
1221838
1217568
1218660
1220240
1231040
1234505
1228421
1231421
1245337
1241872
1243452
1240452
1236132
1242216
1228300
1232620
1221820
1220240
1224524
1225019
1242731
1245947
1242731
1242236
1224524
1221626
1224524
1220240
1214990
1208906
1214156
1220240
1217594
1216082
1212218
1209788
1241036
1243466
1242916
1242046
1241254
1242124
1237660
1238210
1239002
1239205
1242517
1244029
1251619
1254931
1255723
1273435
1273974
1272462
1276746
1276196
1275657
1272345
1268025
1263741
1268061
1250349
1249557
1241967
1242517
1247377
1251577
1257785
1263665
1258805
1254605
1248397
1242517
1257527
1239815
1236683
1235429
1235632
1235082
1220072
1221326
1224458
1219898
1220448
1238160
1237957
1230103
1234663
1254421
1262275
1242517
1241425
1240789
1213853
1213977
1209042
1202418
1202294
1203386
1204022
1205462
1232398
1230958
1237582
1242517
1246787
1240907
1246787
1243475
1237035
1239933
1235663
1234823
1231925
1237805
1244245
1247557
1248397
1249267
1218019
1217227
1214797
1215347
1246595
1247387
1249817
1249267
1248397
1248194
1251506
1248194
1248397
1248717
1275653
1277557
1275279
1294519
1294839
1286145
1286640
1291680
1290672
1294942
1294622
1295630
1297908
1295862
1291592
1293638
1274398
1273903
1282597
1277557
1311157
1320565
1322077
1322201
1324010
1343768
1336118
1334522
1331522
1328534
1326686
1299750
1302738
1310388
1305828
1308828
1313388
1314984
1341920
1347170
1349018
1350272
1345022
1343768
1358778
1360374
1362804
1335868
1340908
1313972
1308932
1335868
1328218
1321594
1321470
1320216
1317786
1325436
1314636
1315890
1338354
1337262
1336626
1333818
1332342
1328877
1326973
1326478
1328818
1309578
1312476
1317726
1315917
1317141
1315701
1310766
1302912
1296512
1283352
1281912
1280472
1279922
1264912
1257058
1274770
1277902
1277699
1277902
1278452
1283012
1302770
1317780
1314648
1322502
1304790
1303536
1283778
1285032
1280472
1279922
1283234
1283031
1279719
1279922
1278018
1251082
1252986
1279922
1280242
1279922
1283234
1290884
1295084
1289834
1267370
1272620
1271780
1267510
1261630
1255190
1251878
1271118
1269894
1274934
1275942
1278220
1280266
1284536
1285031
1280831
1287271
1295965
1301845
1306115
1303115
1299275
1300145
1300465
1291057
1291897
1296097
1293199
1297039
1319503
1322503
1323727
1321387
1323727
1326625
1327057
1332307
1335159
1320195
1329603
1344567
1351882
1352674
1351450
1351906
1348594
1347814
1347358
1353238
1354678
1357990
1352740
1353520
1350622
1344742
1343950
1342510
1344850
1367314
1370212
1375462
1352998
1350658
1351882
1344292
1342692
1344292
1343972
1344252
1343972
1342112
1343972
1344292
1351882
1352722
1351882
1371640
1375090
1355850
1352400
1332642
1351882
1352314
1355166
1356036
1355604
1348289
1345437
1340187
1339317
1331667
1338982
1346632
1350832
1356082
1351882
1351758
1352078
1342670
1322912
1321103
1340861
1350269
1352173
1352297
1325361
1323457
1325266
1324946
1351882
1385482
1386994
1385482
1351882
1348570
1348773
1352085
1351882
1351387
1328923
1348681
1346341
1354195
1354398
1374156
1378716
1393726
1401580
1405850
1407896
1412936
1413431
1404737
1401839
1384127
1383119
1402359
1402679
1397429
1395383
1377671
1376417
1375867
1375664
1355906
1348052
1343492
1328482
1325350
1323072
1318032
1316778
1319118
1319668
1320922
1324054
1341766
1344044
1345052
1353746
1349476
1354036
1352812
1352262
1367272
1368496
1390960
1391163
1394061
1399311
1379553
1371699
1367139
1352129
1353383
1356515
1357065
1337825
1337505
1355217
1355014
1351882
1354734
1362049
1367299
1368169
1368601
1367731
1371931
1364281
1360081
1354831
1351979
1344664
1352314
1351882
1349978
1351787
1348475
1354875
1359145
1358650
1360554
1363362
1352562
1333322
1332827
1331018
1330698
1331193
1326153
1324107
1330547
1333859
1314619
1312341
1311333
1302639
1298369
1304249
1301441
1299965
1303430
1306328
1311578
1313918
1336382
1337606
1315142
1312802
1309904
1304654
1303430
1314230
1315706
1316546
1310106
1304226
1299956
1326892
1346132
1349996
1351900
1356170
1358018
1357178
1353713
1355949
1329013
1330917
1357853
1355949
1356269
1355949
1342789
1338589
1336249
1313785
1312561
1317811
1314913
1309663
1312561
1314901
1337365
1338589
1339381
1343581
1356741
1356944
1353632
1353429
1356741
1357173
1364488
1356838
1362088
1354773
1353903
1348653
1345801
1345369
1346239
1353889
1358089
1360941
1356741
1364595
1365435
1385631
1392946
1394170
1416634
1418974
1421872
1427122
1404658
1402318
1399420
1398196
1404076
1398196
1392946
1412704
1414513
1423921
1422409
1456009
1436251
1434442
1400842
1400966
1402478
1393070
1392946
1392076
1399391
1400261
1405511
1409711
1404461
1412111
1404461
1397146
1394294
1390094
1392946
1393378
1392946
1386738
1386418
1384514
1378634
1351698
1353602
1353922
1358122
1364330
1370210
1365350
1370210
1397146
1392946
1394200
1394750
1397882
1382872
1378312
1370458
1388170
1387967
1386713
1383581
1365869
1373723
1370825
1373723
1374563
1374013
1378283
1378486
1398244
1391804
1372046
1378486
1377646
1371766
1377646
1374334
1370064
1374624
1371726
1369386
1364136
1362912
1368162
1371060
1373400
1395864
1397088
1400400
1377936
1392946
1366010
1367858
1375508
1373660
1372406
1367846
1366250
1369238
1363988
1363785
1369035
1370631
1370834
1374146
1370834
1363184
1366184
1363196
1367756
1364756
1391692
1392946
1393738
1394608
1395158
1394366
1363118
1394366
1391936
1391066
1393496
1392946
1397506
1397826
1415538
1426338
1435746
1432848
1434072
1429752
1452216
1442808
1445148
1445468
1440218
1422506
1426826
1422266
1411466
1414364
1419614
1397150
1400048
1397708
1397388
1399728
1422192
1423416
1422192
1427442
1432692
1427442
1420127
1420997
1428647
1429079
1431931
1436131
1435261
1427611
1427179
1422979
1420127
1427442
1425538
1398602
1398282
1400560
1401784
1424248
1426588
1429486
1434736
1433512
1411048
1416808
1397568
1401838
1398940
1399948
1397608
1399654
1400764
1402612
1405510
1410760
1409536
1387072
1384732
1381834
1376584
1372264
1371714
1374054
1369770
1352058
1351266
1351586
1370826
1379520
1380015
1385055
1385835
1389699
1389160
1397854
1420318
1417006
1417556
1421840
1422379
1440091
1440883
1439371
1442683
1450273
1451785
1453009
1452689
1447649
1445603
1441333
1432639
1431631
1429353
1433673
1428423
1420833
1420338
1440534
1443180
1474428
1468344
1469136
1455220
1456090
1459090
1461520
1460970
1460100
1460650
1429402
1428610
1426180
1436980
1441300
1455216
1444416
1440951
1444416
1441416
1437096
1435516
1441600
1443180
1444050
1451700
1452132
1432374
1437624
1441824
1461582
1470990
1472799
1506399
1496991
1495479
1495355
1496867
1496991
1463391
1461582
1458270
1458067
1461379
1464231
1471546
1471749
1464099
1463667
1458417
1455565
1448250
1444050
1443180
1462420
1465870
1446112
1446952
1427712
1424262
1423422
1408458
1428216
1443180
1452588
1448388
1452228
1449228
1445388
1448388
1438980
1443180
1446078
1451328
1450104
1477040
1477243
1477567
1479907
1482805
1484059
1478809
1501273
1474337
1478897
1483097
1481873
1476623
1476747
1473849
1475073
1472733
1450269
1449015
1456665
1451625
1449195
1441545
1446105
1448535
1447695
1425231
1425511
1419071
1415759
1416599
1420869
1426749
1433189
1436501
1430621
1428281
1433321
1434917
1449927
1448331
1433321
1430423
1433639
1436491
1438300
1434030
1437162
1436959
1454671
1439661
1435101
1433847
1414089
1413539
1405685
1406939
1389227
1389430
1386298
1406056
1413910
1418470
1433480
1434030
1432806
1438056
1432296
1436566
1414102
1421752
1418854
1418074
1412824
1404130
1401790
1404436
1400166
1402506
1401498
1402722
1425186
1422540
1442298
1448058
1446012
1446792
1448696
1451594
1451099
1445849
1446344
1460260
1462120
1464560
1464240
1445000
1442148
1437108
1439386
1440394
1449088
1448764
1431052
1435322
1437368
1430053
1435093
1435413
1454653
1452375
1451505
1443855
1443423
1439223
1446873
1460033
1466657
1463345
1463142
1463345
1466657
1473281
1473405
1474497
1471599
1476849
1479747
1478307
1474995
1474203
1471863
1449399
1449602
1450382
1449602
1449146
1447922
1449362
1450154
1452494
1474958
1501894
1503118
1508998
1512310
1512766
1506886
1510198
1510834
1512274
1517209
1511959
1513819
1515419
1515739
1508149
1506289
1504689
1504969
1504689
1504369
1511959
1514857
1515352
1518568
1515670
1519954
1519459
1537171
1532887
1515175
1511959
1498043
1508843
1512308
1513888
1516888
1521208
1527292
1529280
1525815
1522815
1516731
1512411
1501611
1500031
1498519
1500031
1533631
1533507
1535316
1544724
1564482
1530882
1529073
1509315
1499907
1500031
1500581
1497269
1500401
1501655
1501858
1509712
1507066
1506286
1526044
1528690
1533250
1518240
1524000
1501536
1501216
1495966
1493068
1490728
1498582
1497358
1502608
1505506
1507846
1509070
1511116
1510621
1505581
1503535
1499215
1503775
1505029
1505809
1501539
1495099
1489219
1484949
1507413
1488173
1505885
1520895
1517763
1516509
1515959
1515756
1495998
1488144
1483584
1465872
1460112
1442400
1437840
1457598
1457801
1438043
1436789
1436239
1436036
1436586
1428732
1431864
1449576
1464586
1455892
1452760
1461454
1465724
1463446
1462438
1467478
1467798
1468293
1487533
1472523
1469523
1468683
1467103
1463638
1452838
1446754
1432838
1435116
1436124
1437636
1457832
1458624
1464504
1467402
1462152
1459254
1436790
1435566
1438878
1440102
1462566
1464906
1471346
1475616
1480866
1481706
1487586
1485246
1491126
1485246
1485798
1482486
1482283
1482486
1479174
1478971
1482283
1482486
1483578
1476954
1476830
1483454
1482362
1481726
1480286
1453350
1454790
1458638
1458762
1453827
1454463
1459398
1460622
1483086
1485984
1484760
1488210
1485870
1488858
1508098
1514306
1514630
1519880
1514120
1511474
1512344
1517987
1519427
1522892
1522112
1527872
1530518
1531298
1526048
1523150
1525490
1528622
1506158
1501598
1506848
1514498
1517498
1544434
1548994
1545994
1544740
1541752
1534102
1532254
1505318
1506572
1509560
1507964
1509812
1511408
1506158
1509146
1510726
1514926
1515706
1521349
1552597
1560187
1564747
1570627
1569787
1589983
1590823
1598138
1590284
1582969
1562773
1570627
1571851
1574749
1572409
1549945
1548721
1553971
1556869
1567669
1568125
1568328
1569168
1570644
1572984
1573479
1570581
1572921
1570023
1592487
1587237
1553637
1553513
1587113
1586910
1606668
1616076
1617588
1619397
1599639
1597830
1588422
1587870
1586358
1586482
1583170
1586482
1586685
1586482
1592362
1596562
1602770
1596890
1601750
1597550
1592690
1586482
1585228
1567516
1567640
1545176
1539416
1536770
1535990
1541750
1544396
1559406
1560186
1564746
1561614
1569468
1566156
1567410
1567960
1571092
1588804
1573794
1569234
1561380
1541622
1541419
1540869
1560627
1560830
1562270
1561046
1559954
1557614
1554716
1549466
1550690
1545755
1539131
1539007
1535159
1533719
1556183
1561433
1567313
1569653
1570289
1569449
1565179
1559299
1552859
1557794
1558634
1557998
1562268
1568708
1572020
1578644
1579736
1606672
1609570
1603690
1609570
1605370
1604590
1598947
1595959
1564711
1557121
1561681
1563261
1594509
1597497
1592937
1593717
1597917
1596337
1601980
1609570
1608730
1628488
1625038
1605280
1606120
1586880
1590330
1595140
1602790
1622548
1624408
1626848
1640008
1653924
1634166
1627542
1625638
1617988
1604828
1602388
1600528
1586612
1588516
1592786
1588516
1595140
1572676
1567426
1565086
1563862
1560964
1567048
1586795
1593195
1588995
1585995
1582155
1572747
1557783
1560783
1564623
1579587
1588995
1593195
1589883
1590086
1593398
1593195
1593745
1592875
1593745
1596175
1596967
1594537
1593745
1562497
1593745
1593195
1596183
1609343
1609623
1615831
1620391
1621261
1608101
1612301
1625461
1644701
1625461
1616767
1612567
1593327
1595973
1595653
1584853
1581388
1579912
1578103
1577608
1583368
1582588
1580310
1577502
1575598
1576093
1595333
1597142
1597466
1599370
1596724
1592454
1590408
1585368
1584873
1580673
1576113
1575789
1570029
1574229
1574553
1592265
1595481
1596957
1595949
1606749
1610214
1610994
1613802
1617252
1611372
1606812
1599222
1595022
1599222
1567974
1572534
1569546
1568766
1563123
1561543
1567423
1575013
1606261
1609249
1614892
1615672
1617252
1611168
1591421
1585021
1604768
1611168
1617252
1644188
1645628
1618692
1612068
1618692
1618816
1618692
1617252
1622187
1621095
1620459
1621095
1622187
1617252
1615443
1581843
1580331
1589739
1591251
1591375
1571617
1591375
1581967
1583776
1617376
1617252
1617576
1611368
1592128
1589140
1622740
1624340
1627192
1630642
1624762
1620492
1635502
1632052
1638260
1640108
1643096
1649536
1647940
1653820
1658090
1658930
1655618
1649178
1650987
1650663
1670421
1679829
1681341
1681465
1684093
1687405
1706645
1691635
1690795
1685755
1684501
1676851
1681891
1684321
1657385
1654955
1656551
1664201
1691137
1692391
1692711
1692391
1677381
1695093
1698225
1698775
1703335
1723093
1718533
1698786
1698989
1691135
1692389
1692186
1672428
1678828
1681830
1687914
1681514
1701261
1695177
1677465
1674333
1673079
1672529
1680383
1653447
1647047
1643183
1641279
1637009
1635161
1637065
1643465
1647329
1651599
1653835
1655683
1653447
1680383
1679833
1680703
1681253
1682045
1684475
1682045
1713293
1682045
1681253
1680383
1677071
1677274
1677826
1677623
1658383
1662653
1665461
1664966
1662688
1663183
1664053
1671368
1672622
1678265
1677257
1672217
1667947
1665901
1660141
1657495
1664119
1665559
1666429
1666861
1671181
1675451
1666757
1674611
1675161
1680921
1682175
1699887
1703352
1714152
1733392
1733887
1742581
1745713
1740463
1734379
1739629
1745713
1746721
1748999
1764009
1764212
1766021
1785779
1790049
1792695
1793475
1793155
1798015
1802825
1803728
1806536
1805756
1807660
1809136
1813696
1814191
1819231
1827085
1829131
1829451
1830431
1824788
1817198
1812638
1806758
1805178
1809378
1778130
1781118
1778130
1778910
1784553
1789017
1790535
1795095
1790895
1792475
1791695
1799285
1797773
1797223
1779511
1780303
1775983
1776522
1780806
1781356
1785676
1781392
1773802
1775314
1772002
1771463
1770671
1788383
1791695
1785295
1779211
1785295
1805042
1811442
1791695
1797575
1791695
1792151
1792931
1796243
1794803
1794011
1798571
1797479
1794263
1793983
1797199
1797323
1792763
1793043
1795941
1796144
1798996
1798793
1798013
1794701
1795493
1797302
1794450
1796790
1796666
1791731
1785851
1782953
1781144
1774520
1773884
1746948
1746824
1745384
1751264
1752704
1752248
1751928
1750328
1750608
1750328
1750648
1752248
1754108
1755626
1753766
1746176
1745306
1742090
1741810
1728650
1746362
1747232
1750448
1750728
1763888
1746176
1744367
1710767
1712576
1712452
1703044
1683286
1703044
1701532
1710940
1712452
1712576
1746176
1744328
1743833
1742237
1715301
1710051
1713183
1693425
1693975
1691697
1691900
1688768
1684208
1676354
1656596
1656393
1655843
1654589
1636877
1640189
1643321
1644575
1645125
1645328
1665086
1672940
1668670
1669540
1668760
1663000
1669624
1664584
1665487
1656793
1655785
1673497
1673177
1679617
1660377
1664937
1657287
1654299
1651299
1636289
1639601
1643871
1661583
1662837
1670152
1652440
1653220
1655866
1661626
1658494
1657240
1656690
1656487
1648633
1644073
1629063
1627017
1624371
1628641
1636495
1628641
1628209
1623889
1619619
1618749
1623069
1638079
1630764
1624140
1628700
1636554
1636986
1637826
1643706
1642803
1641549
1656559
1653247
1648687
1649007
1649502
1654542
1673782
1678052
1686746
1688792
1691070
1691273
1690433
1686163
1680283
1673843
1674851
1694609
1714356
1707956
1688209
1682125
1682328
1685640
1685437
1684885
1691285
1697369
1696589
1690946
1686386
1690946
1686746
1688326
1689106
1693306
1691788
1690208
1685744
1682756
1688636
1694279
1693299
1700889
1705353
1708341
1706532
1705020
1706532
1697124
1716882
1683282
1663524
1672932
1677732
1679541
1679417
1679541
1685184
1688184
1692384
1692060
1692840
1695828
1715586
1719036
1720616
1724480
1746944
1749842
1751690
1755530
1757390
1754402
1735162
1728954
1729278
1729602
1744566
1753974
1760182
1766062
1770262
1777852
1777532
1772972
1768652
1750940
1740140
1730732
1735292
1739132
1742120
1773368
1769918
1789158
1795242
1814989
1821389
1815305
1795558
1789158
1791598
1798222
1811382
1813286
1811382
1803732
1797108
1798968
1806618
1793458
1807374
1827132
1831402
1817486
1815046
1813186
1793428
1789158
1789614
1789158
1788318
1787823
1788026
1786550
1787390
1776590
1778066
1775726
1786526
1788866
1788663
1789158
1785708
1765950
1785190
1788640
1808398
1809238
1808398
1803588
1800600
1803246
1806144
1805712
1797858
1798408
1779168
1780608
1787232
1780608
1787923
1788793
1785895
1781625
1781945
1782725
1788485
1787705
1785059
1779299
1775849
1783703
1783379
1784819
1778611
1774291
1766976
1771296
1779150
1792310
1792742
1793645
1800045
1804315
1803412
1802542
1797982
1794994
1790530
1782940
1777297
1773097
1772317
1766437
1764857
1761545
1764857
1765060
1764857
1761545
1761342
1764654
1764857
1785053
1792368
1784514
1792368
1785053
1764857
1765697
1764857
1758773
1752373
1758457
1778204
1758457
1764857
1761641
1761361
1748201
1765913
1766783
1769999
1770279
1783439
1765727
1764857
1733609
1727169
1730481
1736921
1742801
1744936
1776184
1772872
1768602
1764402
1763622
1768182
1774062
1775642
1778630
1779470
1780250
1784450
1782870
1776990
1772430
1771590
1764000
1758120
1763763
1758120
1755132
1762722
1760382
1762722
1759870
1761718
1763318
1761470
1759870
1762722
1760094
1762722
1764234
1764358
1730758
1728949
1709191
1699783
1701592
1706392
1704880
1714288
1734046
1733922
1753680
1755192
1755316
1735558
1726150
1724638
1724514
1758114
1767522
1762722
1764531
1762722
1768806
1788553
1794953
1788869
1782469
1762722
1766922
1772802
1767942
1763742
1757862
1764070
1768930
1762722
1759722
1752407
1756727
1760997
1761867
1769182
1770085
1776709
1756951
1756401
1750317
1750114
1748860
1731148
1725388
1724608
1730368
1730800
1738654
1732030
1731127
1726807
1723675
1728235
1714319
1732031
1731161
1726891
1722571
1722139
1714285
1721935
1714285
1717287
1719933
1720713
1719133
1726987
1711977
1718563
1719113
1720367
1723499
1718939
1711085
1711288
1707823
1697023
1694377
1697377
1712341
1709341
1705141
1701301
1691893
1696093
1681129
1684969
1694377
1697689
1697892
1697689
1694377
1694580
1691268
1691065
1694377
1697827
1693627
1698187
1699787
1702127
1697927
1711087
1716127
1718405
1717625
1711982
1708994
1677746
1681946
1683038
1687598
1687878
1689782
1690562
1690886
1692466
1698346
1702906
1710496
1713484
1719127
1723591
1727791
1726211
1720331
1715771
1708181
1708676
1715300
1710740
1710416
1704332
1697932
1678185
1681650
1684782
1686222
1691865
1692735
1689519
1688679
1702595
1702271
1684559
1681661
1663949
1660961
1667585
1666715
1653555
1671267
1667817
1661937
1662777
1659465
1660335
1664605
1658397
1664277
1664829
1675629
1679094
1680674
1683674
1687994
1694078
1700518
1694078
1697294
1697014
1710174
1714444
1715314
1722629
1722909
1718589
1718157
1717254
1717686
1716906
1712636
1706876
1714730
1715633
1708318
1701694
1693840
1698160
1695514
1693379
1674139
1673644
1672774
1669558
1665274
1666177
1666813
1669055
1672187
1672467
1675917
1680477
1685517
1698677
1696399
1694495
1689935
1684895
1681445
1679845
1682123
1684027
1683747
1685347
1672187
1667387
1665578
1645820
1636412
1634900
1634776
1638088
1638291
1634979
1634776
1634573
1631261
1631756
1626896
1630208
1627400
1626530
1629338
1625068
1619425
1620865
1625725
1625928
1630198
1629703
1630573
1636216
1634776
1633522
1634776
1630216
1628704
1627124
1631324
1632104
1635092
1666340
1673930
1678490
1674026
1679669
1676681
1669091
1663448
1662668
1658468
1657598
1659178
1660774
1687710
1688964
1686534
1685742
1654494
1653944
1638934
1633054
1632930
1629465
1627885
1624885
1629925
1632355
1633867
1628827
1638235
1645885
1648225
1646629
1642309
1636225
1634416
1654174
1651744
1649404
1649528
1641878
1656888
1654900
1621300
1601542
1603351
1636951
1637931
1636677
1627269
1616469
1610589
1616469
1589533
1569337
1570129
1576009
1596205
1594693
1588813
1590325
1589533
1592665
1574953
1571821
1570567
1570017
1570220
1570017
1550259
1565269
1557415
1552855
1549853
1557707
1577465
1578015
1579269
1596981
1601541
1601261
1597811
1602371
1604275
1604555
1609595
1611873
1609969
1608369
1611819
1607259
1594099
1607259
1604981
1599941
1601541
1597271
1596017
1596920
1600052
1600922
1608572
1615196
1601280
1609134
1613694
1611834
1631592
1631795
1632345
1633599
1625745
1625313
1620993
1623995
1621555
1614931
1607281
1609721
1611625
1609579
1605309
1585551
1577697
1573137
1572934
1572439
1571889
1568757
1551045
1549141
1555765
1550725
1564641
1584399
1588669
1575509
1577369
1576499
1569184
1577038
1590198
1607910
1592900
1593332
1597652
1601922
1609237
1608917
1613187
1606563
1615257
1617535
1622575
1623070
1622062
1613368
1608558
1610604
1610924
1608646
1627886
1628894
1627991
1608233
1603963
1608823
1610047
1613497
1619259
1626909
1631229
1637313
1640625
1637313
1637516
1637313
1634001
1639881
1640751
1645215
1646007
1647587
1645247
1647587
1616339
1609899
1604019
1602579
1596699
1596147
1600707
1601257
1600707
1601487
1600617
1597629
1596837
1565589
1557999
1555569
1563159
1558599
1557619
1558459
1556879
1561343
1564331
1569974
1574174
1576604
1580874
1580082
1586522
1592402
1591622
1593062
1596374
1597166
1597946
1598402
1604282
1603826
1599556
1596244
1592044
1591841
1595153
1594373
1588730
1587890
1588170
1586652
1586972
1585372
1585052
1584772
1586372
1588232
1586372
1593962
1595866
1609026
1609306
1607028
1589316
1591594
1589994
1593444
1588404
1583844
1583564
1581660
1578210
1579810
1584850
1581634
1594794
1598010
1597730
1616970
1620420
1640178
1641018
1621778
1618328
1617458
1616618
1617488
1622048
1608888
1626600
1626880
1607122
1593962
1592362
1589734
1587886
1590738
1587886
1590514
1592114
1593962
1603370
1618334
1603370
1599530
1603370
1599170
1589762
1592762
1589762
1593962
1594282
1611994
1619848
1621102
1625372
1618748
1617878
1610563
1606293
1601973
1601541
1599263
1603583
1604453
1603550
1603230
1607790
1594630
1591498
1606508
1605958
1590948
1590745
1570987
1571537
1567337
1566083
1566515
1548803
1556657
1576415
1579547
1592707
1596907
1592347
1584493
1590255
1594815
1593561
1590429
1572717
1564023
1571877
1589589
1590843
1590523
1590028
1584988
1582942
1586074
1586624
1567384
1563114
1562564
1562361
1542603
1527593
1530595
1538449
1558207
1559110
1565734
1565937
1566140
1573455
1565601
1567201
1569437
1573637
1565783
1565907
1570947
1588659
1587651
1610115
1605555
1605060
1603584
1602744
1604220
1593420
1593915
1596255
1597095
1597298
1597754
1608554
1608098
1607895
1605555
1645889
1647113
1642793
1636709
1635485
1640345
1643795
1636145
1640465
1646549
1641689
1635927
1632477
1640127
1606527
1604718
1604842
1606354
1615762
1635520
1626112
1659712
1639954
1638442
1638318
1640127
1637849
1642889
1639439
1643999
1642399
1655559
1653655
1649095
1649375
1649095
1651373
1646333
1633173
1634773
1638223
1640127
1643259
1645501
1646404
1647040
1643728
1642936
1625224
1624685
1620401
1619851
1616953
1612633
1610824
1613722
1612142
1609802
1606950
1608759
1612071
1612274
1606631
1603643
1599179
1591589
1583999
1586339
1584827
1586051
1586601
1589817
1585257
1600221
1600653
1608303
1608939
1609395
1608615
1605399
1606911
1614501
1610301
1611093
1628805
1629344
1629220
1628940
1626042
1625839
1621279
1625563
1629883
1624003
1643750
1649834
1653050
1653174
1653454
1656306
1654497
1654002
1643202
1639737
1620497
1617689
1615785
1618683
1623933
1624713
1630356
1636756
1641316
1639840
1637598
1640730
1641366
1640463
1639827
1636695
1637598
1639840
1639637
1639840
1636528
1637080
1638304
1644388
1647838
1688172
1695822
1700142
1695822
1692372
1691148
1686288
1678638
1638304
1643164
1637080
1642960
1636520
1633208
1637478
1633208
1634078
1638398
1637528
1630904
1630001
1622147
1628771
1636625
1637057
1637897
1633577
1633145
1640460
1634580
1635483
1634643
1630373
1633685
1640125
1632810
1637080
1639358
1634798
1638248
1638528
1643088
1644992
1658152
1644992
1639952
1644992
1643392
1641114
1640834
1638930
1635480
1637080
1656827
1650743
1630996
1624596
1630680
1637080
1616884
1609030
1608190
1600875
1583163
1582293
1579077
1565917
1583629
1584499
1587715
1587995
1601155
1600875
1602684
1600780
1602684
1599876
1590468
1575504
1571664
1568664
1579464
1577988
1597228
1594888
1597228
1577988
1577493
1575684
1572219
1572714
1561914
1563390
1566198
1569663
1565463
1568775
1568572
1568775
1568223
1574307
1594054
1574307
1567907
1574307
1579167
1574307
1570857
1530523
1522873
1518553
1512469
1511245
1514695
1522345
1526665
1532749
1533973
1574307
1568223
1563183
1565461
1562011
1565461
1565741
1561181
1566221
1565941
1567845
1554685
1567845
1572405
1570805
1568901
1570501
1568223
1570032
1603632
1613040
1614552
1580952
1581076
1571668
1570156
1570032
1589790
1587981
1568223
1573083
1568883
1564023
1565003
1571211
1575411
1569203
1563323
1568573
1574216
1568573
1567793
1568573
1563323
1566455
1559831
1558928
1551613
1569325
1570195
1585205
1589405
1589729
1594289
1602143
1601819
1597259
1593059
1593491
1597811
1596941
1593939
1595193
1577481
1573161
1573364
1593122
1600976
1597844
1589990
1589440
1588186
1587754
1588304
1595619
1600179
1601082
1607706
1601120
1593266
1588706
1584436
1584233
1588503
1594903
1567967
1561567
1565837
1567741
1571605
1573453
1600389
1598541
1596305
1592035
1594271
1592367
1588503
1588823
1588503
1595127
1592687
1600337
1602241
1615401
1617841
1619701
1633617
1637887
1657645
1655741
1642581
1634931
1633071
1619155
1599397
1595127
1588503
1582419
1602166
1608566
1588819
1582419
1588503
1584233
1578353
1574489
1569449
1567589
1563029
1561429
1561149
1559245
1561093
1538629
1536351
1532901
1529061
1509303
1506405
1505565
1492405
1485965
1486805
1490669
1488329
1510793
1513691
1507811
1527569
1524257
1528097
1528421
1530761
1534073
1532225
1538665
1544545
1548815
1550675
1550351
1556435
1557659
1552799
1557659
1561979
1567741
1561657
1557337
1549687
1509353
1505903
1509353
1508129
1515779
1514525
1511717
1506857
1505987
1508795
1504525
1503085
1502590
1503844
1508704
1503061
1508704
1512974
1513844
1514339
1515779
1515576
1515779
1519091
1515779
1513151
1511303
1509703
1506851
1509703
1511551
1513151
1515779
1514876
1515512
1513270
1515512
1512380
1515512
1516415
1515779
1514909
1521309
1520877
1503165
1498895
1492271
1472524
1464670
1463767
1457367
1465221
1484968
1491052
1487836
1480521
1474437
1470117
1474437
1474869
1478001
1478871
1496583
1509743
1496583
1496303
1499519
1498649
1505273
1506176
1513491
1514361
1518631
1518911
1518008
1514876
1512634
1511998
1517641
1511998
1506748
1505968
1511218
1511998
1552332
1544682
1552332
1556652
1553202
1556652
1550890
1549666
1543582
1562822
1566272
1586030
1581710
1562470
1542712
1547572
1542712
1541872
1538422
1544506
1545346
1546570
1545316
1537666
1535236
1530196
1531450
1546460
1526702
1528298
1501362
1503792
1488782
1489106
1498514
1518272
1520081
1519957
1553557
1551217
1549621
1567333
1569673
1571185
1561777
1528177
1526368
1553304
1560954
1565994
1564482
1564606
1558206
1538459
1544859
1538775
1558522
1564606
1546894
1545640
1545090
1544887
1541755
1533901
1514143
1499133
1494573
1494776
1491464
1491261
1494573
1493703
1492800
1495932
1513644
1510642
1506082
1498228
1478470
1477920
1478700
1477446
1474314
1466999
1449287
1449490
1469248
1477102
1481662
1496672
1494394
1493386
1484692
1478068
1483318
1488961
1489511
1485241
1484746
1491186
1494498
1494178
1474938
1476192
1472880
1468560
1474440
1478710
1476664
1477504
1471624
1467354
1466514
1461474
1457204
1449350
1449147
1448715
1442275
1432867
1452614
1459014
1463214
1459374
1463214
1457130
1454130
1457130
1442166
1435766
1450730
1430983
1424899
1434307
1426657
1422457
1418137
1414687
1409827
1408603
1414687
1374353
1374903
1385703
1385500
1386976
1387432
1386976
1387471
1388311
1377511
1371111
1370616
1368276
1370616
1357456
1363856
1362416
1354562
1354012
1352536
1365696
1367136
1368576
1376430
1375590
1374150
1374353
1368473
1367033
1366253
1365797
1362485
1361693
1359353
1357753
1355893
1348303
1348023
1347703
1347983
1347488
1340864
1339772
1340267
1341359
1347983
1347113
1364825
1365695
1347983
1349055
1362215
1349055
1345839
1345559
1351202
1356452
1350809
1351589
1350809
1345559
1351643
1345559
1351959
1371706
1365306
1345559
1325801
1322669
1323923
1323373
1323170
1303412
1307972
1308175
1316029
1331039
1329785
1330335
1336543
1356301
1356098
1348244
1345242
1349802
1351056
1351606
1351809
1354941
1372653
1357643
1365497
1357847
1372857
1380507
1372653
1369755
1365195
1361883
1361680
1357120
1355866
1373578
1381432
1384564
1387462
1369750
1352038
1354846
1388446
1394089
1390957
1390407
1410165
1414435
1416865
1416073
1411609
1412479
1410049
1409499
1413963
1413093
1413643
1414435
1394677
1393165
1393041
1394850
1385442
1383633
1350033
1351545
1360953
1380711
1380835
1414435
1419685
1417443
1411800
1408668
1414311
1415091
1414311
1409061
1408425
1407522
1405182
1407522
1401642
1404082
1404862
1398422
1394152
1398016
1391616
1371869
1365785
1367385
1370517
1367205
1366365
1346607
1344167
1336517
1332247
1325623
1323763
1309847
1314117
1333875
1335779
1343429
1350053
1363969
1377129
1379569
1381429
1379525
1366365
1367965
1369813
1372665
1369813
1367185
1369813
1367965
1366365
1369263
1370487
1392951
1398201
1400541
1395291
1389648
1394898
1400541
1401321
1400541
1400221
1400541
1382829
1381959
1380887
1380607
1367447
1368317
1371533
1371813
1384973
1402685
1406955
1409763
1403679
1403882
1399322
1403522
1408082
1410934
1403080
1406296
1406420
1406700
1402500
1402176
1402500
1396292
1362692
1368900
1368620
1374263
1374139
1370923
1368071
1365173
1364970
1366779
1371339
1366089
1363281
1358721
1354451
1352642
1360496
1354853
1388453
1391351
1393691
1394915
1392017
1414481
1409231
1412129
1389665
1388441
1393691
1391351
1373639
1413973
1431685
1430085
1429961
1407497
1399643
1394603
1392367
1388167
1410631
1410755
1418609
1420845
1425885
1427485
1421723
1425923
1421639
1422431
1404719
1403927
1400615
1393025
1391513
1395797
1396336
1414048
1413509
1417829
1419341
1426931
1430063
1426931
1420847
1416527
1413527
1411947
1425863
1415063
1411598
1415918
1422002
1422552
1418232
1417682
1418234
1429034
1432499
1434079
1420163
1423163
1424972
1430615
1431395
1436645
1431002
1430222
1424972
1423460
1423336
1403578
1369978
1370102
1379510
1399268
1400780
1434380
1424972
1423163
1416955
1417747
1419259
1425139
1420279
1421259
1424625
1423833
1419633
1418121
1412241
1392045
1396905
1401105
1407313
1406333
1406883
1387125
1386575
1385321
1380761
1365751
1383463
1386595
1387849
1392049
1411807
1408675
1400821
1396621
1383461
1383258
1396418
1411428
1415988
1416191
1424045
1406333
1407557
1404659
1399409
1421873
1424213
1427111
1432361
1431137
1429697
1424837
1422029
1417759
1416505
1416010
1420870
1426513
1427008
1426138
1430408
1431278
1434086
1435526
1429883
1431137
1428797
1406333
1402883
1383125
1382285
1363045
1370899
1375169
1379489
1380392
1387016
1394331
1395201
1395633
1393293
1370829
1393293
1398543
1399767
1398543
1396203
1393305
1388055
1390953
1393293
1388043
1382400
1383180
1388430
1387650
1393293
1387085
1389515
1376355
1376075
1372859
1371989
1354277
1320677
1312823
1307180
1315034
1320677
1324947
1327755
1333963
1331155
1364755
1360485
1361709
1356459
1353561
1351221
1328757
1334007
1336905
1335681
1338021
1360485
1361265
1360485
1354842
1360092
1365735
1360485
1364805
1358181
1358613
1366467
1360824
1363956
1390892
1392488
1407498
1405902
1390892
1395162
1392030
1397070
1399500
1407150
1402880
1403750
1401320
1393670
1366734
1370199
1369329
1367889
1362849
1359384
1352069
1353509
1380445
1380321
1382751
1390401
1391655
1390401
1391655
1397298
1363698
1361889
1342131
1341261
1346301
1347171
1353795
1349475
1349155
1348723
1349626
1348723
1356038
1356358
1354846
1346992
1337584
1342834
1341610
1345450
1348450
1349674
1372138
1374478
1377376
1354912
1352572
1348732
1358140
1355140
1350940
1365904
1356496
1360696
1355446
1352548
1337584
1338424
1336948
1334608
1334113
1333657
1335997
1336492
1337968
1337128
1337331
1348131
1337331
1337128
1337584
1339488
1339691
1321979
1318847
1317593
1317043
1316840
1297082
1289228
1284668
1269658
1287370
1290502
1291756
1292306
1295114
1302968
1322726
1311926
1308461
1310901
1330659
1334929
1327279
1325375
1312215
1309775
1307915
1293999
1295859
1289235
1296885
1298789
1311949
1292191
1287921
1301837
1305302
1286062
1284586
1289146
1304156
1314956
1316432
1335672
1342296
1344105
1342201
1339393
1337584
1338079
1337584
1336804
1331554
1337197
1337977
1343227
1337584
1340212
1341436
1338808
1361272
1356022
1358874
1356022
1333558
1331710
1330110
1327212
1324872
1323648
1328898
1331796
1334136
1335984
1337584
1331941
1298341
1295533
1291263
1294161
1295757
1296081
1297941
1301781
1321539
1321215
1314775
1316623
1317055
1324909
1318285
1317382
1310067
1309197
1304927
1300607
1300175
1292321
1296641
1290433
1288573
1280719
1283617
1286515
1293139
1270675
1250917
1255187
1256090
1263405
1264275
1261377
1257513
1255665
1252767
1257037
1253197
1256005
1247311
1242376
1236616
1244470
1250678
1256321
1289921
1293785
1316249
1319147
1296683
1301933
1296683
1294343
1296683
1319147
1320371
1317473
1316249
1315469
1321112
1321892
1316642
1310999
1316249
1316452
1330368
1348080
1351212
1352466
1352746
1352196
1352746
1360600
1365160
1368162
1371164
1371703
1373607
1376505
1383091
1386079
1387888
1389736
1369978
1362124
1360870
1367456
1364324
1359764
1344754
1362466
1365598
1366852
1366649
1348937
1349487
1357341
1356087
1341077
1336517
1328663
1308905
1308702
1308152
1305020
1309580
1291868
1292071
1290847
1287949
1265485
1267825
1270723
1275973
1273633
1268383
1290847
1292071
1290847
1263911
1257287
1263167
1267367
1272227
1287191
1286321
1279006
1278103
1274971
1278103
1273783
1269919
1254955
1255275
1255399
1256911
1256455
1276213
1285621
1287430
1321030
1322254
1323850
1324174
1321938
1326208
1326664
1327534
1321891
1321111
1315861
1318849
1322299
1341539
1348854
1349757
1356381
1352111
1358319
1358751
1363071
1358801
1366655
1360255
1359823
1351969
1358409
1367103
1372038
1377798
1375950
1390960
1389056
1395264
1390014
1392354
1393578
1416042
1418940
1417716
1415376
1392912
1398162
1395264
1397694
1402158
1399728
1398936
1394472
1395264
1396134
1396684
1395814
1395264
1395588
1398396
1402666
1394812
1388604
1385796
1352196
1353036
1357596
1357272
1352712
1348512
1344242
1344562
1364758
1372612
1406212
1411855
1418063
1425917
1433232
1427589
1431789
1409325
1404075
1401177
1398837
1397613
1403256
1404036
1409286
1408506
1403256
1397613
1403256
1410571
1409131
1404271
1406611
1411546
1420240
1426680
1427175
1426680
1430950
1432204
1435012
1439872
1441312
1435669
1434799
1431991
1427721
1428591
1427337
1419483
1425243
1431867
1432299
1440153
1433529
1432626
1425311
1426214
1430534
1434804
1435674
1431404
1430972
1426652
1425782
1426874
1427369
1433993
1432901
1426277
1425782
1419902
1413694
1419574
1414714
1420922
1416722
1420922
1425782
1443494
1444044
1444594
1459604
1464164
1446452
1443320
1442066
1441516
1449370
1469128
1469331
1484341
1488901
1496755
1516513
1516716
1517970
1498212
1501344
1519056
1504046
1503843
1503967
1505479
1514887
1534645
1530085
1533217
1534471
1536280
1569880
1562026
1563538
1565347
1565223
1598823
1598947
1565347
1574755
1554997
1545589
1544077
1563835
1562026
1563874
1561246
1559646
1557798
1554946
1557574
1559174
1562026
1554376
1551936
1550032
1551936
1550076
1536160
1516402
1536160
1529536
1533806
1541456
1555372
1561996
1557726
1544566
1557726
1560166
1562026
1560217
1557365
1554149
1546295
1512695
1546295
1545975
1541655
1541223
1549077
1549201
1552417
1559041
1559944
1555674
1562989
1565797
1566000
1570270
1569367
1564807
1561909
1561629
1561505
1567148
1573356
1575165
1572357
1572154
1566511
1560303
1552449
1552881
1560735
1554111
1546796
1551356
1547086
1549938
1554208
1554488
1558808
1561706
1560836
1561706
1566956
1567736
1573379
1567736
1566956
1561706
1580946
1584396
1584720
1587708
1593916
1607076
1600676
1607076
1608516
1607966
1615820
1616370
1614930
1601770
1600330
1592476
1593916
1594372
1605172
1605375
1606215
1605720
1603380
1603177
1601701
1600861
1602337
1604677
1593877
1593421
1593916
1593136
1592344
1595476
1597076
1600940
1597940
1594076
1593524
1594304
1600512
1604712
1604173
1599889
1599339
1595019
1591887
1585679
1567967
1564127
1567577
1586817
1589805
1593255
1597095
1595495
1596935
1606343
1621307
1602067
1602391
1592983
1596847
1601047
1604512
1612162
1615162
1612174
1610662
1606462
1611322
1618972
1611322
1596358
1592908
1585318
1584994
1607458
1612498
1610898
1611022
1588558
1592758
1594358
1554024
1556260
1596594
1594358
1590158
1582304
1582180
1564468
1582180
1577140
1584994
1579954
1582294
1586564
1591604
1595804
1603119
1603551
1601955
1609809
1608906
1601591
1609241
1608371
1635307
1630267
1623643
1608633
1606293
1605039
1597185
1596753
1592433
1605593
1604339
1605209
1606463
1602193
1611601
1611921
1614351
1606701
1608297
1623307
1624561
1622131
1628755
1629658
1602722
1595072
1568136
1572456
1570026
1568514
1602114
1601990
1582232
1580423
1571015
1571139
1572651
1582059
1601817
1603626
1570026
1570662
1537062
1535253
1515495
1507845
1498437
1499949
1499313
1508721
1508597
1528355
1530164
1563764
1562252
1561820
1562252
1569902
1570026
1573242
1570026
1571280
1575550
1581193
1576923
1574115
1560955
1556755
1551112
1550562
1570320
1570870
1575430
1573621
1568371
1554455
1552607
1555415
1589015
1582807
1590661
1572949
1571695
1571492
1571695
1551937
1544083
1539523
1536625
1521615
1524747
1521759
1488159
1487620
1481977
1474123
1480331
1498043
1505897
1505617
1503713
1500581
1514497
1517499
1519403
1519683
1518903
1520751
1522560
1525548
1526087
1523189
1526087
1522955
1526087
1530357
1529454
1522830
1527150
1535004
1535436
1537644
1544959
1545862
1545430
1541110
1541980
1534665
1526811
1525941
1521671
1521351
1521671
1518539
1517989
1514987
1508401
1500547
1495987
1494733
1491601
1499455
1519213
1519416
1519966
1521220
1524352
1506640
1524352
1519792
1502080
1494226
1487640
1487437
1486887
1486684
1483682
1488242
1486988
1501998
1499010
1492802
1496252
1496576
1477336
1480324
1499564
1505772
1502322
1501998
1503438
1500306
1505949
1506819
1509951
1513416
1512546
1509081
1507641
1501998
1498632
1497652
1499164
1499956
1499164
1497652
1517848
1523728
1523759
1490159
1488350
1489862
1496448
1494936
1496745
1501545
1501421
1503773
1484015
1474607
1477459
1479307
1480907
1483535
1480683
1478835
1477235
1474607
1508207
1509719
1519127
1534137
1535733
1537542
1540350
1545993
1565751
1568091
1575406
1576276
1557036
1550828
1549958
1545688
1541368
1540936
1533082
1566682
1560474
1545464
1543868
1537988
1504388
1493588
1501442
1504907
1498699
1496359
1490716
1496800
1501120
1504120
1505700
1516500
1522708
1536624
1536748
1522832
1518512
1516703
1520973
1518165
1514700
1510430
1476830
1470746
1469166
1473726
1477926
1477602
1473042
1468842
1465842
1466166
1466042
1458727
1449319
1447807
1449403
1464413
1460213
1466093
1472301
1476501
1481361
1473507
1474410
1469550
1476174
1473966
1481820
1482252
1486572
1490842
1490518
1487068
1484080
1464322
1463419
1461559
1447643
1439993
1437553
1433283
1413525
1420149
1422009
1408849
1413119
1432877
1446793
1449233
1451137
1458787
1456883
1470043
1463419
1468669
1471567
1473907
1475131
1497595
1496341
1491481
1491976
1492846
1494286
1493791
1492921
1487278
1484470
1483030
1487890
1490698
1491952
1496222
1501865
1497595
1489741
1497056
1504910
1484714
1483874
1484714
1477399
1478491
1480091
1486715
1487254
1491524
1497404
1500770
1498430
1503680
1502456
1479992
1474742
1477640
1479980
1502444
1503668
1500770
1503200
1498736
1499286
1500156
1499364
1496934
1497726
1496856
1528104
1527554
1525706
1527554
1531418
1553882
1555691
1563006
1559166
1539408
1539903
1559143
1569943
1573408
1573084
1574560
1576464
1554000
1552140
1549242
1544972
1537657
1540465
1521225
1520730
1517265
1521585
1525855
1526287
1534141
1527517
1523197
1521388
1524286
1513486
1514389
1521013
1519109
1518239
1515431
1516301
1522887
1521411
1523271
1523595
1515741
1515309
1511445
1510542
1514382
1514702
1514382
1517280
1519620
1514370
1515594
1520844
1543308
1542084
1519620
1516722
1514382
1509522
1503314
1497434
1493234
1499442
1505085
1538685
1539235
1539438
1542246
1546806
1561816
1561613
1557053
1590653
1589399
1593669
1601523
1621281
1629135
1621281
1622535
1625667
1643379
1643929
1644132
1663890
1656036
1657845
1655037
1621437
1615794
1609586
1594576
1576864
1573732
1569462
1584472
1564714
1564511
1563961
1563411
1567971
1566717
1563585
1571439
1572693
1590405
1572693
1568133
1587891
1589403
1587594
1587563
1586051
1583699
1593107
1588307
1588431
1580577
1565567
1568699
1562113
1542355
1542479
1508879
1499471
1497662
1531262
1532774
1542182
1561940
1560428
1540670
1542479
1542355
1543831
1543628
1542152
1541312
1540856
1530056
1530259
1530715
1541515
1542355
1544695
1544200
1544695
1542355
1542035
1542355
1544695
1567159
1568383
1571281
1576531
1575307
1572409
1570069
1547605
1542355
1546195
1542355
1538155
1541155
1545355
1535947
1545355
1542355
1557319
1542355
1548235
1553275
1553911
1573658
1591370
1592594
1585279
1584409
1580139
1573515
1573083
1568763
1602363
1604991
1615791
1613451
1615791
1607937
1607034
1606710
1587470
1584482
1581032
1574824
1577722
1582972
1580074
1602538
1580074
1577734
1578958
1581298
1580074
1574824
1573015
1574919
1577907
1579755
1581009
1584857
1598773
1603333
1600201
1605451
1607299
1605395
1605934
1606162
1605882
1602984
1601136
1602945
1589029
1591927
1592207
1592957
1592418
1595406
1592418
1600068
1594818
1592478
1570014
1568790
1574040
1576938
1579278
1580502
1577604
1600068
1613228
1617092
1620542
1629236
1649432
1651280
1653710
1657022
1654170
1655610
1659060
1654860
1653606
1647398
1653041
1686641
1687751
1691951
1693205
1691951
1690142
1697792
1702652
1702528
1702248
1699350
1699147
1694587
1667651
1694587
1689547
1687117
1672107
1664457
1665327
1671411
1671731
1674539
1678004
1685654
1689518
1694558
1691706
1689858
1688258
1685630
1689830
1688234
1694442
1696038
1711048
1707832
1694672
1694352
1684944
1689144
1702304
1702624
1712032
1719886
1717078
1683478
1685918
1680275
1683083
1675229
1679499
1675229
1673420
1639820
1659578
1661090
1670498
1704098
1703974
1705783
1704271
1684513
1684637
1675229
1652765
1650425
1650301
1648789
1639381
1659139
1653889
1634131
1634255
1600655
1602167
1599727
1609135
1610944
1644544
1645768
1668232
1670572
1673470
1678720
1676911
1679351
1678127
1675229
1674734
1675229
1681853
1682945
1681853
1675229
1682879
1687739
1679885
1675325
1671125
1651367
1648235
1649489
1648235
1648032
1648668
1642044
1642884
1650199
1651069
1647619
1648399
1651531
1652081
1652284
1672042
1679896
1676431
1680991
1685275
1692865
1691425
1709137
1705273
1702271
1694621
1692717
1679557
1677117
1675257
1661341
1660791
1675801
1668151
1650439
1651879
1647019
1642749
1646214
1650414
1630656
1642968
1649176
1652626
1656490
1653592
1654816
1649566
1648342
1653592
1656490
1658830
1681294
1678954
1656490
1658830
1656490
1660760
1661852
1663028
1669652
1670191
1671791
1674131
1675355
1697819
1703069
1697819
1694921
1692581
1691357
1694255
1671791
1673951
1678751
1679591
1680227
1682855
1687415
1685179
1688131
1681923
1696933
1700065
1680307
1672453
1667893
1652883
1652680
1652130
1669842
1671096
1675656
1676206
1677382
1677585
1676331
1673199
1665345
1673199
1655487
1651287
1610953
1611277
1577677
1574869
1570599
1573420
1573096
1592854
1575142
1575754
1571194
1575394
1575270
1567416
1565816
1543352
1538312
1534112
1528469
1527377
1531647
1525023
1526115
1531995
1538619
1540219
1540758
1540219
1538619
1532739
1528469
1528614
1525806
1530666
1533474
1532034
1537677
1536423
1537677
1532817
1533312
1534752
1529109
1528239
1523969
1528239
1527744
1530642
1535892
1513428
1512204
1509864
1506966
1501716
1501592
1492184
1472426
1438826
1438950
1448358
1449870
1448061
1449285
1471749
1473558
1472046
1505646
1525404
1527744
1550208
1559616
1560048
1561857
1576821
1577601
1573737
1572137
1569005
1588763
1588307
1595827
1589947
1583739
1579539
1581135
1596145
1594549
1579539
1587393
1582533
1588413
1594621
1598821
1604701
1609561
1615441
1614661
1621285
1622797
1624051
1624175
1590575
1588766
1569008
1559600
1558088
1557964
1558867
1562317
1567117
1582127
1584479
1586288
1593603
1578593
1576997
1578593
1577369
1581689
1582559
1616159
1620429
1623561
1627425
1627881
1612917
1614141
1620727
1620758
1622358
1623870
1620972
1618632
1613382
1590918
1589694
1589374
1588824
1580970
1579530
1578090
1578293
1565133
1565685
1559285
1566600
1559285
1566935
1559081
1551431
1571627
1572467
1580321
1579481
1576115
1581758
1582190
1586510
1593134
1594244
1600328
1599872
1599669
1600539
1599699
1598223
1606077
1603737
1604640
1604145
1611460
1600660
1594036
1601626
1605076
1610956
1608616
1607713
1599859
1599427
1603697
1599427
1600219
1599349
1592034
1587714
1601630
1597790
1607198
1622162
1626002
1630202
1620794
1605830
1602830
1598630
1601630
1598642
1594082
1621018
1626268
1633918
1636906
1639906
1636058
1628408
1632968
1634222
1628972
1627124
1628720
1630568
1629314
1628564
1628336
1608578
1606674
1607928
1606080
1604271
1601283
1600744
1603732
1602862
1603412
1603615
1623373
1620943
1607027
1614881
1614331
1594573
1596421
1587013
1586463
1586260
1566502
1558648
1554088
1539078
1556790
1559922
1574932
1579492
1587346
1607104
1607307
1607183
1605671
1610231
1592519
1607529
1604631
1571031
1563177
1562974
1562424
1561170
1558038
1553478
1535766
1534512
1534792
1537690
1537814
1536005
1537814
1539718
1557430
1560562
1561816
1575732
1576271
1545023
1544231
1543951
1545463
1530453
1550211
1552020
1585620
1586170
1595578
1592446
1592649
1595961
1595758
1595206
1595175
1600818
1602398
1611806
1610294
1607942
1615532
1621412
1625972
1630436
1633424
1626838
1626714
1628226
1632426
1623018
1642776
1644585
1678185
1678309
1673509
1671700
1705300
1707109
1726867
1736275
1737787
1737911
1738691
1705091
1703282
1701770
1682012
1674158
1669888
1669018
1668115
1669018
1676872
1677304
1681624
1685894
1686764
1680140
1687455
1694079
1686764
1682444
1682012
1688096
1685666
1689116
1729450
1734310
1733990
1741640
1742864
1743184
1747504
1744516
1738873
1746463
1748043
1743843
1743063
1738599
1734039
1739919
1738339
1742539
1773787
1779430
1782418
1776538
1768948
1769728
1774288
1774491
1771179
1770976
1774288
1780912
1776712
1763552
1763232
1753824
1758024
1780488
1782336
1782012
1795172
1791332
1788434
1788754
1766290
1762426
1760578
1761481
1766521
1770385
1771255
1774153
1793911
1797751
1799611
1793025
1778015
1776419
1776099
1768784
1769064
1769188
1772404
1775256
1774353
1767729
1775583
1776015
1780335
1784605
1791920
1799570
1797710
1792670
1819606
1818352
1819606
1811752
1814182
1813750
1809480
1809800
1814360
1823768
1825577
1828475
1824155
1824479
1823609
1796673
1789023
1789226
1786796
1786920
1753320
1751511
1731753
1731214
1724590
1726102
1724502
1758102
1748694
1758102
1756590
1758399
1758275
1757099
1756007
1751737
1753337
1753876
1759756
1760848
1765118
1784876
1791500
1792292
1793804
1799684
1819880
1814000
1812488
1792292
1791500
1811258
1791500
1796300
1786892
1785380
1775972
1774163
1769303
1765853
1725519
1717869
1727277
1727153
1728962
1762562
1763786
1769870
1768061
1772381
1812715
1816165
1821025
1819801
1813717
1809397
1817047
1783447
1783571
1785083
1751483
1751607
1751483
1771241
1772753
1774562
1773050
1782458
1762700
1763250
1780962
1784094
1785348
1785551
1805309
1813163
1816165
1821925
1826860
1826657
1835351
1841791
1841296
1821538
1819729
1824289
1821157
1819681
1818427
1816523
1815973
1805173
1785933
1778079
1773519
1758509
1740797
1737332
1734524
1729964
1734524
1728881
1725893
1694645
1687055
1681175
1681955
1687835
1689415
1688635
1684435
1690078
1694542
1698742
1697162
1700150
1707740
1709320
1712785
1723585
1729793
1732781
1737591
1740591
1729791
1743707
1739387
1736387
1734807
1720891
1726975
1720891
1717426
1721746
1725196
1725520
1722208
1721116
1716846
1716307
1716846
1715246
1721870
1727750
1727953
1722073
1726343
1719719
1721319
1724631
1724428
1725520
1726015
1721455
1722358
1729673
1730543
1725683
1729133
1735757
1734317
1747477
1744027
1761739
1757875
1757005
1757985
1759425
1755225
1750955
1755225
1747910
1747007
1749053
1752518
1756718
1760582
1756382
1761242
1753388
1753820
1758140
1758464
1758140
1762340
1761908
1754258
1750793
1755353
1763003
1756379
1764233
1759913
1760408
1764678
1764533
1770176
1771046
1772300
1773740
1778600
1778105
1773835
1772581
1767721
1766281
1769089
1766281
1760638
1764958
1760098
1756648
1716314
1729474
1721824
1717504
1719408
1713324
1717884
1722744
1730394
1736478
1737702
1742742
1741518
1743118
1746568
1748846
1752296
1752576
1758338
1758888
1758685
1757431
1756881
1741871
1745735
1760745
1764195
1767327
1759677
1760931
1757466
1753602
1750152
1748712
1731000
1735560
1743414
1763172
1758612
1758815
1754615
1772327
1769195
1764335
1771985
1776185
1781045
1782485
1785950
1778096
1758338
1762898
1761318
1757118
1756338
1762218
1756575
1748985
1751973
1747509
1741629
1749219
1744659
1745439
1749639
1755282
1756862
1753874
1785122
1784998
1784718
1771558
1769958
1771470
1766430
1762980
1761468
1752060
1732302
1730493
1696893
1697017
1730617
1732426
1752184
1750280
1759688
1757410
1752850
1753130
1754730
1759290
1761194
1774354
1779394
1781672
1785122
1785325
1785122
1788434
1785122
1783313
1803071
1812479
1813349
1813781
1818101
1817198
1823282
1827602
1829114
1836764
1836888
1835376
1835252
1842567
1834713
1801113
1791705
1791581
1790069
1782754
1795914
1800114
1786954
1782754
1778434
1772554
1766346
1799946
1801755
1797555
1793285
1797555
1798779
1792155
1787355
1785546
1793400
1773642
1764234
1759374
1758150
1757280
1752960
1746876
1761886
1746876
1745280
1730270
1745280
1746876
1753500
1755096
1753500
1733742
1726092
1726995
1723545
1718685
1712923
1716373
1756707
1756275
1761135
1759287
1754727
1753473
1748223
1721287
1719691
1721287
1713637
1716625
1724275
1726123
1731373
1758309
1755321
1759881
1762881
1764135
1761135
1764123
1766027
1769867
1774187
1779227
1786817
1783685
1778042
1777503
1776063
1776343
1780627
1794543
1792639
1792359
1789461
1787613
1773697
1771888
1768900
1765435
1765974
1768872
1770720
1772529
1765214
1764434
1760150
1767740
1760150
1752296
1751456
1731260
1732040
1731170
1730300
1737615
1738485
1739121
1739961
1746169
1733857
1727649
1726809
1726173
1738485
1731170
1737794
1738886
1738391
1731767
1732262
1731170
1746134
1746414
1748014
1752574
1757614
1770774
1772678
1769228
1764668
1763068
1765346
1763068
1762788
1765788
1769988
1766988
1776396
1774492
1777942
1773742
1760582
1764422
1760582
1755542
1740578
1731170
1723580
1717700
1719280
1720260
1724820
1726338
1730802
1733790
1739433
1737853
1706605
1705825
1701625
1697065
1691422
1692202
1696402
1693414
1696864
1702948
1710598
1750932
1746612
1750932
1749708
1743624
1735974
1695640
1692190
1687330
1688554
1693414
1692982
1693885
1700509
1707824
1699970
1695650
1699970
1704240
1704672
1703802
1696487
1692217
1685593
1693447
1694317
1693414
1693617
1693414
1693966
1690654
1687204
1690654
1690978
1687990
1681782
1681458
1676648
1695888
1698876
1705084
1701634
1714794
1719834
1724394
1725994
1726274
1729724
1732002
1731722
1730122
1727844
1723284
1718244
1720148
1718244
1705084
1671484
1672738
1673288
1653530
1656428
1648574
1644014
1651868
1671626
1671829
1672379
1673633
1676765
1694477
1696817
1719281
1720505
1720825
1716265
1708411
1688653
1688450
1688653
1708411
1716265
1720825
1703113
1699981
1703113
1701304
1719016
1724266
1723012
1713604
1712092
1722892
1740604
1744924
1727212
1724080
1722826
1722276
1702518
1701968
1706528
1691518
1706528
1711088
1720496
1720293
1705283
1705159
1708161
1717569
1737327
1736103
1732653
1736103
1776437
1773221
1774733
1769873
1769997
1729663
1725199
1719115
1714795
1707145
1705565
1704047
1699487
1698507
1698075
1695087
1689444
1688664
1684464
1689324
1689200
1687688
1678280
1658522
1624922
1624286
1616636
1614827
1618043
1618679
1624763
1629083
1636733
1637957
1671557
1679207
1679639
1681448
1673858
1669538
1665698
1673288
1677608
1681448
1676408
1681448
1673594
1674818
1669568
1670471
1671341
1684501
1682597
1682877
1677837
1682397
1677837
1679741
1678141
1677861
1680139
1666979
1663529
1661251
1662851
1666301
1671341
1673681
1680996
1678656
1675758
1671438
1676688
1672418
1671548
1678172
1677269
1669954
1647490
1646266
1650586
1653484
1661338
1661770
1661338
1665608
1658984
1681448
1681245
1684557
1684760
1684208
1690088
1684208
1683116
1676492
1677584
1681854
1680254
1680793
1680254
1675984
1677584
1684208
1684703
1686303
1687083
1682763
1685895
1688793
1689332
1691141
1710381
1721181
1722273
1726543
1722679
1721079
1716219
1712769
1672435
1664785
1659535
1653451
1650319
1651495
1650715
1657339
1659243
1662051
1663527
1666992
1665768
1667368
1666144
1643680
1648930
1646032
1649896
1651120
1673584
1675924
1673584
1672604
1654892
1660772
1647612
1645566
1647612
1665324
1665819
1665324
1678484
1676580
1663420
1659970
1655410
1655130
1650090
1655130
1657408
1659312
1659592
1661192
1665752
1664152
1677312
1675034
1678484
1671860
1694324
1696664
1695761
1688111
1687791
1660855
1665125
1660925
1651517
1652609
1653863
1652609
1660463
1660895
1658465
1662785
1663655
1670970
1671873
1666833
1663935
1658685
1656345
1659243
1646083
1650353
1655603
1656827
1659257
1658387
1657955
1650640
1650101
1642247
1648127
1646527
1639903
1634023
1629703
1625433
1627033
1632073
1630981
1631520
1658456
1665080
1642616
1641392
1649042
1644772
1651396
1651599
1654911
1654708
1651396
1654846
1653037
1651525
1655365
1632901
1625381
1619501
1619377
1620631
1626511
1606753
1597345
1617103
1583503
1580053
1578799
1571209
1578799
1584679
1592199
1614663
1610343
1615383
1619703
1614663
1608783
1604943
1606455
1615863
1617672
1651272
1651396
1654846
1652568
1654846
1659406
1672566
1667526
1667246
1665646
1667550
1665646
1652486
1657526
1654076
1649516
1649796
1651396
1651720
1648588
1647334
1644994
1644670
1662382
1665514
1647802
1648352
1644152
1645376
1660340
1678052
1680698
1681490
1676930
1678184
1672934
1650470
1642616
1638056
1635054
1639614
1643814
1684148
1681250
1684252
1682812
1705276
1707616
1710514
1715764
1714540
1713990
1694232
1698792
1698995
1698792
1706646
1713232
1715041
1707391
1701748
1700494
1695634
1694764
1691956
1691461
1687191
1667951
1664963
1664639
1664319
1664639
1661189
1654981
1652641
1652209
1655107
1662961
1663033
1667353
1669693
1692157
1697407
1696183
1673719
1667095
1668904
1668780
1666971
1659117
1658247
1650932
1650029
1652881
1656097
1656221
1656501
1652231
1655129
1659689
1656837
1653621
1653341
1650443
1650240
1645680
1645883
1642985
1638665
1640873
1642097
1664561
1666073
1670393
1676601
1677504
1678549
1678694
1680829
1675579
1678225
1683987
1685796
1670832
1670040
1667394
1627060
1625251
1642963
1625251
1626043
1641007
1644007
1642407
1637847
1636593
1634997
1630437
1630157
1637807
1634357
1632079
1605143
1632079
1629079
1626091
1620841
1618937
1621925
1614275
1615871
1617719
1612679
1610831
1612085
1617335
1604175
1608735
1609055
1608735
1605423
1605220
1605423
1605975
1604166
1596312
1594464
1589214
1588934
1587030
1584132
1581234
1578894
1586748
1586545
1586748
1587298
1588552
1591684
1609396
1594386
1589826
1591050
1610808
1615368
1630378
1633276
1633556
1635460
1657924
1660264
1663162
1668412
1667188
1644724
1646572
1660488
1646572
1648381
1630669
1627537
1626998
1607240
1610228
1608974
1605986
1605436
1605975
1620939
1615177
1615969
1617778
1615132
1613323
1631035
1630243
1612531
1597567
1600213
1640547
1636227
1632387
1627347
1619757
1624797
1626315
1630155
1634475
1633035
1633359
1629495
1629619
1631131
1640539
1660297
1665157
1672807
1676272
1680472
1684336
1687786
1686190
1687999
1680349
1676884
1672684
1669234
1654224
1687824
1682964
1680066
1681290
1647690
1645881
1626123
1616715
1611465
1611009
1612605
1608765
1607169
1604829
1582365
1587615
1590513
1592853
1597413
1599009
1602011
1617021
1602011
1624475
1604717
1608917
1610357
1609133
1594169
1592657
1584803
1584731
1580411
1578276
1577952
1577049
1574841
1571943
1570083
1569938
1547474
1543610
1541762
1532354
1528514
1525514
1521314
1520269
1505305
1505181
1503957
1506603
1504794
1464460
1465252
1450288
1452097
1449451
1431739
1434691
1440453
1444194
1443402
1423206
1422096
1420248
1411554
1407690
1412550
1416750
1420200
1421640
1424538
1428003
1435653
1439517
1438725
1435260
1431060
1427196
1423746
1422306
1424646
1447110
1446907
1446355
1441495
1440271
1432621
1437871
1432621
1433845
1431505
1428607
1406143
1404334
1406143
1446477
1440715
1443361
1442569
1439923
1457635
1472599
1468858
1465906
1466698
1463800
1458157
1452073
1450963
1450171
1450374
1451974
1454414
1462268
1462763
1463873
1486337
1487129
1483679
1484903
1489173
1483293
1475703
1461787
1463833
1470041
1472381
1475279
1480529
1479305
1456841
1470001
1476085
1481728
1495644
1498452
1516164
1522044
1527687
1529205
1536520
1537500
1540950
1542938
1537688
1539497
1537157
1570757
1564877
1565857
1568809
1581969
1584015
1584510
1566798
1564752
1551592
1551097
1556137
1563727
1562209
1557169
1561489
1565329
1561009
1557169
1516835
1519481
1517672
1516880
1514234
1496522
1481558
1499270
1514234
1515026
1555360
1557169
1577365
1571485
1551289
1549777
1555657
1557169
1557961
1557169
1539457
1536325
1535071
1534521
1534318
1514560
1514763
1506909
1502349
1499347
1517059
1520191
1521445
1521995
1521792
1521242
1524374
1528934
1548692
1563702
1564338
1564541
1565795
1570730
1569476
1576100
1603036
1604476
1609036
1610128
1610678
1625688
1625812
1645570
1642438
1622680
1628560
1630160
1631252
1635522
1642146
1642685
1638415
1635517
1629637
1623013
1622474
1630328
1625078
1623478
1618918
1603908
1621620
1629474
1621620
1599156
1598064
1595724
1594500
1576788
1578300
1611900
1610808
1609208
1602584
1601408
1607288
1604848
1605387
1605263
1604724
1600454
1591046
1592646
1594455
1614213
1618483
1598725
1596916
1563316
1563440
1565880
1572504
1570992
1580400
1581492
1599204
1597395
1594749
1597395
1557061
1563269
1582509
1585497
1588947
1588155
1603119
1585407
1586199
1588008
1588332
1573368
1613702
1614022
1609822
1622982
1627182
1614022
1607398
1601518
1600426
1600965
1607589
1613469
1614561
1618831
1614561
1614022
1615622
1614022
1613152
1607509
1606069
1602604
1599472
1597663
1595017
1596826
1596034
1578322
1563358
1603692
1604484
1607130
1624842
1639806
1599472
1597892
1594427
1583627
1582787
1579787
1567475
1573118
1566910
1552994
1560848
1565132
1565912
1573227
1574097
1586409
1592617
1593457
1594093
1601683
1607891
1605083
1598999
1632599
1625009
1624229
1616914
1616044
1615408
1611138
1606854
1573254
1567611
1561403
1553549
1557819
1560627
1556307
1548717
1546908
1541868
1537548
1533708
1538028
1543068
1546908
1539593
1537153
1544743
1552058
1538142
1539742
1539945
1553861
1556301
1558110
1557907
1556307
1563622
1556998
1563622
1570246
1571338
1570246
1569751
1570654
1571149
1572019
1576289
1584143
1588463
1588895
1583960
1583836
1556900
1555460
1556552
1557188
1558628
1585564
1585688
1590623
1589531
1582907
1589531
1588895
1590704
1588058
1587266
1546932
1545123
1547769
1532805
1573139
1555427
1573139
1588103
1588895
1590149
1588895
1588571
1584011
1579811
1572161
1577201
1604137
1611787
1609357
1611787
1584851
1579811
1581407
1578419
1575419
1573571
1600507
1603495
1611145
1616395
1608745
1610593
1613593
1611997
1610743
1606183
1579247
1573997
1578557
1579811
1589219
1589095
1590607
1592416
1590607
1610365
1643965
1642453
1608853
1599445
1579687
1579811
1581715
1584155
1577569
1574671
1566817
1566267
1566547
1569445
1571293
1573102
1573641
1587557
1587354
1585450
1583641
1583361
1581513
1567597
1564609
1564070
1567058
1566266
1525932
1543644
1543847
1540845
1539036
1536390
1521426
1503714
1518724
1523284
1505572
1525330
1525880
1527134
1530266
1529012
1525880
1521320
1529174
1521320
1520417
1513793
1521108
1521540
1522443
1526763
1533387
1541241
1533926
1529606
1529174
1524904
1529174
1530044
1529174
1530266
1538120
1540928
1536658
1533850
1500250
1494607
1489672
1489796
1499204
1532804
1538447
1538767
1544975
1545611
1539403
1540843
1567779
1561155
1553301
1552665
1565825
1570025
1568933
1567493
1574117
1578387
1551451
1551327
1556262
1548672
1552992
1548672
1553712
1561302
1565142
1560102
1556262
1537022
1530814
1530611
1537926
1541376
1542976
1539988
1541797
1542121
1544561
1547549
1544099
1563339
1549423
1549626
1548026
1540711
1538902
1545110
1542670
1556586
1556262
1555008
1551876
1556436
1556112
1541102
1540782
1540232
1535672
1531352
1520552
1511144
1515344
1519664
1537376
1548176
1557584
1539872
1540192
1522480
1517920
1518244
1533254
1533051
1513293
1505439
1501239
1518951
1522083
1517523
1518073
1518276
1538034
1545888
1550448
1555008
1556262
1573974
1571928
1554216
1548336
1548831
1550877
1550382
1556262
1543102
1556262
1557132
1564447
1568767
1567787
1573667
1591379
1604539
1606585
1607080
1606585
1593425
1591379
1595649
1594779
1591827
1598451
1594181
1595084
1588460
1596314
1595411
1588096
1580242
1579810
1575490
1575922
1575142
1573546
1588556
1586747
1588343
1585211
1586811
1582947
1583727
1586859
1583857
1587721
1587226
1585626
1588066
1588936
1592248
1558648
1549240
1547728
1545919
1549369
1549245
1530005
1529685
1528089
1543099
1544695
1550779
1551099
1553907
1538897
1528097
1530995
1529186
1532651
1543451
1562691
1563186
1564995
1563091
1560283
1558807
1539049
1536197
1537673
1539577
1542429
1538964
1539088
1534528
1537744
1534846
1534566
1534442
1534239
1536048
1538856
1543416
1543619
1543899
1540683
1545618
1546710
1547346
1548786
1555410
1555534
1555410
1554318
1581254
1576319
1549383
1547943
1541319
1540683
1548537
1514937
1507347
1502307
1497987
1494147
1495956
1529556
1523913
1530499
1532851
1534363
1534487
1534167
1534947
1541155
1574755
1570485
1567677
1573320
1567112
1559258
1563528
1569171
1574421
1577229
1575629
1579899
1579360
1585240
1580970
1582062
1575438
1582062
1582601
1581509
1583109
1577229
1583853
1577229
1584544
1585414
1589684
1594004
1594436
1602290
1601387
1602290
1594975
1594105
1589835
1585515
1585083
1577229
1583853
1582253
1581714
1582806
1588686
1589225
1582601
1576721
1575629
1577229
1572959
1577229
1569579
1567770
1566330
1562466
1558266
1554801
1559661
1563126
1567326
1571190
1572630
1570190
1568590
1561275
1557825
1565475
1565272
1568722
1582638
1600350
1595490
1597299
1599739
1585823
1593138
1594008
1597224
1597504
1610664
1610867
1612467
1611375
1612975
1608705
1614585
1615677
1619947
1614067
1614606
1614067
1612467
1619091
1612467
1607907
1612767
1627777
1632337
1640191
1659949
1660499
1661753
1664885
1682597
1667587
1662652
1662855
1680567
1676007
1660997
1653347
1635635
1632170
1627970
1624106
1623982
1622728
1619596
1599838
1599635
1591781
1591231
1584607
1576753
1579885
1579682
1559924
1563374
1558514
1557074
1553624
1556626
1561186
1569040
1588798
1589001
1589551
1590805
1592245
1596445
1599910
1607560
1580624
1579184
1578548
1577456
1559744
1556612
1555358
1559222
1558672
1551152
1528688
1522808
1521554
1518104
1512224
1515674
1521554
1527434
1549898
1557418
1558672
1550818
1550386
1546066
1541796
1542666
1549290
1550193
1557508
1556638
1560908
1560005
1553381
1561235
1561667
1565987
1558672
1552464
1533224
1532900
1529450
1526462
1528310
1525322
1526918
1553854
1559104
1566754
1569742
1575385
1572385
1545449
1550009
1544759
1545539
1548539
1542896
1548146
1540496
1538648
1537052
1538306
1537052
1531802
1531022
1526462
1534316
1539959
1532105
1565705
1568513
1564243
1561435
1567643
1534043
1528400
1522192
1526462
1524110
1522301
1488701
1482115
1482239
1513487
1511975
1521383
1541141
1541017
1542529
1545517
1547326
1552969
1553749
1557949
1591549
1599139
1603699
1604679
1606259
1583795
1588115
1594323
1592811
1594323
1616787
1612467
1606259
1604411
1584215
1575521
1573617
1569753
1583669
1583389
1580491
1578682
1576834
1575724
1576004
1573016
1572477
1573016
1574864
1577762
1579666
1581475
1567559
1570547
1568738
1555578
1548263
1546663
1545793
1545513
1546383
1546663
1549879
1546663
1560579
1578291
1575851
1577451
1563535
1563332
1545620
1545823
1558983
1566298
1568107
1570547
1563232
1562329
1563199
1562329
1558009
1551385
1559239
1560142
1567457
1567889
1563619
1567939
1567507
1559653
1566277
1570547
1569293
1574333
1556621
1556297
1557737
1558991
1585927
1586051
1588481
1596131
1623067
1623703
1621273
1613623
1586687
1591622
1598246
1599338
1594298
1593318
1591738
1595938
1596718
1602598
1608241
1609821
1641069
1633479
1641069
1639023
1643583
1643088
1646076
1614828
1610268
1604625
1601637
1602132
1584420
1578540
1580586
1567426
1585138
1586118
1581918
1581138
1594298
1594618
1594298
1612010
1612990
1599830
1582118
1584164
1597324
1591444
1590949
1588903
1589398
1583755
1582975
1588618
1583368
1584148
1589398
1593668
1596476
1595222
1600865
1585855
1593709
1596139
1596571
1599011
1601247
1607455
1608295
1611297
1612389
1612513
1604659
1584901
1579258
1571404
1565196
1564993
1598593
1598043
1595235
1590675
1587543
1569831
1536231
1531961
1524107
1519787
1513163
1512731
1511861
1504546
1503643
1499373
1505997
1506900
1514754
1515624
1519894
1524214
1524646
1531961
1532085
1522677
1502919
1522677
1524486
1490886
1492398
1490589
1524189
1533597
1532085
1531961
1545877
1555285
1552387
1550791
1546591
1533431
1534523
1540403
1547027
1547347
1548947
1535787
1535467
1526059
1530259
1543419
1539219
1539758
1544028
1539828
1541637
1542176
1544024
1545928
1548826
1549150
1549430
1544870
1544546
1548746
1553306
1556294
1560494
1573654
1567774
1566194
1566974
1572617
1574197
1575715
1580179
1583167
1587727
1583167
1587367
1556119
1551919
1552899
1552119
1546476
1543488
1535898
1542522
1543614
1548549
1548673
1547581
1546945
1573881
1575321
1575957
1575833
1569209
1564274
1537338
1535898
1536178
1549338
1563254
1563457
1565897
1573212
1573009
1559093
1562309
1559869
1558269
1560078
1561678
1554363
1541203
1523491
1522621
1519405
1519125
1536837
1537707
1535898
1543488
1547772
1548552
1549188
1550058
1562370
1554780
1562095
1549783
1542468
1541832
1540962
1547170
1555024
1548816
1544532
1543752
1526040
1525200
1522068
1525070
1524520
1523266
1524106
1528666
1548424
1548974
1550228
1550431
1568143
1553133
1548573
1540719
1520961
1520758
1523890
1519620
1512305
1513175
1519799
1520702
1519832
1515512
1514609
1506755
1507187
1514502
1518772
1526626
1530946
1530514
1523890
1523110
1523890
1529533
1523890
1529140
1508944
1503064
1497814
1496302
1495510
1495015
1496615
1495523
1489643
1483019
1484111
1490735
1491230
1491769
1485145
1484053
1488323
1489415
1485145
1491769
1490169
1489630
1495510
1503364
1500148
1515158
1514066
1515158
1519428
1518792
1514522
1506872
1501937
1496177
1489737
1490276
1496900
1496468
1498064
1496468
1487774
1472764
1474364
1475960
1474360
1471552
1477760
1483403
1517003
1519811
1511957
1505749
1500106
1504376
1510256
1525266
1491666
1476656
1476117
1474521
1467897
1462017
1457747
1458527
1460107
1465987
1461427
1465987
1465007
1462019
1469609
1465409
1468397
1499645
1498127
1493663
1497863
1492220
1491440
1497083
1495503
1475745
1469865
1469326
1468234
1466634
1462364
1460555
1469963
1463339
1464851
1484609
1486418
1520018
1510610
1477010
1477134
1475694
1470759
1464135
1464011
1437075
1436439
1435347
1441971
1441847
1441971
1468907
1470347
1470983
1472075
1470563
1475498
1468183
1476037
1471767
1467447
1467015
1459161
1458291
1462561
1469185
1473505
1473937
1474807
1482122
1483025
1482122
1475498
1474244
1466594
1464746
1459496
1456508
1429572
1427976
1423416
1426416
1428012
1431000
1432848
1434102
1438662
1465598
1470848
1478498
1475498
1475374
1478590
1475738
1469978
1465043
1464763
1461313
1463122
1459906
1456690
1438978
1437868
1436059
1431499
1424184
1421286
1421006
1420803
1419823
1418953
1417435
1411351
1405708
1399268
1402484
1415644
1415924
1415132
1416002
1414014
1400854
1405414
1405617
1396923
1397203
1383287
1386185
1384585
1382145
1381942
1384794
1402506
1402630
1400821
1369573
1375453
1380013
1375813
1375033
1369390
1366402
1358812
1360392
1354512
1360155
1358575
1362775
1363555
1366543
1397791
1393231
1400821
1401601
1395958
1401208
1406851
1401601
1400821
1398973
1397164
1394176
1393637
1373879
1359963
1361217
1378929
1363919
1359359
1351505
1348607
1349157
1349696
1351544
1351747
1351197
1349943
1349663
1354223
1357121
1358930
1360834
1374750
1372846
1375848
1395606
1403460
1403257
1406245
1409377
1409657
1415300
1412168
1413422
1433180
1441034
1445594
1460604
1463412
1463615
1467885
1461677
1495277
1495827
1502035
1509889
1527601
1519747
1515187
1518319
1515317
1497605
1494473
1493219
1492669
1492466
1474754
1471946
1438346
1432703
1412945
1405091
1400821
1408675
1415990
1409366
1408496
1407593
1411863
1416183
1417053
1412783
1414829
1415261
1407946
1414570
1420450
1416130
1433842
1433347
1425493
1425988
1425008
1438168
1425008
1422962
1422530
1423433
1405721
1405085
1400150
1400026
1373090
1378025
1376585
1383209
1376585
1403521
1404961
1406053
1406689
1405597
1405721
1407767
1407891
1410331
1407891
1410127
1416007
1416502
1434214
1449224
1449100
1450192
1450624
1451464
1449034
1451464
1450969
1464129
1446417
1445985
1445005
1443913
1430753
1429913
1427867
1425631
1422629
1426079
1429544
1425680
1422230
1423670
1418810
1411160
1407695
1403495
1402055
1409705
1413905
1418765
1422629
1432037
1433549
1428989
1397741
1394753
1393973
1389773
1383893
1382313
1402071
1396428
1396552
1396428
1430028
1428516
1430325
1422735
1402977
1401168
1367568
1358160
1354710
1335470
1344878
1355678
1373390
1369925
1365725
1361861
1360421
1349621
1360421
1355861
1338149
1327349
1317941
1318261
1322581
1318261
1337501
1337181
1333716
1338276
1336800
1331940
1328076
1326476
1327256
1330388
1331988
1335852
1335072
1334577
1331445
1334910
1332102
1330198
1322548
1323043
1324852
1326756
1329564
1331040
1329231
1334874
1348034
1342784
1337141
1337921
1337141
1319429
1324679
1327895
1328765
1315605
1315325
1312109
1311239
1328951
1329231
1321377
1314753
1313850
1306535
1302265
1297945
1297513
1296643
1290435
1289343
1288707
1287453
1279599
1273956
1240356
1237548
1233278
1206342
1212550
1207615
1211885
1212165
1214973
1248573
1254216
1262070
1261946
1263200
1256576
1255136
1258124
1231188
1233092
1235522
1243172
1235522
1230482
1228052
1233092
1260028
1258219
1255231
1241315
1238417
1238137
1236233
1250149
1250688
1252497
1254345
1257243
1256704
1254856
1250586
1251678
1245054
1245593
1247193
1246101
1244501
1248771
1254651
1261275
1260736
1254856
1255180
1250980
1250656
1255216
1250656
1254856
1256368
1276126
1242526
1251934
1253743
1253867
1244459
1224701
1223189
1223065
1256665
1254856
1245448
1241248
1228088
1227549
1225949
1230149
1243309
1252717
1248447
1247355
1241475
1234851
1234531
1234851
1229601
1228821
1223178
1223958
1229601
1234851
1240731
1239131
1238592
1231968
1226088
1230358
1231958
1232497
1239121
1238029
1239121
1234851
1231635
1244795
1245075
1245945
1249161
1236001
1235721
1218009
1217139
1234851
1239411
1247265
1267023
1267226
1267776
1269030
1266028
1283740
1298750
1294190
1286336
1266578
1300178
1299975
1298721
1301853
1295645
1262045
1244333
1241201
1240651
1237843
1232200
1231880
1227610
1231880
1232200
1237843
1240651
1248505
1254713
1246859
1249847
1251101
1255661
1257257
1284193
1257257
1252007
1250159
1255409
1253813
1249253
1241603
1240349
1237361
1234361
1237361
1239209
1246859
1244419
1229409
1214399
1213145
1228155
1229751
1223871
1222275
1220679
1198215
1190695
1192291
1188841
1203851
1197971
1200207
1201047
1202139
1202263
1202695
1205125
1220135
1217899
1217775
1215335
1214495
1213403
1198393
1197961
1200401
1197971
1211131
1193419
1193914
1180754
1182800
1182305
1176425
1174379
1180259
1197971
1184811
1184316
1182270
1199982
1182270
1176390
1176885
1178931
1192091
1197971
1231571
1240979
1242491
1237241
1256999
1258808
1249400
1243757
1229841
1229302
1229426
1227617
1226105
1225325
1191725
1188827
1185839
1185715
1185995
1188893
1190741
1192550
1172792
1175780
1189696
1187792
1185944
1184135
1186039
1186578
1186298
1187810
1192130
1198338
1220802
1219290
1196826
1190618
1186298
1178444
1172236
1166593
1132993
1130185
1143345
1139075
1125915
1125045
1125325
1125045
1129245
1116085
1111885
1125045
1128261
1129131
1111419
1129131
1125915
1125135
1112823
1119031
1119871
1112556
1094844
1094004
1093801
1089241
1090111
1090661
1097976
1098179
1102463
1110053
1125063
1125699
1133553
1138113
1150425
1149555
1143347
1142711
1162469
1161919
1162699
1154845
1172557
1171303
1151545
1131787
1132337
1152095
1159949
1164509
1156655
1157909
1157706
1153146
1138136
1155848
1156051
1171061
1174193
1173643
1170511
1152799
1151545
1154677
1147087
1142803
1139801
1141055
1137923
1140363
1137923
1137799
1136707
1133491
1130639
1132448
1137008
1130384
1130104
1130307
1130587
1130711
1133927
1136779
1136576
1134767
1134272
1129712
1129173
1126275
1129173
1127269
1125421
1122523
1122243
1136159
1138007
1140995
1139186
1142084
1142364
1144268
1130352
1130891
1127903
1129712
1163312
1163188
1164997
1184755
1194163
1195675
1162075
1160266
1140508
1131100
1129588
1129712
1130251
1123627
1123088
1121488
1125758
1119878
1118786
1125410
1126502
1132382
1133982
1129712
1116552
1116832
1129992
1133208
1150920
1133208
1132338
1129122
1128842
1129712
1134752
1130888
1127438
1125998
1099062
1091412
1087947
1083747
1082493
1077633
1080063
1081317
1108253
1107929
1115579
1111379
1115579
1111019
1111343
1106303
1098653
1096223
1100783
1094159
1095759
1100029
1105909
1104817
1100547
1098947
1098408
1098947
1105571
1106663
1100783
1085773
1085341
1082901
1082777
1081937
1080845
1078415
1076179
1080739
1076179
1078027
1083277
1110213
1111467
1114467
1113213
1111617
1084681
1079431
1077583
1069933
1066945
1063945
1065541
1073191
1076179
1076303
1042703
1040894
1021136
1022648
1021136
1021012
1003300
993892
1003300
997420
997915
999961
1013121
1030833
1036713
1056471
1054425
1041265
1074865
1076674
1076179
1070299
1060891
1060571
1047411
1045365
1032205
1014493
1013998
1009798
1009518
991806
990936
987720
974560
987720
988590
991806
992086
1009798
1010001
994991
1012703
1032461
1033715
1025861
1006103
1005900
1005350
1004096
1004646
1012500
1027510
1013594
1018154
1021286
1018154
1016250
1015970
1013072
1008512
1006703
988991
986003
985464
983616
985212
983736
980271
969471
950231
948635
946826
949634
964644
963044
960236
959741
961550
972350
977160
962150
962645
961865
958733
954869
953273
955177
953273
954749
958214
943204
933796
938356
938036
933476
899876
882164
871364
871684
867364
865555
883267
894067
903475
903351
901839
892431
872673
876993
877313
876993
876123
876403
878307
880116
883014
869098
855938
855658
852442
834730
831742
831203
831742
829894
832882
846798
844894
844614
841716
839907
841755
843009
846141
863853
848843
829085
824525
816671
817221
817018
823642
823845
831699
839553
854563
859123
859326
859865
842153
848033
849125
853395
852845
872603
871349
865469
862337
863937
867069
884781
869771
865211
857357
837599
837396
841956
856966
855874
854620
851488
833776
832176
831637
825013
820743
820193
820743
840501
841755
847635
865347
878507
878012
875966
862806
856926
857421
859467
841755
837195
835347
835671
834071
833532
826908
825312
824220
820020
812370
806490
803502
808062
812262
807702
806448
779512
776512
772242
771918
766668
764238
737302
729652
725092
720052
706892
702692
700883
700680
708330
708050
706796
708050
707926
734862
731646
728794
731224
736264
733366
729082
723322
718387
709693
703253
690941
683626
682786
682150
681280
680500
672910
666702
665190
642726
638406
632198
629066
632198
647208
651768
659622
659825
660375
661629
681387
663675
681387
680837
680634
660876
659622
655062
640052
632198
635096
621180
620641
620361
605351
603755
605659
605939
607787
605939
608927
622843
619855
617951
618490
616681
613783
615592
615053
615592
616684
615592
609712
611312
607042
600418
606298
604698
608968
615592
613546
607666
589954
576794
576299
573167
590879
590329
591583
576573
576023
558311
557057
539345
539548
538294
535162
520152
515592
507738
503178
483420
498430
502990
510844
510641
530399
522545
525677
505919
506469
506266
505630
505954
510514
504634
504310
503990
501362
496322
478610
477386
481586
447986
443426
439226
428426
408679
406775
395975
392510
390701
389225
388730
383920
381112
379858
352922
345272
342842
340402
335362
331912
329104
328784
322700
319388
318518
300806
305126
304806
300486
318198
327606
327926
318518
307718
303158
313958
318518
318238
315250
313441
311593
308695
310599
313587
311683
312222
298306
298586
301484
300945
302793
304602
318518
315566
312938
309806
309170
308330
303530
301370
300194
285184
280624
279370
278820
278617
258859
258247
255426
247572
229860
225590
224498
218618
217018
218618
218079
224703
230583
231675
235945
229321
229860
227420
229860
244870
249430
257284
277042
277245
278499
263489
258929
257675
257472
258022
275734
271534
274666
254908
247054
246504
251064
255264
255588
252456
234744
230184
229860
230399
227411
225602
223754
221850
221570
235486
232588
235576
237385
239233
242131
244035
243496
229580
229860
223236
218966
218427
212547
210947
209855
205295
201095
200771
204971
209531
209855
209305
194295
189735
181881
162123
161920
144208
141076
130276
129022
128702
119294
114974
97262
92702
78786
75798
73989
75798
77702
74804
74524
77512
80410
82258
80410
80949
80410
78506
78786
92702
90854
89744
85880
65684
56990
52790
48230
48554
53114
52790
56990
58838
56990
55181
52193
55091
55371
57275
59084
59623
59343
45427
42529
45517
59433
57529
56990
54550
54270
52366
66282
66821
69809
65249
67097
69995
70275
72179
69739
71548
69700
69376
66388
63490
61681
47765
44453
43583
43044
42724
39916
36466
32266
26182
23194
20296
18448
16639
16359
15820
1904
0
