19.833
25.5
25.813
29.813
32.896
162.396
174.618
206.618
210.618
213.701
343.201
311.201
343.201
363.035
363.347
375.569
381.236
251.736
239.514
236.431
232.431
232.118
226.451
206.618
210.618
213.701
274.813
404.313
316.229
316.542
348.542
354.208
348.542
316.542
304.319
174.819
171.736
167.736
167.424
147.59
147.903
153.569
133.736
72.625
72.313
69.229
65.229
59.563
63.563
41.979
45.063
13.063
74.174
106.174
126.007
238.507
258.34
290.34
334.451
463.951
467.035
471.035
476.701
477.014
445.014
383.903
254.403
251.319
247.319
247.007
241.34
238.507
244.174
276.174
296.007
340.118
469.618
472.701
473.014
470.181
474.181
413.069
283.569
280.486
276.486
276.174
270.507
238.507
258.34
290.34
334.451
463.951
467.035
471.035
471.347
477.014
474.181
413.069
283.569
280.486
276.486
276.174
270.507
238.507
299.618
429.118
432.201
436.201
375.09
380.757
377.924
345.924
377.924
378.236
381.069
377.986
248.486
244.486
244.174
238.507
366.208
544.458
701.958
723.458
735.438
739.438
745.938
680.368
701.701
714.097
727.639
709.359
727.013
734.551
750.256
863.333
874.615
894.615
897.462
953.872
1073.41
1077.103
1077.391
1082.622
1080.006
1050.468
994.058
874.519
871.673
867.981
867.692
862.462
892
894.615
890.923
861.385
804.974
685.436
682.59
682.301
677.071
674.455
703.686
889.224
894.378
804.417
806.263
822.263
904.109
1076.763
1150.288
1155.673
1131.622
1067.436
1072.667
1077.474
1258.128
1263.551
1404.641
1452.872
1570.75
1510.224
1530.071
1519.013
1530.071
1526.378
1520.378
1500.686
1480.84
1316.301
1170.917
1190.609
1196.609
1200.301
1159.788
1142.949
1328.487
1393.141
1392.282
1390.436
1359.513
1294.859
1145.397
1161.397
1163.244
1147.244
1157.5
1165.038
1085.404
1158.929
1128.122
1208.25
1213.673
1394.327
1399.558
1404.365
1399.135
1218.481
1213.058
1208.25
1230.25
1266.865
1274.404
1289.404
1296.173
1310.186
1350.904
1354.827
1375.468
1419.583
1439.583
1445.583
1464.045
1470.814
1643.468
1650.66
1648.814
1632.814
1631.955
1696.609
1557.885
1739.128
1740.974
1602.359
1571.436
1506.782
1588.628
1583.244
1537.141
1457.449
1383.923
1355.147
1343.455
1381.147
1427.25
1474.635
1548.16
1576.936
1606.474
1613.667
1633.635
1640.404
1813.058
1833.058
1834.244
1827.474
1798.699
1780.237
1773.045
1791.506
1802.949
1826.952
1831.81
1839.31
1833.738
1830.31
1812.024
1801.756
1776.292
1749.292
1786.911
1802.548
1828.012
1855.012
1873.44
1883.708
1887.137
1868.708
1874.28
1836.661
1854.946
1839.31
1850.167
1745.889
1788.356
1805.661
1869.383
1874.111
1888.406
1897.294
1903.528
1914.144
1913.4
1899.533
1897.933
1841.9
1842.644
1973.478
1987.344
1988.944
1910.978
1884.178
1879.644
1723.078
1718.378
1714.211
1564.578
1558.711
1542.711
1536.478
1542.344
1691.978
1707.978
1714.211
1703.594
1697.361
1692.633
1756.356
1742.061
1678.339
1661.033
1675.328
1685.944
1690.672
1681.783
1688.017
1696.906
1714.211
1739.811
1788.7
1892.3
1894.767
1897.967
1898.217
1902.75
1905.017
1909.55
1922.55
1957.661
1972.961
1977.689
1993.556
2064.056
2077.194
2059.889
1996.167
1981.872
1971.256
1966.528
1960.294
1951.406
1960.294
2024.017
2038.311
2048.928
2057.133
2061.861
2068.094
2057.961
2038.894
2081.361
2100.428
2171.361
2280.958
2253.53
2201.149
2198.506
2195.077
2194.81
2189.952
2078.952
2083.81
2081.381
2108.81
2111.452
2121.929
2138.929
2220.786
2221.054
2224.482
2064.161
2056.268
2067.845
2079.622
2085.489
2079.256
2073.389
2057.389
2030.589
2035.056
2034.311
1965.65
2122.728
2124.328
2138.194
2082.161
2068.294
2066.694
2077.311
2126.2
2229.8
2113.433
2116.633
2116.883
2121.417
2119.15
2093.55
2083.772
1980.172
1977.706
1974.506
2000.106
1999.856
1998.339
2007.228
2013.461
2018.189
2032.483
2096.206
2113.511
2104.622
2098.389
2093.661
2076.356
2012.633
2008.1
1937.633
1923.339
1940.672
1966.272
1967.606
1972.606
1983.439
1997.733
2004.5
1988.633
1963.033
1914.144
1896.878
1986.878
1984.411
2010.011
2014.544
1930.678
1855.844
1856.078
1853.078
1852.844
1848.594
1851.594
1859.927
1865.771
1870.203
1883.604
1943.344
1937.5
1953.724
1937.5
1877.76
1864.359
1862.938
1858.505
1850.172
1860.125
1921.479
1945.479
2046.615
2180.302
2193.302
2234.865
2133.52
2161.52
2176.275
2162.157
2167.657
2145.652
2277.681
2229.211
2133.304
2128.127
2127.211
2118.397
2057.456
2001.23
1938.642
1929.701
1912.877
1975.466
1979.583
1969.858
1917.977
1971.079
2053.292
2112.403
2128.292
2163.681
2128.292
2124.403
2103.62
2099.843
2099.634
2096.968
2082.579
2161.946
2139.358
2137.358
2141.358
2139.181
2142.005
2144.181
2223.593
2140.801
2162.134
2175.356
2175.565
2178.231
2148.972
2136.81
2117.005
2124.991
2210.125
2205.792
2225.597
2254.856
2259.19
2238.19
2252.523
2266.745
2298.773
2296.106
2288.12
2273.787
2259.565
2250.718
2265.139
2261.199
2273.111
2281.958
2285.898
2291.093
2298.5
2351.602
2344.194
2291.093
2285.898
2271.477
2259.565
2263.287
2278.995
2292.153
2290.097
2292.764
2296.542
2283.319
2261.986
2175.653
2260.495
2260.716
2260.495
2257.672
2300.809
2302.985
2316.985
2339.574
2335.574
2414.985
2402.75
2402.093
2352.652
2348.943
2347.443
2341.599
2347.099
2370.479
2347.099
2341.599
2356.599
2305.443
2290.443
2300.396
2290.443
2230.703
2217.302
2223.146
2227.578
2211.354
2206.922
2201.078
2209.411
2225.635
2285.375
2298.776
2290.443
2288.13
2285.13
2284.896
2280.646
2234.813
2210.813
2208.688
2111.563
2111.797
2116.047
2061.359
2077.547
1998.475
2021.064
2035.064
2037.887
2028.946
2012.123
1974.652
1976.828
1979.652
1936.515
1913.926
2018.672
2022.922
2023.156
2020.844
2017.844
2001.656
1997.406
2094.531
2140.365
2140.13
2155.005
2179.005
2174.573
2168.729
2160.396
2144.172
2084.432
2071.031
2061.078
2075.422
2108.339
2120.656
2186.75
2191
2203.188
2201.063
2196.63
2184.443
2180.193
2114.099
2099.755
2104.188
2119.063
2106.745
2073.828
2002.76
1987.885
1963.885
1918.052
1922.302
1924.427
1924.661
1927.661
1928.24
1831.115
1828.802
1825.802
1825.568
1821.318
1840.448
1856.635
1824.635
1830.135
1806.755
1791.755
1790.781
1931.063
1946.063
1951.906
1938.906
1877.552
1743.865
1773.615
1805.615
1847.177
1871.177
1885.625
1880.125
1902.406
1878.406
1914.26
1927.26
1885.698
1901.375
1996.4
1888.522
1871.8
1980.036
2191.643
2206.958
2225.244
2228.161
2255.589
2249.339
2296.006
2306.631
2459.417
2464.274
2471.774
2490.315
2517.744
2522.149
2540.72
2522.149
2521.048
2493.619
2475.077
2467.577
2462.72
2418.406
2439.517
2429.6
2434.8
2416.911
2413.511
2364.622
2359.422
2342.089
2267.396
2282.271
2299.042
2302.229
2335.313
2351.563
2349.438
2313.594
2310.594
2310.359
2306.109
2260.276
2236.276
2234.151
2233.573
2217.385
2357.667
2352.167
2211.885
2196.885
2191.042
2196.542
2202.385
2217.385
2204.625
2217.385
2223.51
2225.104
2229.479
2238.776
2255.026
2165.515
2276.691
2267.132
2261.368
2247.868
2243.75
2235
2219.706
2211.078
2231.146
2241.302
2236.776
2256.568
2297.401
2216.516
2223.734
2123.044
2135.657
2309.922
2291.294
2252.863
2246.069
2223.48
2221.078
2247.521
2234.12
2048.964
2072.964
2056.964
2061.839
2077.839
2044.922
2031.24
2008.958
1992.833
1980.885
1964.885
1960.01
1957.01
1960.01
1951.026
1832.901
1841.885
1908.385
2026.51
2160.198
2144.568
2177.484
2237.224
2244.974
2282.432
2286.807
2277.307
2253.927
2335.122
2295.167
2290.5
2307.7
2332.639
2326.406
2309.683
2284.744
2278.878
2265.011
2249.011
2261.111
2275.778
2301.378
2235.933
2212.167
2196.756
2171.156
2126.822
2092.689
2088.156
2104.878
2118.744
2120.01
2221.146
2262.708
2304.271
2224.865
2254.615
2303.427
2415.802
2447.802
2461.203
2473.964
2565.474
2545.682
2526.953
2486.12
2478.901
2454.901
2474.693
2442.693
2429.932
2416.531
2380.133
2405.733
2413.433
2456.989
2438.139
2433.672
2438.139
2456.989
2472.778
2470.522
2454.522
2441.778
2372.333
2363.444
2356.328
2372.328
2436.05
2505.494
2512.028
2520.917
2528.033
2521.5
2537.367
2542.094
2529.094
2544.394
2565.906
2579.044
2593.989
2589.456
2602.456
2531.956
2518.817
2483.706
2468.406
2472.939
2470.672
2465.944
2496.979
2609.354
2577.354
2563.953
2378.797
2371.578
2330.745
2350.536
2331.807
2312.016
2288.016
2301.417
2239.771
2252.531
2276.531
2283.75
2324.583
2311.823
2408.948
2414.792
2382.161
2393.505
2435.068
2421.318
2409.974
2423.724
2382.161
2392.115
2510.24
2522.427
2563.26
2569.104
2520.797
2504.609
2498.766
2397.245
2488.657
2527.775
2550.363
2645.549
2771.373
2829.118
2841.353
2856.108
2833.52
2803.402
2764.284
2639.157
2549.259
2430.426
2418.87
2416.083
2530.206
2558.206
2500.461
2503.284
2464.102
2464.31
2476.625
2478.681
2450.236
2550.125
2586.421
2592.838
2556.542
2577.875
2558.431
2547.088
2439.978
2433.899
2450.566
2430.355
2586.276
2430.355
2419.07
2430.355
2414.583
2531.134
2552.245
2556.023
2560.19
2572.94
2502.801
2545.741
2595.269
2600.463
2557.523
2616.554
2611.054
2613.877
2598.819
2594.23
2591.407
2576.23
2580.819
2469.642
2448.672
2435.794
2404.814
2425.784
2470.946
2424.662
2394.958
2409.181
2417.167
2409.181
2509.514
2501.069
2467.773
2410.218
2399.597
2378.815
2382.704
2416
2343.368
2393.675
2511.807
2567.807
2564.123
2569.044
2563.232
2481.443
2476.522
2490.154
2495.965
2490.132
2478.553
2488.105
2499.684
2490.132
2525.132
2545.342
2579.728
2568.443
2412.522
2429.189
2435.268
2542.116
2530.773
2509.44
2503.023
2403.134
2385.542
2415.908
2427.193
2454.14
2464.886
2480.658
2446.272
2444.325
2444.127
2432.461
2444.127
2441.601
2441.798
2443.746
2528.377
2530.904
2571.62
2565.787
2562.361
2541.028
2526.606
2522.829
2508.384
2500.12
2543.06
2557.449
2562.644
2556.509
2542.12
2536.926
2517.12
2538.454
2546.718
2665.551
2669.329
2675.162
2689.583
2693.009
2707.454
2718.287
2744.731
2752.676
2747.787
2749.009
2754.454
2743.62
2727.731
2723.954
2718.509
2746.954
2628.12
2538.222
2516.889
2479.944
2451.5
2425.056
2451.5
2437.565
2383.028
2437.565
2457.37
2470.213
2491.546
2498.935
2512.87
2524.426
2512.87
2454.12
2411.181
2416.375
2430.764
2343.509
2339.93
2326.298
2316.035
2328.561
2332.294
2344.373
2339.452
2349.825
2360.088
2358.298
2386.018
2382.285
2385.864
2358.145
2403.066
2392.693
2380.614
2475.246
2509.632
2515.711
2535.921
2546.667
2444.933
2296.808
2280.975
2296.808
2264.142
2258.367
2239.167
2228.958
2203.358
2192.638
2340.763
2448.189
2459.474
2439.474
2446.491
2459.123
2460.912
2457.386
2442.504
2430.039
2443.724
2457.846
2470.373
2383.521
2387.421
2374.421
2370.521
2333.854
2331.304
2317.888
2316.188
2258.838
2316.188
2318.738
2309.663
2276.413
2285.488
2318.738
2329.738
2440.776
2454.408
2449.487
2435.855
2528.241
2533.435
2440.776
2444.355
2464.355
2476.434
2464.355
2460.408
2464.355
2460.776
2440.776
2443.461
2440.776
2438.829
2438.632
2436.965
2342.333
2342.531
2340.004
2351.671
2446.303
2448.829
2450.776
2416.39
2405.645
2378.697
2367.412
2211.491
2205.412
2110.781
2090.57
2134.167
2144.888
2170.488
2180.696
2199.896
2184.063
2199.896
2205.671
2186.258
2217.369
2212.917
2284.917
2271.967
2265.635
2338.607
2428.607
2391.139
2397.984
2371.076
2374.621
2386.258
2362.318
2352.367
2336.163
2250.254
2271.409
2264.563
2262.278
2264.563
2260.849
2248.659
2224.278
2217.944
2199.659
2188.651
2176.706
2129.96
2226.058
2208.233
2184.433
2210.033
2220.433
2269.517
2299.067
2379.975
2399.175
2432.425
2367.1
2379.642
2427.433
2539.658
2592.858
2596.358
2543.158
2430.933
2383.142
2454.044
2383.142
2379.642
2409.608
2379.642
2387.767
2395.192
2490.142
2504.442
2511.192
2447.208
2458.683
2447.963
2428.763
2422.988
2390.321
2421.496
2265.575
2248.908
2238.162
2273.162
2246.215
2236.662
2201.662
2211.215
2246.215
2257.794
2246.215
2341.268
2341.465
2343.991
2345.939
2427.728
2343.008
2362.208
2374.108
2377.508
2377.321
2375.471
2373.071
2375.471
2390.454
2401.538
2402
2402.188
2312.288
2301.204
2304.604
2304.792
2307.192
2304.792
2292.892
2370.592
2407.258
2294.389
2276.103
2287.437
2213.437
2211.675
2211.496
2208.258
2226.544
2301.204
2333.054
2371.7
2390.7
2394.6
2341.725
2330.25
2320.5
2332.4
2335.946
2347.421
2373.754
2383.608
2436.483
2433.083
2406.75
2396.896
2393.35
2391.65
2395.05
2404.8
2407.2
2388
2376.1
2298.4
2417.421
2417.224
2420.803
2417.224
2419.171
2416.645
2416.842
2378.246
2460.035
2498.632
2518.842
2531.368
2519.289
2515.711
2495.711
2487.658
2499.737
2503.316
2523.316
2527.263
2524.579
2520.632
2530.895
2522.513
2488.127
2388.654
2378.39
2412.776
2512.25
2520.632
2507.43
2507.232
2497.68
2462.68
2451.732
2440.154
2436.575
2384.908
2382.382
2297.215
2295.268
2213.478
2174.882
2154.671
2042.092
2045.671
2045.868
2048.395
2050.342
2132.132
2062.192
2081.392
2093.292
2117.092
2142.692
2140.992
2160.192
2126.942
2101.342
2077.542
2090.083
2100.483
2149.567
2217.25
2198.05
2170.437
2202.103
2287.722
2252.802
2178.802
2090.583
2088.902
2088.731
2088.311
2070.856
2060.038
2063.129
2063.299
2073.375
2063.299
2065.481
2063.299
2064.981
2065.152
2089.212
2106.667
2108.348
2105.258
2105.087
2102.905
2105.087
2091.466
2162.102
2205.549
2211.686
2259.034
2292.102
2303.902
2304.072
2315.89
2304.981
2334.678
2341.212
2343.394
2346.939
2358.576
2355.03
2331.091
2328.909
2317.273
2415.333
2408.488
2481.46
2498.437
2470.78
2494.72
2484.769
2468.564
2496.115
2510.115
2429.352
2499.989
2501.67
2503.852
2504.023
2507.114
2489.659
2456.326
2385.689
2383.508
2383.337
2380.246
2397.701
2396.155
2348.11
2458.163
2445.782
2427.496
2415.135
2410.135
2406.897
2305.04
2297.956
2295.02
2297.306
2274.973
2285.792
2303.246
2234.989
2302.554
2302.717
2224.196
2222.109
2190.225
2191.833
2180.572
2178.964
2176.007
2159.312
2246.644
2249.735
2249.564
2246.383
2239.572
2196.125
2094.102
2045.739
1998.648
1968.42
1978.852
2009.08
1998.648
2000.33
2070.966
2088.42
2090.602
2101.42
2108.087
2097.269
2063.936
1993.299
1991.617
1994.708
1994.879
1992.697
2087.409
2084.171
2065.885
2084.171
2095.179
2097.17
2127.398
2138.799
2117.163
2093.89
2063.663
2052.261
2042.807
2033.883
1936.655
1981.277
1990.731
1973.277
1909.743
1930.438
1920.388
1920.225
1918.616
1908.978
1830.804
1828.717
1861.207
1867.004
1871.264
1916.554
1958.112
1949.054
1944.413
1940.152
1898.594
1888.159
1898.594
1892.797
1903.145
1892.797
1899.174
1896.217
1896.054
1893.967
1892.359
1824.793
1841.489
1835.112
1838.069
1838.232
1840.319
1841.928
1909.493
1892.797
1891.319
1901.754
1912.101
1906.304
1895.87
1901.667
1904.928
1902.71
1892.732
1889.471
1892.428
1908.949
1905.993
1889.471
1891.688
1901.667
1893.098
1882.75
1879.667
1869.688
1866.732
1820.754
1812.275
1789.377
1779.029
1762.333
1755.957
1755.793
1754.185
1686.62
1683.663
1681.576
1732.453
1736.004
1747.308
1793.398
1781.201
1778.883
1775.337
1763.519
1815.655
1826.473
1815.655
1787.86
1800.057
1803.602
1810.269
1758.133
1751.371
1746.917
1736.485
1733.303
1721.485
1688.152
1774.061
1783.341
1805.614
1810.068
1800.788
1714.879
1707.492
1721.735
1733.553
1740.314
1747.701
1758.133
1754.42
1758.133
1811.322
1758.133
1746.314
1694.178
1688.042
1640.693
1597.246
1564.178
1534.481
1522.682
1522.511
1548.58
1554.716
1592.792
1625.784
1637.186
1638.867
1641.67
1659.466
1665.527
1669.777
1702.845
1697.784
1671.705
1671.875
1694.148
1705.966
1713.564
1642.612
1591.736
1588.185
1594.435
1578
1671
1753.174
1764.391
1766.478
1769.87
1781
1758.101
1691.475
1675.975
1670.064
1663.53
1661.348
1657.803
1600.72
1589.083
1599.034
1605.095
1613.83
1605.095
1622.89
1611.489
1614.292
1615.973
1627.375
1649.648
1645.398
1639.337
1621.542
1618.739
1617.057
1621.307
1599.034
1587.633
1565.996
1542.723
1512.496
1495.042
1484.534
1387.307
1342.686
1333.231
1325.633
1384.869
1440.591
1444.48
1448.369
1392.647
1388.758
1444.48
1440.028
1446.377
1444.615
1425.972
1383.428
1372.027
1349.754
1343.693
1355.095
1352.292
1370.087
1371.769
1374.572
1378.822
1389.254
1419.481
1409.049
1444.48
1500.202
1504.091
1448.369
1444.48
1463.123
1464.885
1469.337
1466.401
1464.639
1452.694
1434.052
1427.702
1423.25
1445.262
1457.206
1412.381
1418.73
1465.167
1468.917
1472.317
1469.767
1458.292
1454.542
1473.542
1454.542
1466.017
1462.617
1465.167
1461.083
1452.725
1456.808
1465.167
1452.625
1452.163
1447.088
1444.004
1424.429
1416.071
1411.988
1387.488
1380.821
1389.179
1384.504
1397.046
1332.282
1335.218
1353.861
1360.21
1302.095
1324.367
1327.458
1327.629
1329.811
1331.492
1402.129
1373.051
1389.746
1400.094
1391.616
1309.442
1302.518
1274.112
1271.286
1271.449
1282.736
1311.141
1352.699
1397.989
1403.859
1435.489
1446.793
1446.63
1421.696
1415.826
1404.54
1376.134
1344.504
1336.192
1386.062
1377.004
1427.88
1489.072
1481.473
1485.186
1496.587
1499.39
1501.072
1505.322
1511.383
1533.655
1551.451
1547.201
1524.928
1507.133
1495.731
1489.67
1486.867
1555.909
1495.242
1492.004
1491.825
1417.825
1382.905
1364.619
1362.333
1365.571
1383.857
1441.15
1407.444
1481.444
1479.683
1481.968
1482.147
1483.909
1539.631
1495.758
1491.869
1436.147
1417.654
1405.754
1458.629
1470.529
1435.425
1448.889
1449.067
1451.353
1433.067
1444.401
1462.687
1497.607
1571.607
1574.845
1571.607
1573.369
1573.19
1570.905
1569.143
1495.143
1533.233
1539.9
1515.4
1502.858
1501.008
1497.925
1478.35
1471.683
1467.008
1491.508
1493.358
1496.442
1516.017
1520.692
1533.233
1524.875
1520.792
1509.846
1505.946
1488.121
1461.788
1442.888
1429.988
1417.188
1410
1407.6
1395.7
1399.1
1395.7
1395.888
1398.288
1400.138
1477.838
1449.754
1430.554
1393.888
1405.788
1403.938
1401.538
1401.35
1420.55
1342.85
1323.275
1318.6
1294.1
1281.558
1279.708
1276.625
1269.958
1347.658
1344.258
1344.071
1341.671
1339.821
1326.871
1290.204
1271.004
1274.404
1274.592
1276.992
1278.842
1290.742
1309.942
1298.042
1324.508
1343.508
1346.908
1358.383
1360.933
1341.933
1338.533
1334.783
1323.308
1320.758
1324.508
1300.708
1293.558
1307.858
1312.258
1322.008
1317.108
1316.008
1306.258
1311.158
1334.958
1368.208
1379.683
1368.208
1334.958
1331.558
1343.458
1362.658
1389.125
1466.825
1468.675
1471.075
1470.888
1474.288
1472.588
1453.388
1416.721
1339.021
1337.171
1334.771
1334.958
1338.858
1348.171
1395.963
1407.438
1395.036
1426.702
1415.274
1403.94
1397.591
1409.02
1420.353
1426.702
1408.607
1378.274
1373.016
1391.111
1421.444
1432.778
1424.825
1498.825
1455.444
1451.73
1419.076
1454.208
1454.379
1457.924
1454.833
1454.663
1452.481
1450.799
1452.981
1446.314
1375.678
1374.133
1377.223
1359.769
1312.42
1268.973
1235.905
1224.106
1223.936
1217.799
1165.663
1153.845
1124.148
1123.977
1121.795
1118.705
1117.023
1105.25
1122.96
1104.675
1103.056
1106.294
1106.472
1108.758
1110.52
1184.52
1209.726
1221.06
1239.345
1241.107
1237.869
1237.69
1235.405
1233.643
1159.643
1170.976
1136.056
1117.77
1136.056
1170.976
1244.976
1233.643
1235.929
1236.107
1239.345
1237.52
1264.829
1245.663
1258.44
1249.917
1226.436
1224.117
1235.936
1224.117
1220.572
1224.117
1217.451
1165.314
1163.769
1146.314
1135.496
1152.769
1158.019
1191.985
1297.53
1300.333
1312.133
1325.754
1330.773
1346.977
1345.295
1343.114
1342.943
1339.852
1306.519
1235.883
1309.883
1319.629
1323.879
1319.027
1302.822
1297.803
1284.182
1281.379
1298.652
1303.902
1330.833
1324.364
1336.163
1349.784
1354.803
1371.008
1353.735
1348.485
1213.826
1202.027
1182.254
1178.993
1176.775
1160.254
1157.297
1147.319
1158.605
1200.163
1209.486
1216.409
1219.493
1223.558
1229.355
1322.355
1299.462
1319.403
1329.787
1344.987
1463.487
1435.939
1440.381
1425.766
1428.138
1423.696
1400.907
1398.535
1388.551
1377.026
1348.285
1344.038
1330.327
1340.327
1422.596
1454.923
1458.308
1449.481
1423.904
1449.481
1458.308
1454.538
1449.41
1440.179
1403.417
1399.311
1359.247
1361.974
1353.728
1316.965
1306.981
1310.577
1305.449
1315.433
1283.638
1291.885
1298.01
1294.413
1299.542
1293.417
1342.317
1327.117
1341.377
1319.513
1363.186
1373.17
1375.542
1371.099
1257.157
1254.785
1244.801
1222.673
1241.413
1152.288
1169.899
1233.558
1238.58
1255.101
1287.591
1276.304
1234.746
1225.424
1218.5
1215.417
1211.351
1205.554
1216.841
1258.399
1267.721
1274.645
1277.728
1283.525
1287.591
1309.851
1402.851
1436.457
1451.521
1462.337
1478.17
1482.983
1453.553
1572.053
1574.52
1570.103
1558.117
1547.733
1545.267
1426.767
1455.08
1450.267
1435.413
1419.58
1484.33
1486.33
1489.122
1492.073
1496.156
1497.698
1506.365
1514.872
1542.58
1538.684
1527.868
1488.042
1479.108
1484.663
1488.559
1481.924
1521.75
1524.705
1531.34
1542.156
1536.601
1533.646
1542.58
1558.413
1563.226
1558.413
1589.549
1712.986
1715.556
1726.372
1773.684
1743.458
1759.28
1744.08
1714.19
1628.63
1624.213
1552.293
1541.91
1539.443
1420.943
1423.78
1434.163
1428.83
1425.09
1422.253
1415.883
1407.307
1369.073
1377.65
1384.02
1387.76
1393.093
1431.327
1420.943
1416.323
1501.883
1486.683
1368.183
1399.1
1396.633
1386.25
1396.633
1384.647
1353.73
1321.01
1289.875
1364.792
1367.361
1490.799
1521.934
1526.747
1542.58
1586.642
1556.087
1544.306
1554.222
1560.333
1572.115
1528.052
1518.135
1514.24
1523.174
1529.809
1489.983
1492.938
1482.122
1487.677
1491.573
1488.618
1499.434
1492.799
1532.625
1523.691
1518.135
1507.319
1432.403
1416.569
1327.444
1295.24
1292.67
1169.233
1138.097
1133.285
1137.181
1126.365
1086.538
1077.604
1074.649
1080.205
1076.309
1087.125
1126.951
1135.885
1142.521
1145.476
1138.84
1133.285
1105.576
1096.014
1086.014
1080.458
1086.014
1095.931
1105.931
1104.514
1098.958
1095.063
1088.427
1077.611
1068.677
1028.851
1025.896
1032.531
1076.594
1085.76
1089.913
1099.913
1223.351
1302.101
1311.663
1332.08
1338.278
1346.785
1350.868
1344.67
1341.753
1332.191
1328.108
1319.601
1240.851
1210.295
1208.99
1219.823
1226.594
1219.823
1208.99
1192.99
1192.156
1189.031
1178.198
1171.427
1162.493
1160.896
1159.479
1128.924
1105.028
1102.903
1092.069
1088.819
1092.069
1064.361
1061.111
1056.51
1104.302
1113.865
1153.691
1185.896
1186
1178.035
1130.243
1120.681
1128.892
1135.528
1176.431
1179.681
1190.431
1167.076
1149.727
1152.407
1150.927
1150.173
1158.493
1160.413
1222.573
1197.373
1189.053
1126.893
1122.973
1166.972
1139.264
1130.757
1100.201
1145.949
1150.21
1153.293
1156.685
1140.163
1112.467
1078.862
1075.471
1091.993
1119.688
1153.293
1182.207
1183.196
1223.021
1323.521
1330.326
1339.889
1343.014
1386.417
1413.639
1434.639
1438.535
1448.167
1457.729
1463.354
1408.72
1420.27
1445.75
1450.37
1481.287
1477.3
1467.7
1458.9
1500.34
1381.84
1375.47
1378.59
1402.563
1417.772
1426.234
1466.907
1426.234
1540.176
1546.301
1564.763
1577.417
1581.25
1590.481
1579.375
1603.875
1608.317
1603.125
1599.375
1629.103
1632.853
1603.125
1598.683
1609.788
1614.981
1654.1
1665.65
1671.05
1674.95
1705.867
1710.487
1735.967
1724.417
1719.017
1715.117
1684.2
1679.58
1654.1
1650.18
1642.38
1638.86
1646.66
1652.38
1668.303
1672.223
1611.292
1600.292
1581.984
1592.859
1581.984
1610.189
1619.343
1660.016
1654.375
1645.221
1604.548
1574.821
1570.378
1545.878
1540.686
1529.58
1534.772
1559.272
1563.022
1567.465
1578.571
1574.821
1604.548
1603.24
1594.01
1588.881
1596.881
1656.651
1658.074
1648.151
1650.728
1643.147
1642.272
1604.516
1607.516
1654.413
1661.994
1668.119
1639.913
1636.913
1640.683
1632.83
1632.401
1628.631
1627.208
1619.208
1617.362
1607.401
1633.458
1641.311
1666.888
1641.311
1679.067
1680.913
1721.837
1732.837
1757.337
1732.837
1716.125
1712.375
1682.647
1678.205
1683.397
1694.503
1683.397
1687.84
1712.34
1707.147
1711.394
1730.779
1755.907
1818.144
1821.74
1808.458
1799.631
1759.567
1768.394
1743.266
1734.375
1707.144
1706.545
1710.295
1675.577
1671.299
1681.994
1686.994
1710.586
1686.994
1682.904
1679.293
1674.293
1663.599
1667.877
1645.679
1633.494
1595.123
1598.012
1620.21
1686.802
1704.58
1700.987
1740.833
1722.372
1719.372
1732.026
1707.526
1703.083
1740.29
1736.39
1730.99
1756.47
1744.92
1750.32
1754.94
1759.357
1695.439
1706.545
1731.045
1742.045
1779.971
1755.471
1744.471
1703.548
1683.856
1703.548
1679.048
1667.942
1679.048
1674.801
1737.893
1743.293
1747.193
1778.11
1782.73
1808.21
1802.81
1798.19
1791.69
1785.823
1772.403
1766.463
1755.023
1749.623
1752.343
1771.383
1772.343
1778.093
1787.567
1791.307
1824.927
1759.46
1762.58
1759.593
1770.327
1780.36
1768.81
1763.41
1759.51
1728.593
1723.973
1698.493
1707.673
1716.473
1719.473
1726.007
1822.487
1908.047
1914.417
2032.917
2042.517
2015.917
2019.903
2013.533
1971.233
1997.833
1988.653
1985.653
1979.283
1893.723
1872.128
1862.962
1838.274
1828.274
1821.469
1817.316
1861.378
1868.014
1857.181
1853.514
1942.639
1977.66
1988.493
1992.16
1957.139
1942.285
1954.201
1998.535
1971.993
1960.076
1915.743
1942.285
1915.063
1944.563
1935
1938.896
2006.319
2011.722
2021.285
1977.882
2005.104
1995.472
1991.576
1962.076
2001.903
2046.236
2061.823
2071.691
2073.233
2084.413
2079.813
2076.563
2068.597
2059.035
2011.243
1983.535
1969.826
1966.576
2009.743
1989.743
2003.451
2006.701
1963.535
1988.507
1913.59
1933.59
2008.507
1983.535
1983.691
1985.233
1995.149
2011.149
2041.705
2106.455
2109.288
2111.288
2119.469
2122.26
2124.785
2189.535
2174.193
2177.313
2138.047
2131.677
2123.793
2051.553
2057.923
2059.843
2058.363
2059.843
2068.163
2059.997
2054.677
2054.23
2050.31
2047.19
2017.857
2015.937
1953.777
1906.837
1914.689
1940.266
1944.035
1936.035
1925.035
1900.535
1894.689
1893.266
1833.497
1830.881
1802.676
1787.907
1778.753
1781.369
1781.224
1779.378
1779.522
1839.292
1867.497
1882.266
1891.42
1893.266
1886.843
1888.151
1896.676
1897.446
1899.849
1909.003
1923.772
1951.978
2011.747
2013.17
2015.016
2000.247
1997.631
1997.487
1995.641
1994.218
1934.449
1906.244
1904.936
1907.551
1907.696
1904.696
1885.003
1875.356
1907.683
1935.888
1938.888
1958.58
1968.901
1978.548
1974.952
1964.631
1958.99
1962.587
1930.26
1928.837
1986.458
1984.612
1938.269
1939.639
1941.417
1941.556
1944.074
1935.259
1949.481
1935.259
1932.741
1932.602
1875.046
1847.886
1856.701
1855.33
1865.269
1829.867
1790.46
1791.83
1777.975
1768.037
1759.265
1794.667
1834.074
1917.204
1925.975
1934.79
1949.012
1906.898
1964.454
1965.824
1967.602
1965.083
1964.944
1965.083
1967.602
1965.824
1964.454
1906.898
1879.738
1865.515
1928.112
1922.583
1940.891
1941.814
1947.343
1956.452
1953.837
1935.529
1926.42
1929.035
1928.112
1926.689
1926.833
1928.256
1988.026
2016.231
2031
2002.795
1988.026
1985.41
1985.266
1983.42
1985.266
1925.497
1916.343
1918.958
1911.958
1871.285
1843.08
1832.205
1872.878
1882.032
1880.724
1908.929
1919.804
1911.343
1871.497
1858.843
1852.718
1834.256
1765.103
1724.429
1721.429
1717.596
1708.365
1594.423
1571.372
1571.516
1573.362
1521.439
1578.212
1546.92
1561.142
1569.957
1512.401
1485.241
1471.019
1473.537
1472.167
1463.352
1461.574
1461.435
1458.917
1450.417
1411.836
1387.639
1379.077
1352.855
1361.355
1399.935
1424.133
1484.065
1510.287
1513.75
1513.173
1535.37
1543.074
1551.889
1557.938
1543.864
1515.238
1491.645
1488.756
1506.904
1512.414
1522.043
1494.883
1522.043
1516.025
1510.515
1502.015
1499.423
1507.923
1558.067
1485.375
1491.625
1564.317
1572.17
1575.939
1572.17
1562.17
1563.593
1583.952
1643.721
1643.577
1643.721
1641.875
1601.221
1603.837
1602.413
1599.798
1590.644
1575.875
1609.577
1547.417
1549.337
1564.697
1602.93
1645.49
1607.257
1605.777
1596.303
1647.229
1602.896
1604.438
1615.618
1631.205
1620.024
1629.892
1639.809
1639.653
1655.653
1686.208
1750.958
1752.5
1754.5
1751.667
1751.823
1741.906
1725.906
1695.351
1684.559
1683.017
1681.017
1683.851
1690.656
1693.781
1593.281
1592.333
1503.208
1512.771
1505.965
1502.84
1493.278
1520.986
1527.622
1616.747
1680.528
1652.819
1642.903
1626.903
1596.347
1531.597
1529.597
1529.441
1526.608
1525.066
1494.51
1486.003
1494.51
1494.045
1489.962
1488.42
1479.753
1477.753
1413.003
1443.559
1471.267
1443.559
1447.642
1444.392
1428.67
1420.101
1413.178
1404.641
1408.033
1419.25
1427.819
1407.601
1450.283
1448.337
1459.598
1461.685
1470.728
1471.13
1468.047
1463.982
1433.538
1436.788
1458.122
1469.302
1479.753
1514.774
1511.524
1480.969
1459.635
1449.184
1453.08
1441.899
1406.878
1440.383
1478.617
1488.09
1478.617
1521.177
1522.657
1533.39
1495.157
1480.193
1478.713
1436.153
1425.42
1449.393
1441.073
1434.54
1410.567
1409.207
1415.74
1424.06
1433.58
1437.32
1463.453
1505.12
1514.3
1579.027
1514.3
1488.167
1446.5
1437.32
1465.64
1497.208
1493.313
1499.948
1527.17
1605.92
1614.045
1594.212
1604.08
1603.08
1609.069
1599.201
1593.212
1596.045
1615.878
1616.878
1614.045
1602.865
1592.997
1499.476
1455.142
1415.316
1426.497
1428.038
1437.906
1531.427
1575.76
1615.587
1684.221
1658.163
1668.511
1661.409
1652.366
1661.409
1678.598
1668.25
1675.351
1653.091
1663.996
1659.931
1623.388
1591.504
1588.112
1591.504
1579.837
1568.931
1580.598
1584.663
1606.924
1643.467
1675.351
1671.525
1683.96
1687.786
1696.264
1700.525
1721.221
1712.743
1706.525
1702.264
1681.569
1659.308
1616.627
1620.018
1698.54
1707.109
1714.033
1707.109
1749.79
1746.877
1744.79
1739.007
1738.605
1735.214
1723.996
1714.953
1706.076
1697.507
1765.072
1767.159
1776.203
1777.812
1782.072
1784.986
1811.471
1820.348
1826.725
1815.464
1811.203
1860.197
1848
1896.364
1998.386
2009.152
2021.348
2019.667
2021.348
2010.583
1908.561
1910.553
1867.106
1818.742
1815.333
1807.909
1698.273
1601.045
1698.273
1705.511
1815.148
1822.572
1825.981
1836.413
1829.174
1798.947
1829.174
1818.742
1866.091
1876.598
1876.576
1872.326
1840.144
1766.591
1736.894
1689.545
1679.114
1674.136
1697.629
1654.601
1664.949
1710.928
1723.221
1715.558
1714.08
1682.196
1669.902
1634.482
1637.395
1649.688
1659.986
1670.333
1644.275
1653.319
1679.377
1686.478
1685
1675.957
1668.855
1672.92
1683.355
1706.736
1710.403
1711.944
1710.347
1708.806
1707.396
1613.875
1607.542
1567.715
1578.896
1588.764
1628.59
1672.924
1695.787
1690.037
1709.077
1710.037
1715.787
1725.26
1722.54
1703.5
1702.54
1705.26
1695.787
1662.167
1652.133
1641.4
1620.92
1617.8
1611.933
1621.967
1625.707
1659.327
1657.247
1660.367
1680.847
1691.58
1687.84
1654.22
1568.66
1558.26
1554.74
1558.48
1554.96
1465.18
1455.58
1451.84
1455.36
1470.323
1479.923
1525.803
1516.303
1518.777
1544.91
1529.26
1500.17
1515.228
1518.997
1512.715
1489.663
1481.663
1472.51
1478.792
1501.843
1509.843
1511.151
1507.554
1532.683
1572.747
1581.574
1554.343
1545.452
1520.324
1490.238
1481.738
1541.67
1545.133
1506.552
1471.151
1441.407
1432.298
1391.375
1381.054
1379.631
1385.756
1410.885
1483.577
1410.885
1403.385
1397.26
1372.131
1379.631
1388.862
1392.458
1378.071
1374.474
1365.244
1451.571
1448.186
1451.571
1449.724
1439.763
1477.519
1476.096
1472.327
1471.897
1446.321
1438.321
1430.468
1433.468
1430.468
1420.545
1412.965
1412.09
1404.538
1443.795
1415.59
1421.715
1429.295
1432.179
1434.141
1436.756
1451.372
1460.199
1435.071
1416.224
1460.34
1501.013
1516.071
1486.343
1488.721
1492.49
1511.337
1536.465
1534.087
1530.317
1486.202
1499.776
1484.718
1477.939
1487.17
1490.554
1486.958
1477.728
1391.401
1388.016
1391.612
1474.942
1472.365
1463.256
1465.833
1476.708
1485.817
1474.942
1468.817
1386.548
1377.721
1374.837
1349.26
1256.49
1250.208
1240.561
1230.24
1210.548
1182.343
1150.016
1146.42
1156.067
1153.067
1172.76
1175.76
1159.373
1169.312
1172.775
1203.904
1212.793
1216.423
1276.355
1275.614
1274.355
1314.843
1312.439
1321.593
1330.119
1330.888
1333.292
1341.292
1335.01
1311.958
1303.958
1302.651
1308.933
1331.984
1341.138
1344.734
1344.135
1334.904
1322.135
1348.923
1358.154
1354.769
1268.442
1277.551
1272.022
1274.638
1292.946
1293.869
1299.397
1296.782
1287.673
1286.75
1268.442
1270.821
1274.59
1269.864
1267.574
1238.948
1196.466
1181.966
1142.799
1181.966
1206.164
1191.673
1204.744
1201.114
1215.614
1259.676
1234.548
1235.971
1295.74
1323.946
1338.715
1340.561
1340.705
1343.321
1352.474
1327.346
1287.282
1296.109
1233.872
1225.045
1197.814
1194.218
1197.814
1237.878
1263.006
1325.244
1352.474
1337.705
1309.5
1306.885
1306.74
1304.894
1303.471
1243.702
1303.471
1318.24
1318.385
1321
1311.846
1321
1326.641
1328.487
1322.064
1318.295
1326.147
1329.917
1348.763
1354.484
1364.484
1341.108
1335.09
1265.09
1257.528
1249.028
1246.435
1240.926
1231.296
1204.136
1274.136
1280.154
1288.654
1286.765
1272.691
1274.58
1283.08
1285.858
1288.377
1302.451
1299.673
1291.173
1288.654
1205.525
1196.636
1193.173
1196.432
1205.321
1288.451
1285.191
1288.654
1274.432
1273.173
1267.741
1270.259
1268.889
1267.111
1266.972
1209.417
1223.639
1223.778
1225.556
1226.926
1284.481
1311.642
1320.457
1317.938
1260.383
1233.222
1230.704
1228.926
1228.787
1214.565
1213.194
1204.38
1195.565
1156.398
1129.238
1118.765
1157.932
1166.747
1172.179
1182.651
1185.17
1185.309
1187.086
1188.457
1238.457
1220.417
1234.131
1242.631
1215.027
1218.527
1220.735
1218.235
1194.902
1191.402
1177.42
1136.455
1177.42
1175.211
1212.21
1251.377
1265.877
1251.386
1272.975
1297.173
1300.432
1303.895
1220.765
1217.506
1208.617
1217.506
1254.185
1250.845
1245.012
1223.607
1216.179
1214.964
1220.798
1234.917
1242.345
1243.56
1236.521
1271.58
1268.795
1275.833
1340.333
1343.119
1336.107
1330.42
1321.205
1326.893
1268.592
1242.402
1186.902
1185.58
1183.866
1183.732
1197.446
1216.351
1271.851
1273.173
1274.887
1275.021
1277.449
1275.021
1313.429
1299.207
1290.318
1293.948
1234.015
1242.904
1251.466
1247.836
1254.559
1279.188
1287.336
1229.781
1228.41
1201.25
1187.028
1214.188
1212.929
1221.744
1235.966
1233.448
1291.003
1290.864
1289.086
1290.864
1291.003
1293.522
1294.892
1292.003
1273.04
1263.102
1253.812
1250.349
1231.884
1250.17
1259.753
1233.563
1236.348
1239.688
1269.705
1278.664
1248.646
1251.985
1286.21
1294.486
1297.52
1294.296
1286.02
1318.589
1315.446
1313.732
1312.411
1256.911
1254.482
1254.348
1245.848
1232.134
1234.563
1260.753
1316.253
1317.574
1319.289
1319.423
1320.637
1334.351
1308.161
1299.702
1307.619
1331.369
1332.988
1336.548
1326.449
1324.057
1332.557
1346.271
1346.137
1372.327
1427.827
1429.149
1430.863
1428.435
1428.568
1430.997
1429.283
1427.961
1372.461
1346.271
1332.557
1331.342
1358.946
1317.982
1304
1297.705
1280.205
1252.601
1254.81
1258.31
1272.292
1310.06
1333.393
1350.893
1327.56
1368.524
1365.024
1362.815
1360.994
1363.423
1376.994
1379.673
1371.476
1368.798
1376.994
1363.423
1365.244
1362.815
1359.476
1334.19
1276.399
1253.065
1215.863
1207.667
1184.333
1178.646
1171.682
1104.182
1108.943
1117.443
1126.015
1181.515
1173.015
1159.301
1133.11
1077.61
1076.289
1074.574
1077.003
1077.137
1078.851
1078.717
1076.289
1084.789
1098.503
1099.824
1126.015
1122.676
1114.104
1072.238
1068.978
1062.256
1037.627
1029.478
1036.201
1060.83
1068.978
1060.207
1062.725
1080.355
1081.244
1086.568
1095.34
1092.821
1075.191
1074.302
1068.978
1075.028
1073.769
1082.583
1074.88
1052.682
1074.88
1068.83
1076.534
1067.719
1066.349
1008.793
981.633
967.41
967.272
964.753
962.975
971.185
967.494
965.815
969.506
961.296
936.667
961.296
962.975
971.864
1031.796
1022.907
1019.278
1010.716
1014.346
1019.284
1022.747
1025.373
1031.272
1039.213
1074.614
1050.417
1048.127
1019.5
1001.352
997.722
955.241
940.741
950.355
911.188
900.596
903.855
886.225
882.596
875.373
872.114
882.707
900.336
903.966
911.188
913.67
1015.836
1017.614
1084.207
1092.417
1093.787
1093.926
1091.299
1081.685
1046.284
1051.222
1054.685
1057.312
1063.21
1071.151
1106.552
1098.611
1093.673
1090.21
1084.312
1093.926
1102.074
1126.704
1128.37
1121.648
1097.019
1088.87
1120
1123.463
1109.53
1112.315
1130.601
1140.185
1149.143
1145.804
1115.786
1097.5
1088.542
1078.958
1076.173
1049.982
1057.899
1049.982
1073.732
1072.113
1068.554
1072.113
1073.732
1049.982
1042.943
1048.631
1055.67
1058.455
1023.396
1017.708
1052.768
988.268
1016.466
1013.776
1019.267
1026.661
1059.621
1068.572
1063.974
1066.42
1063.195
1050.092
1047.647
1050.871
1055.468
1052.882
1050.537
1052.296
1060.21
1062.555
1065.141
1078.244
1077.46
1070.066
1068.307
1059.356
1051.443
1018.483
1012.851
992.184
983.977
976.805
997.471
1004.644
1012.851
1018.483
1015.259
1010.661
1019.612
1052.572
1059.966
1062.411
1065.635
1070.233
1062.839
1060.394
1051.443
1056.934
1023.974
1018.483
1054.402
1059.23
1061.356
1066.011
1036.899
1045.727
1046.417
1091.936
1099.083
1099.208
1107.861
1129.639
1153.889
1188.611
1197.278
1229.139
1267.372
1271.872
1273.472
1333.406
1340.794
1342.028
1342.153
1340.553
1280.619
1273.231
1271.997
1271.872
1294.039
1301.428
1298.106
1296.594
1274.428
1267.039
1270.361
1271.872
1294.039
1301.372
1307.422
1300.089
1277.922
1271.872
1303.733
1308.178
1311.294
1313.658
1318.967
1326.114
1334.767
1331.65
1329.286
1323.978
1316.831
1284.969
1276.317
1271.872
1217.933
1271.872
1275.139
1283.139
1279.872
1271.872
1217.606
1210.458
1209.939
1205.494
1214.147
1211.031
1208.667
1240.528
1247.675
1252.119
1254.483
1222.622
1213.969
1217.086
1211.778
1217.086
1209.939
1209.139
1211.406
1227.272
1228.072
1232.864
1228.072
1235.967
1233.7
1225.806
1209.939
1208.806
1203.917
1194.492
1188.617
1191.733
1196.178
1201.486
1203.85
1210.997
1207.881
1216.533
1212.089
1209.725
1204.417
1197.269
1165.408
1156.756
1188.617
1166.45
1159.061
1181.228
1179.717
1176.394
1183.783
1185.294
1188.617
1183.172
1163.194
1155.261
1148.328
1148.203
1146.969
1148.569
1208.503
1209.558
1209.683
1208.083
1148.15
1140.761
1135.661
1133.961
1141.294
1138.794
1144.844
1137.194
1134.928
1122.261
1123.961
1131.611
1134.111
1126.778
1104.611
1098.561
1111.228
1113.494
1135.661
1110.161
1120.444
1117.844
1109.483
1106.994
1089.928
1093.044
1068.6
1059.656
1068.017
1064.9
1067.5
1039.483
1048.428
1045.311
1042.947
1037.639
1030.492
998.631
989.978
985.533
981.033
946.311
946.186
921.936
900.158
921.936
913.283
921.367
912.7
939.756
941.658
948.282
956.669
919.669
919.79
928.164
958.997
928.164
935.906
943.583
935.906
928.164
932.465
959.103
954.669
951.347
950.292
953.614
955.125
977.292
984.681
983.169
1043.369
1049.939
1055.247
1087.969
1082.661
1085.261
1060.408
1026.557
1023.868
1017.072
1025.348
1028.727
1025.348
1017.072
961.273
1017.072
1015.796
1077.796
1077.667
1079.322
1086.966
1087.095
1085.44
1075.106
1074.014
1075.29
1067.704
1044.773
1038.514
1051.756
1077.523
1117.874
1125.787
1134.336
1180.626
1157.695
1150.052
1153.489
1176.42
1177.983
1176.42
1184.063
1180.626
1172.713
1170.368
1183.471
1185.816
1188.402
1185.816
1193.73
1191.971
1193.73
1180.626
1205.04
1205.868
1213.04
1222.79
1232.043
1284.885
1298.385
1311.885
1313.448
1312.172
1312.302
1311.21
1311.08
1312.356
1250.356
1248.701
1256.345
1318.345
1320
1318.678
1317.851
1301.437
1299.092
1304.049
1304.876
1321.29
1323.635
1320.945
1315.888
1307.721
1315.888
1310.931
1293.276
1284.626
1284.089
1255.106
1255.236
1264.187
1286.716
1311.802
1344.761
1335.796
1313.267
1308.612
1272.693
1239.733
1231.371
1267.29
1271.945
1311.497
1320.463
1320.333
1311.382
1271.83
1264.187
1267.624
1266.06
1262.624
1285.555
1287.118
1294.761
1271.83
1355.003
1363.83
1365.106
1369.761
1371.888
1407.807
1412.635
1410.509
1405.853
1405.164
1400.336
1364.417
1371.81
1334.661
1325.518
1324.196
1316.539
1317.253
1317.652
1315.259
1209.455
1230.616
1248.116
1255.408
1258.908
1267.104
1272.417
1281.702
1307.893
1375.393
1307.893
1302.089
1307.893
1281.702
1272.417
1267.104
1249.604
1241.408
1237.908
1230.616
1234.116
1242.688
1184.896
1181.396
1172.824
1181.08
1199.89
1208.39
1210.923
1219.119
1221.548
1259.315
1266.354
1273.318
1272.604
1270.372
1269.158
1277.658
1285.574
1286.289
1288.521
1287.39
1268.284
1281.784
1288.58
1291.805
1297.882
1300.899
1303.716
1296.072
1234.072
1232.417
1232.287
1231.011
1217.511
1216.684
1209.511
1200.259
1190.509
1243.351
1267.764
1281.264
1290.517
1237.675
1238.503
1245.675
1255.425
1231.011
1232.575
1255.506
1252.069
1229.138
1221.494
1224.931
1232.575
1231.011
1197.161
1199.851
1262.126
1268.922
1274.414
1281.184
1275.693
1268.897
1206.621
1203.931
1190.828
1188.483
1185.897
1177.983
1218.232
1220.661
1220.795
1229.295
1243.009
1269.199
1324.699
1326.021
1327.735
1301.545
1298.628
1295.289
1264.124
1250.624
1287.089
1290.106
1271.547
1274.269
1277.386
1283.956
1278.081
1315.356
1312.339
1286.572
1273.33
1286.572
1294.486
1334.836
1281.994
1273.445
1265.532
1225.181
1233.73
1286.572
1312.339
1325.58
1379.167
1370.96
1373.305
1373.434
1375.089
1376.365
1363.124
1337.836
1317.686
1316.453
1314.853
1314.728
1312.461
1320.394
1268.594
1268.469
1259.817
1227.956
1193.233
1188.733
1164.483
1155.817
1117.583
1095.806
1097.039
1099.306
1091.372
1089.106
1140.906
1142.506
1155.306
1163.239
1163.114
1161.514
1148.714
1163.037
1163.167
1188.454
1134.868
1133.592
1130.155
1128.592
1105.661
1098.017
1096.741
1104.948
1118.19
1136.443
1145.374
1146.649
1148.305
1148.434
1135.193
1126.986
1073.399
1048.112
1045.767
1045.638
1043.983
1046.328
1038.052
1093.851
1085.879
1094.155
1097.534
1094.155
1084.405
1075.152
1061.652
1037.239
984.397
993.649
1003.399
1010.572
1011.399
1010.572
1063.414
1076.914
1101.328
1094.155
1100.951
1114.451
1117.468
1104.664
1139.914
1126.864
1091.614
1088.697
1064.253
1061.531
1058.414
1051.844
1054.961
1023.565
1027.866
1035.543
1043.285
1035.608
1031.306
1023.565
1015.925
1011.288
1009.094
993.739
992.965
991.772
999.449
1011.836
1035.492
1079.04
1080.234
1081.782
1081.903
1084.097
1071.71
1063.355
1039.699
1039.578
1038.03
1036.933
1034.739
1040.008
1042.427
1044.589
1046.524
1055.18
1076.632
1088.89
1081.487
1115.599
1117.793
1124.083
1116.406
1114.118
1107.828
1105.634
1071.522
1077.879
1094.868
1077.879
1071.522
1078.925
1086.602
1088.89
1076.503
1084.18
1096.567
1099.562
1143.11
1144.304
1094.175
1070.519
1068.97
1068.849
1066.656
1065.462
1067.656
1067.777
1069.325
1068.228
1066.035
1078.664
1085.022
1088.038
1090.672
1079.505
1082.24
1115.286
1103.052
1136
1143.677
1156.065
1173.14
1166.782
1165.462
1167.011
1167.132
1169.325
1168.228
1155.841
1164.196
1114.067
1090.411
1066.755
1063.933
1029.82
1026.804
1025.255
1024.062
1023.941
1021.522
1019.36
1017.425
1008.769
987.317
975.059
977.478
979.64
981.575
1003.027
1015.285
1010.016
1015.285
1023.941
1031.618
1044.005
1031.618
1033.812
1032.715
1009.059
1010.253
1060.382
1050.161
1051.661
1051.779
1043.685
1042.529
1041.029
1040.911
1038.786
1044.88
1047.943
1033.068
1030.005
1023.911
1021.161
1030.099
1021.161
1023.911
1038.786
1040.203
1027.969
1026.552
1038.786
1026.552
1004.427
1005.177
1004.427
1052.315
1060.701
1069.536
1076.036
1057.115
1050.615
1042.229
1022.51
1013.942
967.505
1014.596
1015.717
1017.172
1015.111
1023.917
1023.799
1011.799
1010.299
1002.862
1001.706
953.143
953.26
965.26
972.698
974.823
997.74
992.635
990.292
988.198
986.323
977.938
957.156
945.281
951.44
956.089
958.432
960.526
968.911
989.693
1001.568
1006.672
1008.547
1002.411
999.974
943.536
938.56
940.763
983.422
985.482
987.376
981.404
969.54
972.015
974.848
980.821
992.684
960.639
954.667
952.015
984.061
961.838
959.364
958.891
981.114
983.765
982.311
981.189
934.098
911.876
900.24
893.028
892.914
890.854
893.823
942.859
950.131
901.096
898.126
890.854
922.419
924.288
932.045
927.803
896.237
894.369
890.278
889.157
881.399
808.308
814.806
815.412
819.654
892.745
886.247
887.369
886.763
890.854
926.313
890.854
898.366
921.01
932.646
939.601
986.038
974.402
927.965
920.452
913.497
910.263
890.111
888.293
886.263
883.99
879.04
870.909
875.859
864.343
866.162
868.192
879.707
899.859
907.99
910.263
907.611
875.566
872.732
866.76
878.624
876.149
878.982
881.457
903.679
906.331
932.194
920.331
926.303
904.081
902.02
924.115
931.286
925.128
918.969
914.32
921.758
923.974
890.927
907.385
912.034
918.193
920.318
926.411
918.974
916.758
909.586
893.128
926.174
932.333
925.833
917.448
910.607
909.857
901.021
878.896
866.661
858.276
856.401
854.307
851.964
846.859
851.964
854.307
856.401
835.62
823.745
832.13
852.911
864.786
866.661
959.24
961.333
942.818
942.469
957.469
964.641
967.193
1015.755
1020.247
1023.857
1025.732
1023.529
980.788
978.594
980.868
978.852
980.868
983.062
1039.895
1037.073
1034.438
1031.422
1025.065
1012.435
1046.548
1049.371
1059.478
1062.113
1065.129
1071.487
1084.116
1050.003
1045.272
1043.336
1038.067
1035.648
1047.906
1069.358
1078.013
1079.949
1080.309
1082.728
1087.997
1075.739
1054.288
1052.126
1043.47
1048.269
1043.47
1037.113
1043.47
1095.669
1098.831
1106.573
1054.374
1051.212
1043.47
1039.524
1077.272
1074.637
1036.89
1074.637
1077.272
1098.723
1107.379
1109.315
1069.105
1047.653
1052.922
1065.18
1056.524
1054.589
1052.427
1050.008
1044.739
1047.159
1034.901
1028.543
1015.914
992.258
998.616
1001.632
1004.266
1001.25
998.616
995.793
961.68
974.309
953.223
956.046
959.216
955.049
956.112
948.612
952.779
960.279
952.841
955.393
918.826
916.273
952.841
950.638
948.513
875.122
873.169
909.737
912.289
875.721
873.169
875.513
877.607
883.766
888.87
876.995
856.214
847.828
845.953
843.859
841.516
836.411
844.797
865.578
877.453
872.805
866.646
871.294
873.169
872.107
874.323
881.495
897.953
904.112
937.159
939.284
933.19
931.065
898.018
891.859
875.401
868.229
866.013
873.451
879.544
872.703
870.151
862.404
855.232
818.664
842.016
854.016
901.904
909.651
916.823
953.391
968.391
970.266
1018.828
995.477
999.969
1002.521
1009.693
994.693
992.818
944.255
939.763
936.154
933.602
926.43
962.997
965.549
928.982
932.591
920.591
918.039
924.198
901.281
898.359
892.201
879.966
913.013
915.747
938.664
941.216
944.138
911.091
923.326
920.591
957.159
959.711
923.143
920.591
932.826
920.591
919.174
920.591
915.487
913.143
933.924
945.799
947.893
956.279
958.622
963.727
965.602
944.82
936.435
934.56
932.466
950.288
912.54
915.175
952.922
950.288
942.831
939.669
931.927
969.675
931.927
929.293
931.927
927.129
933.487
938.285
931.927
933.121
937.476
939.465
973.067
971.078
971.723
978.64
900.833
892.575
891.382
887.027
934.682
902.13
897.755
897.13
890.43
894.805
902.805
925.721
920.617
912.232
909.888
889.107
856.06
853.326
830.409
827.857
824.935
818.776
806.542
839.589
842.323
817.336
820.258
826.417
838.651
826.776
824.901
822.807
786.24
822.807
820.255
822.807
824.932
847.849
855.286
867.286
867.404
868.904
870.06
918.622
920.039
921.914
929.138
931.872
936.091
936.208
943.38
948.021
950.146
952.698
957.922
955.37
918.802
915.74
920.818
979.88
986.26
989.323
996.495
1011.807
1005.427
1010.076
1032.992
1027.914
1004.997
996.872
937.81
935.622
928.451
936.576
931.927
933.427
934.583
932.458
932.341
930.841
929.685
881.122
858.206
846.206
838.768
887.331
910.247
910.365
917.802
919.927
931.927
926.703
924.151
931.589
943.589
966.505
1015.068
1016.224
1017.724
1017.841
1005.841
998.404
975.487
926.924
925.768
924.268
924.151
922.026
924.151
926.703
924.151
920.542
927.714
931.323
935.815
984.378
986.253
1001.253
986.253
984.378
935.815
928.643
924.151
921.417
909.182
903.023
900.102
897.549
892.042
869.125
875.284
879.932
873.773
869.125
892.042
904.042
901.917
901.799
900.299
899.143
850.581
827.664
835.102
827.664
829.789
829.906
831.406
832.563
881.125
869.125
876.297
892.755
898.914
931.961
934.086
940.18
933.008
930.792
914.333
908.174
875.128
877.344
869.906
877.344
871.25
869.125
876.563
874.438
874.32
872.82
871.664
823.102
800.185
788.185
780.747
782.872
784.372
785.529
834.091
857.008
869.008
869.125
868.5
861.573
860.51
858.557
857.057
845.057
797.169
789.422
782.25
745.682
769.034
781.034
828.922
836.669
843.841
880.409
878.284
878.167
878.284
877.128
828.565
805.648
793.648
786.211
788.336
764.984
766.484
767.641
816.203
839.12
851.12
840.224
835.576
840.224
846.383
840.224
840.341
847.779
859.779
908.341
909.497
910.997
910.88
913.005
905.568
893.568
870.651
822.089
820.932
819.432
912.01
914.104
874.208
873.859
781.281
779.156
756.24
707.677
706.521
706.404
704.279
702.779
710.216
722.216
770.779
771.935
794.852
794.969
796.469
789.031
791.156
779.156
774.99
773.927
766.427
763.875
756.703
752.211
800.773
797.164
795.289
780.289
787.727
799.727
822.643
774.081
775.237
752.32
752.438
754.563
747.125
735.125
686.563
685.406
683.906
683.789
685.289
683.164
660.247
611.685
610.529
609.029
602.87
590.87
597.029
592.38
592.263
590.138
594.786
587.349
585.932
598.167
599.583
587.349
585.133
577.961
561.503
555.344
522.297
520.172
514.078
506.641
508.516
505.781
510.422
512.547
512.664
516.883
519.617
517.742
510.518
509.102
510.518
505.878
503.753
503.635
496.464
547.031
542.813
549.984
546.922
532.047
525.953
523.203
532.141
547.016
550.078
552.828
558.922
549.984
552.906
601.469
625.622
632.836
639.753
640.398
644.914
678.516
680.505
684.86
682.871
691.129
768.935
762.019
753.761
752.567
751.922
747.406
713.804
714.997
710.642
704.285
699.487
702.503
752.632
777.565
774.548
724.419
699.487
702.503
677.57
627.441
624.425
674.554
699.487
692.083
654.336
646.339
670.444
682.831
690.234
727.981
678.548
666.161
642.056
650.054
699.487
696.47
646.341
621.409
624.425
674.554
699.487
696.47
646.341
621.409
671.538
696.47
699.487
696.47
646.341
621.409
624.425
674.554
699.487
702.503
752.632
727.699
677.57
674.554
699.487
702.702
736.815
741.952
837.516
844.613
852.355
859.758
911.957
913.419
915.355
920.145
922.339
919.516
912.113
859.914
858.452
856.516
851.726
849.532
849.411
845.056
847.879
848
852.355
849.339
824.406
774.277
798.382
810.64
879.64
904.573
941.202
949.575
953.301
955.29
1002.522
1098.086
1086.699
991.134
988.973
919.973
916.411
906.745
904.755
896.382
872.277
868.551
937.551
962.484
1020.484
1028.858
1030.847
1105.04
1129.145
1132.871
1145.129
1049.565
1037.306
1024.677
1057.322
1070.372
1071.883
1046.975
1007.969
1000.319
992.056
940.975
928.175
868.242
859.589
857.533
758.783
733.875
730.025
717.358
713.678
739.442
668.142
728.075
736.728
738.783
837.533
862.442
866.292
878.958
900.314
893.167
897.667
897
905.533
906.767
908.822
943.544
948.211
948.878
1029.278
1036.425
1027.892
1026.658
1022.158
1020.103
985.381
980.714
900.314
801.564
776.656
875.406
865.417
839.653
768.353
781.019
784.869
809.778
801.125
799.069
807.722
846.306
872.069
943.369
930.703
926.853
928.908
1027.658
1040.458
1062.236
1079.303
1086.108
1096.664
1156.597
1163.744
1167.594
1171.444
1184.111
1192.764
1180.097
1171.444
1169.389
1070.639
1067.081
1063.231
1088.139
1159.439
1125.786
1163.636
1165.692
1094.392
1154.653
1096.653
1071.72
1106.043
1115.269
1135.817
1140.954
1143.242
1147.543
1155.917
1162.833
1193.667
1196.683
1199.844
1207.247
1223.054
1220.796
1212.409
1273.376
1279.962
1255.285
1250.043
1242.64
1181.672
1175.086
1170.355
1175.153
1170.355
1167.194
1172.435
1180.823
1184.548
1208.653
1197.153
1193.591
1183.925
1175.551
1173.562
1077.997
1090.255
1066.151
1053.892
1122.892
1147.825
1185.164
1193.538
1195.527
1191.801
1239.032
1245.323
1257.516
1258.25
1279.325
1183.761
1178.624
1144.511
1137.414
1129.672
1132.887
1140.629
1045.065
1052.161
1048.946
1042.03
1025.513
1018.927
1006.54
1002.815
981.739
923.739
913.524
1009.089
1104.653
1138.766
1155.282
1161.868
1174.255
1177.981
1199.056
1257.056
1267.272
1272.409
1279.325
1281.613
1286.75
1293.667
1324.5
1332.874
1328.573
1297.739
1295.452
1294.718
1287.801
1290.817
1282.444
1279.427
1283.728
1295.987
1299.712
1323.817
1254.817
1229.884
1220.218
1211.844
1209.855
1206.411
1202.685
1107.121
1176.121
1201.054
1259.054
1267.427
1269.417
1364.981
1352.723
1332.175
1297.852
1318.401
1327.626
1361.949
1352.723
1349.707
1347.419
1351.72
1354.737
1357.024
1362.161
1369.078
1399.911
1391.538
1360.704
1353.788
1348.651
1357.024
1352.723
1349.901
1345.546
1345.425
1293.226
1291.763
1289.828
1291.29
1293.226
1298.016
1300.21
1300.331
1304.685
1307.508
1300.105
1297.911
1293.121
1300.524
1352.723
1373.798
1361.411
1354.825
1338.309
1331.392
1235.828
1177.828
1167.613
1263.177
1270.094
1286.61
1293.196
1305.583
1309.309
1367.309
1377.524
1365.266
1361.54
1337.435
1241.871
1239.882
1231.508
1173.508
1148.575
1079.575
1075.849
1054.774
1046.401
1044.113
1052.487
1048.185
1045.169
1040.032
1033.116
1002.282
1033.116
1038.253
1041.269
1045.57
1047.858
1054.774
1057.79
1053.489
1057.79
1060.078
1065.215
1072.132
1069.116
1060.742
1029.909
1022.992
1017.855
1015.567
1046.401
1054.774
1067.161
1125.161
1146.237
1149.962
1156.548
1124.731
1131.648
1150.761
1140.546
1082.546
1061.47
1054.884
1038.368
1031.452
935.887
946.102
933.715
929.989
895.667
886.441
865.892
900.215
909.441
929.989
960.823
963.839
966.126
973.043
964.669
933.836
926.919
883.282
891.656
887.355
891.656
889.368
886.352
881.215
891.43
912.505
916.231
928.618
935.204
951.72
958.637
951.72
942.054
920.978
917.253
904.866
898.28
881.763
862.651
958.215
948
929.548
922.632
926.933
929.949
932.237
937.374
932.237
927.935
936.309
934.022
931.005
961.839
968.755
960.382
929.548
928.086
929.548
916.919
929.548
920.323
899.774
865.452
862.435
854.062
823.228
820.941
816.64
809.723
804.586
801.371
793.629
698.065
690.968
656.855
752.419
747.282
737.067
679.067
657.992
654.266
670.782
658.395
651.809
658.726
651.809
658.395
670.782
654.266
657.992
661.207
565.642
661.207
668.304
702.417
710.159
720.374
778.374
799.449
804.586
796.328
789.411
788.766
784.25
750.648
748.659
744.304
743.11
665.304
672.22
672.866
677.382
710.984
712.973
717.328
718.522
726.78
804.586
804.707
806.255
807.449
857.578
881.234
893.621
901.298
903.492
909.782
900.556
885.202
882.04
875.75
872.911
882.137
897.492
900.653
903.492
884.379
882.218
882.339
874.661
862.274
838.618
840.167
841.36
840.167
852.554
876.21
926.339
924.145
926.339
876.21
883.887
882.339
882.218
894.605
898.331
914.847
972.847
979.763
1075.328
1065.113
1007.113
1017.328
921.763
900.688
896.962
884.575
877.989
884.575
905.651
898.734
882.218
886.573
907.121
910.847
929.199
938.513
920.288
896.632
884.245
883.148
885.341
835.212
836.761
837.954
888.083
911.739
924.126
883.47
881.277
880.083
880.204
878.656
878.535
880.47
877.648
873.293
873.172
870.978
866.188
868.382
866.919
864.984
857.581
860.403
864.758
864.879
872.282
924.481
925.944
873.745
878.535
884.39
905.841
912.938
922.253
919.108
923.462
926.608
951.54
955.266
975.815
966.5
962.145
941.597
938.035
934.309
935.503
933.309
945.696
944.148
951.825
951.704
950.511
938.124
938.245
940.438
932.761
956.417
932.761
882.632
884.18
934.309
940.599
1001.567
1006.704
1027.78
1021.489
1009.296
1004.159
983.083
887.519
880.602
884.328
874.661
932.661
953.737
966.124
972.71
989.226
996.142
1091.707
1081.492
1060.417
1056.691
1066.906
1060.32
1047.933
1031.417
1027.062
1031.417
1034.562
1059.495
1063.22
1083.769
1074.454
1083.769
1080.624
1060.075
1035.142
1031.417
1033.61
1033.489
1032.296
982.167
958.511
946.124
938.446
946.124
958.511
982.167
1032.296
1033.489
1035.038
1035.159
1033.61
1031.417
1043.804
1066.565
1068.113
1118.242
1118.363
1126.04
1128.234
1120.556
1108.169
1109.363
1059.234
1058.04
1056.492
1056.371
1032.715
1030.522
1034.247
1059.18
1062.325
1066.68
1075.995
1096.543
1075.995
1071.64
1062.325
1059.18
1034.247
1030.522
1023.605
1007.089
996.874
993.148
980.761
974.175
953.099
895.099
799.535
807.212
807.091
830.747
818.36
830.747
807.091
756.962
755.769
755.89
748.212
749.761
747.567
746.019
747.212
797.341
799.535
793.68
772.228
779.325
772.228
793.68
799.535
790.22
793.946
818.879
822.024
826.379
835.694
831.339
851.887
848.742
823.809
820.083
799.535
868.535
889.987
902.374
954.573
971.089
1002.755
1009.465
1017.556
1032.911
1031.718
1031.839
1019.452
995.796
945.667
947.86
946.312
946.191
938.513
939.707
989.836
1013.492
1011.298
1023.685
1031.363
1032.911
1048.718
1056.809
1058.003
1070.632
1074.933
1077.949
1079.938
1104.871
1108.016
1104.29
1079.358
1076.212
1071.858
1062.543
1083.091
1086.817
1096.132
1100.487
1079.938
1079.817
1077.624
1076.075
1126.204
1076.075
1074.882
1087.269
1110.925
1112.118
1113.667
1121.344
1123.538
1115.86
1092.204
1092.325
1079.938
1074.801
1040.688
1033.591
938.027
930.285
927.07
942.876
939.86
935.559
948.188
935.559
939.86
942.876
944.866
929.059
930.253
929.059
927.07
935.161
927.07
936.384
940.739
943.884
968.817
989.366
980.051
975.696
972.551
947.618
943.892
923.344
927.07
903.414
901.22
851.091
849.898
848.349
848.228
835.841
828.164
840.793
842.782
843.976
839.621
855.427
852.411
843.097
835.005
833.016
820.387
816.086
814.892
799.086
803.387
811.478
814.495
817.64
821.366
841.914
846.269
855.583
852.438
827.505
823.78
803.231
828.164
835.261
856.712
862.567
841.116
834.019
828.164
829.626
842.255
840.793
828.164
818.849
814.495
811.349
786.417
782.691
762.142
774.401
772.411
769.395
768.202
784.008
785.202
777.11
761.304
769.395
782.024
786.325
789.341
776.712
778.702
774.401
762.013
755.304
733.852
718.497
750.164
802.363
871.363
819.164
750.164
718.497
730.884
722.793
706.277
678.051
686.142
707.594
714.304
729.659
742.288
744.277
745.47
753.562
756.578
753.562
749.261
736.632
734.642
718.836
710.745
715.046
730.852
729.659
726.836
725.374
673.175
665.772
668.594
672.949
673.07
675.263
673.328
675.263
680.054
732.253
739.656
737.462
737.341
732.987
734.449
729.659
722.742
722.097
721.798
713.54
635.734
633.745
629.228
595.626
591.272
597.858
647.987
649.535
656.245
657.438
660.599
662.761
684.212
707.868
710.707
783.11
790.852
793.868
800.965
822.417
815.32
793.868
788.013
793.868
781.239
776.938
773.922
789.728
797.82
799.013
801.003
813.632
811.642
814.659
818.96
803.153
795.062
793.868
801.142
802.605
805.621
809.922
822.551
828.909
813.102
850.849
858.941
860.93
876.737
884.14
876.048
874.855
872.866
879.156
880.349
867.72
863.419
860.403
868.145
870.984
798.581
795.742
792.726
784.984
857.387
860.403
881.855
873.763
886.151
938.349
1007.349
1039.016
1045.726
1053.817
1038.462
1021.946
1000.495
988.108
980.651
911.651
879.984
873.274
888.629
905.145
889.339
886.323
882.022
869.392
867.403
866.21
858.118
866.505
871.304
887.11
894.513
897.675
904.261
965.228
970.47
958.277
951.691
928.035
920.632
904.825
900.027
894.785
886.398
883.237
906.892
913.989
935.441
941.296
934.199
912.747
906.892
845.925
839.634
834.497
813.422
821.164
893.567
896.406
899.422
896.406
824.003
821.164
813.422
834.874
842.277
914.68
922.422
919.406
911.664
839.261
836.422
839.261
842.277
854.664
906.863
898.772
920.223
935.578
928.868
897.202
828.202
776.003
792.519
771.067
758.68
743.325
751.417
758.126
789.793
858.793
842.277
836.422
814.97
807.874
809.067
830.519
880.648
882.196
885.358
887.519
894.105
887.519
837.39
835.841
829.132
805.476
804.282
827.825
825.592
803.425
827.869
834.803
826.803
823.686
826.619
901.436
909.436
912.553
909.619
834.803
837.069
834.153
841.803
895.742
897.253
899.253
904.203
899.703
899.828
904.328
907.244
899.594
899.469
897.203
892.253
890.253
836.314
834.803
827.286
828.797
836.314
829.814
836.314
842.883
841.372
834.803
827.153
866.158
827.153
834.803
821.753
820.242
827.575
907.975
918.942
910.942
985.758
988.692
985.575
910.758
907.825
910.942
918.942
951.664
960.025
1013.964
1026.764
1048.931
1055.864
1048.931
1120.231
1091.064
1073.997
1051.831
1039.031
985.092
913.792
905.431
889.564
905.431
872.708
864.708
867.825
873.964
886.433
889.367
886.433
883.317
808.5
830.667
838.317
816.15
808.5
792.633
789.367
782.867
779.933
789.467
805.333
808.6
815.1
818.033
808.5
800.5
797.383
800.317
875.133
883.133
870.664
867.731
870.847
891.747
945.686
967.853
980.653
987.586
916.286
908.581
895.781
895.069
903.431
881.264
865.397
832.675
815.608
807.247
800.314
816.181
819.247
820.847
827.781
829.014
832.281
834.514
856.681
863.486
887.931
836.131
887.931
881.125
877.858
876.625
869.692
868.092
867.719
843.275
821.108
815.536
807.886
814.456
820.956
828.606
822.036
861.042
862.553
855.036
848.536
847.025
854.542
846.542
843.425
768.608
765.675
758.342
677.942
666.975
674.308
754.708
765.675
819.614
817.347
817.222
812.722
809.806
808.294
812.794
805.144
808.061
815.711
815.836
820.786
822.786
824.297
770.358
772.625
770.625
765.675
752.164
754.497
788.417
791.578
794.723
796.718
802.105
836.102
843.273
864.055
856.883
836.102
850.977
857.477
873.477
894.258
906.258
956.826
1023.669
1054.346
1062.185
1055.685
1039.685
1018.904
1006.904
940.06
909.383
901.544
886.669
879.445
882.492
831.924
815.924
808.086
801.586
770.909
704.065
689.19
668.409
684.409
705.19
717.19
732.065
720.065
727.904
734.404
765.081
815.648
882.492
876.333
877.75
914.318
921.49
928.536
934.63
940.789
939.372
902.805
895.633
888.586
882.492
957.867
947.586
872.211
865.336
875.617
882.492
859.576
862.638
861.138
854.638
855.794
854.638
861.018
881.799
878.737
830.174
809.393
807.299
855.862
857.956
859.456
865.956
859.576
882.492
826.055
823.867
793.19
744.628
741.565
739.633
736.586
767.263
742.107
774.346
782.194
785.164
788.119
789.992
822.346
766.757
786.316
779.566
783.038
789.992
796.947
795.129
844.164
845.538
847.356
851.856
853.917
854.03
858.121
860.773
853.818
846.813
845.439
841.348
836.848
834.788
834.674
832.023
782.987
753.24
746.937
739.336
727.699
707.548
692.033
627.215
612.79
612.904
614.025
616.086
617.54
664.631
686.854
698.49
705.702
702.747
705.702
710.626
767.899
756.444
751.52
759.399
763.907
778.755
785.71
788.679
810.902
804.715
801.745
794.79
792.669
788.162
780.283
758.061
764.247
766.308
759.096
747.46
725.237
723.783
722.662
722.548
720.487
720.601
673.51
674.965
686.601
733.692
716.672
723.884
725.005
732.217
743.854
766.076
813.167
814.288
815.742
815.856
808.644
797.008
774.785
766.937
765.816
764.361
764.247
762.187
764.247
766.308
719.217
766.308
759.096
759.21
747.573
725.351
724.23
731.442
729.987
741.624
716.937
716.823
717.944
719.399
717.338
718.712
683.253
676.298
669.465
663.556
657.583
656.21
662.182
668.091
675.045
710.505
698.99
705.823
705.937
708.891
711.861
758.952
813.679
828.528
858.275
801.003
799.129
791.28
788.311
780.492
765.644
735.896
737.018
791.503
792.957
850.23
847.275
853.992
855.866
854.745
852.684
852.571
874.793
921.884
923.005
923.119
924.573
931.785
937.987
940.112
952.112
940.112
938.612
890.049
911.083
921.696
999.503
1006.599
995.987
918.18
911.083
903.406
911.083
923.47
947.126
997.255
998.449
999.997
1000.118
1002.312
1000.763
998.57
997.376
947.247
923.591
911.204
911.083
889.632
882.228
903.68
911.083
904.374
911.083
912.277
849.599
851.148
899.476
902.637
901.089
922.54
919.379
918.185
909.831
907.669
886.218
879.632
875.06
852.143
858.523
859.68
847.68
859.68
861.18
861.297
863.422
855.984
863.422
886.339
934.901
933.745
910.828
908.703
860.141
858.641
858.523
861.445
910.008
893.693
901.13
913.13
913.013
911.513
910.357
861.794
838.878
836.753
829.315
831.44
831.557
833.057
834.214
876.401
872.066
860.429
891.823
906.369
916.338
918.702
936.864
991.348
994.303
991.348
998.066
998.179
998.066
943.581
936.864
935.742
990.227
988.773
990.227
991.348
991.462
990.008
988.886
941.795
919.573
907.937
906.907
908.967
908.854
910.308
911.429
909.369
931.591
943.227
950.439
997.53
994.697
947.606
924.184
927.018
974.109
997.53
995.47
995.356
988.144
976.508
954.285
907.194
905.74
904.619
900.528
898.71
897.336
848.301
843.801
836.846
836.732
834.672
832.02
835.366
843.215
846.048
822.626
775.535
772.702
775.535
822.626
846.048
843.215
835.366
832.02
834.687
828.778
831.747
846.172
854.838
852.172
843.505
829.081
834.99
832.02
879.111
882.081
885.035
886.909
885.035
899.884
893.167
892.045
891.932
863.617
862.117
831.44
887.878
872.565
824.003
820.94
817.893
818.01
758.948
789.625
733.188
734.344
793.406
849.594
851.094
858.021
864.18
870.273
877.32
884.492
877.32
913.888
915.305
908.258
902.164
896.005
894.589
858.021
868.302
871.224
847.07
798.508
795.586
819.74
868.302
875.177
864.896
858.021
845.458
920.833
913.661
892.88
917.034
914.112
946.487
1002.674
954.112
929.958
927.521
908.792
957.354
901.167
886.167
901.167
890.885
858.51
860.948
863.87
874.151
892.88
895.927
892.88
907.755
915.594
922.469
945.385
977.938
979.438
980.188
979.031
975.969
975.62
954.839
948.458
955.398
976.849
1026.978
976.849
978.398
985.108
986.301
989.462
991.624
998.21
1021.866
1013.511
1011.962
1005.253
1002.237
977.304
1002.237
1052.366
1055.382
1055.503
1057.051
1055.503
1062.653
1063.847
1062.653
1055.503
1055.382
1113.382
1055.382
1107.581
1110.742
1118.484
1115.468
1090.535
1040.406
1046.261
1067.712
1074.07
1107.672
1116.987
1122.124
1131.245
1138.884
1141.046
1172.712
1188.519
1238.648
1231.497
1173.497
1172.304
1172.183
1111.215
1114.36
1116.355
1177.323
1178.516
1181.677
1179.683
1188.005
1195.156
1163.489
1165.038
1223.038
1207.231
1148.973
1098.844
1095.683
1092.538
1092.659
1091.11
1033.11
1066.53
1077.142
1092.626
1150.626
1169.96
1172.476
1139.056
1136.54
1117.207
1101.723
1091.11
1098.513
1092.223
1098.581
1104.871
1098.513
1097.051
1059.304
1051.901
1044.626
1046.089
1053.363
1091.11
1013.304
1006.207
1016.82
1029.788
1036.884
1026.272
1034.659
1071.659
1076.013
1109.616
1109.737
1118.11
1139.185
1162.653
1193.487
1190.341
1151.712
1148.551
1140.809
1148.551
1096.352
1099.513
1151.712
1151.591
1150.398
1143.247
1085.247
1083.699
1080.538
1079.344
1072.634
1071.086
1020.957
999.505
992.919
969.263
967.102
956.489
941.005
921.672
863.672
830.253
827.737
824.591
792.925
777.118
768.796
760.441
757.28
755.285
694.317
725.984
693.016
737.726
787.855
791.016
752.387
754.382
789.87
794.51
867.901
876.839
881.057
886.135
909.052
916.453
925.289
923.195
914.359
906.958
909.052
900.927
865.083
832.531
802.661
802.779
810.891
831.307
854.042
883.911
879.693
883.911
916.464
908.352
916.477
916.359
893.625
929.469
909.052
888.271
882.599
915.151
906.128
899.969
894.992
904.016
871.464
876.44
897.221
902.893
909.052
915.753
920.729
922.945
925.867
930.034
938.146
968.016
971.078
977.458
969.333
964.685
949.372
942.201
939.138
932.758
920.945
898.029
920.945
929.07
933.719
949.031
956.203
961.281
1020.344
1015.266
1022.766
972.198
969.135
961.635
968.807
975.854
1012.422
1011.005
1017.164
980.596
973.424
966.378
960.284
954.125
957.188
963.281
1013.849
1015.266
1008.391
995.828
985.547
992.422
1067.797
1078.078
1081.125
1078.078
1075.862
1080.839
1087.539
1117.409
1125.521
1120.544
1117.622
1121.789
1124.005
1117.305
1087.435
1079.323
1075.156
1073.813
1077.979
1069.867
1039.997
1033.297
1032.586
1030.37
1027.448
1023.281
1031.393
1034.315
1036.531
1041.508
1048.208
1078.078
1048.208
1043.232
1041.016
1049.128
1044.961
1036.849
1066.719
1073.419
1078.396
1080.612
1083.534
1087.701
1084.779
1078.078
1081
1074.299
1066.188
1036.318
1031.341
1029.125
1026.203
1022.036
1030.148
1060.018
1066.719
1071.695
1075.862
1078.078
1137.141
1185.703
1188.766
1158.089
1155.901
1099.464
1091.37
1088.307
1085.26
1083.328
1057.306
1088.973
1145.43
1147.425
1150.57
1116.441
1124.828
1145.903
1169.371
1200.204
1233.806
1238.161
1275.161
1275.04
1266.667
1245.591
1222.124
1191.29
1157.688
1153.333
1116.333
1107.946
1116.32
1116.441
1113.28
1061.081
1068.823
1071.984
1124.183
1116.441
1111.304
1107.003
1115.376
1146.21
1153.126
1150.11
1155.247
1157.535
1160.551
1164.852
1157.935
1155.648
1147.274
1116.441
1132.957
1137.312
1140.457
1201.425
1197.124
1194.108
1191.82
1186.683
1179.766
1148.933
1151.949
1156.25
1158.538
1163.675
1172.048
1178.965
1170.591
1201.425
1193.785
1184.664
1184.304
1187.449
1184.304
1190.661
1196.952
1204.226
1211.629
1249.376
1250.839
1261.452
1259.989
1252.892
1175.086
1164.473
1171.57
1235.828
1229.538
1191.79
1185.433
1178.159
1170.755
1163.839
1161.551
1158.535
1154.234
1145.86
1115.027
1109.89
1115.745
1137.196
1142.333
1175.935
1185.25
1179.395
1157.944
1152.806
1146.449
1152.806
1143.492
1109.89
1107.051
1109.89
1116.18
1119.341
1134.696
1143.922
1134.696
1119.341
1116.18
1109.89
1112.083
1112.204
1113.398
1114.946
1127.333
1150.989
1158.667
1208.796
1171.796
1148.328
1148.207
1139.833
1118.758
1114.403
1083.57
1075.183
1041.581
1040.387
1038.839
1038.718
1046.395
1058.782
1048.612
1097.174
1098.331
1099.831
1097.706
1097.823
1099.948
1092.51
1043.948
1021.031
1009.031
958.464
965.964
969.026
965.964
1016.531
1009.031
1005.969
957.406
926.729
923.682
925.615
923.427
971.99
963.927
966.99
970.036
1029.099
1085.536
1083.604
1024.542
1055.219
1070.531
1070.414
1021.852
998.935
986.935
979.497
981.622
993.622
1024.481
1048.137
1098.266
1099.46
1107.137
1104.944
1106.492
1106.613
1105.065
1103.516
1153.645
1154.839
1156.387
1156.508
1158.702
1151.024
1138.637
1146.315
1158.702
1182.358
1158.702
1156.508
1106.379
1105.185
1105.065
1125.613
1130.882
1127.737
1130.882
1080.753
1081.946
1089.624
1102.011
1125.667
1175.796
1177.344
1177.465
1175.917
1175.796
1168.118
1165.925
1153.538
1129.882
1132.075
1130.882
1136.737
1143.833
1165.285
1215.414
1216.608
1209.511
1211.059
1223.446
1228.177
1228.298
1226.75
1219.073
1206.685
1183.03
1132.901
1131.707
1131.586
1129.392
1051.586
1040.973
1043.167
1050.844
1044.487
1038.196
1030.793
993.046
991.583
984.309
999.664
1001.212
994.116
1027.718
1051.374
1058.47
1066.562
1042.906
1027.551
1028.325
1026.777
1026.003
1033.745
1041.422
1045.723
1012.121
1004.03
1011.707
1009.513
1021.901
1045.556
1095.685
1096.879
1098.427
1098.548
1100.742
1093.065
1080.677
1075.946
1025.817
1024.269
1024.148
1022.954
972.825
974.374
972.18
972.059
970.511
969.317
945.661
933.274
925.597
927.79
927.911
929.105
979.234
1002.89
1015.277
1022.954
1019.793
1027.535
1030.696
1082.895
1030.696
1022.954
1030.632
1028.438
1002.159
1052.288
1053.481
1053.602
1055.796
1048.118
1049.667
1026.011
975.882
974.688
973.14
973.019
960.632
973.019
980.116
1001.567
1007.422
1000.325
978.874
973.019
1042.019
1072.852
1078.094
1085.734
1054.067
1115.035
1117.03
1120.175
1123.336
1107.53
1157.659
1149.336
1099.207
1096.046
1092.901
1090.906
1106.712
1151.422
1183.089
1122.121
1124.315
1132.573
1170.32
1193.159
1194.707
1216.159
1239.626
1206.024
1196.71
1190.352
1185.215
1218.817
1212.962
1222.277
1228.634
1233.772
1255.223
1261.078
1239.626
1239.505
1231.828
1208.172
1158.043
1156.849
1155.301
1153.108
1140.72
1079.753
1076.608
1072.253
1055.737
1116.704
1121.059
1124.204
1140.72
1143.237
1151.892
1188.892
1197.28
1198.925
1206.602
1230.258
1233.403
1230.258
1236.113
1230.258
1237.355
1208.871
1187.419
1180.323
1200.871
1210.097
1244.419
1296.935
1301.452
1309.129
1319.742
1332
1339.997
1374.11
1380.468
1397.457
1404.86
1412.538
1414.731
1417.019
1423.309
1444.761
1496.96
1530.562
1538.304
1541.465
1489.266
1486.105
1478.363
1484.218
1485.411
1518.831
1526.47
1551.403
1554.226
1560.935
1563.57
1601.317
1613.575
1615.995
1617.64
1619.833
1627.237
1664.984
1630.661
1610.113
1619.339
1653.661
1651.027
1641.801
1644.435
1664.984
1627.237
1620.14
1625.995
1647.446
1641.591
1620.14
1627.237
1618.914
1616.656
1584.989
1586.984
1590.129
1651.097
1701.226
1759.484
1775.29
1806.957
1745.989
1743.995
1740.849
1737.688
1687.559
1690.72
1695.962
1756.93
1763.516
1766.677
1774.081
1750.425
1745.183
1729.376
1721.973
1715.387
1654.419
1616.672
1614.038
1637.694
1646.081
1650.879
1666.685
1658.298
1655.137
1650.339
1646.392
1684.14
1718.462
1790.866
1797.782
1805.185
1807.473
1804.839
1842.586
1845.22
1807.473
1838.306
1769.306
1809.879
1779.046
1803.151
1809.508
1843.11
1852.336
1856.637
1870.089
1871.551
1879.548
1895.532
1887.274
1910.113
1912.306
1933.758
1957.226
1958.774
1935.935
1898.188
1935.935
1944.194
1920.726
1919.177
1897.726
1895.532
1892.898
1855.151
1857.785
1895.532
1892.387
1871.839
1906.161
1915.387
1881.065
1871.839
1892.387
1898.242
1931.844
1953.296
1947.441
1913.839
1892.387
1889.753
1852.005
1889.753
1892.387
1903
1895.003
1842.487
1834.809
1842.806
1830.548
1835.065
1887.581
1895.258
1890.742
1880.129
1892.387
1898.242
1892.387
1913.839
1892.387
1899.484
1892.387
1886.03
1852.427
1843.113
1837.976
1816.524
1810.669
1844.272
1853.586
1859.944
1865.081
1886.532
1892.387
1944.586
1947.747
1895.548
1903.29
1895.548
1892.387
1888.086
1895.828
1903.505
1907.806
1900.065
1892.387
1930.134
1927.5
1889.753
1892.387
1899.79
1906.081
1904.984
1887.995
1881.637
1875.952
1873.758
1871.47
1873.664
1866.261
1872.618
1880.296
1897.285
1890.995
1893.282
1927.395
1924.761
1927.395
1965.142
1927.395
1934.798
1936.444
1938.637
1941.056
1953.315
1951.669
1944.266
1941.847
1939.653
1927.395
1906.847
1897.621
1863.298
1901.046
1903.68
1901.046
1863.298
1901.046
1898.411
1860.664
1863.298
1856.202
1834.75
1828.895
1767.927
1784.444
1788.798
1791.944
1852.911
1836.395
1832.04
1828.895
1767.927
1765.933
1762.788
1759.626
1709.497
1651.239
1635.433
1603.766
1601.132
1563.384
1529.782
1563.384
1569.239
1590.691
1584.836
1563.384
1556.675
1555.481
1530.548
1533.371
1558.304
1559.368
1560.562
1527.142
1519.503
1516.68
1523.39
1531.03
1494.03
1486.352
1477.696
1476.051
1452.395
1449.879
1441.492
1433.75
1441.427
1450.083
1451.728
1429.279
1431.716
1439.841
1490.409
1493.471
1500.971
1493.747
1490.685
1483.185
1476.484
1483.656
1516.906
1523.607
1593.747
1523.607
1516.435
1483.185
1490.932
1495.307
1546.182
1556.464
1563.901
1552.026
1541.745
1537.37
1529.622
1478.747
1490.622
1483.185
1485.31
1485.427
1486.927
1488.083
1536.646
1544.083
1567
1579
1512.156
1531.152
1560.116
1531.152
1534.121
1536.788
1539.061
1532.106
1529.833
1541.348
1539.288
1527.773
1529.318
1536.273
1542.182
1544.242
1542.697
1534.03
1519.606
1516.636
1510.727
1508.061
1522.485
1531.152
1552.606
1532.455
1510.409
1508.955
1501.197
1496.131
1518.177
1519.631
1517.571
1537.722
1539.783
1575.242
1583
1561.545
1555.636
1549.664
1517.619
1519.679
1526.634
1542.593
1548.566
1562.833
1570.045
1575.955
1573.894
1566.682
1568.831
1552.871
1545.917
1543.768
1545.222
1552.434
1564.071
1562.01
1561.896
1560.442
1536.115
1531.801
1520.507
1513.507
1559.213
1560.301
1559.213
1561.213
1561.324
1515.618
1484.98
1464.157
1458.36
1464.157
1486.135
1493.426
1494.76
1498.681
1507.093
1538.196
1529.784
1525.863
1494.76
1491.62
1490.578
1489.245
1519.882
1540.706
1562.275
1550.98
1543.98
1545.98
1546.091
1547.179
1558.473
1512.767
1519.767
1565.473
1566.885
1565.797
1591.023
1590.909
1588.848
1587.394
1567.242
1535.677
1530.177
1550.328
1581.894
1587.394
1581.422
1576.596
1556.444
1550.944
1582.51
1591.26
1582.51
1550.944
1556.444
1576.596
1581.422
1587.394
1586.273
1593.485
1605.121
1603.061
1601.606
1623.828
1624.949
1626.404
1626.518
1628.578
1621.366
1609.73
1609.616
1562.525
1609.616
1587.394
1594.606
1587.394
1585.939
1584.818
1537.727
1515.505
1503.869
1503.755
1505.816
1505.929
1503.869
1504.99
1516.626
1532.667
1579.758
1581.212
1573.939
1524.904
1521.934
1520.813
1473.722
1473.609
1473.722
1475.177
1477.237
1465.601
1458.389
1459.51
1437.288
1435.833
1433.773
1440.985
1452.621
1474.843
1521.934
1529.447
1578.78
1585.992
1574.477
1578.72
1588.689
1600.205
1590.235
1583.023
1533.689
1529.447
1521.934
1514.722
1536.944
1584.035
1581.975
1580.52
1579.399
1532.308
1510.086
1511.207
1512.662
1512.775
1514.836
1503.199
1514.836
1514.722
1521.934
1533.449
1535.51
1537.783
1544.737
1546.283
1534.768
1532.707
1530.434
1523.48
1521.934
1514.662
1518.702
1525.914
1533.187
1529.146
1521.934
1523.389
1521.328
1521.215
1519.76
1526.972
1525.851
1526.972
1519.76
1472.669
1461.033
1472.669
1488.71
1535.801
1535.914
1513.692
1515.753
1508.576
1502.273
1470.879
1469.758
1446.336
1443.684
1449.987
1473.409
1480.586
1511.98
1513.101
1515.753
1496.449
1491.5
1510.803
1515.753
1495.601
1464.035
1484.187
1478.687
1484.187
1515.753
1537.975
1549.611
1596.702
1597.823
1599.278
1597.217
1597.104
1585.467
1592.679
1570.457
1569.003
1567.881
1520.79
1519.76
1521.821
1521.934
1554.177
1561.131
1567.629
1535.386
1528.432
1596.447
1528.432
1521.934
1505.975
1538.02
1532.048
1500.003
1493.048
1490.899
1483.687
1489.596
1487.535
1481.626
1483.687
1483.477
1499.437
1506.391
1508.54
1496.343
1496.457
1497.578
1504.295
1558.78
1560.235
1566.732
1571.558
1573.707
1577.747
1585.614
1588.447
1611.23
1610.199
1598.563
1576.341
1529.25
1529.136
1527.682
1526.561
1524.5
1495.535
1430.717
1452.763
1474.217
1476.278
1496.429
1488.672
1486.611
1466.46
1444.414
1442.96
1421.505
1386.045
1387.5
1422.96
1430.717
1438.318
1460.54
1438.318
1469.884
1484.308
1485.763
1486.49
1493.157
1461.591
1454.924
1453.47
1452.742
1445.141
1430.717
1434.758
1439.583
1446.081
1475.045
1482.912
1478.871
1476.722
1471.896
1465.399
1436.434
1428.568
1431.402
1428.568
1426.581
1446.732
1519.712
1496.993
1505.821
1520.45
1524.307
1527.093
1537.174
1522.951
1519.201
1516.493
1496.396
1502.883
1451.802
1454.64
1457.275
1459.482
1463.786
1456.77
1430.937
1425.142
1424.527
1422.61
1425.137
1422.61
1419.007
1426.023
1451.856
1457.651
1461.255
1463.171
1460.286
1453.586
1452.36
1447.034
1452.36
1472.556
1479.257
1480.482
1491.752
1495.356
1503.086
1495.356
1491.752
1519.905
1539.041
1510.887
1482.306
1463.171
1471.982
1477.816
1478.789
1478.888
1477.625
1430.309
1430.211
1429.237
1423.404
1424.667
1418.143
1426.8
1430.485
1437.009
1479.851
1486.114
1476.114
1467.456
1463.772
1420.93
1420.035
1430.035
1436.298
1443.36
1439.333
1421.231
1423.231
1421.923
1415.043
1414.171
1384.761
1365.957
1372.624
1370.624
1363.957
1393.368
1399.252
1400.56
1390.816
1389.073
1387.765
1385.842
1379.957
1389.701
1391.444
1393.368
1368.859
1362.203
1356.705
1352.622
1350.803
1354.887
1352.489
1354.887
1356.705
1362.203
1386.712
1393.368
1389.949
1393.368
1388.714
1405.765
1432.474
1437.128
1410.419
1393.368
1420.077
1415.423
1398.372
1393.318
1400.722
1405.776
1398.372
1402.455
1398.372
1415.423
1420.077
1393.368
1400.024
1394.526
1390.442
1388.624
1385.205
1382.808
1358.299
1362.382
1364.201
1366.598
1370.017
1376.09
1371.923
1365.85
1359.194
1363.361
1368.859
1393.368
1410.12
1414.203
1462.665
1467.665
1469.483
1466.064
1472.72
1497.229
1502.726
1506.81
1502.726
1497.229
1472.72
1466.064
1463.667
1461.848
1464.246
1467.665
1461.511
1442.35
1366.389
1363.697
1317.389
1334.44
1336.94
1339.034
1353.932
1356.695
1377.035
1396.7
1474.66
1522.186
1519.27
1516.704
1514.555
1520.871
1522.66
1527.846
1541.706
1543.572
1549.612
1577.441
1582.572
1588.836
1586.969
1580.93
1567.07
1561.884
1534.055
1532.265
1527.134
1520.871
1501.572
1497.296
1493.388
1431.586
1424.059
1420.507
1421.48
1421.579
1429.465
1428.202
1418.207
1412.216
1413.514
1412.514
1418.505
1418.403
1425.419
1431.214
1457.047
1461.351
1463.268
1465.795
1469.399
1465.795
1463.268
1477.363
1472.94
1466.984
1501.481
1499.455
1478.502
1471.074
1466.824
1452.824
1446.267
1443.467
1437.633
1441.883
1437.24
1451.24
1455.883
1509.883
1515.717
1518.517
1525.074
1503.081
1510.303
1457.803
1520.15
1549.706
1556.081
1562.037
1532.481
1526.525
1464.178
1457.803
1456.775
1485.553
1462.102
1443.475
1445.84
1417.84
1412.218
1405.818
1384.928
1382.563
1380.646
1386.268
1392.669
1385.653
1379.858
1375.554
1373.637
1371.11
1345.277
1341.673
1323.7
1318.795
1336.768
1364.921
1369.827
1341.673
1343.7
1353.971
1347.768
1346.39
1351.525
1353.363
1309.363
1307.525
1301.092
1302.471
1281.565
1290.457
1294.241
1300.941
1344.941
1351.374
1341.104
1332.212
1328.428
1358.442
1356.359
1345.803
1365.47
1345.262
1352.373
1354.262
1372.734
1392.942
1391.609
1373.137
1405.641
1403.752
1396.641
1376.975
1378.308
1373.664
1375.623
1440.859
1442.748
1444.484
1444.38
1443.352
1442.472
1434.148
1432.815
1482.759
1484.093
1490.25
1491.278
1491.382
1484.771
1478.104
1481.808
1488.419
1495.086
1491.382
1494.09
1500.757
1484.623
1487.539
1503.343
1482.908
1562.975
1569.371
1551.871
1549.721
1543.406
1540.84
1520.5
1500.836
1422.875
1375.349
1372.586
1390.086
1397.612
1390.086
1362.673
1359.164
1364.351
1359.713
1378.344
1377.151
1404.564
1399.377
1380.746
1374.221
1377.73
1405.559
1406.752
1413.276
1432.941
1430.132
1424.945
1397.116
1395.327
1390.195
1384.156
1382.289
1376.026
1362.167
1368
1362.167
1363.14
1363.042
1362.068
1362.167
1314.851
1313.588
1314.851
1362.167
1370.5
1371.474
1378.075
1400.193
1372.781
1368.004
1350.504
1368.004
1372.195
1364.596
1369.783
1377.382
1404.794
1400.018
1382.518
1387.294
1359.882
1355.691
1350.504
1348.86
1347.004
1348.649
1350.439
1412.241
1414.096
1352.294
1350.504
1337.031
1333.478
1330.912
1281.175
1300.474
1341.368
1342.342
1343.605
1343.704
1345.493
1355.599
1361.862
1360.072
1350.072
1348.73
1346.757
1340.717
1346.98
1336.875
1317.577
1276.682
1275.708
1285.814
1326.708
1327.682
1326.419
1326.32
1328.11
1329.373
1329.471
1308.033
1301.77
1299.98
1293.717
1303.717
1312.375
1318.899
1326.825
1332.927
1336.517
1326.774
1318.338
1314.748
1308.391
1266.647
1269.147
1275.301
1277.994
1297.812
1316.972
1358.11
1403.26
1405.302
1388.677
1408
1405.958
1399.958
1397.333
1378.01
1303.948
1297.498
1299.835
1338.685
1336.248
1317.567
1334.192
1340.142
1378.992
1379.917
1381.117
1381.21
1382.91
1376.96
1367.36
1385.694
1346.844
1345.919
1344.719
1326.385
1324.685
1358.556
1368.402
1310.85
1304.966
1277.684
1304.966
1310.85
1316.348
1357.476
1351.979
1351.882
1350.934
1345.25
1299.147
1297.917
1297.045
1267.635
1274.301
1267.421
1266.113
1247.31
1245.31
1238.643
1268.053
1274.156
1281.036
1282.344
1268.619
1270.569
1269.644
1268.444
1229.594
1231.294
1237.244
1246.844
1265.177
1304.027
1302.327
1283.994
1274.394
1268.444
1268.35
1268.444
1269.644
1270.569
1268.231
1307.081
1309.419
1290.096
1309.419
1270.569
1296.469
1293.708
1298.908
1304.829
1324.152
1326.34
1325.415
1299.515
1294.315
1321.429
1319.186
1320.135
1325.135
1327.647
1339.853
1347.186
1344.929
1339.929
1337.417
1330.083
1317.878
1320.135
1337.186
1338.417
1320.263
1290.259
1283.694
1281.951
1298.186
1279.042
1277.779
1284.515
1303.66
1305.45
1336.243
1354.875
1353.612
1352.638
1322.715
1303.417
1293.311
1287.048
1288.838
1288.739
1286.95
1246.055
1252.318
1252.417
1253.68
1254.654
1271.548
1281.654
1231.917
1227.726
1210.533
1208.888
1207.033
1212.164
1261.901
1266.092
1283.285
1278.154
1216.351
1214.561
1217.022
1196.682
1217.022
1257.917
1255.456
1214.561
1214.463
1224.568
1243.866
1284.761
1285.735
1286.998
1287.096
1288.886
1282.623
1288.886
1278.781
1259.482
1218.588
1217.614
1216.351
1214.561
1212.101
1214.561
1255.456
1275.796
1234.901
1214.561
1213.588
1213.686
1215.476
1209.213
1199.107
1179.809
1180.783
1221.678
1240.976
1200.081
1201.344
1200.081
1199.982
1198.193
1199.088
1209.193
1229.533
1270.428
1272.888
1231.993
1229.533
1209.193
1211.342
1182.782
1229.09
1212.038
1209.538
1207.444
1201.291
1198.598
1210.419
1190.6
1114.639
1068.331
1115.685
1134.367
1125.551
1128.112
1133.965
1131.362
1131.27
1130.1
1128.441
1134.246
1143.612
1105.709
1087.823
1078.457
1077.628
1079.287
1071.05
1108.05
1109.192
1109.282
1110.163
1109.282
1103.615
1095.782
1116.461
1113.047
1100.173
1090.673
1072.34
1072.246
1070.546
1069.621
1057.201
1047.355
1041.252
1047.355
1057.201
1076.004
1077.748
1077.844
1079.075
1080.024
1119.87
1118.639
1099.479
1093.122
1098.175
1071.06
1063.726
1037.017
1018.863
1013.81
1032.97
1039.327
1040.489
1067.605
1071.024
1078.357
1105.066
1123.22
1119.801
1118.639
1138.457
1136.06
1096.214
1076.395
1078.793
1118.639
1108.793
1107.844
1106.613
1100.511
1081.707
1041.861
1041.765
1040.021
1020.203
1022.6
982.754
980.357
1020.203
1040.021
1053.15
1026.44
1019.036
1013.983
1009.9
992.848
988.194
982.041
981.169
977.75
975.353
935.506
915.688
918.65
924.147
925.75
945.568
935.976
993.528
989.63
1009.634
1003.991
1009.634
1015.673
1043.673
1046.239
1048.388
1054.704
1057.467
1077.807
1097.471
1175.432
1205.524
1188.024
1185.458
1183.309
1135.783
1057.822
1038.158
1045.327
1063.3
1086.169
1083.252
1084.586
1083.252
1063.044
1044.572
1042.683
1023.016
990.512
983.4
1003.609
1036.113
1043.225
1045.113
1063.586
1083.252
1112.03
1117.808
1124.387
1145.856
1148.287
1147.259
1118.481
1112.704
1106.125
1107.153
1104.722
1083.252
1100.947
1105.484
1087.789
1083.252
1101.725
1106.766
1113.988
1117.692
1126.831
1129.6
1131.317
1134.039
1165.9
1176.775
1206.15
1224.299
1237.91
1255.588
1254.921
1253.588
1240.366
1211.431
1204.463
1198.352
1177.981
1180.25
1177.981
1175.065
1177.773
1175.065
1168.398
1185.631
1206.52
1157.709
1237.777
1224.868
1146.908
1127.243
1124.338
1141.838
1148.154
1130.654
1133.417
1132.522
1125.68
1123.627
1104.329
1102.987
1095.925
1065.741
1072.004
1079.066
1109.25
1128.548
1130.601
1137.443
1138.785
1133.654
1083.917
1083.318
1066.125
1062.616
1034.787
1033.594
1041.121
1042.314
1048.838
1068.502
1061.978
1042.314
1070.143
1062.616
1066.125
1084.757
1089.943
1062.531
1043.899
1038.713
1066.125
1093.954
1160.862
1166.651
1172.967
1175.59
1179.781
1177.202
1147.018
1136.715
1108.886
1091.693
1089.851
1069.511
1079.814
1078.186
1080.765
1110.95
1138.779
1155.971
1168.866
1189.206
1190.833
1177.939
1158.64
1165.482
1178.377
1182.292
1187.664
1182.963
1178.686
1128.95
1123.577
1120.998
1114.958
1153.958
1150.044
1143.202
1147.478
1153.518
1156.096
1184.096
1190.136
1195.779
1254.844
1250.844
1244.805
1239.162
1180.096
1190.096
1193.136
1212.8
1290.761
1292.384
1299.215
1346.531
1385.965
1370.246
1366.079
1360.006
1358.776
1340.122
1358.276
1388.28
1394.844
1396.588
1415.241
1432.293
1414.139
1384.135
1377.571
1375.827
1358.776
1360.006
1357.912
1340.861
1338.361
1332.207
1285.9
1266.081
1279.735
1234.255
1231.417
1224.401
1166.59
1177.525
1127.581
1125.868
1133.079
1130.113
1140.669
1143.877
1164.634
1229.134
1225.181
1142.889
1160.595
1150.393
1206.682
1196.682
1193.643
1206.537
1223.73
1219.468
1229.506
1258.917
1261.429
1259.844
1243.092
1240.579
1211.169
1201.13
1220.949
1222.534
1195.419
1213.982
1193.643
1199.285
1197.64
1194.601
1174.261
1168.618
1170.263
1173.303
1193.643
1234.537
1238.445
1240.761
1250.866
1278.129
1283.502
1289.542
1291.397
1315.835
1332.887
1339.553
1342.972
1340.417
1345.071
1347.626
1339.19
1335.771
1329.105
1324.451
1307.4
1315.835
1315.932
1322.034
1331.88
1350.684
1390.53
1391.479
1392.709
1394.453
1388.38
1393.714
1391.47
1371.652
1366.318
1339.754
1338.806
1341.049
1360.868
1366.94
1393.504
1394.453
1397.415
1443.517
1457.447
1495.073
1496.615
1503.104
1500.435
1497.548
1488.048
1541.523
1561.231
1506.385
1516.128
1490.241
1482.143
1404.182
1402.559
1395.728
1415.026
1455.921
1456.895
1458.158
1458.257
1460.046
1459.151
1439.853
1398.958
1397.985
1396.721
1396.623
1394.833
1384.728
1390.991
1401.096
1411.096
1394.075
1347.972
1328.154
1319.013
1321.974
1302.814
1299.853
1354.699
1344.955
1391.058
1397.714
1391.058
1389.476
1348.081
1349.704
1427.664
1434.031
1435.82
1434.031
1453.329
1443.224
1444.197
1442.934
1423.636
1382.741
1382.643
1388.906
1429.8
1428.827
1422.564
1423.827
1423.925
1434.031
1421.136
1422.11
1442.45
1452.555
1432.215
1433.842
1436.421
1446.724
1445.75
1473.579
1492.877
1499.14
1516.333
1546.518
1545.254
1528.061
1501.444
1474.329
1464.291
1472.64
1470.851
1472.114
1469.535
1467.908
1468.007
1469.796
1463.533
1453.428
1434.129
1393.235
1393.136
1434.031
1432.408
1434.031
1511.991
1519.325
1500.665
1482.289
1485.106
1537.276
1543.608
1552.876
1543.608
1540.791
1522.565
1470.394
1451.543
1407.689
1401.358
1362.329
1380.663
1419.513
1418.313
1418.219
1427.819
1433.769
1434.969
1435.063
1436.763
1430.813
1421.213
1402.879
1364.029
1363.104
1364.029
1362.329
1436.392
1432.41
1426.91
1400.473
1397.981
1400.473
1406.473
1411.973
1438.41
1364.348
1368.329
1362.329
1343.006
1298.056
1291.567
1336.517
1355.84
1354.298
1280.235
1261.554
1315.029
1293.902
1290.94
1297.596
1299.177
1375.139
1394.299
1397.261
1407.004
1397.261
1407.107
1433.671
1491.222
1493.03
1498.915
1497.107
1494.85
1485.004
1458.44
1437.754
1431.715
1390.82
1431.715
1434.031
1439.404
1443.311
1437.939
1434.031
1440.294
1441.557
1441.458
1440.195
1439.221
1398.327
1408.432
1427.73
1408.432
1449.327
1439.221
1440.195
1438.406
1438.504
1440.294
1434.031
1435.224
1407.811
1400.285
1380.621
1374.096
1372.904
1400.732
1395.546
1390.888
1397.412
1393.904
1397.412
1404.939
1424.603
1396.774
1401.961
1420.592
1448.004
1400.689
1410.689
1413.728
1433.393
1511.353
1512.976
1492.636
1499.467
1519.807
1463.518
1453.518
1450.478
1430.814
1352.853
1351.23
1344.399
1374.86
1431.149
1429.36
1419.254
1417.991
1417.018
1376.123
1356.825
1350.561
1352.351
1352.252
1352.351
1353.325
1394.219
1413.518
1423.623
1429.886
1431.149
1452.004
1457.502
1430.22
1372.669
1367.171
1373.056
1367.171
1394.453
1377.701
1401.061
1380.721
1393.616
1413.956
1386.127
1396.43
1394.803
1424.987
1427.566
1429.193
1446.386
1436.083
1463.912
1461.333
1431.149
1450.447
1491.342
1492.316
1493.579
1493.678
1495.467
1489.204
1499.309
1499.211
1458.316
1457.342
1438.044
1436.254
1442.518
1432.412
1431.149
1421.149
1418.11
1340.149
1283.86
1263.52
1256.689
1255.066
1252.257
1204.941
1203.151
1200.572
1202.888
1208.02
1210.599
1205.467
1203.151
1210.678
1223.204
1215.678
1233.178
1252.322
1253.586
1234.954
1215.809
1209.072
1207.283
1189.783
1188.52
1157.726
1159.515
1190.309
1197.046
1204.625
1202.002
1205.511
1212.353
1217.129
1234.629
1237.252
1245.91
1242.401
1235.559
1230.783
1213.283
1204.625
1202.836
1202.737
1192.632
1191.658
1150.763
1131.465
1125.202
1126.991
1127.09
1128.064
1168.958
1170.221
1180.327
1186.59
1185.327
1204.625
1185.327
1184.432
1154.248
1147.186
1140.344
1138.292
1136.95
1150.423
1136.95
1135.686
1129.423
1119.318
1100.02
1059.125
1058.151
1058.053
1056.263
1052.355
1057.728
1098.623
1102.531
1104.846
1132.11
1157.096
1163.136
1164.991
1124.096
1134.202
1131.886
1121.781
1094.518
1089.145
1087.289
1081.25
1022.184
1050.184
1057.711
1074.474
1091.974
1094.596
1095.789
1101.623
1099.996
1097.417
1095.575
1075.235
1047.406
1037.103
1006.919
989.726
995.958
994.985
997.287
1017.627
1023.101
1002.761
1003.735
1001.432
995.2
989.726
962.463
989.726
984.083
986.544
992.86
1051.925
1054.241
1059.884
1061.529
1041.189
1044.228
1042.583
1062.923
1059.884
1076.647
1084.173
1067.41
1059.884
1031.884
1035.884
1033.261
1032.068
1014.568
1008.735
1026.235
1027.428
1030.05
1035.884
1033.568
1030.945
1024.629
946.669
940.879
937.727
933.423
936.117
942.604
1022.671
1028.617
1057.198
1061.502
1058.975
1061.502
1000.84
994.354
996.732
1057.394
1063.881
1061.975
1055.773
995.11
967.11
956.732
954.354
948.836
950.741
943.741
947.755
953.273
955.651
966.029
994.029
1054.691
1060.894
1056.881
1098.881
1093.086
1086.883
1058.126
997.464
993.86
986.131
980.804
960.608
953.908
952.682
924.101
929.428
948.563
976.716
957.581
958.806
930.653
950.849
954.453
983.034
990.764
997.464
1000.158
1018.131
1023.036
1030.063
1033.667
1036.194
975.532
984.423
981.896
984.275
1044.937
1051.423
1049.045
1042.559
1038.955
1034.05
1016.077
1013.383
1004.491
997.464
1014.68
1022.41
1051.167
1033.95
1026.221
1022.113
1024.806
1026.032
1044.005
1049.995
1047.302
1046.077
1040.086
1022.113
1020.815
1018.977
1001.005
981.342
974.423
942.797
923.662
924.959
944.622
962.595
964.432
996.059
1002.977
1022.113
1024.64
1085.302
1082.923
1022.261
1028.748
1026.221
1028.599
1022.113
1025.716
1028.243
1030.16
1037.176
1063.009
1068.804
1073.108
1055.892
1048.162
1019.405
1001.432
1000.207
997.514
1003.505
1021.477
1022.703
1025.396
1019.405
991.405
989.5
983.297
922.635
912.257
870.257
864.739
906.739
912.257
914.635
912.257
935.842
946.221
942.207
944.113
950.315
1010.977
1014.991
1022.795
1026.444
978.527
981.649
998.865
992.919
995.379
1001.695
1033.562
1031.165
1025.011
967.459
965.203
967.459
960.803
936.295
939.714
942.111
943.929
948.013
972.521
978.019
974.6
972.203
970.385
966.301
960.803
967.459
965.216
991.78
997.539
1003.013
1003.987
1010.219
1030.559
1032.862
1031.888
1004.625
999.151
992.919
988.621
998.124
1000.759
997.11
989.306
1006.523
1009.644
1007.009
1013.512
1010.303
992.609
1000.63
1004.38
1025.85
1018.639
992.088
986.132
981.708
979.738
977.141
973.438
999.988
1007.199
1011.623
1013.593
1016.19
1019.894
1025.85
1029.058
1050.528
1053.236
1056.986
1065.007
1061.257
1058.549
1037.079
1018.606
1036.301
1035.042
1032.273
1038.431
1056.903
1058.162
1060.931
1057.722
1040.028
1033.87
1025.85
1028.294
1090.641
1088.044
1055.002
1052.488
1055.16
1048.302
1055.16
1050.61
1044.324
959.681
952.824
949.976
919.762
912.345
885.036
878.91
874.36
872.333
868.524
875.94
903.25
900.579
905.129
907.155
909.826
913.636
916.936
918.721
912.595
890.512
887.212
885.426
891.552
913.636
919.762
901.562
905.419
908.205
930.288
926.431
923.645
901.562
898.262
890.012
908.212
911.512
919.762
927.19
931
925.814
928.662
938.062
934.252
926.824
917.424
914.576
895.576
914.576
919.762
924.405
978.405
984.238
987.038
993.595
997.845
990.417
1004.417
1000.167
986.167
993.595
987.038
1007.99
1003.348
949.348
943.514
940.714
919.762
922.433
926.243
922.433
926.983
929.01
921.593
894.283
889.733
887.707
881.581
878.91
886.326
913.636
919.762
952.533
959.962
989.724
1017.033
1037.819
1045.236
1045.343
1064.01
1067.867
1086.067
1077.817
1081.117
1077.26
1080.045
1083.902
1092.152
1114.236
1111.45
1089.367
1071.167
1067.867
1065.195
1062.681
998.552
1020.863
1023.451
1089.466
1096.525
1099.275
1101.863
1107.868
1112.235
1109.647
1155.353
1148.603
1159.897
1190.368
1186
1192.75
1194.824
1149.118
1147.044
1145.843
1134.549
1200.564
1170.093
1159.091
1165.61
1159.091
1139.532
1138.199
1139.532
1142.463
1139.532
1159.091
1156.341
1152.419
1160.054
1188.167
1194.473
1199.157
1194.473
1197.223
1195.137
1188.831
1160.718
1153.083
1157.005
1159.091
1151.799
1150.466
1144.669
1113.566
1109.645
1101.233
1070.596
1048.618
1027.794
1024.397
1032.89
1014.154
1017.022
1039.755
1043.152
1061.887
1053.395
1049.424
1046.556
1050.527
1027.794
1026.382
1005.559
971.142
963.613
961.613
942.054
920.657
913.022
908.338
905.588
901.667
909.301
937.414
943.721
948.404
950.49
953.24
957.162
955.076
948.77
920.657
901.922
898.525
902.495
905.363
928.096
931.493
950.228
941.735
937.765
934.897
912.164
920.657
923.245
920.657
913.598
910.848
976.863
910.848
913.598
920.657
901.922
898.525
875.792
872.924
868.953
860.461
879.196
901.929
904.797
908.767
917.26
920.657
916.735
913.985
906.35
904.265
899.581
893.275
865.162
884.721
886.054
888.985
887.652
868.093
861.574
858.642
865.162
884.721
891.191
939.074
940.407
931.914
927.944
925.076
902.343
898.946
880.211
877.623
811.608
804.549
801.799
808.799
820.093
841.662
887.368
888.456
889.868
889.978
891.978
885.228
883.154
887.522
933.228
935.816
869.801
839.331
828.037
825.449
819.444
815.076
821.081
775.375
782.125
848.14
878.61
889.904
891.978
884.331
884.441
905.838
933.951
941.586
945.556
953.203
953.093
945.458
926.243
904.846
876.733
846.096
842.125
808.39
839.027
872.762
891.978
898.449
918.007
923.346
921.346
920.257
889.787
883.669
876.703
853.971
851.397
851.287
850.199
857.199
868.493
867.081
912.787
913.875
915.287
936.855
938.855
931.855
920.561
898.993
853.287
853.397
854.73
874.289
871.358
870.025
850.466
843.946
850.466
853.397
838.338
843.676
824.118
818.779
811.132
807.211
816.887
819.819
839.377
847.025
850.946
849.534
848.446
802.74
799.809
806.809
797.132
798.221
798.11
796.11
774.542
763.248
756.248
758.248
758.358
759.77
781.338
827.044
838.338
839.426
885.132
883.132
894.426
901.426
901.537
923.105
925.105
926.517
926.407
924.995
923.907
878.201
856.632
845.338
838.338
840.338
847.338
858.632
880.201
925.907
926.995
928.407
928.517
921.517
920.105
898.537
852.831
851.743
840.449
840.338
838.338
833
826.529
831.868
851.426
857.897
838.338
844.858
843.525
823.966
826.897
828.23
847.789
844.858
838.338
815.605
819.002
820.841
814.534
812.696
835.429
832.032
838.338
845.338
846.426
892.132
913.701
911.701
911.591
913.002
911.591
922.885
877.179
855.61
844.316
837.316
839.316
839.426
838.338
840.926
846.662
849.544
857.956
855.368
849.632
846.75
832.75
824.338
838.338
904.353
911.103
913.176
907.172
904.583
838.569
808.098
801.348
799.275
787.98
813.647
767.941
770.529
776.534
780.902
820.608
831.902
827.534
898.475
961.387
968.137
972.821
992.38
997.184
999.39
1000.478
1000.368
998.956
997.868
952.162
959.162
970.456
963.681
1008.081
1009.452
1009.56
988.607
977.636
975.693
977.636
976.664
984.093
984.2
965.533
944.748
977.519
981.376
1011.138
1007.281
1007.174
1027.96
1020.531
1039.198
1046.614
1039.198
1009.436
976.664
949.355
976.664
974.721
973.35
972.293
983.264
983.157
962.205
944.799
933.505
926.505
928.505
928.615
930.027
951.596
958.596
1004.301
1005.39
1004.056
997.537
977.978
975.047
986.341
1007.909
1053.615
1060.615
1061.703
1040.135
1038.135
1038.025
1036.613
1035.525
989.819
978.525
971.525
972.936
973.047
975.047
994.605
1001.076
995.738
976.179
969.708
975.047
953.478
907.772
906.684
905.272
905.162
903.162
896.162
884.868
860.147
852.77
851.681
842.368
845.299
852.946
843.27
840.338
844.26
838.922
831.275
811.716
821.392
840.951
846.289
842.368
872.838
918.544
922.912
928.917
931.505
942.799
1008.814
1006.225
1008.299
1006.225
999.475
933.461
902.99
909.74
903.735
899.368
853.662
842.368
837.029
856.588
863.059
856.588
837.029
842.368
814.255
780.52
772.873
768.902
738.265
738.154
730.52
711.304
689.907
692.113
699.642
707.277
738.38
742.498
756.615
791.032
797.782
805.074
850.145
861.439
883.417
863.858
818.152
813.784
807.779
805.191
793.897
763.426
697.412
703.882
723.441
718.103
716.029
721.368
714.897
708.147
761.265
765.159
771.466
773.304
769.907
747.174
745.336
748.733
742.426
749.176
812.088
816.892
797.333
792.65
729.738
658.797
653.993
651.787
645.037
647.243
651.926
671.485
742.426
752.103
755.034
774.593
779.931
787.578
791.5
788.569
780.922
775.583
771.662
761.985
742.426
722.868
716.397
711.059
722.235
714.706
683.603
675.968
673.762
675.968
671.85
657.733
665.368
696.471
704
718.118
722.235
715.485
720.265
775.853
754.284
746.637
742.262
739.38
745.385
689.797
692.679
699.429
713.841
718.216
717.015
723.894
718.97
741.192
749.071
694.343
749.071
820.237
824.328
832.995
855.217
859.717
864.641
900.101
907.056
914.568
911.333
957.77
950.258
938.621
961.265
925.806
918.851
872.414
884.051
880.01
872.131
866.631
846.48
836.51
833.49
840.702
847.657
849.806
865.765
871.737
903.783
905.843
911.753
909.48
901.614
916.159
901.614
909.48
911.753
915.995
883.949
876.192
871.949
903.995
911.753
917.662
974.934
979.76
999.558
976.136
969.639
971.533
968.033
966.139
969.639
993.061
999.558
934.74
927.785
854.694
849.869
829.717
838.626
840.899
845.725
843.452
838.503
845.457
910.275
983.366
988.316
1008.467
953.74
955.114
961.78
955.114
1004.447
1024.598
1004.447
955.114
953.74
962.407
976.831
962.407
959.437
953.528
956.194
962.104
965.073
956.407
953.74
976.384
983.896
995.533
1041.97
1035.015
999.556
1006.51
998.997
952.561
940.924
918.28
953.74
951.467
947.225
949.497
953.74
939.194
931.437
939.303
907.258
939.303
947.061
939.194
953.74
955.889
962.843
970.056
986.015
983.866
977.894
983.866
1015.912
1017.972
1023.881
1007.922
1000.71
994.801
987.846
985.785
953.74
899.013
922.434
925.268
972.359
977.184
997.336
995.063
990.114
925.295
852.205
845.25
852.205
854.477
859.427
932.518
997.336
992.51
972.359
968.859
962.361
938.939
937.045
954.197
956.091
958.152
960.288
983.71
980.876
933.785
910.364
957.455
960.288
974.833
972.561
974.833
979.076
986.942
982.699
974.833
942.788
928.242
920.485
928.242
960.288
965.114
971.023
1028.295
1048.093
1042.184
1022.386
1017.561
1006.106
1007.561
1062.045
1068.763
1069.884
1069.997
1075.97
1091.929
1123.975
1126.124
1133.078
1125.866
1118.912
1102.952
1096.98
1064.934
1062.874
1056.965
1064.177
1062.028
1067.937
1069.997
1072.058
1072.172
1073.626
1074.747
1121.838
1144.061
1155.697
1162.909
1151.273
1128.629
1082.192
1074.679
1067.725
1032.265
1039.778
1051.414
1097.851
1104.806
1140.265
1162.909
1210
1162.909
1139.487
1142.321
1165.742
1162.909
1163.023
1115.932
1104.295
1097.083
1099.144
1099.03
1110.667
1117.879
1116.424
1163.515
1164.97
1166.091
1164.97
1162.909
1150.275
1128.706
1133.51
1141.402
1143.608
1145.373
1156.549
1158.52
1178.078
1132.373
1129.623
1132.87
1178.576
1155.843
1158.593
1156.593
1157.681
1159.093
1159.203
1161.203
1161.093
1182.662
1175.662
1174.574
1173.162
1186.49
1198.126
1205.338
1193.702
1146.611
1193.702
1223.449
1221.313
1150.146
1148.086
1146.192
1148.086
1150.146
1152.283
1223.449
1223.336
1221.881
1220.76
1173.669
1151.447
1139.811
1132.598
1132.712
1134.167
1136.227
1183.318
1190.53
1177.083
1188.377
1189.466
1187.466
1190.216
1187.466
1210.199
1255.904
1210.199
1206.951
1259.833
1260.922
1261.032
1259.62
1261.032
1267.551
1214.669
1208.15
1208.039
1206.951
1214.843
1216.608
1218.578
1220.784
1215.98
1204.804
1224.363
1216.471
1214.706
1212.735
1210.529
1215.333
1195.775
1206.951
1213.951
1215.951
1216.061
1217.473
1218.561
1264.267
1285.836
1297.13
1285.836
1302.578
1255.487
1254.366
1252.912
1252.798
1250.737
1243.525
1249.434
1314.253
1321.465
1326.389
1329.409
1354.879
1362.48
1411.515
1434.937
1387.846
1390.679
1367.258
1414.348
1411.515
1418.727
1430.364
1452.586
1499.677
1500.798
1502.253
1502.366
1504.427
1502.972
1491.336
1469.114
1422.023
1420.902
1420.788
1418.727
1411.515
1419.646
1421.465
1423.495
1425.768
1430.717
1419.202
1414.253
1394.101
1385.97
1384.152
1382.121
1379.848
1391.364
1411.515
1408.682
1361.591
1338.169
1341.003
1388.093
1411.515
1364.424
1362.364
1362.25
1360.795
1359.674
1337.452
1325.816
1318.604
1320.664
1320.778
1322.232
1323.354
1370.444
1392.667
1404.303
1411.515
1407.273
1392.727
1384.97
1377.104
1381.346
1379.073
1393.619
1401.376
1433.422
1441.288
1443.561
1411.515
1411.402
1412.856
1413.977
1420.694
1420.808
1419.354
1364.869
1358.152
1357.03
1411.515
1388.093
1341.003
1338.169
1345.381
1357.018
1404.109
1405.23
1385.468
1393.115
1397.49
1411.902
1418.652
1421.534
1427.539
1483.127
1487.907
1489.319
1489.429
1510.998
1506.218
1450.63
1444.625
1441.743
1434.743
1413.174
1398.762
1394.387
1386.74
1384.74
1384.63
1383.218
1382.13
1384.13
1377.38
1366.086
1344.517
1298.811
1267.708
1252.218
1246.422
1244.422
1242.336
1236.6
1229.6
1222.85
1224.85
1255.953
1261.75
1277.24
1283.99
1286.076
1293.076
1298.811
1294.007
1291.801
1289.831
1288.066
1280.174
1282.38
1271.203
1276.007
1241.464
1239.679
1237.736
1218.736
1226.402
1228.117
1238.974
1257.974
1255.96
1188.86
1190.802
1188.86
1188.752
1187.381
1186.324
1141.924
1153.941
1154.941
1166.235
1153.867
1198.267
1199.324
1188.352
1189.724
1189.831
1183.031
1189.588
1191.045
1193.188
1195.131
1205.988
1204.045
1202.674
1201.617
1157.217
1169.684
1158.39
1151.39
1151.279
1131.721
1127.037
1116.551
1114.581
1109.777
1107.571
1127.13
1056.189
1064.081
1062.316
1064.287
1057.537
1055.331
1057.096
1052.292
1044.4
1055.576
1044.4
1049.203
1051.409
1031.85
1043.145
1050.436
1084.853
1077.561
1122.632
1100.654
1089.36
1111.338
1076.922
1070.172
1076.922
1031.85
1031.74
1030.652
1024.132
971.25
969.838
969.949
971.037
977.556
1030.439
1031.85
1039.743
1031.85
1043.027
1062.586
1051.409
1053.174
1055.145
1057.35
1037.792
1036.027
1034.056
1031.85
1027.047
1031.85
1043.365
1051.777
1052.365
1056.74
1068.034
1075.669
1078.757
1080.757
1143.669
1151.316
1153.13
1155.336
1159.453
1167.088
1198.191
1205.721
1191.603
1184.074
1176.439
1172.321
1170.115
1184.233
1153.13
1097.542
1078.326
1073.642
1067.907
1063.103
1060.897
1062.662
1070.554
1068.789
1060.897
1041.338
1030.162
1028.191
1030.397
1030.725
1041.902
1061.461
1066.265
1065.176
1058.657
1005.775
1004.363
1004.473
1005.561
1012.081
1064.963
1064.853
1066.265
1064.179
1048.689
1041.939
1010.836
1009.836
1015.571
1017.571
1048.674
1064.164
1070.914
1073
1080
1078
1083.797
1078.061
1072.265
1061.088
1059.588
1061.588
1054.838
1052.632
1050.632
1061.809
1050.632
1052.132
1058.882
1061.088
1056.284
1036.725
1056.284
1054.078
1053.75
1051.985
1044.093
1032.917
1037.721
1048.897
1056.789
1058.995
1060.966
1062.73
1065.48
1071.787
1119.669
1148.542
1119.669
1130.846
1119.669
1139.228
1147.12
1148.885
1150.855
1153.061
1157.865
1138.306
1133.502
1131.738
1129.767
1127.561
1119.669
1117.081
1119.963
1105.963
1108.551
1100.14
1114.14
1111.257
1105.522
1113.934
1119.669
1119.559
1118.471
1111.951
1059.069
1057.657
1056.324
1049.853
1030.294
1036.765
1038.098
1085.98
1105.539
1057.657
1050.365
1028.387
1017.093
972.022
965.272
976.566
998.544
1043.615
1050.907
1057.657
1092.074
1057.657
1055.451
1044.275
1024.716
1016.824
1015.059
1010.255
1008.284
1006.078
1013.608
1009.49
1001.855
970.752
963.223
949.105
963.223
994.326
1001.961
1006.078
1008.284
1022.402
1068.108
1072.336
1075.733
1077.498
1079.9
1086.65
1089.4
1110.223
1157.816
1177.032
1183.782
1214.419
1212.919
1219.669
1221.875
1223.875
1235.051
1233.051
1230.846
1219.669
1221.169
1214.419
1206.007
1217.522
1218.11
1226.522
1215.007
1214.419
1208.684
1206.598
1199.848
1184.358
1178.561
1147.458
1140.458
1138.458
1142.38
1153.895
1155.708
1156.797
1164.174
1178.586
1181.336
1212.63
1221.042
1239.777
1232.142
1229.054
1227.054
1164.142
1159.767
1152.12
1153.934
1161.569
1164.657
1166.657
1171.032
1178.679
1241.591
1252.885
1241.591
1239.777
1232.4
1231.311
1229.498
1217.983
1214.061
1211.311
1225.723
1233.1
1234.189
1236.002
1247.517
1251.439
1254.189
1239.777
1225.659
1218.909
1214.681
1211.284
1209.52
1207.118
1213.868
1168.162
1171.559
1175.787
1221.493
1235.61
1238.012
1239.777
1247.154
1248.243
1250.056
1248.968
1241.591
1227.179
1238.694
1253.105
1251.292
1239.777
1235.855
1233.105
1237.027
1239.777
1232.142
1201.039
1193.51
1179.392
1175.275
1173.069
1191.804
1200.216
1231.51
1212.775
1204.363
1173.069
1171.069
1168.863
1162.113
1173.289
1175.289
1177.495
1175.995
1177.495
1166.319
1173.069
1153.853
1174.676
1127.083
1106.26
1103.51
1110.26
1140.897
1160.113
1207.706
1210.456
1179.819
1173.069
1174.157
1181.534
1167.123
1166.034
1164.221
1152.706
1148.784
1146.034
1160.446
1153.069
1155.819
1159.74
1171.255
1173.069
1166.319
1121.248
1109.953
1087.975
1053.559
1046.267
1049.017
1052.939
1064.453
1066.267
1054.752
1050.831
1065.243
1062.493
1048.081
1040.703
1039.615
1037.801
1038.89
1046.267
1077.561
1069.15
1037.855
1056.591
1037.855
1046.267
1031.855
1024.478
1023.39
1021.576
1010.061
1006.14
1003.39
1017.801
1025.179
1026.267
1028.081
1039.596
1043.517
1046.267
1046.377
1048.377
1056.789
1068.304
1069.716
1070.804
1116.51
1138.078
1149.373
1156.373
1147.961
1147.373
1135.858
1136.446
1138.26
1139.348
1143.27
1128.858
1121.48
1120.392
1118.578
1107.064
1118.578
1115.828
1130.24
1137.618
1140.368
1136.446
1143.446
1143.336
1135.958
1138.547
1204.561
1211.62
1164.027
1161.096
1156.316
1093.404
1068.684
1061.684
1086.404
1093.782
1086.363
1089.294
1094.074
1156.985
1163.985
1169.721
1163.985
1161.985
1164.735
1166.147
1164.735
1163.647
1117.941
1096.373
1085.078
1078.078
1080.078
1080.189
1081.277
1126.983
1148.551
1159.846
1114.14
1109.912
1107.51
1100.76
1098.995
1095.598
1081.48
1084.877
1087.279
1101.397
1105.625
1112.375
1158.081
1159.846
1138.277
1140.277
1140.387
1141.799
1142.887
1188.593
1199.887
1221.456
1192.583
1199.583
1153.877
1182.75
1181.662
1180.25
1180.14
1178.14
1166.846
1159.846
1145.434
1142.684
1138.762
1127.248
1125.434
1124.346
1116.968
1085.674
1066.939
1058.527
1060.027
1058.027
1056.527
1067.703
1069.703
1071.909
1065.159
1071.909
1069.703
1058.527
1056.527
1056.417
1055.005
1053.917
1032.348
1021.054
1014.054
1016.054
1016.164
1017.576
1018.664
1064.37
1085.939
1097.233
1051.527
1058.527
1065.586
1068.468
1116.061
1118.65
1111.591
1100.588
1098
1164.015
1168.603
1171.353
1190.912
1197.662
1194.912
1215.735
1208.985
1161.392
1140.569
1137.819
1144.569
1175.206
1194.422
1242.015
1222.799
1192.162
1194.912
1173.343
1180.093
1182.975
1188.98
1244.569
1249.348
1256.995
1261.37
1282.939
1227.35
1221.346
1218.463
1211.713
1197.301
1192.926
1188.147
1185.304
1177.657
1131.951
1143.245
1150.245
1151.333
1152.745
1152.855
1154.855
1147.855
1136.561
1114.993
1136.561
1135.473
1134.061
1133.951
1131.951
1177.657
1180.059
1214.475
1214.586
1210.218
1141.145
1139.145
1139.034
1137.623
1136.534
1090.828
1069.26
1057.966
1050.966
1042.554
1038.583
1045.583
1040.804
1062.373
1108.078
1109.167
1110.578
1112.578
1123.873
1102.304
1099.902
1065.485
1067.887
1102.304
1109.363
1111.951
1109.363
1043.348
1036.289
1033.539
1099.554
1102.304
1121.52
1124.451
1131.51
1151.069
1179.941
1213.676
1215.495
1220.833
1225.613
1271.319
1225.613
1204.044
1192.75
1185.75
1187.75
1187.86
1209.429
1210.517
1211.929
1218.929
1216.929
1216.819
1215.407
1214.319
1225.613
1236.907
1238.907
1301.819
1290.525
1282.89
1282.272
1284.086
1291.721
1296.096
1294.096
1231.184
1234.272
1241.919
1276.336
1268.689
1266.875
1269.277
1264.902
1230.485
1228.083
1229.495
1229.605
1183.9
1172.605
1173.694
1139.277
1141.679
1176.096
1177.096
1188.39
1166.821
1174.439
1173.027
1170.625
1170.515
1168.515
1161.515
1163.515
1162.426
1150.167
1155.738
1160.288
1178.955
1232.955
1229.655
1225.548
1181.148
1179.433
1165.719
1159.162
1156.829
1159.5
1156.986
1163.843
1227.971
1230.486
1227.814
1220.957
1156.829
1154.495
1121.062
1123.395
1156.829
1155.857
1157.8
1157.693
1168.664
1189.617
1234.017
1235.074
1236.445
1234.502
1234.61
1233.238
1232.181
1224.781
1213.81
1220.61
1234.941
1237.147
1234.941
1228.191
1226.191
1237.368
1226.191
1227.691
1234.441
1232.941
1234.941
1232.539
1198.123
1232.539
1234.941
1223.647
1223.059
1211.544
1219.956
1220.544
1232.059
1223.647
1216.647
1195.078
1193.99
1148.284
1148.174
1146.174
1193.767
1196.65
1203.708
1156.115
1153.233
1146.174
1144.762
1106.37
1103.968
1138.385
1103.968
1101.38
1035.365
1038.115
1031.056
1028.306
1030.895
1096.909
1103.968
1083.145
1076.395
1045.757
1026.542
978.949
976.199
1006.836
1026.051
1073.645
1094.468
1097.218
1103.968
1097.218
1103.968
1123.527
1103.968
1075.096
1109.512
1075.777
1041.36
1043.762
1041.36
1039.542
1034.762
1027.703
1008.488
1010.306
1029.865
1032.797
1052.012
1059.071
1087.944
1089.631
1094.817
1099.46
1080.46
1077.612
1072.426
1105.86
1108.193
1074.76
1072.426
1075.098
1139.226
1146.083
1143.412
1136.555
1072.426
1069.912
1072.426
1074.76
1108.193
1074.76
1072.426
1076.976
1079.002
1081.674
1085.483
1112.793
1120.21
1126.336
1124.002
1090.569
1097.986
1084.386
1087.057
1093.183
1097.733
1093.924
1097.733
1125.043
1122.371
1095.062
1090.512
1087.712
1082.14
1079.626
1087.798
1085.771
1088.571
1102.171
1104.686
1097.269
1089.098
1082.971
1088.543
1090.569
1088.055
1023.926
1013.069
1010.926
1004.369
1002.426
1005.098
1007.612
1004.94
1003.483
1067.612
1060.755
1067.612
1074.469
1067.864
1065.064
1058.207
1061.007
1107.24
1100.383
1103.231
1121.898
1123.664
1130.521
1158.569
1191.34
1189.574
1194.217
1175.217
1172.369
1191.369
1163.321
1163.801
1144.586
1139.248
1134.468
1139.806
1144.49
1142.404
1137.721
1131.414
1103.301
1105.387
1109.309
1101.674
1098.924
1095.002
1102.637
1130.75
1137.056
1139.806
1142.395
1145.145
1152.203
1218.218
1215.468
1208.409
1142.395
1139.806
1160.63
1208.223
1227.439
1231.36
1261.998
1268.748
1271.498
1273.583
1278.267
1306.38
1314.015
1293.191
1290.441
1293.191
1289.27
1295.576
1247.983
1228.767
1198.13
1191.38
1188.63
1186.544
1178.909
1174.225
1167.919
1139.806
1168.679
1139.806
1146.556
1166.115
1159.365
1139.806
1091.924
1085.453
1084.12
1064.561
1056.15
1056.738
1045.223
1056.738
1056.15
1064.561
1062.748
1065.498
1067.583
1072.267
1078.574
1106.686
1114.321
1110.4
1107.65
1105.564
1100.88
1094.574
1066.461
1058.826
1047.532
1039.897
1036.809
1034.809
971.897
967.522
971.444
963.797
961.047
958.458
892.444
885.385
883.299
886.049
888.135
892.819
899.125
927.238
934.873
930.951
934.873
930.189
923.882
895.77
888.135
885.385
892.35
900.667
876.848
872.205
877.39
844.619
839.433
867.481
900.252
904.895
906.662
925.329
928.176
935.033
916.033
913.186
894.519
892.752
885.895
857.848
876.848
882.419
863.752
859.202
805.202
799.631
818.298
872.298
876.848
880.657
853.348
856.019
851.469
849.443
842.026
839.355
835.545
829.419
856.729
862.855
867.405
869.431
876.848
883.705
837.471
834.671
827.814
830.614
876.848
849.538
847.512
842.962
836.836
829.419
826.748
822.938
776.705
774.033
744.271
737.714
740.386
746.943
776.705
795.371
841.605
821.376
802.71
822.938
823.045
824.417
825.474
869.874
890.826
901.798
908.598
910.54
891.54
884.983
891.54
910.54
866.14
864.198
864.09
862.719
861.662
840.71
851.681
844.881
846.824
846.931
848.302
849.36
893.76
900.56
921.512
910.54
917.398
919.164
937.831
940.679
936.036
955.036
960.221
927.45
922.264
903.264
931.312
903.264
896.407
893.56
874.893
879.536
912.307
910.54
921.512
914.712
903.74
924.693
969.093
970.15
971.521
971.629
970.257
972.2
972.093
951.14
950.083
905.683
903.74
910.54
903.74
903.633
902.262
903.633
892.662
871.71
873.652
829.252
827.31
834.11
845.081
866.033
910.433
911.49
911.598
910.54
907.74
861.507
854.65
857.45
849.279
848.707
837.521
845.693
846.264
853.121
864.307
910.54
913.04
933.993
936.664
942.295
953.481
977.867
980.2
978.257
933.857
933.75
940.55
929.579
990.693
995.336
998.183
1044.417
1051.583
1075.598
1070.026
1063.226
1002.112
997.469
994.621
948.388
941.221
917.207
916.15
922.95
933.921
939.493
960.445
1004.845
1005.902
1007.274
1007.381
1009.324
1008.352
987.4
986.029
994.107
996.021
1002.788
1030.311
1021.995
1015.029
1022.922
1024.01
1030.975
1096.99
1128.284
1156.397
1163.397
1174.691
1196.26
1197.348
1198.76
1198.87
1200.87
1193.87
1182.576
1161.007
1115.301
1114.213
1112.801
1112.691
1110.691
1156.397
1167.691
1174.691
1196.26
1197.672
1198.76
1244.466
1244.355
1242.944
1241.855
1196.15
1194.15
1182.855
1175.855
1177.855
1177.966
1156.397
1177.966
1180.539
1211.642
1200.127
1194.331
1191.929
1170.36
1167.787
1136.684
1139.086
1136.336
1139.086
1144.882
1156.397
1137.181
1156.397
1187.034
1193.784
1172.961
1125.368
1172.961
1193.784
1196.534
1189.784
1187.034
1156.397
1175.613
1170.833
1137.098
1134.167
1127.108
1125.289
1106.074
1086.515
1081.176
1085.956
1119.691
1090.819
1119.691
1121.51
1128.569
1133.907
1136.838
1156.397
1152.083
1144.436
1149.216
1204.804
1226.373
1229.255
1236.005
1250.417
1254.792
1262.439
1248.027
1243.248
1187.659
1181.654
1178.772
1174.397
1167.647
1173.652
1127.946
1106.377
1095.083
1102.083
1113.377
1134.946
1135.056
1133.968
1135.38
1128.38
1130.38
1128.38
1128.27
1126.858
1127.946
1173.652
1180.652
1179.24
1177.24
1177.13
1176.042
1130.336
1108.767
1097.473
1090.473
1092.473
1092.583
1093.672
1133.377
1137.691
1139.103
1150.397
1143.647
1150.397
1169.956
1172.005
1143.132
1123.574
1123.684
1124.772
1131.292
1132.703
1185.586
1186.674
1214.787
1222.679
1194.566
1225.86
1291.875
1298.841
1232.826
1224.934
1223.846
1219.375
1212.409
1210.409
1210.299
1208.887
1207.799
1203.485
1157.779
1156.779
1145.485
1142.912
1111.809
1108.926
1101.868
1054.275
1042.76
1054.275
1060.071
1062.821
1069.88
1072.762
1120.355
1098.787
1096.385
1093.635
1094.836
1089.039
1078.876
1109.09
1111.59
1057.59
1052.019
1033.352
1028.802
1024.16
991.388
963.34
956.483
953.636
972.636
975.483
956.483
958.25
953.064
934.398
932.631
937.274
970.045
998.093
1016.76
1021.945
1028.802
1059.017
1028.802
1026.302
1034.919
1033.718
1030.968
1042.483
1030.968
1036.765
1030.968
1033.718
1036.12
1057.689
1060.262
1048.748
1057.159
1057.748
1049.336
1048.748
1060.262
1060.152
1113.034
1119.554
1120.642
1120.752
1119.341
1066.458
1059.939
1058.85
1060.262
1088.375
1119.669
1163.194
1170.159
1171.248
1139.953
1111.841
1110.752
1118.645
1052.63
1045.664
1037.772
1040.522
1061.346
1108.939
1128.154
1121.404
1128.154
1125.404
1104.581
1056.988
1037.772
1007.135
1037.772
1035.801
1028.836
1020.52
989.417
986.843
984.441
978.645
967.13
998.233
1000.806
979.238
981.64
1003.208
1014.723
1011.973
1014.723
1020.52
1013.461
1010.578
962.985
970.044
972.926
1020.52
1013.77
994.211
995.623
942.74
995.623
1002.142
1003.23
996.711
996.821
995.733
995.623
994.211
986.319
985.23
978.265
912.25
880.956
909.069
916.961
948.255
1014.27
1008.647
1009.735
1016.701
1011.922
1031.48
1036.819
1039.75
1058.966
1060.784
1089.657
1096.716
1091.377
1071.819
1068.887
1049.672
1047.853
1040.794
1011.922
978.186
982.966
1016.701
1038.27
1049.784
1055.581
1058.331
1043.478
1046.051
1034.537
1003.434
1000.86
1031.963
1029.561
1023.765
1002.196
999.446
996.858
991.123
988.24
974.24
965.828
979.828
982.711
985.299
993.711
999.446
999.336
946.453
939.934
938.522
938.632
945.152
969.519
970.89
969.833
970.89
966.7
936.486
934.152
931.481
925.85
914.664
944.879
947.379
968.331
970.664
973.336
978.967
976.467
987.652
967.424
964.752
934.99
916.324
909.767
863.533
890.843
860.443
796.314
789.548
819.948
884.076
890.843
891.9
890.843
863.533
871.2
863.533
860.733
852.562
851.99
840.805
887.038
893.895
847.662
850.462
843.605
862.271
829.5
824.857
823.09
804.424
801.576
782.576
777.39
749.343
753.986
747.129
752.314
771.314
774.162
775.929
782.786
810.833
827.771
797.557
808.743
814.374
817.045
837.998
840.498
870.712
865.081
862.41
860.076
839.124
836.624
838.957
827.771
834.571
841.429
845.238
845.345
896.717
903.05
904.107
902.736
851.364
845.031
868.797
868.686
870.098
898.971
870.098
892.831
938.537
941.287
933.395
932.306
939.272
907.978
841.963
834.998
806.885
814.777
815.865
881.88
913.174
941.287
986.993
989.743
967.01
921.304
918.554
941.287
910.184
904.387
892.873
923.975
926.549
948.118
950.52
953.27
959.066
956.493
1012.081
1017.816
1037.032
1048.547
1045.797
1043.395
1021.826
1026.51
1049.243
1026.51
1072.216
1069.466
1023.76
1026.51
1025.422
1025.311
1018.792
965.909
964.498
959.159
955.9
952.968
933.752
931.934
924.875
920.096
886.36
857.488
850.429
847.547
799.953
807.012
809.895
857.488
891.223
897.973
926.086
948.819
951.113
970.672
1016.377
1019.127
973.422
970.672
993.404
970.672
1036.686
1067.98
1096.093
1107.608
1076.505
1084.397
1056.284
1062.081
996.066
989.1
983.304
984.392
972.877
1003.98
996.088
998.662
1020.23
1022.632
1025.382
1024.294
1021.544
990.25
987.848
985.275
992.24
970.672
967.922
922.216
924.966
970.672
947.939
970.672
998.784
1003.468
1011.103
1013.853
1017.775
1024.081
1026.167
1023.417
977.711
954.978
957.728
1003.434
1026.167
1030.85
1025.054
1022.304
1019.902
1017.328
986.225
974.711
953.142
946.836
949.586
951.672
946.988
953.294
981.407
989.042
985.12
957.007
949.373
947.287
944.537
948.458
942.723
879.811
875.032
872.1
824.507
817.13
792.409
785.409
808.142
853.848
831.115
833.865
831.115
785.409
757.297
726.002
659.988
653.022
651.934
644.042
637.735
642.419
648.725
676.838
684.473
680.551
677.801
675.716
678.466
682.387
684.473
656.36
648.725
644.042
621.309
575.603
572.853
569.971
562.912
515.319
509.012
505.091
512.725
540.838
545.522
547.608
553.914
557.836
550.201
547.451
545.365
540.681
543.431
515.319
508.569
487
479.353
474.978
460.566
454.561
398.973
403.752
459.341
456.458
459.341
466.091
472.096
476.471
484.118
505.686
500.907
515.319
510.635
513.385
505.75
477.637
471.331
469.245
473.167
469.245
476.88
478.966
483.65
489.956
518.069
515.319
517.157
517.745
524.265
531.265
559.377
593.113
597.488
569.375
563.069
558.385
556.299
553.549
581.662
589.297
595.603
599.525
602.275
604.36
609.044
605.123
597.488
593.566
586.566
579.507
583.429
590.429
597.488
593.566
596.316
600.238
602.324
608.63
636.743
608.63
600.995
598.245
596.159
591.475
596.159
603.794
597.488
599.574
570.701
564.395
536.282
533.532
529.61
521.975
517.292
515.206
495.99
491.306
435.718
429.983
449.199
453.882
509.471
515.206
545.843
548.725
552.647
574.625
581.684
609.797
631.365
634.248
653.806
637.64
643.757
645.169
690.875
658.792
641.883
639.212
633.086
586.571
593.988
598.631
601.431
625.445
639.045
636.531
644.702
639.131
644.702
647.217
644.417
630.817
622.645
625.445
598.136
595.907
573.824
541.052
568.362
587.362
589.59
611.674
618.231
651.002
644.445
625.445
655.845
674.045
682.217
686.767
689.614
696.471
702.757
787.4
817.614
819.557
819.664
821.036
822.093
866.493
887.445
898.417
905.217
897.045
866.645
848.445
878.845
887.017
905.217
926.169
937.14
937.033
935.662
934.605
932.662
911.71
956.11
957.167
958.538
958.645
965.445
921.045
922.988
916.188
905.217
898.417
902.226
904.36
911.217
907.407
900.55
907.35
918.321
919.379
963.779
965.15
965.257
967.2
960.4
949.429
928.476
884.076
883.019
882.912
880.969
901.921
900.55
907.35
909.293
930.245
974.645
975.702
977.074
977.181
988.152
977.181
956.229
911.829
910.771
903.971
902.029
901.921
900.55
892.379
910.579
918.75
949.15
918.75
900.55
900.657
902.029
913
906.2
895.229
874.276
875.333
926.705
971.105
992.057
994
993.893
992.836
991.464
1000.512
998.569
1017.236
1020.536
1031.507
1037.34
1051.969
1058.095
1142.738
1149.538
1105.138
1099.567
1095.017
1076.35
1022.35
1023.721
1029.664
1074.064
1075.121
1077.921
1049.84
1029.47
1023.799
1005.326
1002.604
1001.576
1028.279
1026.907
1019.507
1040.46
1009.293
1023.626
1017.683
1006.712
1005.34
1004.283
959.883
938.931
932.131
938.931
940.302
941.36
985.76
1006.712
1017.683
1017.576
1017.683
1015.74
1017.683
1018.369
1042.383
1048.326
1050.24
1115.255
1115.362
1159.762
1157.819
1151.019
1149.962
1105.562
1084.61
1073.638
1074.695
1076.638
1075.267
1075.16
1076.531
1087.502
1094.302
1115.255
1030.612
1024.486
1009.857
1004.024
993.052
989.752
971.086
919.714
1004.357
1018.986
1024.819
1035.79
1039.09
1057.757
1048.71
1100.081
1106.207
1115.255
1084.855
1066.655
1058.483
1060.998
1122.112
1129.54
1153.555
1151.612
1158.412
1169.383
1157.271
1200.438
1201.771
1201.875
1202.903
1196.292
1185.625
1185.521
1165.15
1163.817
1162.789
1119.623
1121.512
1118.743
1112.076
1105.965
1076.59
1079.359
1086.025
1168.317
1165.322
1169.626
1089.559
1095.505
1094.89
1099.282
1121.998
1124.646
1120.255
1113.239
1090.523
1087.874
1094.89
1114.709
1156.709
1157.709
1159.007
1159.108
1160.946
1159.946
1140.126
1098.126
1108.505
1107.207
1107.106
1105.268
1098.836
1105.268
1094.89
1081.052
1084.173
1101.831
1150.426
1158.984
1078.917
1089.295
1083.5
1097.338
1102.856
1097.338
1086.959
1167.027
1163.905
1146.248
1137.689
1089.095
1094.89
1093.592
1051.592
1050.592
1044.16
1042.322
1022.502
1022.401
1012.023
1010.212
1032.928
967.739
945.023
946.833
947.482
1012.671
1007.05
1006.401
1012.023
1015.144
1009.349
995.511
989.993
1000.372
1005.89
1054.484
1063.043
1080.7
1070.322
1052.664
1004.07
1017.908
1009.349
1089.417
1095.212
1092.09
1012.023
1037.856
1066.009
1059.523
1063.126
1083.322
1057.489
1029.336
1026.687
1006.491
1002.887
1005.536
1012.023
1025.266
1029.286
1036.313
1032.349
1025.322
1021.302
1008.059
1001.856
999.207
998.104
947.023
953.225
955.874
960.266
955.874
961.392
981.212
1032.293
1092.955
1095.333
1097.86
1096.05
1090.428
1089.779
1024.59
1001.874
1003.685
1009.306
1009.955
1075.144
1043.536
1050.023
969.955
975.75
965.372
973.93
995.616
1012.809
1015.849
1025.954
1031.327
1025.954
1039.428
1088.737
1080.618
1034.515
1017.763
1014.801
1009.303
996.175
1001.509
1002.457
1004.97
986.167
985.12
968.068
991.781
989.202
990.465
989.491
988.228
981.412
1000.711
1006.083
1023.583
999.056
993.722
1033.568
1031.171
1025.017
1018.863
1021.261
1027.415
1084.966
1087.222
1084.966
1088.385
1030.833
1027.415
1021.312
1027.466
1033.568
1004.158
987.107
985.107
965.288
940.78
934.895
937.857
983.959
970.831
978.951
995.703
990.468
984.97
975.124
972.162
955.41
909.308
901.188
977.15
982.647
930.546
919.814
925.049
934.895
933.077
954.628
948.526
942.842
942.329
940.726
939.009
933.675
933.06
939.162
944.846
946.449
946.962
925.41
927.128
932.462
933.077
994.923
984.615
990.769
988.214
1064.175
1069.816
1063.662
1067.746
991.784
986.143
959.028
986.143
988.699
984.615
982.218
984.474
986.872
993.026
1050.577
1048.321
990.769
984.615
984.712
985.66
991.344
1037.447
1038.677
1046.797
1063.549
1060.588
1063.549
1073.395
1078.63
1091.759
1083.639
1037.536
1043.034
1026.282
1072.385
1062.538
1138.5
1154.987
1149.344
1143.971
1066.011
1040.857
1044.772
1074.956
1044.772
1040.857
1064.542
1005.476
999.16
1001.476
1060.542
1066.857
1069.318
1067.002
1064.542
1058.899
1053.526
1006.211
1003.171
985.978
977.645
1055.605
1061.248
1074.721
1080.094
1090.2
1093.239
1110.432
1157.748
1147.643
1155.976
1142.502
1064.542
1060.265
1053.434
1031.316
1028.737
1033.013
1039.844
1061.963
1064.542
1086.66
1144.765
1145.397
1144.765
1110.516
1118.016
1089.61
1095.232
1089.61
1087.8
1129.216
1139.797
1158.932
1166.185
1173.827
1179.448
1180.097
1179.097
1130.502
1129.205
1129.306
1130.306
1136.297
1184.892
1186.189
1186.088
1180.097
1240.759
1247.245
1244.718
1242.34
1244.718
1238.232
1240.759
1180.097
1131.502
1113.845
1110.723
1100.345
1094.827
1080.989
1075.194
995.126
986.568
991.473
1009.446
1015.392
1018.041
1000.068
994.55
1036.55
1036.248
1033.599
991.599
985.977
987.788
1005.761
1006.761
1005.761
1025.581
1005.761
1011.383
1016.901
1018.198
1016.901
1019.55
1011.82
1024.685
1029.955
1027.306
1022.036
1019.658
1006.793
1014.523
1016.901
994.185
928.995
928.347
952.273
946.495
948.94
942.273
1004.62
1011.287
1013.884
951.537
949.093
946.495
947.829
997.773
991.616
941.671
940.338
940.442
941.47
947.627
946.6
946.495
939.042
931.188
925.41
924.743
913.868
956.435
976.102
986.977
987.644
993.421
1001.275
958.708
966.162
946.495
942.072
912.697
906.586
824.294
817.627
814.859
835.616
895.032
898.241
962.741
1012.685
1019.896
1021.609
1014.887
1025.158
1007.185
1001.239
1006.144
1024.117
1030.063
1025.158
1031.559
1035.444
1036.092
1048.957
1050.795
990.133
983.646
986.025
1046.687
1053.173
1055.7
1053.173
1050.795
1054.815
1060.142
1073.385
1074.385
1076.052
1086.633
1090.236
1092.764
1099.543
1109.813
1061.218
1119.029
1139.919
1143.041
1191.635
1198.651
1195.766
1185.495
1105.428
1098.412
1107.454
1048.037
1027.174
1079.48
1081.146
1079.48
1076.358
1124.953
1124.851
1130.842
1131.842
1133.14
1131.842
1131.944
1083.349
1082.349
1076.358
1076.459
1083.486
1114.486
1118.135
1146.288
1172.122
1191.784
1209.441
1216.457
1203.214
1196.435
1195.435
1193.768
1183.187
1179.583
1177.056
1178.056
1184.836
1187.363
1190.966
1204.209
1170.876
1177.043
1234.854
1177.043
1166.408
1213.724
1212.101
1213.724
1211.408
1152.342
1146.026
1143.566
1123.226
1115.34
1108.509
1115.34
1095.675
1092.636
1170.596
1173.406
1176.445
1186.445
1108.485
1107.59
1101.274
1103.735
1110.05
1151.682
1153.998
1143.998
1140.489
1130.049
1136.152
1145.998
1185.844
1187.075
1187.171
1188.915
1189.863
1179.825
1179.209
1173.876
1166.626
1159.746
1120.453
1127.333
1134.583
1139.917
1140.532
1150.571
1168.724
1208.017
1189.863
1192.261
1189.863
1186.444
1176.406
1188.97
1192.389
1198.821
1199.769
1201.35
1199.769
1198.821
1192.389
1179.825
1175.171
1158.12
1152.479
1157.132
1174.184
1179.825
1189.863
1113.902
1094.741
1114.56
1104.816
1159.662
1205.765
1212.421
1214.002
1257.715
1254.827
1264.327
1283.008
1281.467
1274.977
1230.027
1227.267
1173.792
1176.679
1137.829
1119.496
1109.896
1103.946
1131.303
1130.073
1129.976
1128.233
1129.976
1139.823
1141.053
1142.002
1147.056
1150.87
1145.816
1142.002
1160.806
1200.652
1206.754
1206.85
1204.594
1198.44
1196.043
1138.491
1140.073
1127.509
1126.56
1124.979
1114.94
1111.521
1109.124
1121.688
1128.12
1129.068
1139.107
1142.526
1144.923
1138.491
1083.645
1093.389
1073.571
1149.532
1151.113
1157.769
1203.872
1223.69
1261.549
1251.806
1248.844
1229.684
1184.083
1182.461
1175.629
1128.314
1118.543
1121.504
1122.735
1121.786
1081.94
1063.137
1053.291
1047.188
1048.932
1049.028
1049.976
1089.823
1108.626
1118.472
1124.575
1124.479
1123.248
1121.504
1126.838
1125.607
1120.274
1119.325
1116.812
1115.094
1098.043
1096.996
1078.192
1079.423
1072.782
1073.731
1075.449
1092.5
1097.735
1112.872
1115.385
1144.769
1151.425
1155.592
1153.079
1131.528
1137.212
1183.314
1137.212
1138.16
1131.504
1130.274
1154.184
1153.211
1153.309
1154.572
1157.151
1179.27
1174.993
1174.895
1171.386
1170.412
1168.789
1158.487
1151.886
1162.189
1168.789
1169.763
1171.386
1174.895
1177.355
1190.25
1177.355
1174.895
1190.667
1218.667
1277.732
1302.886
1330.149
1343.044
1349.307
1347.518
1366.816
1407.711
1408.684
1409.947
1410.046
1409.947
1403.684
1405.474
1404.211
1403.237
1413.342
1394.044
1383.939
1343.044
1340.004
1356.025
1275.957
1274.291
1267.275
1218.68
1215.696
1157.885
1206.48
1208.146
1288.214
1267.545
1270.667
1280.937
1301.827
1308.842
1366.653
1356.383
1338.41
1332.464
1337.369
1355.342
1361.288
1356.383
1362.815
1373.194
1393.014
1435.014
1436.014
1437.311
1437.412
1417.592
1411.16
1400.782
1358.782
1357.782
1356.484
1356.383
1354.545
1356.383
1349.896
1324.063
1295.91
1293.261
1295.91
1299.514
1327.667
1347.863
1354.349
1350.745
1347.86
1373.694
1396.41
1454.221
1461.248
1463.626
1440.91
1383.099
1376.072
1373.694
1360.45
1364.054
1374.635
1376.302
1383.081
1396.324
1393.797
1390.194
1379.613
1389.883
1388.216
1387.216
1389.743
1390.743
1383.964
1464.032
1474.302
1464.032
1460.91
1518.721
1539.61
1570.3
1550.104
1470.036
1468.369
1461.354
1412.759
1391.869
1334.059
1341.074
1344.196
1328.487
1324.572
1319.386
1323.3
1328.487
1330.11
1337.55
1344.612
1304.285
1285.654
1275.351
1275.982
1270.509
1280.811
1299.443
1339.77
1339.138
1331.697
1337.171
1330.11
1349.254
1368.553
1378.658
1378.757
1382.309
1375.467
1345.283
1341.73
1347.993
1320.581
1295.428
1276.283
1259.09
1289.274
1282.443
1282.344
1299.537
1340.432
1367.844
1369.107
1394.261
1401.092
1399.303
1399.204
1397.941
1396.967
1356.072
1357.046
1363.888
1353.783
1347.52
1349.309
1349.408
1330.11
1319.807
1317.346
1330.241
1317.346
1310.746
1309.772
1308.149
1304.64
1314.943
1315.917
1317.539
1321.048
1323.509
1330.11
1345.863
1342.741
1332.471
1330.804
1323.788
1275.194
1195.126
1192.142
1134.331
1127.93
1129.768
1142.633
1143.282
1147.167
1153.568
1151.73
1138.865
1134.98
1134.331
1133.331
1133.23
1084.635
1083.338
1077.347
1070.914
1072.212
1070.374
1069.374
1071.212
1071.313
1072.313
1071.016
1070.914
1051.095
1093.095
1112.914
1123.293
1129.725
1119.347
1077.347
1070.568
1057.324
1056.324
1045.743
1042.14
1039.613
1037.946
1036.108
1034.811
1033.811
991.811
971.991
961.613
968.045
1010.045
1029.865
1030.865
1032.162
1032.264
1034.101
1027.669
1038.047
1037.946
1055.919
1051.014
1033.041
1027.095
1032
1037.946
1043.273
1047.293
1041.966
1037.946
1036.946
994.946
975.126
964.748
958.315
960.153
961.153
967.586
977.964
976.667
996.486
996.588
997.885
1039.885
1039.784
1037.946
1027.568
1026.27
1025.27
983.27
963.45
963.349
956.917
955.079
947.437
906.02
886.885
876.304
870.682
863.43
862.782
849.538
845.518
817.518
801.32
788.077
777.86
775.212
769.694
765.302
785.122
792.149
796.169
809.412
815.615
818.264
823.782
874.863
867.836
872.227
866.025
846.205
862.403
888.236
827.574
829.466
834.901
893.967
865.967
893.967
868.814
875.656
875.557
902.969
896.127
865.943
862.39
834.978
809.825
792.632
785.8
766.656
770.208
800.393
800.491
807.322
824.515
838.616
857.761
862.947
866.862
861.675
856.899
839.399
833.61
829.695
827.116
825.353
824.379
805.081
799.607
798.344
815.844
835.143
840.515
842.279
801.384
783.884
824.779
826.042
831.515
826.143
827.116
829.695
846.888
851.079
900.816
905.947
928.066
921.235
923.814
921.235
925.511
932.342
928.066
905.947
911.134
915.048
909.862
905.947
907.737
908.368
912.151
918.384
916.594
904.068
903.436
899.654
893.421
905.947
908.408
949.303
969.643
944.489
927.296
920.465
913.623
883.439
879.886
852.474
833.329
833.23
839.064
845.327
845.853
845.327
839.064
837.419
839.064
833.23
830.77
789.875
769.535
771.996
812.89
833.23
839.493
841.36
847.399
861.259
866.445
894.274
896.064
901.195
929.195
901.932
886.16
945.226
970.379
997.643
963.944
980.142
993.385
964.628
938.795
936.903
932.883
936.903
931.577
936.903
978.903
981.43
960.541
918.541
916.014
918.998
921.525
942.414
939.887
897.887
894.903
936.903
917.083
911.462
905.944
903.295
901.484
883.511
841.511
840.511
839.214
835.194
804.194
778.36
773.09
770.441
768.604
764.739
762.36
770.09
782.955
785.604
790.874
793.252
814.142
856.142
858.669
837.779
835.252
793.252
789.232
794.559
789.232
793.252
795.779
753.779
732.89
774.89
772.363
793.252
794.941
796.779
798.685
862.158
820.158
841.047
838.52
817.631
859.631
862.158
866.043
867.881
880.745
881.394
887.795
874.93
874.282
872.444
866.043
862.158
856.831
852.811
850.894
844.691
830.457
828.619
823.349
828.619
830.457
859.038
864.365
878.599
884.802
886.718
881.392
874.959
846.378
852.811
831.921
829.394
787.394
784.745
756.592
730.759
724.273
720.669
700.473
687.23
715.23
743.986
715.986
690.153
629.491
600.734
661.396
687.23
671.032
684.275
700.473
710.743
727.959
748.849
750.957
755.349
778.065
775.417
752.7
745.685
741.293
748.309
750.957
752.795
750.89
687.417
685.579
683.89
685.795
749.268
750.957
756.227
807.309
824.966
819.696
768.615
764.311
768.615
750.957
748.579
741.552
683.741
661.025
668.041
693.874
698.178
703.973
707.577
710.104
712.02
710.115
708.277
644.804
643.115
649.547
651.464
657.667
655.75
649.318
663.552
668.822
670.66
699.241
704.568
698.365
684.131
678.804
650.223
648.385
643.115
649.516
647.599
643.295
672.052
732.714
726.919
701.086
694.07
697.955
669.955
695.788
669.955
609.293
580.536
593.779
609.977
637.977
621.779
619.252
619.901
616.016
621.811
647.644
646.995
654.011
650.408
652.324
656.628
659.155
662.759
675.624
677.462
664.218
651.354
649.516
643.115
685.115
704.935
715.313
721.745
723.043
724.043
725.881
725.982
718.966
722.57
720.043
714.248
709.944
708.027
704.423
711.439
737.273
743.068
747.372
749.288
751.815
725.982
736.36
742.793
742.691
784.691
785.989
786.09
805.91
799.477
789.099
790.937
748.937
747.937
746.64
747.64
745.802
725.982
743.198
746.32
767.209
749.586
753.138
760.737
756.546
750.904
749.037
754.68
752.219
748.711
755.542
759.732
761.599
764.059
767.568
792.721
767.568
760.737
719.842
719.941
718.151
718.053
716.789
715.816
696.518
686.412
687.675
688.649
698.754
718.053
711.789
718.053
758.947
760.737
768.336
771.888
774.454
794.794
797.833
794.794
811.557
803.958
800.406
819.403
798.514
781.297
782.595
781.595
780.297
780.196
778.358
758.538
748.16
741.727
699.727
699.829
700.829
742.829
742.579
752.684
758.947
760.737
757.228
760.737
763.197
765.064
769.254
794.408
801.239
798.779
804.421
800.23
793.399
791.533
785.89
760.737
763.316
769.355
782.25
786.164
783.586
764.287
771.129
790.428
786.151
736.414
731.042
735.318
785.055
790.428
783.586
779.671
777.829
771.789
751.45
755.002
762.601
765.167
768.206
784.969
768.206
760.607
757.055
754.015
774.355
771.789
771.691
781.796
788.059
807.357
848.252
849.226
850.489
850.588
849.325
843.061
832.956
835.649
793.649
792.649
790.811
792.649
818.482
816.565
814.038
810.435
817.45
823.245
817.45
819.977
824.282
826.198
819.182
822.786
818.482
792.649
790
782.984
778.592
755.876
757.714
799.714
757.714
747.336
727.516
726.516
725.218
725.117
723.279
716.847
716.948
720.597
721.597
724.232
732.036
733.333
730.212
712.995
730.212
722.408
718.759
716.124
695.234
701.667
712.045
731.865
752.755
755.876
750.606
748.768
720.187
734.421
739.748
741.586
746.856
740.423
738.507
732.304
718.07
712.743
714.66
743.241
749.444
756.459
762.892
766.495
769.023
770.939
775.243
781.038
806.872
803.268
800.741
798.824
793.029
767.196
762.892
755.876
745.498
744.2
743.2
701.2
681.381
687.813
698.191
718.011
719.011
720.309
720.41
722.248
715.815
715.714
757.714
755.876
752.755
731.865
714.649
712.014
708.365
700.561
703.682
724.572
727.207
744.423
752.227
755.876
745.606
773.606
786.849
812.682
873.345
902.101
888.858
872.66
844.66
818.827
758.164
729.408
745.606
743.079
717.245
711.45
707.146
705.23
698.214
694.61
693.313
713.133
714.133
756.133
757.971
768.349
774.782
768.349
757.971
738.151
696.151
697.448
697.347
695.509
694.509
694.61
702.414
706.063
708.698
729.588
712.372
709.25
712.372
729.588
725.939
718.135
715.5
694.61
676.953
672.649
621.568
616.297
596.477
594.64
601.072
611.45
631.27
673.27
674.27
675.568
675.669
669.236
671.074
629.074
628.074
626.777
626.676
616.297
645.054
652.784
670
657.135
650.734
646.849
645.011
644.363
648.248
650.086
656.486
657.135
670
652.784
649.662
628.773
626.137
622.489
614.685
631.901
635.023
655.912
658.547
662.196
670
668.162
668.061
666.764
665.764
623.764
603.944
593.565
587.133
579.329
596.545
604.349
607.998
610.633
607.511
610.633
593.417
589.768
587.133
566.243
587.133
579.329
575.68
572.559
551.669
534.453
531.818
549.034
556.764
585.52
568.304
560.574
531.818
545.655
559.89
565.216
567.054
560.622
565.892
594.473
600.676
602.592
609.025
603.755
601.917
573.336
568.009
553.775
547.572
545.655
610.845
628.818
635.02
637.047
641.351
699.162
703.577
697.144
691.153
690.613
688.923
699.194
716.41
737.3
739.408
729.137
711.921
691.032
688.923
681.194
663.977
692.734
700.464
671.707
688.923
628.261
622.991
620.342
607.477
599.748
612.613
615.261
620.532
622.91
594.153
568.32
540.32
524.122
510.878
508.5
516.23
487.473
479.743
462.527
456.126
452.241
454.079
453.43
440.565
446.966
450.851
451.5
464.365
462.527
466.919
486.739
490.752
494.401
502.131
565.604
566.604
572.595
566.784
568.081
568.182
566.345
559.912
557.995
551.793
537.559
532.232
503.651
498.381
499.381
519.2
525.633
536.011
578.011
579.309
579.41
581.248
583.356
590.135
609.955
632.671
635.198
649.036
656.288
662.721
673.099
672.998
671.16
713.16
714.16
715.457
715.559
717.396
737.216
726.838
707.018
665.018
664.018
657.586
656.288
704.883
698.892
650.297
649
649.101
648.101
654.092
653.991
655.288
656.288
698.288
718.108
728.486
734.919
736.216
736.318
738.155
731.723
721.345
701.525
659.525
658.525
657.227
657.126
655.288
656.288
662.491
664.518
668.932
734.122
791.932
796.236
814.209
808.007
805.98
801.565
736.376
678.565
674.261
656.288
658.126
658.227
664.66
658.227
656.39
657.687
647.309
627.489
585.489
584.489
583.191
583.09
584.09
626.09
645.91
656.288
645.91
656.288
676.108
682.541
724.541
725.838
727.676
721.243
722.243
702.423
660.423
659.423
658.126
658.025
656.187
656.288
669.153
662.752
649.887
650.536
654.421
660.822
658.984
660.822
660.173
656.288
662.234
727.423
736.315
736.417
735.119
686.525
680.534
679.534
685.525
734.119
735.417
735.315
736.315
735.018
734.917
733.079
752.899
742.52
700.52
680.7
687.133
697.511
739.511
738.511
739.809
739.91
741.748
742.748
736.315
742.748
753.126
772.946
814.946
815.946
816.047
817.345
810.912
800.534
780.714
738.714
737.714
736.417
736.315
734.477
736.315
737.613
744.045
763.865
805.865
805.966
816.345
809.912
808.074
809.912
809.811
808.514
809.514
767.514
747.694
746.694
736.315
729.063
715.225
713.117
693.297
670.581
693.297
700.077
707.329
721.167
723.275
743.095
736.315
733.788
736.315
746.694
788.694
789.694
790.991
791.092
792.93
786.498
776.119
756.3
714.3
713.3
712.002
711.901
718.333
738.153
736.315
735.018
735.119
736.119
742.11
790.705
792.002
743.408
737.417
736.417
736.315
749.18
763.018
773.396
791.369
798.149
803.77
830.302
888.113
931.847
951.667
931.847
924.82
929.212
980.293
985.811
988.459
994.662
981.419
975.216
972.568
967.05
915.968
919.989
927.016
922.624
935.867
931.847
925.414
915.036
895.216
853.216
851.378
851.277
849.98
848.98
851.088
899.899
905.225
909.529
936.061
934.764
886.169
886.27
887.27
893.261
887.27
935.865
937.162
937.061
936.061
930.115
995.304
1001.25
1010.142
944.953
936.061
922.223
936.061
933.953
913.063
915.171
897.955
900.939
918.155
928.426
918.155
905.291
861.556
851.178
857.957
800.146
773.615
779.236
805.768
787.795
845.606
858.471
852.849
846.07
859.908
877.881
888.259
931.993
918.155
917.507
911.106
907.221
905.383
892.518
902.788
904.626
906.653
912.856
914.234
849.045
844.631
826.658
831.072
896.261
954.072
958.376
900.565
896.261
902.464
904.491
922.464
916.261
914.234
900.396
893.144
886.365
884.257
904.077
917.914
920.441
943.158
923.338
900.622
898.095
904.874
912.126
914.234
908.243
907.243
907.142
858.547
857.25
813.516
786.984
800.822
813.687
831.66
842.038
885.773
912.304
970.115
975.736
982.516
969.651
955.813
949.034
931.061
920.682
915.061
857.25
851.98
844.25
857.115
864.845
862.466
865.115
870.385
872.764
870.115
857.25
855.223
857.331
906.142
911.468
915.773
942.304
936.977
888.167
886.059
896.329
898.356
896.518
902.721
904.099
893.829
892.45
865.919
859.716
861.554
857.25
866.142
872.088
937.277
928.385
922.439
857.25
843.412
845.939
868.655
888.475
890.583
897.836
904.615
918.453
915.926
909.146
901.894
879.178
877.07
857.25
844.385
837.606
831.984
805.453
747.642
703.908
761.718
788.25
793.872
780.034
786.813
776.435
758.462
802.196
820.169
834.007
846.872
857.25
863.453
869.399
871.507
873.345
876.993
883.426
903.088
904.313
886.34
882.036
884.063
888.477
953.667
957.971
975.944
969.741
967.714
902.525
844.714
902.525
898.11
904.313
902.475
896.273
886.002
887.381
893.583
895.61
894.232
892.205
894.043
904.313
962.124
1000.345
1010.723
992.75
969.101
981.966
1008.498
1012.092
1005.313
1012.092
1017.714
991.182
977.345
919.534
875.8
865.421
852.556
846.935
838.043
843.989
852.881
846.935
781.745
846.935
798.124
796.016
822.547
826.851
875.662
877.77
883.097
878.793
873.466
846.935
839.682
832.903
835.43
821.592
819.484
799.664
822.381
824.489
844.309
858.146
864.926
862.399
839.682
846.935
873.466
886.331
900.169
918.142
928.52
972.255
968.66
958.282
900.471
873.939
868.318
861.538
847.7
834.836
841.615
847.236
905.047
898.8
888.529
894.732
896.57
906.84
908.218
906.84
900.637
902.664
900.637
898.8
916.457
920.761
971.842
977.113
974.128
972.02
954.804
944.534
930.696
931.696
931.797
937.788
986.383
987.68
974.815
968.036
962.414
935.883
878.072
834.338
852.311
862.689
876.527
866.149
871.77
884.635
866.662
910.396
968.207
954.369
961.149
987.68
1000.923
1004.944
1010.462
1013.11
1017.502
1068.583
1074.786
1088.624
1082.678
1089.457
1091.295
1092.52
1098.466
1105.718
1107.827
1088.164
1087.245
1090.894
1087.245
1086.02
1079.818
1077.709
1080.236
1102.953
1093.226
1095.279
1093.489
1099.752
1105.792
1086.493
1084.441
1081.98
1101.125
1087.651
1080.59
1061.292
1068.134
1087.432
1080.831
1031.094
1025.721
1023.143
1017.103
1004.208
1000.294
993.452
989.175
967.057
958.399
964.189
1027.662
964.189
958.399
967.057
961.018
959.044
954.746
891.272
873.772
869.581
813.292
814.555
816.344
816.443
822.706
832.811
852.11
893.004
893.978
900.018
901.36
927.193
929.167
927.193
931.384
936.57
984.096
986.149
960.316
956.125
950.086
951.875
961.875
960.533
958.48
910.954
905.768
895.768
893.978
883.873
882.083
881.985
880.721
879.748
860.45
854.186
855.976
856.075
857.338
858.311
817.417
827.522
868.417
874.68
871.056
872.004
872.1
870.87
876.553
830.451
824.767
823.818
823.722
869.825
871.056
869.825
868.876
868.78
878.626
884.729
898.301
938.147
939.096
929.25
934.406
936.195
936.294
937.557
935.768
894.873
888.61
898.715
881.215
871.11
828.526
835.127
828.526
823.053
835.579
809.746
753.456
766.93
784.43
770.956
813.539
801.013
826.846
832.32
888.61
888.708
890.498
889.603
879.498
860.2
901.094
907.357
926.656
925.682
924.419
924.32
922.531
932.636
891.741
892.715
893.978
904.083
910.346
909.083
928.382
969.276
970.25
971.513
971.612
970.638
964.375
962.586
952.48
933.182
933.083
892.189
893.978
894.952
896.215
896.314
898.103
891.84
881.735
880.761
839.866
838.603
838.504
836.715
842.978
823.68
833.785
853.083
893.978
899.811
898.838
898.739
900.002
894.169
941.485
940.221
940.32
941.294
893.978
901.039
898.579
876.461
889.934
894.167
892.059
898.838
891.586
884.806
887.333
910.05
929.869
931.977
918.14
911.707
911.606
901.227
881.408
839.408
841.245
847.678
848.975
847.137
849.345
880.971
881.072
880.072
890.45
910.27
952.27
953.27
951.973
950.595
944.392
934.122
932.284
930.257
931.635
941.905
943.932
945.77
951.973
1017.162
1026.054
1017.162
951.973
957.919
951.973
949.766
918.14
920.347
951.973
952.074
962.453
956.423
997.318
998.292
999.555
1005.818
1007.607
1005.818
1005.719
1004.456
1003.482
962.588
943.289
933.184
926.921
913.447
887.614
831.325
818.798
776.215
766.11
748.61
743.136
736.535
767.329
717.592
776.658
782.974
785.434
768.241
764.05
766.366
768.515
785.708
789.899
839.636
844.768
842.618
811.825
806.693
796.588
798.297
808.676
808.574
766.574
765.574
764.277
762.439
756.007
757.845
757.946
759.243
760.243
802.243
808.676
828.495
860.122
862.329
860.122
828.495
827.495
827.394
821.403
772.809
771.511
772.809
773.809
779.8
828.394
828.495
786.495
788.874
794.144
787.712
777.333
757.514
755.676
755.574
768.439
767.439
759.709
746.845
744.196
738.926
741.574
740.277
737.899
745.628
749.932
747.824
699.014
693.687
689.383
662.851
664.959
691.491
740.302
745.628
747.836
779.462
747.836
745.628
748.155
754.642
752.264
754.642
752.115
745.628
684.966
745.628
749.232
750.903
753.552
784.552
795.133
823.714
830.493
831.493
833.16
843.741
846.268
859.511
880.401
893.644
911.302
909.095
877.468
879.676
911.302
942.928
940.721
909.095
911.302
912.302
913.968
924.55
928.153
930.68
923.901
930.68
943.923
941.396
940.396
938.73
925.486
914.905
911.302
909.464
905.815
899.383
879.721
885.923
891.869
893.095
894.932
898.581
905.014
924.676
926.784
925.559
923.45
917.248
911.302
901.032
899.005
892.802
891.423
889.586
887.207
884.68
887.059
918.685
920.892
889.266
887.059
893.545
896.072
956.734
896.072
889.586
869.766
821.171
835.009
842.261
849.041
846.514
869.23
871.757
849.041
846.932
833.095
825.842
819.063
818.962
817.962
811.971
831.791
830.493
830.595
831.595
837.586
862.86
864.123
866.175
879.07
876.61
873.101
862.798
861.175
860.202
853.601
840.706
847.307
848.281
851.789
862.092
863.715
866.175
862.268
853.439
845.912
842.36
823.061
818.785
816.636
785.842
787.991
818.785
808.482
780.654
808.482
778.298
795.491
792.912
791.285
804.18
783.783
766.59
796.774
799.353
809.656
811.283
790.943
778.048
775.899
745.105
747.254
778.048
765.154
758.553
757.579
755.956
745.654
742.145
739.684
729.388
735.989
736.963
738.586
748.888
752.397
754.857
749.068
740.41
746.2
754.857
691.384
754.857
757.318
816.384
818.7
816.239
809.923
750.857
748.542
754.857
752.708
721.914
709.02
721.914
728.515
730.138
727.678
737.98
738.954
735.445
737.906
736.283
735.309
728.708
732.217
721.914
716.081
686.84
685.543
685.441
684.441
686.968
684.59
623.928
617.441
614.914
617.293
672.441
678.928
677.261
666.68
663.077
660.55
673.793
660.55
659.55
666.329
667.995
678.577
682.18
684.707
677.928
678.928
665.685
683.342
693.189
691.561
701.864
699.285
700.912
690.61
685.971
668.779
698.963
701.542
681.202
701.542
696.118
666.707
669.207
694.378
693.429
695.827
693.827
703.865
702.284
692.246
688.827
686.429
689.848
702.412
708.844
712.927
717.981
718.929
706.365
699.75
694.697
696.278
692.194
667.024
660.592
696.13
698.13
699.848
707.098
713.171
655.62
658.017
664.171
721.722
723.979
721.581
715.427
713.171
731.974
741.821
747.923
748.872
750.103
789.949
791.692
791.788
785.357
784.408
782.827
772.788
769.37
766.972
754.408
756.408
769.536
775.968
773.571
760.442
741.639
739.639
758.442
752.011
730.459
723.579
730.459
732.857
754.408
773.212
771.468
771.372
770.141
769.192
779.038
739.192
729.346
723.244
724.987
725.083
726.314
727.263
767.109
748.306
754.408
764.152
734.741
724.703
697.588
717.406
729.97
746.722
773.838
783.876
813.286
815.799
813.286
811.701
813.286
793.468
791.673
774.921
781.075
782.818
785.216
786.447
784.703
784.607
783.376
782.427
742.581
723.778
713.932
707.829
765.38
766.329
766.425
761.425
767.528
709.976
707.72
705.323
707.579
701.425
697.342
680.59
690.436
709.239
749.085
700.624
727.188
735.624
747.932
794.034
809.402
811.402
810.171
808.427
807.479
808.427
809.658
809.754
811.498
771.652
811.498
830.301
811.498
801.652
811.498
805.395
811.498
811.402
817.043
811.402
873.248
881.684
819.838
811.402
809.658
790.855
751.009
757.111
756.162
756.066
765.912
759.81
799.656
800.605
790.759
790.855
792.598
791.368
758.632
759.863
762.261
768.415
825.966
828.222
825.825
819.671
762.12
759.863
750.017
749.921
748.69
747.741
707.895
689.092
682.989
684.733
684.829
686.06
687.009
726.855
745.658
755.504
761.607
759.863
779.682
781.267
798.019
796.434
793.921
806.485
796.447
769.331
752.579
723.169
703.35
705.863
735.274
745.312
772.427
759.863
762.363
759.863
758.632
757.684
717.838
699.034
689.188
707.991
709.735
709.831
711.062
712.011
751.857
750.113
759.959
766.062
759.959
759.863
761.026
767.128
770.59
772.333
777.974
783.859
765.205
764.333
760.872
759.128
757.966
752.325
746.44
744.44
763.094
765.094
762.581
781.385
785.551
834.013
839.248
841.761
847.645
860.209
864.024
870.69
864.806
846.002
839.335
835.521
822.957
774.496
769.261
765.094
758.94
756.684
699.132
696.735
736.581
737.53
738.761
738.857
744.959
744.863
743.632
753.479
752.975
752.05
753.75
735.417
725.817
719.867
681.017
679.317
673.046
670.708
649.696
647.746
634.946
616.613
609.904
611.604
670.317
672.079
673.642
718.792
716.842
671.692
683.861
679.778
654.607
656.607
660.69
685.861
690.915
683.665
681.947
688.019
695.269
674.391
668.318
668.222
666.991
660.889
659.94
620.094
617.114
607.009
608.798
608.897
610.16
651.055
670.353
680.458
686.721
684.932
685.906
713.906
721.432
738.195
725.564
716.906
689.643
691.695
707.467
754.783
767.414
776.072
803.336
801.283
753.967
738.195
745.026
746.649
766.989
814.305
833.969
843.969
847.009
901.252
956.098
946.252
944.509
944.412
943.182
903.335
884.532
878.429
877.481
874.968
873.382
843.972
833.934
829.415
812.662
800.098
780.28
856.241
859.203
868.947
849.128
803.026
796.37
794.788
718.827
737.987
701.118
702.741
709.572
737.481
740.312
795.158
785.415
766.254
763.293
754.857
749.216
738.908
746.241
718.959
735.293
762.575
746.241
738.908
737.327
661.365
642.205
651.949
645.293
642.462
596.359
672.321
662.577
681.737
736.583
739.545
774.122
780.778
782.359
779.397
760.797
705.951
707.759
705.951
645.733
643.989
642.387
702.605
704.348
705.951
702.989
709.645
764.491
784.31
794.053
774.893
777.855
797.015
851.152
852.694
778.631
777.09
767.59
760.098
753.608
798.558
779.235
725.76
728.198
725.76
732.25
741.75
744.638
763.319
826.881
773.406
754.083
709.133
707.592
649.774
646.812
637.068
691.915
693.94
720.868
722.372
716.041
697.815
704.791
720.327
746.278
730.742
723.766
697.815
653.961
642.254
638.6
636.697
628.673
603.404
605.307
619.925
663.778
675.486
683.51
708.778
781.035
824.888
827.705
836.974
843.305
861.53
880.382
881.886
872.618
869.801
846.596
848.485
841.829
840.248
764.286
745.126
799.972
745.126
743.524
701.287
699.498
697.643
687.643
684.603
686.226
764.186
783.851
786.89
796.89
790.059
810.399
866.689
914.004
857.715
837.375
759.414
757.792
710.476
717.307
697.643
685.116
687.695
680.169
682.485
695.011
700.143
707.669
705.353
702.774
697.643
723.476
727.667
732.853
780.379
732.853
707.02
702.829
700.776
695.59
697.643
691.41
683.969
682.206
654.206
646.68
629.917
628.294
607.954
551.664
544.833
466.873
419.557
416.518
396.853
386.853
404.353
410.393
412.958
410.393
408.34
402.3
396.511
394.721
391.169
384.906
365.761
364.568
367.029
368.895
375.726
379.917
385.559
389.068
414.221
405.564
378.3
330.985
318.353
316.3
300.529
320.868
361.763
364.224
371.055
367.546
360.715
385.868
391.511
366.357
360.715
356.524
354.658
352.197
356.388
359.897
362.357
364.224
343.884
346.344
387.239
407.579
366.684
364.224
357.393
332.239
329.779
324.136
319.945
318.079
319.945
316.436
323.268
348.421
351.93
356.121
358.581
364.224
361.763
320.868
300.529
302.989
343.884
364.224
366.684
362.493
366.002
371.645
368.136
365.675
363.809
370.64
364.998
339.844
364.998
369.189
371.055
364.224
384.564
425.458
427.919
407.579
405.118
364.224
357.393
332.239
326.596
322.406
324.866
322.406
324.272
328.463
331.971
330.105
326.596
333.428
358.581
364.224
346.724
340.684
346.724
364.224
390.057
388.004
383.814
378.627
352.794
400.32
405.507
409.697
362.171
364.224
405.118
407.579
366.684
364.224
384.564
364.224
362.357
365.866
368.327
372.518
378.16
375.7
382.531
379.022
372.191
347.037
341.395
337.204
362.357
364.224
361.658
364.224
384.564
387.024
366.684
325.789
323.329
364.224
367.732
371.923
377.566
402.719
409.55
411.417
407.908
405.447
403.581
396.75
371.596
374.057
369.866
364.224
369.355
373.546
423.283
440.476
443.099
448.888
526.849
533.164
530.704
533.164
492.27
520.099
560.993
581.333
560.993
565.184
562.724
560.857
556.667
551.024
525.871
519.039
515.531
522.362
529.204
546.397
546.496
565.64
590.794
618.206
621.759
651.943
649.482
608.588
588.248
605.748
610.524
616.314
622.353
639.853
633.814
616.314
609.471
590.173
584.8
587.379
581.34
578.761
576.919
573.004
568.728
518.991
538.289
542.566
592.303
597.675
603.715
616.61
620.524
627.366
624.8
627.366
631.557
636.743
589.217
584.031
579.84
577.787
579.84
627.366
653.2
627.366
599.954
630.138
604.985
585.84
568.647
561.816
561.717
568.559
572.112
597.265
624.678
634.783
654.081
673.226
714.121
731.314
738.145
738.243
734.691
740.954
710.77
711.743
713.007
713.105
714.895
708.053
725.553
720.776
703.276
697.487
702.263
708.053
718.158
716.368
722.632
721.368
740.667
740.568
781.463
771.357
772.621
772.719
774.509
768.246
748.947
747.974
748.947
708.053
714.316
728.175
734.215
739.401
767.23
769.02
770.886
776.018
766.018
772.333
850.294
854.485
860.274
856.083
828.254
822.465
744.504
738.189
735.566
763.395
766.018
776.123
782.386
801.684
842.579
843.553
844.816
844.914
838.651
840.441
821.143
780.248
779.274
778.011
777.912
776.123
766.018
764.754
762.965
762.866
721.971
720.998
722.261
741.559
782.454
783.428
764.129
764.228
766.018
776.123
769.86
759.754
766.018
766.991
772.825
772.923
820.239
821.502
862.397
863.371
822.476
828.739
838.844
852.774
854.037
853.064
854.853
853.064
852.965
851.702
851.8
841.695
835.432
816.134
811.357
793.857
788.068
792.844
798.634
816.134
810.094
792.594
798.634
816.134
857.029
816.134
815.16
815.259
795.961
785.855
787.118
788.092
789.882
799.987
806.25
805.355
804.092
803.993
802.204
821.502
824.068
821.502
802.204
812.309
814.099
814.197
815.461
816.434
857.329
876.627
835.732
841.996
835.732
834.759
824.654
824.555
824.654
831.485
848.678
867.822
892.976
920.388
923.941
954.125
960.967
959.704
959.605
929.421
925.868
898.456
873.303
854.158
836.965
830.134
823.292
821.502
825.693
821.502
838.695
833.564
783.827
833.564
838.695
821.502
827.765
847.064
887.958
888.932
890.195
900.3
898.511
898.61
900.399
894.136
884.031
864.732
823.838
823.739
822.765
821.502
846.656
902.945
908.779
909.752
909.851
908.588
909.851
908.877
908.779
922.015
874.7
868.866
851.366
846.59
864.09
869.879
864.09
868.866
868.768
875.031
885.136
904.434
945.329
943.539
944.803
944.901
938.638
939.612
920.314
913.498
912.524
911.261
913.05
902.945
895.419
882.893
880.314
875.182
872.866
880.393
892.919
895.498
900.629
902.945
877.112
872.921
867.735
820.208
818.156
813.024
811.235
783.406
778.219
764.36
758.096
756.23
750.191
756.454
762.493
776.353
781.539
783.406
785.195
790.327
818.156
816.366
816.268
815.294
809.031
798.925
779.627
738.732
737.469
754.969
759.746
761.535
765.318
778.792
789.094
816.507
820.015
822.638
816.322
810.533
782.704
778.513
781.136
808.965
815.281
812.658
890.618
896.408
900.599
822.638
822.539
823.803
871.118
876.952
877.925
878.024
872.191
824.875
823.612
822.638
840.138
834.349
816.849
812.072
817.862
822.638
805.138
799.099
816.599
822.638
805.445
801.893
801.794
794.963
764.779
737.366
712.213
705.371
686.226
683.66
686.226
686.127
685.154
679.32
678.057
679.32
685.154
685.252
686.226
638.91
686.226
681.45
663.95
658.16
672.02
673.886
701.715
707.754
709.544
714.675
708.412
706.546
700.507
686.647
684.857
657.029
651.842
658.105
663.292
658.16
685.572
690.349
707.849
682.695
626.406
651.559
707.849
706.875
708.138
708.039
713.873
714.846
762.162
760.899
760.998
755.164
707.849
690.349
684.309
686.875
684.309
680.118
630.382
613.189
608.057
530.096
524.307
496.478
492.287
489.664
483.349
465.849
438.436
433.66
451.16
478.572
483.349
482.086
434.77
428.936
427.963
427.864
434.127
427.864
432.996
431.129
458.958
452.919
439.059
433.873
406.044
407.833
413.02
426.879
421.748
427.787
429.654
427.864
477.601
482.974
485.553
491.592
504.487
508.401
527.7
523.423
518.05
515.471
509.432
496.537
492.623
496.899
490.057
470.759
421.022
427.864
402.711
346.421
402.711
427.864
425.298
430.075
457.487
439.987
412.575
407.798
425.298
419.035
412.996
411.206
406.02
378.191
383.322
369.463
371.252
369.386
383.246
385.112
391.375
396.561
424.39
430.43
425.298
442.798
470.211
474.987
447.575
430.075
425.298
400.145
343.855
336.329
323.803
321.224
323.539
330.14
335.93
355.228
382.64
385.219
385.851
380.719
378.404
385.93
398.456
403.588
404.851
417.377
399.877
372.465
377.241
404.654
399.877
417.377
389.548
384.417
382.627
377.441
363.581
357.542
355.675
349.412
399.149
404.281
421.474
425.664
429.173
431.634
433.5
437.691
443.333
468.487
475.318
457.818
430.406
447.906
443.129
447.906
475.318
471.809
469.943
465.752
472.583
497.737
503.379
507.57
509.436
512.945
507.303
482.149
475.318
477.779
475.318
468.487
443.333
445.794
447.66
442.018
437.827
435.961
439.469
437.009
433.5
440.331
465.485
471.127
475.318
481.581
491.686
510.985
551.879
553.669
554.643
555.906
556.004
558.465
533.311
529.121
527.254
524.794
521.285
528.116
533.759
537.95
539.816
543.325
568.478
562.836
556.004
557.268
555.478
555.379
554.116
553.143
512.248
492.95
486.686
488.476
488.575
489.548
530.443
549.741
559.846
566.11
556.004
549.173
552.682
555.143
557.009
561.2
566.842
591.996
598.827
596.366
592.857
567.704
562.061
557.871
556.004
536.706
541.482
568.895
586.395
581.618
554.206
536.706
536.607
535.344
494.45
500.713
510.818
530.116
528.327
527.353
568.248
569.221
570.485
570.583
572.373
566.11
556.004
562.32
564.899
607.482
600.651
604.16
606.621
608.487
612.678
637.831
644.662
650.305
647.844
645.978
641.787
636.145
610.991
607.482
597.377
596.114
595.14
554.246
564.351
558.088
598.982
599.081
600.344
601.318
607.581
607.482
609.272
607.482
588.184
607.482
601.219
603.009
603.107
604.371
605.344
646.239
636.134
655.432
614.537
613.564
612.3
612.202
610.412
616.675
626.781
607.482
610.991
606.8
601.158
599.292
596.831
593.322
600.154
625.307
630.95
635.14
637.007
639.467
632.636
607.482
605.693
605.594
607.384
606.41
612.673
622.779
621.515
662.41
663.384
682.682
682.781
676.518
666.412
647.114
606.219
607.482
603.974
601.513
599.647
595.456
589.814
564.66
557.829
598.724
596.934
596.836
595.572
596.546
602.809
612.914
632.213
633.476
633.575
635.364
629.101
618.996
599.697
598.724
557.829
562.961
567.151
616.888
634.081
628.95
579.213
575.022
557.829
607.566
612.939
617.215
623.254
625.833
618.991
615.077
602.182
596.143
593.564
588.191
568.893
564.616
583.914
590.757
594.671
607.566
557.829
577.127
618.022
618.996
620.259
620.357
622.147
615.884
574.989
555.691
554.717
553.454
553.355
551.566
561.671
551.566
557.829
540.329
512.917
508.14
508.042
514.305
524.41
543.708
542.445
543.419
544.682
585.577
587.366
581.103
570.998
551.7
510.805
509.831
508.042
508.14
518.14
535.64
542.702
544.281
546.254
550.553
552.316
554.895
552.316
594.899
601.215
558.632
552.316
546.053
535.947
535.849
534.586
533.612
492.717
473.419
471.629
472.971
482.971
484.761
486.735
492.774
520.186
530.489
533.112
534.901
539.678
557.178
560.961
557.452
530.039
516.566
506.263
503.64
498.864
481.364
477.581
481.09
479.3
492.774
475.274
473.3
471.537
469.958
474.257
464.257
459.958
452.897
454.66
456.239
463.3
480.8
490.8
492.774
503.077
508.263
510.724
530.022
532.325
560.154
562.303
609.618
609.717
610.691
611.954
617.787
619.761
621.524
631.524
649.024
656.086
657.664
656.086
654.322
652.349
648.05
652.349
645.287
635.287
617.787
615.327
596.029
593.879
588.693
578.39
606.219
608.522
627.82
629.969
632.43
642.732
614.904
620.09
617.787
600.287
602.261
604.024
605.603
612.664
630.164
634.463
644.463
634.463
627.401
625.638
623.664
619.366
617.787
620.366
614.05
611.471
568.888
575.204
617.787
619.654
618.39
618.292
618.39
619.364
625.197
672.513
673.776
672.803
666.969
619.654
629.654
628.311
622.272
620.298
618.509
608.509
609.851
615.89
617.864
619.654
609.654
627.154
634.215
635.794
637.557
635.583
639.882
649.882
632.382
628.083
630.057
628.294
621.232
619.654
591.825
594.127
591.825
572.526
570.377
567.917
595.746
600.932
611.235
600.932
620.23
622.379
617.193
619.654
622.232
634.759
627.232
634.759
622.232
627.364
624.785
619.654
621.969
619.654
629.654
647.154
654.215
636.715
638.689
642.987
632.987
625.925
624.346
622.583
618.285
619.864
617.89
619.654
621.417
626.89
627.522
690.996
713.114
712.14
713.404
714.377
714.476
713.213
665.897
660.064
659.965
707.281
713.114
740.943
730.64
728.491
709.193
706.89
704.43
699.243
671.414
676.601
679.061
681.211
661.079
663.382
673.684
669.386
652.193
648.002
598.265
593.134
591.16
581.16
579.581
572.52
582.52
565.02
582.52
589.581
591.16
592.923
594.897
599.195
597.432
584.906
584.274
556.862
563.463
569.252
588.55
615.963
628.489
629.752
630.384
623.783
604.485
603.221
597.432
640.015
646.331
648.91
646.331
603.748
611.274
604.958
621.721
649.721
647.748
649.721
651.511
661.511
667.55
668.893
658.893
657.55
651.511
649.721
621.893
619.59
617.129
644.958
634.656
615.357
617.66
636.958
639.107
641.568
646.754
657.057
651.871
649.721
671.84
735.314
740.787
742.55
720.432
656.958
655.195
655.827
650.353
649.721
651.3
647.002
645.029
655.029
672.529
679.59
681.353
683.327
687.625
677.625
660.125
653.064
651.485
649.721
649.623
648.649
648.748
650.011
642.125
640.862
635.029
682.344
688.178
689.151
705.914
677.914
670.388
653.625
681.625
689.151
699.151
716.651
723.713
725.292
727.055
729.029
733.327
723.327
716.265
698.765
697.002
695.029
690.73
689.151
683.965
673.662
676.123
673.974
654.675
659.862
662.011
689.84
709.138
711.441
683.612
681.309
691.612
689.151
752.625
774.743
772.98
767.507
766.875
703.401
681.283
683.046
688.52
689.151
736.467
737.73
737.829
738.803
744.636
743.373
736.311
730.478
729.504
729.406
719.406
701.906
700.327
698.564
696.59
692.292
644.976
647.555
604.971
611.287
653.871
647.555
619.555
627.081
643.844
671.844
655.081
647.555
644.976
692.502
682.2
677.013
674.553
672.404
670.101
680.404
708.232
680.404
685.59
666.292
668.594
670.743
673.204
692.502
690.529
688.739
678.739
684.779
686.752
688.542
698.542
692.502
691.16
692.502
693.476
693.575
699.838
709.943
729.241
731.031
771.925
773.189
771.925
770.952
730.057
710.759
700.654
694.39
713.689
754.583
760.846
770.952
772.741
772.84
774.103
775.077
773.287
773.189
773.82
772.057
771.425
707.952
685.833
687.596
693.07
756.544
778.662
773.189
756.425
748.899
720.899
715.066
667.75
666.487
666.388
665.414
665.316
659.053
648.947
629.649
627.86
626.596
625.623
627.412
633.675
643.781
663.079
622.184
663.079
664.053
665.316
665.414
637.586
635.283
637.586
635.436
632.976
643.279
648.465
650.925
645.739
635.436
663.265
682.564
684.713
665.414
706.309
696.204
676.906
636.011
635.037
633.774
633.675
631.886
631.985
633.248
634.221
636.011
655.309
665.414
671.678
665.414
706.309
725.607
719.344
721.134
719.344
719.246
717.982
717.009
717.107
697.809
687.704
688.967
695.23
705.336
706.309
665.414
662.836
620.252
626.568
669.151
662.836
665.414
667.875
678.178
683.364
685.513
675.211
677.513
705.342
700.156
697.695
695.546
676.248
673.945
646.116
665.414
601.941
601.309
595.836
594.072
657.546
658.178
680.296
682.059
687.533
665.414
617.888
665.414
675.52
681.783
675.52
665.414
646.116
605.221
605.32
607.11
626.408
627.382
668.276
667.303
666.039
665.941
664.151
665.414
667.388
673.428
674.77
672.98
671.007
664.967
663.625
653.625
663.625
665.414
670.787
651.489
644.647
640.732
627.838
621.798
619.219
613.846
564.11
559.833
579.132
585.974
598.868
604.908
609.184
658.921
661.5
665.414
675.52
675.421
674.158
673.184
679.447
638.553
619.254
609.149
610.939
611.037
612.3
613.274
654.169
673.467
671.678
665.414
664.441
665.414
675.52
694.818
735.713
736.976
737.075
738.864
732.601
722.496
728.759
709.461
708.197
708.099
706.309
665.414
667.564
665.261
684.559
687.02
692.206
702.509
704.811
676.982
666.68
661.493
659.033
656.884
637.586
665.414
684.713
690.976
701.081
741.976
743.765
745.029
743.239
744.213
742.95
741.976
741.877
731.772
725.509
725.607
706.309
665.414
743.375
700.671
702.524
705.216
711.37
713.464
730.515
733.015
759.84
758.165
752.965
752.365
692.065
671.052
652.719
643.119
637.169
635.469
635.375
634.175
633.25
594.4
620.442
627.66
632.588
637.125
653.75
657.731
631.294
629.252
626.915
617.127
614.94
610.013
591.679
589.229
583.229
623.683
583.229
585.679
591.679
595.013
601.013
606.963
652.113
606.963
605.263
595.763
597.038
602.775
604.65
602.775
604.475
603.2
612.7
606.963
608.525
610.225
668.938
670.7
664.7
709.85
783.913
802.594
821.917
819.479
822.104
819.479
820.673
818.579
803.387
777.002
759.502
761.651
767.967
785.467
788.033
768.368
766.502
772.735
777.011
789.537
786.958
774.432
766.906
769.485
774.616
776.932
784.458
782.143
777.011
819.594
822.173
828.489
785.906
783.327
777.011
784.61
804.95
807.989
824.752
828.305
830.871
769.068
721.542
719.686
737.186
738.379
741.002
746.836
748.625
810.428
812.283
810.638
812.283
810.493
800.493
794.454
793.112
791.138
789.349
772.586
769.546
749.206
746.64
743.088
746.127
762.89
783.23
785.796
793.395
785.796
789.349
867.309
870.072
890.412
896.728
898.877
901.443
918.943
898.603
895.84
902.629
885.129
881.594
879.5
833.192
757.231
754.731
748.577
729.417
713.083
710.122
690.303
687.803
684.342
676.938
693.271
696.233
703.637
707.098
726.917
729.417
734.071
707.361
702.308
694.904
690.821
698.224
724.934
729.987
747.038
729.987
734.071
729.417
745.75
729.417
725.955
722.994
703.175
700.675
708.079
700.675
703.175
722.994
725.955
729.417
732.378
739.034
740.615
796.163
814.844
813.821
837.254
888.183
897.23
902.508
904.881
902.508
901.429
885.595
880.317
881.397
897.23
878.827
876.506
873.756
858.589
855.375
848.5
863.667
882.069
884.391
887.605
894.48
897.23
899.98
970.516
971.984
978.165
972.795
990.769
1016.866
1008.229
1005.604
956.991
997.854
979.246
984.159
977.978
976.51
985.558
915.022
919.114
917.394
860.114
858.455
856.931
875.783
891.319
894.136
896.514
889.472
873.935
870.642
868.264
849.413
846.596
849.888
856.931
851.565
845.447
846.033
845.447
827.561
852.967
870.854
876.22
887.829
862.423
863.593
862.423
868.541
856.931
896.398
890.545
888.154
848.687
851.077
856.931
813.077
806.746
803.929
805.346
803.804
729.742
739.242
742.129
760.81
834.873
836.415
842.904
809.671
829.489
848.771
828.953
819.209
843.679
846.171
847.304
841.763
825.138
824.004
821.513
827.054
843.679
840.304
847.523
850.898
853.335
872.658
870.221
873.108
865.89
849.965
847.077
827.754
843.679
769.617
767.179
750.554
795.704
869.767
888.448
907.771
910.396
912.438
893.756
896.644
895.102
892.215
882.715
913.356
907.024
884.75
865.427
811.952
811
854.854
861.185
862.689
934.945
930.476
939.524
945.238
947.56
963.393
961.448
955.734
937.331
941.967
939.407
933.114
860.858
866.663
863.411
857.606
851.752
855.004
860.858
857.565
850.522
866.059
868.876
866.498
850.961
853.339
834.488
841.53
844.823
842.006
860.858
913.028
922.297
870.126
878.15
883.927
886.488
889.994
893.616
898.689
902.104
858.25
851.919
833.067
835.213
838.1
812.219
757.083
758.665
765.321
820.25
839.573
830.073
827.185
850.864
849.36
842.317
839.939
824.402
821.585
802.734
799.441
794.035
777.815
776.709
774.278
779.685
795.904
797.01
799.441
871.697
874.514
883.783
885.287
813.03
819.362
801.136
798.319
796.815
787.547
806.398
858.569
876.795
870.463
847.275
827.952
872.902
863.99
837.948
825.148
815.36
812.869
811.169
806.631
803.298
799.704
783.079
784.621
791.11
836.06
855.383
781.321
761.998
708.523
663.573
717.048
698.367
695.479
714.16
717.048
726.548
725.006
718.517
792.579
783.079
785.279
787.617
793.617
849.729
843.95
837.95
835.5
880.65
835.5
909.563
912
914.042
920.042
939.365
919.346
845.283
826.602
823.715
840.34
838.798
841.423
796.473
789.983
770.66
761.16
759.119
756.681
750.681
732
657.938
604.463
585.14
568.515
565.89
560.348
576.973
560.348
559.215
556.723
562.265
564.756
565.89
549.265
544.338
548.319
544.338
539.8
565.842
582.467
575.248
549.206
556.425
561.352
565.89
559.89
562.227
568.227
624.34
626.54
624.202
568.09
565.89
564.756
548.131
550.623
551.756
568.381
573.923
571.431
565.89
568.227
574.227
630.34
632.54
630.34
574.227
568.227
565.89
569.952
557.702
553.983
547.483
529.15
524.046
521.596
515.858
511.796
530.129
536.629
540.348
552.598
558.335
560.785
565.89
613.14
565.89
567.931
573.931
557.306
550.856
476.794
458.113
438.79
436.165
430.165
428.123
425.685
470.835
487.46
506.142
508.579
527.902
530.527
588.027
590.227
596.227
652.34
650.14
594.027
588.027
590.365
588.027
582.485
599.11
597.977
599.11
604.652
602.16
585.535
588.027
584.315
579.115
582.615
587.815
579.59
576.09
584.315
590.235
586.642
590.235
593.948
591.323
585.402
588.027
614.069
619.806
637.506
677.96
694.294
696.631
714.965
753.815
754.74
755.94
756.033
757.733
767.333
773.283
767.283
711.171
708.971
706.633
708.971
714.971
717.171
773.283
812.133
812.227
813.927
807.977
798.377
780.044
779.119
777.919
777.825
779.025
777.325
738.475
744.425
754.025
739.983
740.908
753.708
747.708
741.758
738.425
741.758
747.708
753.708
737.083
739.575
756.2
757.333
762.875
760.383
754.842
753.708
754.908
753.208
753.115
791.965
801.565
819.898
825.848
824.648
826.348
820.398
810.798
810.892
804.417
803.492
785.158
786.083
792.033
801.633
795.683
786.083
767.75
786.083
824.933
825.858
827.058
828.758
827.058
827.152
788.302
788.208
787.008
786.083
802.708
805.146
793.333
812.656
815.281
821.281
747.219
702.069
757.201
801.25
785.03
782.652
780.661
774.807
772.246
769.553
750.022
731.797
733.943
788.687
790.679
792.959
821.5
827.354
821.5
819.22
817.073
762.329
766.756
782.976
786.86
791.667
798.709
824.116
798.709
791.667
786.86
782.976
778.549
762.329
762.238
756.433
758.091
758.183
759.354
760.256
798.159
816.045
814.386
820.191
802.305
764.402
763.232
772.598
771.695
762.329
764.321
735.78
733.789
762.329
762.421
767.827
811.681
812.852
813.754
829.974
831.079
833.51
832.404
816.185
810.778
808.348
813.754
796.323
824.185
822.24
785.24
784.359
783.216
783.127
755.266
753.647
759.313
750.171
732.71
727.044
728.663
729.806
729.895
730.776
767.776
785.236
794.379
796.474
849.915
847.819
842.105
847.819
850.046
796.605
794.379
792.435
783.222
811.762
813.754
851.657
850.486
850.394
849.492
867.378
876.744
882.549
844.646
845.549
846.72
828.833
819.467
819.559
817.9
819.559
813.754
774.287
776.567
793.835
791.555
766.148
750.213
744.616
784.083
800.018
825.425
831.022
813.754
811.762
840.303
842.295
813.754
812.852
814.51
832.396
870.299
871.201
861.835
860.665
860.573
858.915
821.012
803.126
812.492
818.297
819.467
819.559
813.754
811.364
799.754
794.998
788.022
794.998
806.608
808.998
813.754
815.9
813.754
820.73
824.693
827.986
864.188
867.724
885.185
883.089
885.315
891.03
863.169
857.454
855.228
908.669
936.53
938.474
885.034
887.129
885.185
884.105
868.272
862.994
860.621
859.002
864.669
873.812
891.272
928.272
929.153
930.296
930.385
932.004
926.337
917.194
880.194
879.313
878.171
878.081
860.621
860.532
859.389
859.478
860.359
865.637
866.78
865.899
908.708
865.899
860.621
854.478
836.687
818.284
815.784
763.425
757.571
755.579
753.201
750.498
779.039
781.03
752.49
750.498
747.937
746.766
746.675
745.016
741.602
740.699
702.797
684.911
675.545
669.74
664.667
661.045
657.539
663.315
671.339
674.846
678.26
683.333
675.309
677.87
672.093
675.715
685.081
690.311
694.274
700.616
702.445
702.933
731.474
733.465
731.474
702.933
648.189
642.335
640.189
637.909
635.917
664.457
666.449
637.909
641.872
647.648
643.685
637.909
639.9
637.909
666.449
637.909
639.638
662.951
668.181
672.065
675.317
677.598
683.929
685.1
728.953
734.36
734.451
733.28
689.427
684.02
683.118
683.026
683.929
655.388
653.396
650.144
652.425
655.677
660.907
684.22
685.949
683.669
681.939
678.055
684.386
661.073
654.742
649.512
653.396
651.116
656.713
682.12
664.852
625.384
609.449
584.043
586.323
602.258
641.726
636.128
653.396
627.99
620.947
616.14
612.256
596.037
591.61
617.016
624.059
628.866
633.293
649.512
653.396
676.709
678.99
682.242
688.573
685.321
683.041
681.311
677.427
672.197
648.884
642.553
647.783
649.512
653.396
669.331
674.087
720.185
724.069
729.923
724.118
727.37
733.175
727.321
724.069
722.898
722.807
721.904
716.498
717.669
761.522
766.929
767.831
767.923
724.069
700.756
698.476
701.728
695.396
701.728
725.041
730.27
734.154
735.884
738.165
736.435
732.551
727.321
724.069
717.951
712.585
694.699
669.293
668.122
667.537
655.927
632.614
638.945
662.258
667.488
671.372
673.102
675.382
678.634
673.404
671.675
668.423
662.091
659.811
655.927
673.813
711.715
713.374
713.465
714.636
715.539
721.343
730.709
733.961
736.242
737.972
741.856
747.085
770.398
776.73
773.478
771.197
767.313
762.083
738.77
732.439
730.709
712.823
718.628
727.994
745.88
783.783
784.685
785.856
785.947
787.606
781.801
772.435
770.776
770.685
769.514
768.612
730.709
686.856
681.449
684.864
684.772
684.864
685.766
691.173
735.026
727.002
725.831
724.929
730.002
733.508
736.069
741.846
749.87
746.455
741.382
737.76
734.254
731.693
725.917
727.087
730.709
733.961
736.242
740.126
745.356
768.669
775
771.748
769.467
767.738
763.854
758.624
735.311
728.98
730.709
712.823
674.921
680.726
690.091
707.978
745.88
747.051
747.142
748.801
749.703
740.337
738.679
738.587
737.417
736.514
730.709
725.112
730.709
728.429
711.161
695.226
669.819
672.1
632.632
658.039
675.307
714.774
730.709
729.807
691.904
691.813
673.927
664.561
658.756
657.098
633.785
633.876
627.545
626.374
627.545
623.661
624.563
662.465
680.352
689.717
695.522
697.181
691.951
690.222
687.941
684.689
678.884
660.998
623.096
613.73
612.559
614.217
612.559
611.657
611.748
611.657
612.559
650.461
651.632
669.518
678.884
684.689
683.518
678.112
677.209
677.118
633.264
651.15
660.516
666.321
666.413
666.321
665.15
664.248
626.346
608.459
599.093
593.289
631.191
632.093
633.264
631.606
633.264
634.923
631.295
637.1
619.213
612.872
616.5
604.549
598.951
596.561
591.581
595.545
641.642
646.622
649.012
654.61
608.512
604.549
622.435
628.776
638.142
656.028
667.98
668.882
667.224
667.132
665.961
703.864
665.961
648.075
638.709
632.904
632.996
632.093
633.264
645.752
633.264
649.484
653.368
658.175
651.132
658.175
653.748
628.341
624.457
608.238
633.644
628.837
633.264
633.173
632.002
633.661
632.002
632.093
631.191
593.289
575.402
566.037
560.232
566.037
575.402
593.289
631.191
632.093
633.264
642.63
648.435
686.337
704.224
705.882
707.053
707.144
701.339
691.974
674.087
672.429
672.337
671.167
633.264
632.362
633.264
627.459
618.093
600.207
599.037
598.134
598.043
596.384
558.482
541.213
515.807
513.526
507.929
491.994
507.929
468.461
474.059
491.327
530.795
556.201
558.482
604.579
608.463
624.398
619.642
573.545
578.301
574.417
558.482
555.23
549.425
543.571
549.348
552.854
560.878
563.439
560.024
565.098
561.476
557.97
561.591
559.03
553.254
545.23
548.644
543.571
569.364
574.73
646.986
652.839
655.27
659.154
711.325
751.033
762.984
774.691
780.289
785.886
798.732
841.207
845.506
864.358
902.26
904.541
866.638
885.49
883.209
888.807
871.539
896.945
912.88
950.783
968.051
970.331
1009.799
993.864
968.457
962.86
965.14
946.289
906.821
904.541
929.947
936.99
933.106
928.299
902.892
895.85
899.734
915.953
920.38
915.953
920.76
904.541
911.516
916.272
918.663
930.272
928.126
923.37
920.98
909.37
902.394
904.541
866.638
847.787
866.638
904.541
906.821
904.541
885.689
847.787
845.506
847.787
885.689
883.004
885.23
883.004
846.004
847.787
885.689
904.541
907.793
917.341
918.846
919.748
925.866
937.817
940.098
978
975.72
937.817
956.669
937.817
940.098
945.171
939.394
936.833
933.327
929.705
924.632
921.217
926.994
929.555
933.061
936.683
928.659
936.683
940.098
937.817
938.72
944.837
934.008
937.183
934.008
924.687
926.155
924.687
918.714
907.048
909.274
908.393
917.714
912.476
841.94
836.226
833.853
808.675
804.883
807.256
812.97
775.97
757.567
755.341
792.341
810.744
814.536
885.071
890.31
915.488
917.714
926.762
943.619
905.091
943.619
959.175
983.976
981.75
964.893
967.119
972.583
947.782
942.317
926.762
932.734
933.615
945.282
946.75
956.071
959.246
957.02
959.246
956.071
954.603
953.722
947.75
938.429
949.366
930.514
892.612
890.331
885.575
869.64
865.756
819.659
810.11
806.858
794.907
806.858
812.976
813.878
815.382
813.102
811.598
814.85
808.732
811.012
810.11
819.659
815.695
809.919
816.037
816.939
818.443
827.992
816.041
809.923
809.02
799.472
796.22
808.171
805.89
804.386
807.638
809.919
826.138
830.022
834.829
841.872
867.278
862.852
846.632
842.748
835.705
810.299
814.726
809.919
816.037
818.317
821.569
831.118
819.167
813.049
814.553
813.049
803.5
800.248
797.967
809.919
809.016
809.919
807.638
817.187
818.691
819.593
825.711
837.663
825.711
816.163
814.659
813.756
807.638
810.89
807.638
809.919
797.431
813.366
838.772
844.37
842.089
824.821
819.224
803.289
763.821
766.102
740.695
780.163
797.431
785.48
779.362
778.459
776.179
774.675
765.126
761.874
756.098
752.683
749.177
745.555
740.482
743.988
746.549
752.325
760.35
757.789
685.533
688.947
686.516
680.663
684.285
678.919
653.126
649.242
641.217
645.102
650.467
722.724
728.577
731.008
756.801
761.874
755.533
751.904
763.856
758.258
755.868
750.888
704.791
700.827
718.713
725.055
728.683
734.28
736.671
741.65
729.699
711.813
757.911
761.874
757.575
763.173
711.002
701.075
689.124
677.417
671.819
666.222
671.819
683.526
695.478
708.323
780.579
708.323
695.478
735.185
787.356
813.148
810.868
794.933
769.526
763.929
746.661
707.193
700.15
695.343
691.459
675.24
670.813
645.407
573.15
567.785
541.992
538.108
535.677
529.823
533.238
536.86
540.366
532.341
538.118
546.142
542.728
537.654
534.033
530.526
527.965
522.189
524.75
529.823
527.677
522.921
520.53
508.921
501.945
494.97
491.677
488.055
470.169
466.205
408.925
414.701
418.116
423.189
426.811
430.317
432.878
440.902
435.829
432.207
428.701
426.14
420.364
412.339
419.148
392.71
339.235
298.535
292.798
280.798
275.06
288.227
275.977
350.04
336.873
342.61
354.61
366.86
407.56
430.51
434.917
360.854
366.592
356.992
356.492
351.131
347.069
340.569
338.694
329.194
325.131
277.881
272.777
270.327
264.59
252.34
248.621
242.121
223.788
221.163
217.569
209.344
204.144
200.431
194.51
191.01
177.844
204.281
257.756
298.456
310.706
322.706
328.444
334.181
398.287
411.132
358.961
349.035
337.083
325.376
319.778
314.181
241.925
237.626
169.504
128.804
116.554
104.554
98.817
85.65
79.913
53.475
0
