2856
3672
3717
4293
4737
7845
9605
14213
14789
15233
33881
29273
33881
34289
34334
36094
36910
33802
32042
31598
31022
30977
30161
27305
27881
28325
30085
48733
49141
49186
53794
54610
53794
49186
47426
28778
28334
27758
27713
27305
27350
28166
27758
25998
25953
25509
24933
24117
24693
6045
6489
1881
3641
8249
11105
14213
17069
21677
23437
42085
42196
42772
43588
43633
39025
37265
34157
33713
33137
33092
32276
29420
30236
34844
37700
39460
58108
58219
58264
55408
55984
54224
35576
35465
34889
34844
34028
29420
32276
36884
38644
57292
57403
57979
58024
58840
55984
54224
35576
35465
34889
34844
34028
29420
38220
41328
41439
42015
40255
41071
38215
33607
38215
38260
38668
38557
19909
19333
19288
18472
36861
62529
67065
70161
71886
72462
73398
79718
82790
84575
86525
92405
95159
96335
98785
103321
112121
115241
115685
117445
136093
136669
136714
137530
137122
132514
123714
120606
120495
119919
119874
119058
123666
124074
123498
118890
117130
98482
98038
97993
97177
96769
101329
130273
130407
133769
134057
136553
149321
176255
178549
179389
181187
185331
186147
186897
215079
215925
220461
224739
227366
230526
252198
250473
252198
251622
250686
247614
244518
218850
214314
217386
218322
218898
212578
194189
223133
226495
226361
226073
197129
193767
193901
196397
196685
194189
195789
196965
205932
208226
208946
219846
220692
248874
249690
250440
249624
221442
220596
219846
223278
228990
230166
232506
233562
233970
242770
243382
246602
253484
256604
257540
260420
261476
288410
288597
288309
285813
285679
289041
289175
318119
318407
320903
291959
288597
301365
300525
298727
294583
292289
265355
252587
258467
260265
264409
266703
271192
275800
276922
280037
281093
308027
311147
311887
310831
283897
281017
280830
281550
283335
287613
288429
289689
288753
288177
285105
283380
279102
274566
277726
280353
306021
310557
332229
333954
334530
312858
313794
310634
313706
311079
323847
325563
329385
332500
334794
335645
338218
339818
340005
340278
340144
337648
337360
333998
334132
363076
365572
365860
369222
340278
339462
311280
310434
309684
282750
281694
280974
279852
280116
307050
309930
311052
310779
310592
309741
321211
318638
316344
313229
315802
317713
318564
316964
318086
319686
322801
327409
336209
339317
339428
340004
340049
340865
341273
342089
344429
350749
353503
354354
357210
369900
372265
369150
357680
355107
353196
352345
351223
349623
351223
353517
354803
355076
356633
357058
357245
344477
342761
350405
353837
366605
362783
358175
349375
349264
348688
348643
347827
344719
345535
345127
349735
350179
351939
352347
355455
355500
356076
329142
329329
332209
359143
360199
359077
358813
355933
326989
327793
327659
331021
359965
360253
362749
359387
356891
356603
358514
367314
370422
370533
371109
371154
371970
371562
366954
365194
362086
361642
361066
365674
365629
365356
366956
368078
368929
371502
382972
386087
384487
384300
383875
382318
380024
379208
379616
378330
381450
382986
383034
383934
384584
387157
387565
387157
382549
373749
370641
373749
373638
378246
379062
379173
387973
388018
387442
387397
386581
387157
388757
389879
390730
393303
395597
394475
397590
394475
383005
380432
378521
377670
376070
377981
389761
394369
413787
439455
441951
449931
456075
461787
464797
461917
463039
436105
463039
464095
466975
465919
465732
463934
459790
457496
444728
431960
428528
441296
447176
448974
453118
464588
491522
504290
507722
515366
507722
501842
497353
496537
496492
495916
492808
484008
479400
478992
479808
479697
480273
480717
483825
485585
490193
490601
490646
491222
488062
485435
459767
461492
464119
463183
467461
473781
474717
470181
473277
476349
499029
498453
496728
475056
471984
470073
473188
472337
474910
476821
477672
478794
480394
491864
490264
487970
486848
483733
481160
481964
485357
488199
487755
488331
489147
488739
484131
481023
479263
479308
479263
478687
487487
487598
488006
492614
491798
494906
492410
491606
488244
459300
459012
457890
458154
462643
435709
434653
435373
435560
432680
434591
432680
421210
418637
419759
420610
417495
416644
415522
417122
420237
422531
425104
423504
423393
422817
422772
421956
413156
408548
408140
405032
405077
405893
406337
424985
433785
438393
438801
439377
426609
423177
415533
415977
416553
407753
403145
402737
403553
403598
403154
402578
383930
383114
401762
410562
410517
410925
415533
414682
413560
411960
408845
406551
403978
402067
404821
411141
413506
426196
427012
429352
426496
425645
423305
422489
409799
407045
407896
408304
405939
399619
408419
408011
403403
394603
395419
395827
395872
396448
396559
377911
377467
376891
376846
376030
380638
383746
377602
378658
374169
373449
373262
400196
403076
403263
400767
388987
363319
369031
375175
383155
387763
407181
406917
432585
427977
439757
442253
434273
437283
431571
412153
409143
404865
411975
414548
417620
418110
419646
420339
422299
424084
449752
450568
451828
454943
459551
460291
463411
460291
459551
454943
451828
450568
449752
471328
475128
473343
474279
471059
470447
461647
460711
457591
471355
474211
477431
478043
486843
489963
489555
482673
482097
482052
481236
472436
467828
467420
467309
464201
491135
490079
463145
460265
460078
461134
461321
464201
461751
462241
463417
464335
470215
472000
475120
483920
506600
504650
503474
500720
494840
493055
489935
481135
476599
478549
482145
483095
485055
487505
488891
495035
497608
533158
529358
527398
526705
525169
524679
503103
500530
493420
498028
494956
495892
498964
492644
490017
485739
482643
471173
468101
467165
466589
467165
465440
442760
444485
457253
479933
505601
523990
530310
541780
542742
549934
550774
538006
511072
506928
505130
499250
502346
506835
506648
503638
476704
475648
473152
470272
472450
475090
479698
467918
442250
422832
418224
410244
404100
398388
401398
403894
408172
425805
427135
428731
431803
437515
439871
461447
467591
470164
472614
508164
507214
503618
501658
500272
495664
499464
493320
490870
488297
452747
457355
458741
466581
463188
462384
463188
466581
469423
466581
465861
463567
451067
451067
442100
444980
456450
468950
470126
471726
473007
471831
474687
475538
473198
475952
482272
484637
486752
485936
488276
475586
473221
466901
464147
464963
464555
463704
499254
502850
496706
494133
458583
457197
449357
453157
431581
427781
423173
425746
429317
429807
431343
432729
440569
438119
456767
457889
467164
469342
477322
474682
472504
475144
473814
475725
498405
500745
508585
509707
500432
481784
480662
481987
485095
493075
497683
517101
542769
554549
557045
560055
555447
552375
550779
553851
534433
530155
527659
524649
518937
524649
522293
522869
526465
526510
529170
529614
523470
527066
534906
536292
528452
533060
535510
535020
541164
539778
543578
542042
577592
542042
542042
544615
541019
537219
541779
542595
543495
544413
544617
545942
549050
550172
548847
545739
544617
545193
542121
541185
540609
537513
538449
515769
490101
471712
465392
469670
472297
478617
501297
504369
506094
504369
526041
513273
506081
493649
493649
489160
490000
497192
509624
521094
548028
560796
559956
561078
559753
556645
555523
574171
575496
567516
564876
567054
569694
567516
575496
580104
587944
585371
549821
550771
552157
546013
543563
538955
537569
533973
530173
537283
539856
546000
548450
570026
562186
561742
561697
559037
561697
561121
561166
561610
583186
583762
580166
578906
578166
573558
570443
569627
566507
566507
575782
594430
595552
594227
575579
574457
548789
553397
555182
580850
581666
582926
586041
586781
589901
592241
597953
601385
600329
601385
602561
600221
596789
591077
589901
596045
570377
550959
546351
538371
535299
529587
535299
532289
520509
532289
536567
539341
543949
548809
551819
554315
551819
549704
540429
541551
544659
545984
545168
526520
524180
527036
527887
530641
529519
531884
534224
531368
537688
536837
537653
531333
544023
541658
538904
560480
568320
569706
574314
576764
582908
575798
574848
578648
570808
569422
564814
562364
556220
553647
560757
539181
541754
537194
538794
541674
542082
541278
537885
535043
538163
541383
544239
553039
553975
553975
553039
544239
543627
540407
537551
523787
537551
538163
535985
528005
530183
538163
540803
538163
556811
555689
552581
551256
552378
553703
554519
559079
559997
559079
558179
559079
558263
553703
553907
553703
553259
553214
550554
528978
529023
528447
531107
552683
553259
553370
545530
543080
536936
534363
527253
525867
504291
499683
506793
509366
515510
517960
522568
518768
522568
523954
545530
553370
552248
550923
532275
536553
539180
561860
568180
569905
591577
592513
595585
589265
586638
582360
559680
538008
536283
535707
536283
535347
532275
526131
518151
513543
510769
507759
495979
493483
489205
483493
489637
492133
503913
508191
510965
515573
517169
522881
525891
537361
564295
577063
582943
570175
543241
531771
519339
531771
530931
538123
530931
532881
534663
538689
542121
543741
552541
555295
552722
548114
546728
538888
517312
510202
506402
503952
505548
499404
497226
489246
491424
499404
502044
499404
521076
521121
521697
522141
540789
542549
547157
547565
548381
548336
548225
547649
548225
569801
572461
572572
572617
551041
548381
549197
549242
549818
549242
548834
567482
576282
576726
572118
572526
553878
553434
553389
552573
557181
555421
563065
572340
576900
577836
565146
562392
560052
562908
563759
566513
572833
575198
587888
587072
580752
578387
577536
574680
575496
577836
578412
573804
573396
554748
554304
554259
555075
554259
554703
554127
554172
545372
564020
565780
570388
570796
569878
569062
564502
565114
567868
568684
573244
574144
573940
573040
575380
573469
565629
542949
540609
548449
571129
573040
570030
569985
567807
559827
557331
554691
553875
542095
541519
538745
538301
519653
517893
513285
509007
509823
509868
510444
510888
529536
538336
542944
545800
551512
557656
557248
561856
560260
554116
548404
551414
553910
565690
569968
565360
568134
569730
591306
582506
563858
564266
563822
563777
563666
559058
556202
557018
557063
559723
557063
557639
557063
557507
557552
566352
570960
571404
570588
570543
569967
570543
548967
552075
554369
555989
568489
577219
580334
580379
581159
594923
602763
604488
605064
606000
609072
608136
601816
601240
598168
576496
574771
593160
618828
641508
647828
645201
640923
618243
621339
630139
633247
629083
629659
629704
630520
625912
617112
614004
613428
613383
612567
617175
616767
617175
616731
613611
613611
610496
609236
608420
582752
580967
580227
580803
602475
602883
606915
615715
618823
618868
597196
596620
587820
587931
584823
584379
583563
578955
578547
579363
579318
573438
566246
554776
527842
515074
502642
501046
503800
511780
509026
509470
528118
532726
533302
536158
537918
537510
528710
525602
525491
526307
526352
526352
526307
525491
520883
525491
528265
553933
561913
564923
559211
553067
551471
548461
545965
534185
529907
541687
542311
537703
543847
549559
546785
546740
546296
543636
522060
521484
530451
532051
533227
545727
548021
535521
534240
533064
521594
518714
519434
517834
520690
517834
526634
525818
525773
525197
524753
506105
510713
508953
509769
509814
510390
510834
513942
509334
508926
511806
514662
513062
510182
511782
512682
512070
509316
508416
509232
513792
512976
508416
509028
511782
509417
506561
505710
502956
502140
489450
487110
480790
477934
473326
464526
464481
464037
460929
460113
459537
473579
474559
477679
468879
465659
465047
464111
460991
474755
475163
472307
472919
476139
477075
485875
472111
470326
469150
468232
462352
459232
450432
473112
475562
476402
477578
477088
454408
452458
461258
464378
466163
468113
470867
469887
470867
484909
470867
470087
456323
454703
442203
439909
431179
423339
420224
420179
433943
435563
448063
450357
453367
453811
454551
459249
460849
461971
470701
478541
481656
481701
487581
490701
504743
505723
491681
490701
492426
469746
495414
518094
539766
540342
541278
544350
538030
519641
493973
490877
489152
488576
487640
493960
490888
509277
510877
532549
510877
515575
512565
513305
513749
516759
522639
521517
519917
515219
514479
514035
515157
509277
506267
500555
494411
486431
481823
479049
453381
441601
440977
426935
425955
439997
440977
441957
427915
426935
440977
439855
441455
441011
436313
437153
434143
428263
426663
429673
428933
433631
434075
434815
435937
438691
446671
443917
435937
449979
450959
436917
435937
440635
441079
442201
441461
441017
438007
433309
431709
430587
436467
439477
440217
441817
440977
441877
442693
442081
439327
438427
442987
438427
441181
440365
440977
439997
425955
426445
428451
425441
424997
425184
424444
419746
417740
417250
411370
409770
423812
422690
425700
425811
425996
430694
432294
433274
439154
439970
440015
440591
441035
459683
467871
472479
475335
472995
450315
448404
440564
437444
437489
440604
448444
459914
472414
474034
482764
485884
485839
472075
470455
467340
459500
450770
448476
458808
446308
460350
459370
445328
446308
449318
450058
450502
451624
453224
459104
463802
463615
457735
453037
450027
448427
448242
448131
450987
450171
450126
431478
422678
418070
417494
418310
422918
420062
421822
424930
424486
425062
425077
425188
439230
440210
439230
425188
403516
400660
413350
416206
425006
428399
428444
429020
424412
427268
431876
440676
459324
460140
459324
459768
459753
459177
459066
455958
454198
455798
449918
446908
446464
445724
441026
439426
438304
444184
444628
445368
450066
451188
454198
440156
439176
420787
419851
394183
387863
365183
343511
340439
338714
338138
335282
336098
335282
335327
335903
336347
354995
363795
359187
350387
353243
352799
352223
352178
356786
338138
333440
332318
326438
323428
322984
322244
320644
339292
338476
338431
337855
337411
318763
309963
305355
306171
306216
306792
307236
310092
314700
311844
313604
318164
318980
321734
322346
317786
316970
316070
313316
313316
314216
308504
308504
311936
312992
315332
314156
313100
310760
311936
317648
325628
328382
325628
317648
316832
319688
324296
333096
351744
352188
352764
352719
353535
350679
346071
344311
325663
325219
324643
324688
325624
326949
338419
341173
354937
362917
360037
357181
355581
358461
358869
360469
355909
348265
338990
343550
351194
354050
354494
373142
377750
376814
385614
394889
394934
395870
395054
395009
394433
393989
394565
385765
367117
364261
365077
360469
347969
336499
327769
324654
324609
322989
309225
306105
298265
298220
297644
296828
296384
277736
268936
264328
261472
262288
262333
262909
263353
282001
290801
290903
295511
295955
295139
295094
294518
294074
275426
278282
269482
264874
269482
278282
296930
294074
294650
294695
295511
292291
306055
306463
309683
310295
319095
318483
321603
318483
317547
318483
309683
295919
295511
290903
288047
292607
293993
302960
338510
339250
342365
363941
365266
390934
390490
389914
389869
389053
380253
361605
381141
383714
384836
375869
350201
348876
327300
326560
331120
332506
368056
368796
371911
375507
376832
402500
397940
396554
361004
357889
366856
365956
365344
360784
359968
357214
360329
371799
374372
376283
377134
378256
379856
405524
414799
436375
439490
444050
479600
488567
489953
485393
486133
484747
449197
448457
445342
441746
432779
431454
405786
408906
434574
444660
445716
442962
434982
442962
445716
444540
442940
442220
439926
430959
418459
419310
416737
405267
402152
403274
401674
404789
416259
418832
420743
419621
421221
419310
418459
413899
439567
440892
444488
447603
448343
446957
411407
410667
407552
385976
376701
351033
342066
377616
379002
383562
392529
389414
377944
375371
373460
372609
371487
369887
373002
384472
387045
388956
389807
391407
392529
398673
424341
425666
447242
450357
454917
456303
465270
500820
501560
500235
496639
493524
492784
457234
448267
446881
421213
416653
435301
435877
436011
444811
445987
446431
448927
451377
459357
458235
455120
443650
441077
442677
443799
441888
453358
454209
456120
459235
457635
456784
459357
463917
465303
463917
472884
508434
509174
512289
533865
543140
568808
564248
555281
529613
528288
506712
503597
502857
467307
468158
471273
469673
468551
467700
465789
463216
451746
454319
456230
457352
458952
470422
467307
465921
491589
487029
451479
460754
460014
456899
460014
438438
429163
403495
394528
416104
416844
452394
453675
455061
459621
472311
463511
460118
462974
471774
475167
462477
459621
458499
461072
462983
451513
452364
449249
450849
451971
451120
454235
452324
463794
461221
459621
456506
434930
430370
404702
395427
394687
359137
357856
356470
357592
354477
343007
340434
339583
341183
340061
343176
354646
357219
359130
359981
358070
356470
348490
345736
342856
341256
342856
345712
348592
348184
346584
345462
343551
340436
337863
326393
325542
327453
340143
342783
343979
346859
382409
405089
407843
413723
415508
417958
419134
417349
416509
416509
415333
412883
390203
381403
383163
386283
388233
386283
383163
381627
381579
380679
377559
376909
374336
371116
370708
361908
348144
347532
344412
343476
344412
336432
335496
334171
347935
350689
362159
371434
379414
367944
354180
351426
353791
355702
367482
368418
371514
373964
382764
382898
382454
382898
385394
385970
389078
390674
388178
369530
368354
368220
360240
357790
348990
348414
349590
350441
351377
346817
339173
329898
328962
333522
341166
350441
358421
360332
384944
389768
391728
394482
395382
407882
415722
424218
425340
444758
447512
449132
450302
453767
461411
462797
464122
462926
460046
457406
469838
434288
432377
433313
440505
462081
464721
477411
464721
500271
502182
507942
511890
513086
515966
512501
520145
521531
519911
518741
528016
529186
527861
526475
529940
531560
523916
527381
529001
530171
539446
540832
548476
545011
543391
542221
532946
531560
523916
522740
520400
519344
521684
525116
530828
532004
533060
529628
523916
527309
523916
532716
531012
543702
534902
532046
519356
510081
508695
501051
499431
495966
497586
505230
506400
507786
511251
510081
519356
516500
513620
512020
514516
533164
533608
530512
531316
528951
527040
515260
516196
519292
521657
523568
514768
513832
515008
512558
512424
511248
510804
508308
507732
504624
513424
515874
523854
522258
534038
534614
547382
550814
558458
550814
551984
550814
541539
540153
541773
545238
541773
543159
550803
549183
550508
552632
560472
563246
564368
576868
574114
561614
564368
556528
537110
528614
527492
528662
529987
528601
532066
533686
541330
533686
532361
531191
529571
526106
527492
520300
516352
503920
504856
512048
533624
539384
517808
530240
524480
523544
527492
519848
518462
517137
515967
514347
521991
518526
520146
521532
522857
524027
527492
535136
538568
551336
543692
540260
527492
521348
527492
519848
516383
519848
518523
517353
518973
520143
529418
530804
538448
536828
535442
533492
524692
520666
518884
515452
513832
514648
520360
520648
522373
525215
526337
533669
535429
536365
539437
542657
545667
542202
540582
539412
530137
528751
521107
523861
526501
527401
529361
558305
583973
585884
621434
624314
616334
617530
615619
602929
610909
608155
607255
605344
579676
574852
572212
536662
533782
531822
530626
543316
545227
542107
542107
567775
577861
580981
582037
571951
546283
549715
562483
554839
551407
538639
546283
538443
546939
546939
548061
567479
579979
582733
570233
578073
575299
574177
572053
583523
596291
600780
600868
600979
604199
594924
593988
582518
579764
566000
558020
554072
553136
565568
559808
563756
564692
552260
559452
537876
543636
565212
558020
558065
558509
561365
565973
574773
593421
594237
594813
597169
597973
599155
617803
639475
640411
628631
626720
624355
621259
623170
623746
623302
623746
626242
623792
615812
615008
613832
612896
604096
603520
584872
586632
589082
597062
598238
595742
592310
584666
571898
571454
552806
551990
543190
538582
535726
536542
536497
535921
535966
554614
563414
568022
567446
568022
568466
568874
571534
571774
572524
575380
579988
588788
591896
592340
592916
588308
587492
587447
586871
586427
567779
558979
556123
556939
556984
556048
552976
549966
560052
568852
569788
575932
579152
582162
581040
577820
576060
577182
567096
566652
569760
569184
577984
578095
578671
578716
579532
576676
581284
576676
575860
575815
572707
563907
564315
564204
567424
555954
543186
543630
539141
535921
533079
544549
557317
561806
564648
567504
572112
580912
599560
600004
600580
599764
599719
599764
600580
600004
599893
596785
587985
583377
582969
581244
586956
587244
588969
591811
590995
585283
582441
583257
582969
582525
582570
583014
601662
603422
608030
599230
594622
593806
593761
593185
593761
575113
572257
573073
575929
563239
554439
551046
553161
556017
553161
561961
565354
562714
550282
546334
544423
538663
517087
504397
503461
502265
499385
463835
456643
456688
457264
457708
476356
485156
489764
492620
473972
472212
467604
468420
467976
465120
464544
464499
463683
460929
448429
440589
421171
412675
415429
427929
435769
455187
463683
464805
463683
470875
473371
476227
478187
478187
468912
461268
460332
466212
467997
471117
469357
471117
469167
467382
464628
458748
461502
459052
436372
438322
442858
445308
446484
445308
442188
442632
451432
470080
470035
470080
469504
472360
473176
472732
471916
469060
464452
455652
437004
437580
442188
453658
466426
454956
454512
451670
447181
434413
434857
438077
442566
439346
442188
445044
444999
449607
458407
461515
461059
461635
460819
460864
458008
453400
444600
425952
425508
424932
425748
427708
428608
399664
397753
372085
374839
372879
372879
372879
380859
382770
387048
415992
408012
405156
400548
391748
388640
388064
388019
387203
386759
384999
382549
384999
384195
383019
382575
380079
379503
360855
362615
370595
362615
363791
362855
341183
340001
338090
335734
336670
358342
360707
361511
373291
375202
393850
394426
396922
397366
396515
395393
404193
405129
411273
414493
417503
427589
426653
417853
411709
408699
409821
406601
396515
423449
425743
428585
425743
427567
428011
431231
419761
415272
414828
402060
398840
406032
403536
401576
394384
391528
393488
395984
398840
399962
407802
420302
423056
442474
423056
415216
402716
399962
408458
399962
398840
400751
408591
431271
433611
427899
430741
430453
432178
429336
427611
428427
434139
434427
433611
430391
427549
400615
398791
396497
399717
400161
403003
429937
442705
454175
453731
446539
446947
444987
442491
444987
446785
443929
445889
439745
442755
441633
431547
422747
421811
422747
419527
416517
419737
420859
427003
437089
445889
444833
448265
449321
451661
452837
458549
456209
456209
455033
449321
443177
431397
432333
454005
456370
458281
456370
468150
467346
466770
458790
458346
457410
435738
433242
430792
428427
447075
447651
450147
450591
451767
452571
460551
463001
471801
453153
451977
450217
446997
459765
486699
489541
492761
492317
492761
489919
462985
474455
462985
450217
449317
447357
418413
414135
439803
441714
470658
472618
473518
476272
474361
466381
474361
471607
484107
486881
489635
488513
480017
460599
452759
440259
437505
438627
446467
448591
448999
451114
452810
450695
447839
439039
435646
444446
445250
448643
451485
454341
452543
455039
462231
464191
463783
461287
459327
460449
461169
488103
489159
489603
486383
485939
483097
456163
443395
431925
435145
437987
449457
462225
489159
487434
493146
493434
495159
498001
497185
491473
491185
492001
489159
479073
476063
472843
466699
465763
456963
459973
461095
471181
479981
480917
487061
490281
489159
479073
453405
450285
449229
450351
449295
422361
421641
420519
420675
425164
425884
439648
452338
453080
460920
466800
468125
472823
473999
472039
464847
462351
459495
461455
468647
471143
473999
472877
480717
493217
495971
493847
491073
483233
489233
486479
489253
490375
477875
466405
439471
436629
423861
420641
420197
422108
429948
452628
429948
427608
425697
417857
420197
423077
424199
419710
418588
417868
444802
443746
444802
444226
425578
437358
436914
435738
434934
426954
426954
424504
425440
424504
402832
400467
398556
386776
389872
381072
382983
385348
386248
386860
387676
392236
394990
387150
381270
395034
407724
412422
411097
411839
413015
418895
426735
425993
424817
411053
412378
407680
394990
397870
398926
397804
394924
367990
366934
368056
394990
394186
391344
392148
395541
398383
394990
393079
367411
364657
364657
356677
327733
325773
322763
319543
313399
304599
294513
293391
296401
295465
301609
302545
311345
314565
315687
325773
328653
329829
349247
349007
348599
345939
345189
348045
350705
350945
351695
354191
352231
345039
342543
339687
341647
348839
351695
352817
351695
348815
349079
376013
378893
377837
350903
353745
352020
352836
358548
358836
360561
359745
356903
356615
350903
351645
352821
366585
365843
364518
350754
346056
333366
346056
353896
354736
364011
362835
367533
361653
353813
354257
372905
381705
386313
386889
386934
387750
390606
382766
370266
373020
370246
367492
358996
357874
358996
371496
379336
398754
407250
402642
393842
393026
392981
392405
391961
373313
391961
396569
396614
397430
394574
397430
406230
406806
407250
406074
408524
409700
415580
417365
420485
429285
427335
422799
420349
417595
411715
409930
406810
405050
427730
429680
432434
431822
427262
427874
430628
431528
432344
436904
436004
433250
432434
405500
402620
401498
402554
405434
432368
432104
433226
428618
425762
416962
417778
417334
416758
416713
398065
402673
402718
403294
403738
422386
424146
427002
426186
407538
405778
404962
404386
404341
399733
399289
396433
396025
393910
385110
383414
396104
398960
400720
404113
404929
404974
405550
405994
424642
426402
431010
433866
424591
425767
426509
425669
417829
416653
411955
398191
411955
411213
398523
411213
415911
421791
423116
430956
432012
433134
406200
405144
402264
405144
432078
430956
428996
421804
419308
416452
418412
425604
428100
430956
428591
440371
439435
441800
463472
464408
452628
450717
447621
449532
452388
450628
431980
431536
430960
430915
435523
437283
455931
456375
456951
456996
457812
456996
454140
449532
446652
447828
428410
431290
450708
449532
451710
459690
462330
443682
443238
441478
436870
445670
442814
445670
450278
449462
468110
468065
467489
468065
468110
468926
469370
468434
462290
459070
456060
454938
456698
462842
466062
457262
458198
459320
469406
472416
462330
463452
467941
468661
468925
467803
464923
437989
436933
436357
435913
417265
416449
416404
413548
408940
409756
418556
437204
437648
438224
438269
441125
445733
436933
434091
436751
444731
445275
446471
443078
442274
445130
449738
449693
458493
477141
477585
478161
477345
477390
478206
477630
477186
458538
449738
445130
442274
451549
437785
433087
420397
414517
413192
413934
415110
419808
432498
440338
446218
438378
452142
450966
450224
449612
450428
454988
455888
453134
452234
454988
450428
451040
450224
449102
440606
421188
413348
400848
398094
390254
388343
386003
363323
364923
367779
370659
389307
386451
381843
373043
354395
353951
353375
354191
354236
354812
354767
353951
356807
361415
361859
363619
362497
361777
357288
357024
354846
346866
344226
346404
354384
357024
354182
354998
360710
360998
362723
365565
364749
359037
358749
357024
358984
356128
358984
356488
349296
356488
354528
357024
354168
353724
335076
333316
328708
328663
327847
327271
329931
328735
328191
329387
326727
318747
326727
327271
330151
349569
346689
345513
326095
327271
328871
329993
330844
332755
335328
346798
338958
338216
328941
323061
321885
308121
303423
306538
293848
290416
291472
285760
284584
282244
281188
284620
290332
291508
293848
294652
301762
302338
323914
326574
327018
327063
326212
323097
311627
313227
314349
315200
317111
319684
331154
328581
326981
325859
323948
327063
329703
337683
339861
337683
329703
327063
337149
338271
347071
348007
354151
357371
360381
359259
349173
343029
340019
336799
335863
334103
336763
334103
342083
341539
340343
341539
342083
334103
331738
333649
336014
336950
325170
323259
335039
313367
316463
315527
317438
320011
331481
334596
332996
333847
332725
328165
327314
328436
330036
329136
328320
328932
331686
332502
333402
337962
336051
333478
332866
329751
326997
315527
313567
306375
303519
301023
308215
310711
313567
315527
314405
312805
315920
318214
320787
321638
322760
324360
321787
320936
317821
318094
306624
304713
317213
318893
319633
321253
321697
324769
325009
353953
356526
356571
359686
367526
376256
388756
391876
403346
417110
418730
419306
440882
443542
443986
444031
443455
421879
419219
418775
418730
426710
429370
428174
427630
419650
416990
418186
418730
426710
429350
431528
428888
420908
418730
430200
431800
432922
433773
435684
438257
441372
440250
439399
439126
436553
434259
431144
429544
410126
429544
430720
433600
432424
429544
410008
407435
406313
404713
407828
406706
405855
417325
419898
421498
422349
410879
407764
408886
406975
408886
406313
406025
406841
412553
412841
414566
412841
415683
414867
412025
406313
403457
401697
398304
385614
386736
388336
390247
391098
393671
392549
395664
394064
393213
391302
388729
377259
374144
385614
377634
374974
382954
382410
381214
383874
384418
385614
383654
376462
373606
371110
371065
370621
371197
392773
395433
395478
394902
373326
370666
371110
370498
373138
372238
374416
371662
370846
366286
366898
369652
370552
367912
359932
357754
362314
363130
371110
379865
389951
389015
386005
391705
385561
386683
377883
374663
377673
376551
377487
367401
370621
369499
368648
366737
364164
352694
349579
347979
346359
333859
333814
325084
317244
325084
321969
330699
327579
340079
341699
348581
351701
337937
337982
341097
343391
331921
334801
337657
334801
331921
333521
331921
323941
322745
320085
321281
321825
329805
332465
331921
350933
353298
355209
366989
365078
366014
362918
351138
350202
347837
350717
351893
350717
347837
328419
331193
331193
352769
352769
353345
356005
356050
355474
333898
331238
331682
329042
321062
318884
323492
332459
346501
349255
352230
354857
346877
344217
345413
353393
353937
353393
356053
354857
352103
351287
355847
356663
357563
356663
359417
358805
359417
354857
363353
363641
366137
369530
372750
391139
395837
400535
401079
400635
400680
398020
397975
398419
376843
376267
378927
400503
401079
397859
397571
391859
391043
392768
393056
398768
399584
398648
389848
387006
389848
388123
381979
378969
377847
367761
367806
370921
378761
387491
398961
395841
388001
386381
373881
371587
362857
375357
376977
390741
393861
393816
390701
383819
381159
382355
381811
380615
388595
389139
391799
383819
388643
391715
392159
393779
394519
407019
408699
407959
406339
406099
404419
391919
394492
365548
362476
362032
359459
359699
359833
359029
351919
359029
364909
367359
368535
371289
373074
376194
384994
407674
384994
383044
384994
376194
373074
371289
365409
362655
361479
359029
360205
363085
360311
359135
356255
359029
365349
368205
369056
371810
372626
385316
387681
390021
389781
389031
386175
389031
391691
391931
392681
392681
401481
406179
407968
409090
411205
412255
413235
410575
388999
388999
388954
388510
383812
383524
381028
377808
374415
392804
401300
405998
409218
390829
391117
393613
397006
388510
389054
397034
395838
387858
385198
386394
389054
388510
376730
377666
399338
401703
403614
415394
413483
411118
389446
388510
383950
383134
382234
379480
378868
379684
379729
382585
387193
395993
414641
415085
415661
406861
405881
404759
409457
404759
417449
418499
427299
428279
429401
431766
429651
427286
426236
417269
412661
417269
420023
434065
431438
428463
425709
411667
414642
429599
430880
435488
454136
451280
452096
452141
452717
452828
448220
439420
448220
447776
447200
447155
446339
446747
428099
428054
424939
413469
400969
399349
390619
387499
373735
365895
366339
367155
366747
365931
384579
385155
389763
392619
392574
391998
387390
378590
378635
387435
368787
368676
367480
366936
358956
356296
355852
358708
363316
372116
390764
391208
391784
391829
387221
384365
365717
356917
356101
356056
355480
356296
353416
371784
369010
371890
373066
371890
368497
365277
360579
352083
333694
336914
340307
342803
343091
342803
361192
365890
374386
371890
374255
378953
380003
388803
401493
396795
384105
384105
375305
374325
373203
370838
371960
372940
374540
377396
380276
377420
375820
372940
370098
368373
367557
361845
361557
361113
361521
366129
374929
378037
378481
379057
379102
379918
375310
356662
347862
347817
347241
344385
343569
345529
346429
347233
347953
351173
359153
363713
360959
363074
363890
366230
363374
362523
360183
359367
346677
349042
355362
349042
346677
349431
349839
350690
346082
346490
351098
359898
363006
361490
358382
349582
349006
348961
348145
347701
348517
348562
349138
348730
347914
352612
354977
356099
357079
365879
366929
379619
374921
373941
376797
381405
390205
387840
388284
388860
388905
389721
389313
384705
387813
384705
375905
367105
366055
353365
352243
351667
351223
351178
350278
349474
348754
345534
337554
332994
333894
334698
335418
343398
347958
347958
349918
353138
355994
360602
355994
356810
353954
345154
345598
364246
373046
373622
373667
370559
370115
369539
369494
368678
371018
372194
366482
365306
362966
361910
365342
365342
366398
372110
372654
367956
367412
372110
367412
358916
359204
358916
377305
380525
383918
386414
394910
392414
389194
393892
390499
372110
390758
391202
391778
390962
382162
382117
377509
376933
374077
373633
354985
355030
359638
362494
363310
372110
370150
369250
368446
367726
364506
356526
351966
354331
356116
357016
357150
360370
368350
372910
374870
375590
363810
362874
341202
339291
340137
344163
344979
345729
343364
338666
339646
340768
343133
347831
335141
332776
331726
344416
335616
334636
333514
342314
343364
342788
342344
323696
314896
310288
307432
307387
306571
307747
327165
330045
310627
309451
306571
319071
319811
322883
321203
308703
307963
306343
305899
302827
298003
300576
300816
302496
331440
328867
329311
329071
330691
344733
330691
333666
334947
339555
342309
360698
356090
337701
334726
331972
330691
322711
321991
321857
320957
318997
315777
317737
313177
313897
314701
319261
327241
330461
331361
330311
317621
316499
314134
318832
317852
318974
319954
321714
322764
335454
330756
333121
324321
323505
321165
323919
321554
319189
317404
320260
321111
318996
325316
327101
329466
330282
332622
332214
331363
328609
322289
334979
337344
334848
331628
313239
312951
309558
301062
296364
293144
292424
291620
290720
288760
290720
291620
292424
284444
279884
283104
291084
295644
296364
331914
332718
325608
325474
331234
333988
334968
353616
355341
356727
357447
356601
352575
351759
352605
351855
352605
353421
357447
356397
355417
354295
351930
347232
359922
360972
362732
363712
364834
367199
371897
359207
357447
356727
354767
353867
358427
366407
369627
370347
370481
371381
373341
368781
360801
359997
356777
358562
356777
354412
356777
359551
360727
363607
344189
343013
340133
341113
343119
342139
340133
354175
355155
363135
366355
367075
367209
359229
361189
365749
362529
361809
361675
360775
358815
359715
355155
352790
348092
346332
348697
349819
350309
349187
348207
347157
334467
336033
344833
345883
347998
346398
346806
343926
345526
346246
343390
344370
330328
329348
343390
342544
341728
337702
336952
350994
351974
337932
336952
337852
337986
340351
342311
337751
329771
326551
325831
325697
324797
322837
326057
327387
331947
330162
327797
329582
330302
327446
328297
331051
337371
339736
352426
353242
350902
350086
337396
335031
328711
325957
325106
327962
330302
311913
310933
307958
305204
291162
300129
304737
323126
326101
328855
342897
348657
349377
368025
366744
368469
369449
372203
366443
365723
347075
345350
343964
342984
340230
354272
355252
341210
342596
337988
337498
339863
331063
329941
327576
326010
338700
339750
348550
349530
350652
348537
353235
352185
366227
367207
353165
352185
356883
352185
351641
352185
350225
349325
357305
361865
362669
365889
366789
368749
369469
368139
364919
364199
364065
359505
345463
346443
360485
359505
356731
355555
352675
366717
352675
351695
351619
349834
352199
353984
351619
352063
353683
354423
366923
366183
366423
368996
340052
336980
336536
334916
339740
327240
325560
325320
322747
324427
327499
329259
327299
324079
323179
315199
302509
301459
292659
291679
290557
288192
283494
285609
286659
283031
284153
286518
291216
286656
285936
285132
271090
285132
284152
285132
285948
294748
297604
302212
302257
302833
303277
321925
322469
323189
325963
327013
327247
327292
328210
329992
330808
331788
333794
332814
318772
317596
319546
342226
344676
345852
348606
354486
352036
353821
359867
357917
349117
345997
323317
317437
314683
317803
316018
316594
317038
316222
316177
315601
315157
296509
287709
283101
280245
298893
307693
307738
310594
311410
316018
314012
313032
315888
320496
329296
347944
348388
348964
349009
344401
341545
332745
314097
313653
313077
313032
312216
313032
314012
313032
313032
315786
317172
318897
337545
338265
344025
338265
337545
318897
316143
314418
313368
308670
306305
305183
304203
302088
300328
302693
304478
302113
300328
309128
313736
312920
312875
312299
311855
293207
284407
287263
284407
285223
285268
285844
286288
304936
300328
303082
309402
311767
324457
325273
327613
324859
324008
317688
315323
302633
303484
300628
303484
301144
300328
303184
302368
302323
301747
301303
282655
273855
269247
266391
267207
267783
268227
286875
295675
300283
300328
300088
297428
294572
293822
293246
293246
274857
271882
269128
255086
264053
268661
287050
290025
292779
306821
306005
305960
306005
305561
286913
278113
273505
270649
271465
262498
263074
263518
282166
283926
288534
291390
289605
291390
293755
291390
291435
292671
297279
315927
316038
316614
316569
317385
314529
309921
308161
289513
289069
288493
324043
324847
326607
325803
290253
289437
287677
269029
268918
268873
268057
267481
270337
274945
293593
294037
295797
295842
296418
293562
294378
289770
288170
287762
287042
286062
283308
281583
300231
298845
298125
292365
295221
299829
308629
289981
290425
288665
288710
289526
286670
282062
263414
262970
262394
262349
262925
262109
253309
234661
234217
233641
231276
226668
229033
227248
227203
226387
228172
225316
224772
229470
230014
225316
224465
221711
215391
213026
200336
199520
197180
194324
195044
193994
195776
196592
196637
198257
199307
198587
195813
195269
195813
194031
193215
193170
192252
211670
211670
214424
213248
207536
205196
205196
208628
214340
215516
216572
218912
215480
216602
235250
244525
239701
242274
242514
244194
256694
257434
259054
258314
261386
290330
287757
284685
284241
284001
282321
269821
270265
268645
266280
264495
265617
284265
293540
292418
273770
264495
265617
256342
237694
236572
255220
264495
261741
247699
244724
253691
258299
261053
275095
256706
252098
243131
246106
264495
263373
244725
235450
236572
255220
264495
263373
244725
235450
254098
263373
264495
263373
244725
235450
236572
255220
256545
257667
276315
274990
256342
255220
264495
265691
278381
280292
287402
290042
292922
295676
315094
315638
316358
318140
318956
317906
315152
295734
295190
294470
292688
291872
291827
290207
291257
291302
292922
291800
282525
263877
272844
277404
281682
290413
294009
297124
298510
299250
306360
341910
342044
306494
305690
301412
292137
288541
287801
284686
275719
274333
300001
309276
330852
333967
334707
341817
343098
344484
349044
341934
337374
332676
332676
337374
337918
328951
314909
312155
309180
290791
286183
264607
261492
260752
253642
252361
250975
246415
237140
246415
220747
242323
245438
246178
278613
279894
281280
285840
290118
287545
289165
288925
291997
292441
293181
305681
307361
307601
336545
339118
336046
335602
333982
333242
320742
319062
290118
254568
253287
288837
267261
257986
253708
258268
259654
268621
268621
267881
270996
292572
301847
306125
301565
300179
300919
336469
341077
348917
355061
357511
361311
364907
367480
368866
370252
374812
377927
373367
370252
369512
333962
324995
323609
332576
358244
367519
389095
389835
385557
392667
371091
361816
374584
378016
385660
387571
388422
390022
393137
395710
407180
408302
409478
412232
415358
409478
406358
429038
431488
440288
438338
438338
415658
413208
404408
406193
404408
403232
405182
408302
409688
418655
392987
383712
362136
359021
358281
351171
355731
346764
342204
367872
377147
398723
401838
402578
401192
408302
410642
415178
417089
424929
417819
415908
403218
400578
397698
398894
401774
366224
368864
367668
365095
358951
356501
351893
350507
342667
339071
335271
370821
406371
419061
425205
427655
432263
433649
441489
463065
466865
468776
471349
472200
474111
476684
488154
491269
489669
478199
477348
475437
472864
473986
470871
469749
471349
475909
477295
486262
460594
451319
429743
426628
425888
416921
415535
408425
434093
443368
464944
468059
468799
501234
496674
489030
476262
483906
487338
500106
496674
495552
494701
496301
497423
498274
500185
502758
514228
511113
499643
497070
495159
498274
496674
495624
494004
493959
474541
473997
473277
473821
474541
476323
477139
477184
478804
479854
477100
476284
474502
477256
496674
504514
499906
497456
491312
488739
453189
431613
427813
463363
465936
472080
474530
479138
480524
502100
505900
501340
499954
490987
455437
454697
454697
433121
423846
398178
396792
388952
385837
384986
388101
386501
385379
383468
380895
369425
380895
382806
383928
385528
386379
388952
390074
388474
390074
390925
392836
395409
394287
391172
379702
377129
375218
374367
385837
388952
393560
415136
422976
424362
426812
432956
435529
442639
438839
417263
409423
406973
400829
398256
362706
366506
361898
360512
347744
344312
336668
349436
352868
360512
362806
363928
364779
367352
364237
352767
350194
350467
353582
351982
353582
352731
351609
349698
353498
361338
362724
367332
369782
375926
378499
375926
354350
346510
345124
340516
338066
331922
324812
360362
356562
378138
375565
377165
378287
379138
381049
380776
379176
382291
381440
380318
391788
394361
391246
388952
388408
388952
384254
388952
385520
377876
365108
363986
360871
349401
348550
346950
344377
342466
341270
338390
302840
300200
287510
323060
321149
317349
295773
287933
286547
292691
288083
285633
288206
285633
288083
292691
286547
287933
289129
253579
289129
291769
304459
307339
311139
332715
340555
342466
339394
336821
336581
334901
322401
321661
320041
319597
290653
293226
293466
295146
307646
308386
310006
310450
313522
342466
342511
343087
343531
362179
370979
375587
378443
379259
381599
378167
372455
371279
368939
367883
371315
377027
378203
379259
343709
343575
343620
340764
336156
327356
327932
328376
327932
332540
334300
352948
352132
352948
334300
337156
336580
336535
341143
342529
348673
370249
372822
379932
376132
354556
358356
322806
314966
313580
308972
306522
308972
316812
314239
308095
309715
317359
318745
320070
323535
324120
322360
317752
314896
315712
297064
297640
298084
316732
318492
323100
323508
322692
322248
322293
321717
321672
322392
321342
319722
319677
318861
317079
317895
317351
316631
313877
314927
316547
316592
319346
338764
339308
319890
321672
323850
331830
334470
337935
337350
338970
340140
349415
350801
358445
354980
353360
345716
344391
343005
343449
342633
347241
346665
349521
349476
349032
344424
344469
345285
344877
353677
351917
333269
333845
352493
354833
377513
379424
387264
384924
380388
378477
370637
363527
360954
362340
340764
362340
370180
374788
377238
383382
385955
393065
389265
381425
380039
383839
381389
376781
370637
369017
370637
371807
381082
382468
390112
386647
390112
388942
381298
372023
370637
371453
371408
370964
352316
343516
338908
336052
338908
343516
352316
370964
371408
371984
372029
371453
370637
375245
377005
377581
396229
396274
399130
399946
397090
392482
392926
374278
373834
373258
373213
364413
363597
364983
366308
359638
361258
364723
372367
364723
363103
359638
358468
349193
347807
345234
339090
335290
333904
329296
326846
319006
297430
290320
293176
293131
301931
297323
301931
300171
281523
281079
281124
278268
278844
278028
277452
277896
296544
297360
295182
287202
289842
287202
295182
297360
293895
295281
304556
305726
307346
310811
309191
316835
315665
314340
312954
305310
330978
338958
343566
362984
369128
380908
383404
386414
392126
391682
391727
387119
378319
359671
360487
359911
359866
357010
357454
376102
384902
384086
388694
391550
392126
398006
401016
401460
406158
407758
408880
409620
418895
420065
418679
409404
408234
406614
403149
410793
412179
415644
417264
409620
409575
408759
408183
426831
408183
407739
412347
414107
414551
415127
417983
418799
415943
407143
407188
402580
400669
387979
385339
349789
346909
345713
351593
350471
348871
353569
348871
350471
351593
352333
346453
346897
346453
345713
348723
345713
349178
350798
351968
361243
368887
365422
363802
362632
353357
351971
344327
345713
343953
343137
324489
324045
323469
323424
318816
315960
320658
321398
321842
320222
326102
324980
321515
318505
317765
313067
311467
311023
305143
306743
309753
310875
312045
313431
321075
322695
326160
324990
315715
314329
306685
315960
318600
326580
328758
320778
318138
315960
316504
321202
320658
315960
312495
310875
309705
300430
299044
291400
295960
295220
294098
293654
299534
299978
296968
291088
294098
298796
300396
301518
296820
295940
294340
289732
287236
279256
273544
285324
304742
309020
289602
263934
252154
256762
253752
247608
250680
253690
255286
257782
263494
268192
268932
269376
272386
273508
272386
270786
266088
265348
259468
256458
258058
263938
263494
262444
261900
242482
239728
240778
242398
242443
243259
242539
243259
245041
264459
267213
266397
266352
264732
265276
263494
260921
260681
260237
257165
228221
227481
225801
213301
213301
215751
234399
234975
237471
237915
239091
239895
247875
249635
250691
277625
280505
281627
284267
292247
289607
281627
279449
281627
276929
275329
274207
280087
283097
283541
284281
288979
288239
289361
290961
285081
282071
281627
284333
284877
285999
287599
292297
294662
288782
302824
305834
306574
312454
315208
312198
311754
311014
313354
313798
309100
307500
306378
309258
310314
283380
282324
281202
278322
305256
306378
314358
311348
315956
335374
361042
372822
375318
378328
372616
369544
367948
363340
343922
339644
327864
325368
331080
334214
328334
327212
325612
320914
320174
319730
316720
319840
321625
327505
330259
331435
333885
356565
358515
335835
333385
324585
324585
318705
316920
314970
311850
310674
312434
315074
316404
318582
315942
307962
305784
283104
280764
278853
278853
281733
308667
309723
310845
309723
282789
281733
278853
286833
289587
294076
296956
295834
292954
266020
264964
266020
267142
271750
291168
291168
299148
304860
302364
290584
264916
245498
251642
243662
239054
233342
236352
238848
250628
254906
248762
246584
245254
242614
243058
251038
269686
270262
271438
272242
274692
272242
253594
253018
250522
248762
248318
247142
246338
238358
240118
242614
239734
238612
239668
266602
269482
270604
269548
265059
265875
264825
267579
286997
287541
288261
290043
288423
288468
290088
291138
288384
288339
287523
285741
285021
265603
265059
262353
262897
265603
263263
265603
267968
267424
265059
262305
276347
262305
265059
260361
259817
262457
291401
295349
292469
319403
320459
319337
292403
291347
292469
295349
307129
310139
329557
334165
342145
344641
342145
346423
344587
338443
330463
325855
306437
302159
299149
293437
299149
287369
284489
285611
288491
292980
294036
292980
291858
264924
272904
275658
267678
264924
259212
258036
255696
254640
258072
263784
264960
267300
268356
264924
262044
260922
261978
288912
291792
287303
286247
287369
291647
311065
319045
323653
326149
321871
302453
297845
309625
312635
304655
298943
287163
281019
278009
275513
281225
284297
284873
287369
287813
288989
289793
297773
300223
309023
290375
309023
306573
305397
304953
302457
301881
301077
299317
299317
285275
282521
284886
287226
289980
287615
301657
302201
299495
297155
296611
299317
296437
295315
268381
267325
264685
235741
231793
234433
263377
267325
286743
285927
285882
284262
283212
282668
284288
281534
282584
285338
285383
287165
287885
288429
269011
269827
269107
267325
269681
270521
292193
293369
293954
294696
297804
302340
305094
306690
303936
295956
301668
304164
310308
318288
322896
342314
367982
379762
382772
380276
377204
369224
364616
360338
348558
345548
339836
320418
321588
302170
296026
293016
290520
278740
253072
247360
239380
245524
253504
258112
263824
259216
262226
264722
276502
295920
321588
319223
319767
333809
336563
339269
341609
343974
343430
329388
326634
323928
321588
350532
346584
317640
315000
318948
321588
312788
313964
313388
310892
311336
310892
313342
321322
320146
301498
293518
292714
311362
311496
312072
314568
312118
320918
299246
298406
296050
292942
291766
291024
290439
302219
303059
324731
343379
344555
345725
346467
351003
346467
354447
351693
350097
352851
355605
354885
374303
374847
375567
377349
378165
378210
379830
380880
378126
358708
358164
356544
354762
353946
353901
352851
333433
321653
319157
316147
311539
303559
297415
271747
266035
266080
266524
267340
267916
286564
295364
299972
302828
301658
302828
304778
327458
304778
302828
305948
307733
313613
316367
317543
326343
323893
322717
319963
314083
312298
309178
307418
309868
310684
307828
303220
294420
293844
293400
293355
292539
292584
273936
274512
279120
297768
299528
302384
302828
305684
310292
319092
337740
338184
338760
338805
335949
331341
329581
310933
310489
309913
309868
309052
309868
310684
292036
295144
292288
292333
287725
278925
278481
278889
278313
282921
284681
284636
285080
285656
284840
285384
271342
268588
265882
263542
261177
260633
262998
265338
268092
282134
277574
280280
280325
281495
282671
301319
304415
310295
322075
317539
316797
298149
296973
275301
274461
262681
263125
284701
285277
307957
306787
309447
310189
309745
308929
308884
317684
336332
336776
336821
337397
337805
336045
336861
341469
336861
336285
333177
332769
336717
341541
344181
340233
311289
308649
308241
311097
315705
324505
343153
343597
344173
344218
345034
344458
343642
343198
324550
315750
311142
311097
303117
300363
308343
311097
308601
311097
311541
311675
312251
330899
332075
331499
339479
338303
337859
319211
319077
311097
308647
310407
301607
302097
302541
297933
302541
303117
303162
303978
301122
303978
312778
331426
330982
322182
321366
302718
302142
302097
303219
306327
307652
310508
315116
315071
314495
314051
295403
286603
285787
282931
283747
283792
284368
284812
303460
312260
307652
320084
325844
329792
330728
337920
359496
360666
359496
362156
362201
362156
340580
337920
337476
341072
340496
341072
341516
341561
340985
340541
321893
313093
308485
305629
306445
306400
306976
307420
306604
315404
320012
322868
341516
340394
337286
335961
337083
355731
365006
364190
364145
361289
356681
347881
329233
328657
328213
326593
325873
325329
305911
304129
301375
301330
300514
299464
308739
327387
328509
319234
300586
299464
300586
319234
328509
327387
308739
299464
300520
298180
299356
305068
308500
307444
304012
298300
300640
299464
318112
319288
320458
321200
320458
326338
323678
323234
323189
319593
319017
307237
328909
323029
304381
303205
302035
302080
279400
291180
288084
288528
311208
332784
333360
336020
338385
340725
343431
346185
343431
357473
358017
355311
352971
350606
350062
336020
339968
341090
331815
313167
312045
321320
339968
342608
338660
336020
331196
360140
357386
349406
358681
357559
369991
391567
372919
363644
362708
355516
374164
352588
346828
352588
348640
336208
337144
338266
342214
349406
350576
349406
355118
358128
360768
369568
382068
382644
382932
382488
381312
381178
373198
372708
370948
378928
397576
378928
379504
382000
382444
383620
383754
386204
387964
369316
368740
366244
365122
355847
365122
383770
384892
384937
385513
384937
387597
388041
387597
384937
384892
406468
384892
404310
405486
408366
407244
397969
379321
381499
389479
391844
404344
407809
409720
413113
415955
416089
427869
433749
452397
449737
428161
427717
427672
404992
406162
406904
429584
430028
431204
430462
433558
436218
424438
425014
446590
440710
419038
400390
399214
398044
398089
397513
375937
388369
392317
398077
419653
426845
427781
415349
414413
407221
401461
397513
400267
397927
400292
402632
400267
399723
385681
382927
380221
380765
383471
397513
368569
365929
369877
398821
401461
397513
400633
414397
416017
428517
428562
431677
439517
448247
459717
458547
459132
457956
455076
457956
438538
439714
459132
459087
458643
455983
434407
433831
432655
432211
429715
429139
410491
402511
400061
398301
398167
394219
388459
381267
359691
347259
346323
345153
333373
327493
324397
305749
304573
303831
281151
292931
298811
301907
320555
321731
322901
323643
346323
348105
376287
379719
381339
383289
392089
394931
398324
398190
394797
391955
392759
389639
375875
363375
351905
351950
355065
362905
371635
383105
381485
383105
395605
392490
395610
395565
386835
393717
385877
377897
375719
388219
384754
382389
380478
383943
371443
373354
381334
383512
385877
388450
390361
391212
392334
393934
397049
408519
409695
412145
409025
407240
401360
398606
397430
394980
372300
363500
372300
375420
377205
383085
385839
387789
410469
408519
411399
391981
390805
387925
390679
393385
407427
406883
409248
395206
392452
389746
387406
385041
386217
388557
407975
408519
405879
376935
372987
375627
404571
408519
409689
409104
408253
410164
412737
424207
427322
425411
424289
425889
426740
424167
412697
409582
407982
409104
410704
407589
396119
393546
391635
390784
389662
388062
391177
392299
393150
395061
397634
409104
397634
395723
394872
397987
396387
393272
404742
407315
409226
410077
411199
412799
411677
409104
410226
407653
404538
393068
391157
390306
389184
387584
390699
402169
404742
406653
408253
409104
431784
450432
451608
439828
433948
430852
412204
411028
409858
409116
386436
398216
401312
402054
402639
403479
406599
414439
423169
434639
447139
448759
462523
462478
459363
451523
442793
431323
418823
417203
410321
407201
410316
410361
409185
389767
392647
393823
413241
410361
408450
406850
409965
421435
424008
422886
424797
425648
426770
428370
425797
424946
421831
410361
416505
418125
419295
441975
440375
439253
438402
436491
433918
422448
423570
425170
426021
427932
431047
433620
430505
441975
439133
435740
434936
436106
434936
437301
439641
442347
445101
459143
459687
463635
463091
460451
431507
427559
430199
459143
456803
442761
440396
437690
434936
432363
431512
430390
428790
425675
414205
412294
414472
422452
424363
436863
440328
438150
430170
428259
425894
428259
424794
412294
411238
412294
414634
415810
421522
424954
421522
415810
414634
412294
413110
413155
413599
414175
418783
427583
430439
449087
435323
426593
426548
423433
415593
413973
402503
399383
386883
386439
385863
385818
388674
393282
395042
398150
398261
398837
398021
398066
398882
396026
377378
368578
363970
344552
345272
346448
345272
348046
345166
343990
325342
313562
312977
313719
312879
331527
328431
329607
330777
353457
356553
355811
333131
344911
350791
350746
347638
345878
341270
338414
339230
343838
343727
352527
371175
371619
374475
373659
374235
374280
373704
373128
391776
392220
392796
392841
393657
390801
386193
389049
393657
395417
386617
385801
367153
366709
366664
374308
376268
375098
375683
357035
357479
360335
364943
366703
385351
385927
385972
385396
385351
382495
381679
377071
375311
376127
375683
377861
380501
388481
391589
391700
389060
389636
394244
403044
403089
402513
399657
395049
393289
374641
374197
374152
373336
344392
340444
341260
341668
339303
336963
334209
320167
319623
316917
322629
323205
320565
333065
341865
344505
347515
338715
333003
333291
332715
332427
335307
338163
339763
327263
324253
327109
326293
330901
339701
358349
358793
359369
359414
360230
359822
355214
346414
343306
342730
342685
342574
323926
324502
323686
323641
323065
322621
313821
309213
306357
307173
307218
307662
326310
335110
339718
342574
341398
344278
345454
364872
362098
361378
363058
362242
364002
367110
364674
364719
365535
362679
363255
354455
335807
335363
334787
334742
330134
334742
337382
345362
347540
344900
336920
334742
360410
371880
373830
376672
364892
387572
388314
389484
390660
384780
403428
400332
381684
381684
380514
379772
385652
388748
400528
377848
378664
381736
395778
404274
404850
412830
421560
409060
405595
403230
401319
413819
411641
415106
417471
419382
427362
429540
421560
421515
418659
416899
413791
413347
412771
411955
407347
384667
383497
381877
375733
398413
400033
401203
407347
408283
411503
425267
428387
428999
431855
433615
434785
434200
436378
434200
436840
444820
436840
434200
441844
445276
458044
477580
479260
482116
486064
490624
493599
506289
508654
514974
517728
518136
518952
519803
522143
530123
549541
562041
564921
566097
546679
545503
542623
544801
545245
557677
560519
561844
562894
565390
566370
580412
584972
585872
586484
587300
590054
604096
591328
583684
587116
599884
598904
595472
596452
604096
590054
587414
589592
597572
595394
587414
590054
586958
581078
569298
570040
571210
593890
612538
615634
621514
633294
610614
609872
608702
607526
588878
590054
592004
614684
617134
618310
621064
612264
610314
604434
601680
599230
576550
562508
561528
563288
566408
568193
574073
570953
569777
567992
568972
570978
583746
610680
613253
616007
616858
615878
629920
630900
628894
640364
614696
618974
607504
616471
618836
631336
634768
636368
649058
649602
652577
654701
651629
660125
660941
668921
677651
678227
669731
655689
669731
672803
664073
663497
655517
654701
653721
639679
640659
654701
653531
645887
658655
662087
649319
645887
653531
655709
668209
676189
674011
661511
653531
652551
638509
652551
653531
657479
654504
634968
632112
635087
630527
632207
651743
654599
652919
648971
653531
655709
653531
661511
653531
656171
653531
651166
638666
635201
633290
625310
623132
635632
639097
641462
643373
644703
646881
666299
667475
648057
650937
648057
646881
645281
648161
648569
650169
650169
647313
661355
660375
646333
643881
646635
648975
648567
642247
639882
627192
626376
625525
626341
623587
625952
626360
632680
630340
631191
643881
642901
643881
657923
643881
646635
647247
648063
648963
653523
652911
650157
649257
648441
643881
636237
632805
620037
634079
635059
634079
620037
634079
633099
619057
620037
617397
609417
607239
584559
590703
592323
592751
615431
609287
607667
606497
583817
583817
582647
581471
562823
559727
553847
542067
541087
527045
514545
527045
529223
537203
535025
527045
524549
524105
522780
523830
533105
537249
537693
525261
522419
521369
523865
526707
512943
510087
506867
506255
504495
503559
500439
514203
517059
520279
520891
522651
523587
526707
546125
547301
550181
530763
529587
526707
524134
526888
539656
542229
546718
519784
517030
504262
507237
508917
528453
532401
535257
530697
526749
525069
522094
502558
507118
504262
505078
505123
505699
506143
524791
527647
536447
541055
536777
541055
552525
541055
542231
543287
544187
541433
540533
545093
544277
539717
540329
543083
545423
546239
545627
542195
536483
535307
532967
531911
537623
541055
549551
541571
532841
532265
529193
515151
523881
524457
523641
531621
532437
546479
549551
541055
538715
536350
523660
524476
527230
533550
535915
548605
551461
553801
552985
552577
553428
547108
544354
543503
544079
544487
549095
548279
548234
547658
556458
547658
543050
540194
558842
559286
558842
559658
559703
541055
528555
526431
524066
526431
533033
536008
536552
538152
541584
554274
554274
552674
539984
531017
528042
527498
539998
548494
554540
549932
549524
550340
550385
550829
555437
536789
539645
558293
558869
558425
549625
549580
548764
548188
540208
527708
525530
533510
546010
548188
545823
543912
542582
540404
552904
556369
552904
540404
542582
550562
552473
554838
554394
557250
561858
561042
560466
569266
569710
570286
570331
571147
568291
563683
563638
544990
563638
554838
557694
554838
554262
553818
535170
526370
521762
521717
522533
522578
521762
522206
526814
535614
538722
539298
536418
517000
515824
515380
512272
512227
512272
512848
513664
509056
506200
506644
497844
497268
496452
499308
503916
512716
531364
534339
553875
556731
552171
553851
557799
562359
558411
555555
536019
534339
531364
528508
537308
555956
555140
554564
554120
535472
526672
527116
527692
527737
528553
523945
528553
528508
531364
535924
536740
537640
540394
541006
536446
535630
534730
531976
531364
528484
530084
532940
535820
534220
533812
534388
533572
533527
532951
535807
535363
535807
532951
514303
509695
514303
523103
541751
541796
532996
533812
530970
528474
524330
523886
514611
513561
516057
525332
528174
540606
541050
542100
534456
532496
540140
542100
534120
521620
529600
527422
529600
542100
543860
548468
567116
567560
568136
567320
567275
562667
563075
554275
553699
553255
534607
531751
532567
532612
545380
548134
550707
537939
537939
564873
560384
557811
551491
553606
551241
538551
535797
534946
532090
534430
533614
531274
532090
515807
518967
521721
522572
522980
523025
523469
526129
547705
548281
550854
552765
553616
555216
558331
559453
570923
570515
565907
564147
564147
564102
563526
563082
562266
550796
546518
555248
563744
564560
572540
569468
568652
560672
551942
551366
542870
528828
529404
543446
546518
549528
551288
542488
554988
560700
561276
561564
564204
551704
549064
548488
548200
545190
539478
541078
542989
545562
557032
560147
558547
557696
555785
553212
541742
538627
539749
538627
539478
547458
583008
589525
611197
617341
618961
619546
624082
617938
616318
615148
624423
627303
604623
605883
607053
608033
609944
606829
595359
592786
590875
590024
591146
590024
588424
591539
593833
596406
598006
598857
589890
586915
586371
586371
588736
597703
600678
601222
613912
615512
618944
615512
613912
626412
634908
622408
609718
601222
622798
625458
625902
625947
625371
603795
603750
603306
600646
601222
598247
602195
603875
606850
626386
629242
624682
620734
619054
599518
596662
601222
604078
607298
607910
616710
617646
617034
613814
610958
597194
595434
598554
597618
594498
608262
611016
611628
607068
606252
605640
604740
601986
606546
607362
608262
605968
602853
600280
598369
597518
599429
598307
599429
600280
602853
614323
617438
615838
617438
615260
623240
635740
637918
625418
617438
629938
627760
619780
617415
620880
623245
619780
621691
619780
627760
629938
617438
620553
617980
616069
615218
613618
612496
601026
602937
603788
604910
606510
609352
607402
604560
601445
603395
605968
617438
625278
627189
649869
652209
653060
651460
654575
666045
668618
670529
668618
666045
654575
651460
650338
649487
650609
652209
649329
640362
604812
603552
581880
589860
591030
592010
582735
583995
593270
594551
630101
651773
643793
642623
641643
644523
645339
647704
654024
654875
657629
670319
672659
675515
674664
671910
668750
666385
664270
663454
661114
660706
651906
649956
648174
619992
616560
614940
615384
615429
619025
618449
596873
594213
594789
594345
597005
596960
600075
602648
614118
616029
616880
618002
619602
618002
616880
605410
603499
600926
597811
596960
595200
592080
590295
584415
581661
580485
580485
582270
580320
581160
583110
587646
590096
591272
594026
602826
605946
583266
610200
622968
625722
628295
615527
612954
586020
583266
582822
595254
595698
597023
598073
585641
583145
580303
571028
569978
569127
571623
574465
571350
568777
566866
566015
564893
553423
551823
543843
541665
549645
562145
564323
551823
552723
557283
554529
553917
558477
559293
539757
538941
536085
536697
539451
543399
545079
548054
567590
570446
565886
561938
560258
557283
556383
551823
560319
551589
554661
555477
563457
572187
571611
563631
577673
576857
573785
565289
565865
551823
552669
580851
581667
582417
582372
581928
579268
575672
575096
578692
579268
581928
582372
582417
579561
576681
578281
578689
581569
579969
580527
583407
584387
585647
594922
603889
638459
660131
652151
651171
648291
647121
637846
636565
601015
579343
578083
586063
589495
586063
573563
571963
574328
561638
570134
569590
582090
579725
571229
568254
569854
582544
583088
586063
595030
586063
583698
571008
570192
567852
565098
564247
561391
555071
557731
555071
555515
555470
555026
555071
551475
550899
551475
573051
576851
577295
580305
590391
577891
575713
567733
575713
577624
574159
576524
579989
592489
590311
582331
584509
572009
570098
567733
566983
566137
566887
567703
571729
572575
544393
543577
537433
535813
535228
530692
539492
558140
558584
559160
559205
560021
564629
567485
566669
562109
561497
560597
557843
560699
556091
547291
528643
528199
532807
551455
551899
551323
551278
552094
552670
552715
554475
551619
550803
547947
552507
556455
559430
564314
567170
568850
564290
560342
558662
555687
536151
537321
540201
541461
550736
559703
595253
616925
617905
609925
611250
611250
608370
607110
597835
562285
540613
541735
560383
559213
550246
558226
561082
579730
580174
580750
580795
581611
578755
574147
582947
564299
563855
563279
561519
560703
560658
565266
538332
535578
522810
524634
527388
529961
556895
554322
554277
553833
551173
529597
529021
526165
512401
515521
512301
512301
503501
502565
499445
513209
516065
519285
519897
528697
529633
529189
528613
509965
510781
513637
518245
527045
545693
544877
536077
531469
528613
528568
528613
529189
529633
528511
547159
548281
546956
556231
537583
550015
548690
551186
554028
555353
556403
555959
543527
541031
538189
537139
537583
539923
541099
546811
550243
549187
546847
545671
542239
536527
537583
545563
546139
537643
523601
520529
519713
511733
503003
502427
505499
514229
515045
529087
537583
537007
536563
545363
536563
531955
529099
529915
529870
529054
510406
510814
510859
511435
511879
514987
519595
496915
495004
487164
486414
485568
487908
510588
512499
520339
517999
513973
513157
514279
505004
514279
532927
531805
513157
513112
517720
521912
540560
541004
541580
541625
542441
542033
544889
540281
531481
528373
527929
527353
526537
525415
526537
545185
554460
535812
526537
526093
526138
526954
524098
524098
515298
515742
534390
536150
517502
518078
517502
517457
516641
519497
524105
533380
552028
553150
534502
533380
524105
525085
526255
547927
539947
538777
537797
534917
533657
541637
532362
496812
475140
510690
519657
520982
522242
525122
516155
516110
515534
514718
517574
522182
503534
501774
497166
494310
495126
496886
515534
516110
516155
516599
516155
513299
509351
506376
504696
499812
495252
493492
493447
492631
492187
473539
468931
466075
468931
473539
475299
476115
476160
476736
477180
480288
479712
470745
467770
470135
457445
454013
441513
433017
430652
439619
442594
443138
455828
457428
460860
473360
481856
480256
479712
488987
487865
469217
459942
461064
479712
475104
474660
474084
471228
469468
466360
466315
465499
456224
457346
438698
437576
456224
465499
471643
459143
455678
453313
451402
443422
441244
438364
437956
436356
435234
416586
407311
408697
411270
412020
421295
394361
421295
419471
416717
414144
416717
419471
432239
433409
434389
437269
438529
447804
456195
463305
484977
476997
475827
474847
453175
417625
408658
407333
415313
412433
411173
411749
411749
403019
395039
394223
385727
371685
368613
377343
391385
394457
395273
403253
411749
424181
426677
429519
438794
439844
439400
426968
424472
421630
422074
421024
419699
427343
429303
421659
419699
427679
429857
432977
434577
438525
439721
440463
441639
455403
460101
472791
480631
481471
482796
482508
481932
476220
463720
460710
458070
456310
457290
456310
455050
456220
455050
452170
455266
463997
442325
477875
479156
472046
463079
453804
461784
464664
456684
457944
455088
451968
451032
442232
441620
438400
424636
427492
430712
444476
453276
454212
457332
457944
455604
432924
431013
423173
421573
408883
408883
412315
412859
415834
417115
414140
405173
417863
414431
416031
424527
426892
414392
405896
403531
416031
428721
464271
466911
469791
470987
472898
471722
457958
453260
440570
432730
431890
430565
435263
434521
435697
449461
462151
469991
470831
472156
472898
472058
463258
466378
472258
474043
476493
485293
483343
478807
476357
475181
472427
495107
493322
490202
492152
494906
496082
508850
511604
514177
518666
505898
503144
500571
473637
478197
479583
488550
524100
524840
527955
549531
575199
584474
582524
579682
579106
570376
578872
592914
595986
596802
605532
613512
605016
590974
587902
587086
579106
579682
578702
570722
569552
566672
563576
554301
553020
517470
516210
513095
487427
478152
456576
455836
458951
449984
454544
455930
457211
492761
493501
457951
461547
462872
467150
462590
461204
467084
474924
487614
492312
506076
507252
506510
498670
497494
483730
479032
488307
489049
476359
475519
474194
476767
476017
474631
465356
462783
463533
464919
474194
492842
494624
495680
500288
504224
506674
509428
510274
514763
522743
525863
527463
526267
528445
529641
525693
524093
520973
518795
510815
514763
514808
517664
522272
531072
549720
550164
550740
551556
548714
551210
550160
540885
538389
525957
525513
526563
527888
530730
543162
543606
544992
566568
575535
611085
611825
614940
613659
612273
607713
611991
610666
606388
610948
612273
608677
573127
572387
569272
578072
596720
597164
597740
597785
598601
595745
586945
568297
567853
567277
567232
566416
561808
564664
569272
573832
582799
561223
559898
555620
557006
548039
546653
572321
567761
571357
574472
571357
570617
535067
535807
571357
572682
573498
572682
581482
576874
577318
576742
567942
549294
549249
552105
570753
570309
567453
568029
568074
572682
566802
567246
576521
581129
571854
572596
573772
578470
578026
590716
599516
602372
610212
623976
623400
615560
621440
608750
604052
590288
589472
590048
588872
588130
588175
588991
586135
581527
572727
554079
554034
572682
571942
572682
608232
629808
639083
640364
641750
646028
649143
653703
649143
647757
638790
613122
611797
608201
605086
569536
578336
596984
596408
596363
600971
603827
604403
604448
605264
602408
597800
589000
570352
569908
570352
569536
576646
574735
572095
559405
558209
559405
562285
564925
567040
531490
533401
530521
521246
499670
496555
518131
527406
526666
491116
489835
515503
511225
509839
512954
513694
539158
540439
541825
546385
541825
546433
558865
585799
586645
589399
588553
587497
582889
570457
565968
563214
544566
563214
564270
566720
568502
566052
564270
567126
567702
567657
567081
566637
547989
552597
561397
552597
571245
566637
567081
566265
566310
567126
564270
564814
552314
548882
547601
544626
544082
556772
554407
554407
557382
555782
557382
560814
569781
557091
559456
567952
580452
558876
563436
564822
573789
580899
581639
572364
575479
584754
559086
554526
553140
551859
516309
515569
512454
530915
535193
534377
529769
529193
528749
510101
501301
498445
499261
499216
499261
499705
518353
527153
531761
534617
535193
562127
564700
551932
547443
544870
547624
544870
557638
549798
543918
534643
540523
549798
537108
541806
541064
554828
556004
556746
564586
559888
572578
571402
557638
566438
585086
585530
586106
586151
586967
584111
588719
588674
570026
569582
560782
559966
562246
557638
557062
552502
551116
544006
539728
530453
530453
529713
520746
499170
493458
492282
493338
495678
496854
494514
493458
496890
502602
499170
507150
515880
516456
507960
499230
496158
495342
487362
486786
472744
473560
487602
490674
492798
491602
493202
496322
498500
506480
507676
511624
510024
506904
504726
496746
492798
491982
491937
487329
486885
468237
459437
456581
457397
457442
457886
476534
477110
481718
484574
484574
486334
477534
474678
460914
457694
454574
453638
453026
459170
453026
452450
449594
444986
443226
424578
424134
424089
423273
421491
423941
442589
444371
445427
455681
460170
462924
463770
445122
449730
448674
444066
431634
429184
428338
425584
398650
411418
414850
422494
430474
431670
432214
434874
434132
432956
427076
417801
405111
400413
386649
378809
381651
381207
382257
391532
394028
392703
393147
392097
389255
386759
374327
384005
381432
382554
385434
412368
413424
415997
416747
407472
408858
408108
417383
415997
423641
427073
419429
415997
403229
405053
403857
403313
395333
392673
400653
401197
402393
405053
403997
402801
399921
392811
390171
388056
386145
387341
390221
397331
399971
412661
414572
413450
414572
387638
384758
385814
412748
415628
414782
412028
407539
395107
390499
389443
386993
387839
369191
370973
373423
374479
379087
391519
396008
398762
396980
415628
413055
410301
397533
370599
368999
365567
363202
354235
351260
350716
338026
340391
348887
361387
352891
353435
340935
349902
351502
364192
367624
370599
371795
379775
381953
385073
386673
387795
360861
364809
363687
364743
391677
394557
393501
390621
389021
389021
381041
379845
375897
372777
380421
383853
396621
388977
385545
383721
384917
385461
393441
396101
394905
394361
391701
383721
383145
382329
374349
365619
362547
348505
346381
346957
355687
363667
364483
378525
381597
390093
391215
418149
417093
390159
393039
391917
392973
390093
391693
392815
393666
396781
408251
410824
412735
405091
401659
388891
380911
380367
379171
381831
389811
390355
391551
388891
376459
375613
372859
368370
363762
345114
342664
361312
363762
364818
363762
367906
372514
370732
371578
374332
378821
380603
384068
385688
386858
388244
395888
397213
398335
401215
428149
427027
424147
397213
396157
397213
394098
382628
384228
385350
386201
388112
399582
402155
400555
399433
398582
396671
394098
397213
396163
408595
399320
401816
402260
405102
414377
415427
414983
402551
400055
397213
395253
387609
388779
387159
383694
391338
392724
391554
390229
388843
381199
384664
386284
387609
384494
373024
370451
368540
367689
366567
364967
376437
379552
381463
382314
383436
385036
387609
388995
398270
399440
401060
404525
402905
401735
400410
392430
400074
399530
398334
400994
408974
409518
410714
409328
401684
399024
395559
396615
401104
399982
373048
371992
373114
370234
373114
371203
368563
361453
358573
357377
344687
341572
330102
327529
325618
324767
323167
326282
337752
336630
338541
339392
340514
342114
343500
344250
341677
332402
331016
330266
332839
342114
344687
337043
338663
339833
349108
347488
346318
337043
335657
332192
339836
341222
344687
347807
349407
347229
348425
352373
350773
347653
343705
342509
334529
342509
344687
346637
369317
371767
372943
375697
377482
374362
380242
378457
372577
375697
375697
377457
375507
352827
350377
349201
340401
341523
343123
341523
343434
344285
341170
329700
327789
326938
324365
323243
326358
337828
340401
354165
357285
369785
381255
389985
393100
393145
400985
402605
410249
406784
408170
406550
407720
409340
412805
422080
420910
411635
403991
402605
401483
400427
395938
393058
394114
421048
423928
425050
426106
428556
430338
429282
447930
445176
449784
450746
448964
451718
452564
433916
433070
430620
426012
430501
426357
421868
424528
421868
413888
413344
413888
415084
413888
421868
420746
419146
422261
433731
436304
438215
436304
437426
436575
434002
422532
419417
421017
421868
418893
418349
415984
403294
401694
398262
385762
376795
368299
366913
370378
362734
363904
365229
366615
374259
370794
369174
368004
369624
360349
359773
351277
337235
334163
333347
325367
316637
313522
311611
310489
308889
312004
323474
326047
327958
328809
329931
331531
330680
328107
316637
308993
307607
309227
310397
319672
321058
328702
325237
323617
322447
321122
324587
325643
324587
321707
320585
347519
320585
321707
324587
316943
315557
306282
305112
303492
300027
307671
316946
318116
319736
323201
324587
322987
321865
318750
317899
315988
313415
301945
309925
310469
311665
311121
303141
300481
299285
301945
309925
312565
332101
332645
329180
327560
326390
317115
315729
308085
307029
280095
277215
276093
278949
283557
292357
311005
311449
312025
312070
312886
310132
309286
311068
329716
330772
326283
313851
309243
308187
305737
303955
306405
287757
290511
317445
329877
334485
335331
332211
332256
340986
352456
355571
357191
360311
360266
357151
349311
340581
340581
328081
326461
312697
325197
338961
346801
349441
357421
359599
358783
358339
345907
343411
340569
331294
330244
330199
329755
332611
337219
336643
355291
355735
356311
365111
365927
363071
358463
349663
331015
331060
331604
339584
338388
337844
329864
327204
329864
331060
324916
327094
319114
316936
313816
312216
316164
317360
325340
328460
330060
329484
329040
310392
309196
312052
308104
308548
308503
307687
298887
294279
291423
292239
292284
292860
301660
320308
324916
325360
344008
343192
347800
350656
350701
359501
360317
360893
360848
360272
359828
341180
332380
327772
324916
325732
328588
333196
341996
360644
361088
361664
361709
358853
358277
349477
330829
330385
325777
325732
324916
322738
320098
322276
330256
332896
324916
327576
327032
319052
320248
320792
328772
327576
324916
315641
317027
317777
315204
314454
323729
322343
324916
325324
325768
342238
343998
343182
343137
343713
343137
347745
329097
320297
315689
312833
313649
313694
313250
314306
316646
317822
321254
320198
317858
316682
310970
307538
313250
317739
320493
321339
318889
317833
290899
278467
275713
274867
270259
274403
255755
256811
257301
259083
262191
266799
265017
293961
319629
322383
324294
332274
334234
335134
335578
335533
334957
334513
315865
318721
323329
332129
350777
351353
351398
349638
345030
344214
345030
344622
347742
347787
339947
331217
344981
346601
359101
357481
357436
366166
363046
370886
374001
370886
358386
344622
333152
344622
343806
343230
342786
347394
347349
338549
319901
315293
312437
313253
313298
313874
322674
325530
344178
344622
344078
341418
333438
332242
336850
345650
364298
367154
367598
358798
357982
357937
357361
356917
338269
333661
330805
331381
331426
332242
340222
342862
342862
334882
332242
334420
325620
306972
306528
305952
305907
305091
302235
297627
297627
294617
294173
290373
291569
294689
290741
289545
291145
288967
285847
277867
281815
289795
291973
290373
302805
321453
323235
325685
326741
331349
358283
357227
358073
357227
354473
349984
345840
348594
348104
346322
343214
338606
336428
344408
347048
344408
336428
338606
327136
313372
310252
308632
296132
296087
292972
285132
276402
277302
280374
283489
296179
297859
303619
317661
320415
323390
341779
346387
347668
339688
321040
319258
316808
315752
311144
298712
271778
274418
282398
280220
279374
281552
278912
276158
297830
299155
301728
302478
301092
291817
291067
292453
289880
292634
318302
320262
312282
310371
284703
255759
253799
252899
250145
251045
252956
260936
265760
269708
270904
278884
281062
284182
285782
284586
281466
279288
277688
273740
265760
257780
255140
252962
257522
254450
241760
238645
237745
238645
236965
231205
234320
247010
250082
255842
257522
254768
256718
279398
277638
274518
272733
271557
274007
251327
252503
255257
261137
262922
260472
254592
252642
261442
264562
242890
245986
274168
275788
279220
288020
289802
291752
305794
308548
311523
310242
328631
325656
321048
330015
315973
313219
294830
299438
297838
294718
292540
284560
280612
279416
282272
285026
285877
292197
294562
307252
308068
310408
309508
306393
312153
306393
309508
310408
312088
299398
296326
294646
307336
310408
312748
335428
337339
345179
343854
341281
342031
340645
339895
341281
350556
353129
327461
324707
319883
317972
309992
313088
313988
315899
314999
313039
315793
341461
370405
372365
380345
377249
377793
380433
377793
397329
405309
397329
377793
377249
380681
386393
380681
379505
377165
378221
380561
381737
378305
377249
386216
389191
393799
412188
409434
395392
398146
395171
376782
372174
363207
377249
376349
374669
375569
377249
371489
368417
371532
358842
371532
374604
371489
377249
378100
380854
383710
390030
389179
386814
389179
401869
402685
405025
398705
395849
393509
390755
389939
377249
374153
383428
384550
403198
405109
413089
412189
410229
384561
355617
352863
355617
356517
358477
387421
413089
411178
403198
401812
399239
389964
389214
417396
418146
418962
419808
429083
427961
409313
400038
418686
419808
425568
424668
425568
427248
430363
428683
425568
412878
407118
404046
407118
419808
421719
424059
446739
454579
452239
444399
442488
419808
420384
441960
444620
445064
445109
447474
453794
466484
467335
470089
467233
464479
458159
455794
443104
442288
439948
442804
441953
444293
445109
445925
445970
446546
446990
465638
467398
472006
474862
470254
461287
442898
439923
437169
423127
426102
430710
449099
451853
465895
467176
485824
467176
457901
459023
468298
467176
467221
448573
443965
441109
441925
441880
446488
449344
448768
467416
467992
468436
467992
467176
468936
467176
469136
472356
473256
473976
478536
479340
487320
468672
467550
476825
495473
486198
487320
486504
486948
487524
487569
488385
488340
497140
494284
493840
493264
491504
496112
498968
494360
475712
494360
506140
505294
477112
476296
475546
476296
477112
477958
506140
506095
505519
505075
486427
477627
473019
470163
470208
470784
471600
490248
490350
492110
496718
496346
495530
496652
495530
504805
523453
504805
495530
517106
517550
517595
517019
517595
520255
498679
496019
495974
495530
498750
499470
500274
501174
499214
494654
502634
499414
498694
497890
496990
498950
490970
495530
498386
499202
499247
499823
500267
518915
526095
530703
526095
524335
505687
505243
504667
504622
504622
501766
504106
529774
532630
534580
535776
545862
548872
568290
577565
558917
560039
550764
569412
568290
571146
575754
579946
598594
599038
599614
599659
600475
599899
595291
586491
567843
567399
567354
566538
563682
566902
567622
568426
569326
571286
566726
564766
556786
553566
552846
552042
551142
555702
563682
562560
543912
534637
535759
554407
563682
545034
544218
544173
543597
543153
534353
534353
531497
532313
532358
532934
533378
552026
560826
565434
568290
566610
560850
557778
554663
556343
555443
561203
564275
576965
580080
580980
568290
568245
568821
569265
571925
571970
571394
549818
547158
546714
568290
559015
540367
539245
542101
546709
565357
565801
567561
570681
572466
578346
581100
582276
584726
607406
609356
609932
609977
616023
614073
591393
588943
587767
584911
576111
570231
568446
565326
564510
564465
563889
563445
564261
561507
556899
548099
529451
516761
510441
508076
507260
506409
504069
501213
498459
499275
511965
514330
520650
523404
524255
527111
529451
527491
526591
525787
525067
521847
522747
518187
520147
520281
519531
518715
510735
513955
514675
519235
520565
519719
491537
492353
491537
491492
490916
490472
471824
470064
470472
475080
483880
486988
487099
482491
483067
483112
480256
483010
483622
484522
485338
489898
489082
488506
488395
485287
476487
471879
471471
471426
463446
461535
435867
435733
433773
432873
440853
411909
415129
414409
415213
415213
414313
415033
413073
409853
414413
409853
411813
412713
411383
415991
418966
433008
430033
448422
447141
442533
451500
437458
434704
437458
419069
419024
418580
415920
394344
393768
393813
394257
396917
418493
419069
422289
419069
423629
431609
427049
427769
428573
429473
421493
420773
419969
419069
417109
419069
423767
427199
427439
429224
433832
436947
438207
439023
464691
467811
468551
469451
471131
474246
486936
490008
484248
481176
478061
476381
475481
481241
468551
445871
438031
436120
433780
431820
430920
431640
434860
434140
430920
422940
418380
417576
418476
418610
423170
431150
433110
432666
430006
408430
407854
407899
408343
411003
414599
414554
415130
414279
407959
405205
392515
389659
391999
392815
405505
411825
414579
415430
418286
417470
419835
417495
415130
410570
409958
410774
408020
407120
406304
410864
406304
406916
409670
410570
408610
400630
408610
407710
407576
406856
403636
399076
401036
405596
408816
409716
410520
411240
412362
414935
434471
446251
434471
439031
434471
442451
445671
446391
447195
448095
450055
442075
440115
439395
438591
437691
434471
433415
434591
428879
429935
426503
432215
431039
428699
432131
434471
434426
433982
431322
427726
427150
426606
423966
415986
418626
419170
438706
446686
427150
424175
415208
410600
392211
389457
394065
403032
421421
424396
427150
441192
427150
426250
421690
413710
410490
409770
407810
407006
406106
409178
407498
404383
391693
388621
382861
388621
401311
404426
406106
407006
412766
431414
433139
434525
435245
435735
438489
439611
448107
467525
475365
478119
490619
490007
492761
493661
494477
499037
498221
497321
492761
493373
490619
487187
491885
492125
495557
490859
490619
488279
487428
484674
478354
475989
463299
460443
459627
461227
465925
466665
467109
470119
475999
477121
489889
493321
500965
497850
496590
495774
470106
468321
465201
465941
469056
470316
471132
472917
476037
501705
506313
501705
500965
497955
497511
496771
492073
490473
489351
495231
498241
498685
499425
504123
505723
506845
500965
495205
492451
490726
489340
488620
488130
490884
472236
473622
475347
493995
499755
500735
501455
504465
504909
505649
505205
502195
496315
501013
506893
506153
501455
499855
498733
500333
501455
498340
485650
482578
476818
475138
474238
481882
485314
498082
490438
487006
474238
473422
472522
469768
474328
475144
476044
475432
476044
471484
474238
466398
474894
455476
446980
445858
448612
461112
468952
488370
489492
476992
474238
474682
477692
471812
471368
470628
465930
464330
463208
464048
461038
462160
463760
465326
466066
463312
444923
440315
431348
417306
414331
415453
417053
421751
422491
420925
419325
425205
424083
423243
420233
419789
419049
419493
422503
435271
431839
419071
426715
419071
422503
416623
413613
413169
412429
407731
406131
405009
410889
413899
414343
415083
419781
421381
422503
422548
423364
426796
431494
432070
432514
451162
459962
464570
467426
463994
463754
459056
459296
460036
460480
462080
456200
453190
452746
452006
447308
452006
450884
456764
459774
460896
459296
462152
462107
459097
460153
464642
467522
448104
446908
444958
419290
409204
406348
416434
419444
422218
423414
425364
429642
430050
432390
430050
429234
430356
430932
430356
429912
411264
402464
397856
395000
395816
395861
396305
414953
423753
428361
409713
407988
407008
404254
403534
402148
396388
397774
398754
404514
406239
408993
427641
428361
419561
420377
420422
420998
421442
440090
444698
448800
437020
439876
421228
433008
432564
431988
431943
431127
426519
423663
417783
416661
415061
415061
414321
413877
410867
398099
390455
387023
387635
386819
386207
390767
391583
392483
389729
392483
391583
387023
386207
386162
385586
385142
376342
371734
368878
369694
369739
370315
370759
389407
398207
402815
384167
387023
389903
391079
410497
411553
408673
404184
403128
407617
410497
411619
419599
422353
421231
429727
426973
407555
399059
397937
400691
413191
421031
440449
432609
420109
421231
412431
415185
416361
418811
441491
443441
446561
448346
457146
434466
432016
430840
430840
424960
423175
421225
427105
423985
405337
409945
412801
413245
413821
413866
414682
411826
407218
398418
407218
406774
406198
406153
405337
423985
424965
439007
439052
437270
409088
408272
408227
407651
407207
388559
379759
375151
372295
368863
368863
371719
369769
378569
397217
397661
398237
399053
403661
394861
393881
379839
380819
394861
397741
398797
397741
393252
390372
389250
416184
417306
425146
426342
429222
437202
448982
462746
463488
465666
467616
486264
467616
458816
454208
451352
452168
452213
453973
454417
454993
457849
457033
456988
456412
455968
460576
465184
466000
491668
487060
483945
482685
483425
486540
488325
487509
461841
463101
466221
480263
477143
476403
477383
475598
461556
460576
461152
461197
442549
437941
438385
424343
425323
439365
442221
446829
445069
463717
463141
462161
462116
461300
458444
459260
458816
460576
462916
464827
472667
495347
493961
492236
473588
472868
467108
464354
463374
464496
463440
466320
493254
494310
493188
490308
463374
462394
448352
449332
463374
460518
461334
461289
465897
474697
493345
493789
494365
493549
493594
493018
492574
473926
469318
472174
470414
471314
470414
467660
466844
471404
466844
467456
470210
469598
470414
469434
455392
469434
469924
465316
465076
460378
463810
464050
468748
465316
462460
453660
453216
434568
434523
433707
453125
454301
457181
437763
436587
433707
433131
434111
433621
447663
433621
432565
405631
406753
403873
402751
403807
430741
433621
425125
422371
409871
402031
382613
381491
393991
401831
421249
429745
430867
433621
430867
433621
441601
433621
421841
435883
422119
408077
409057
408077
407335
405385
402505
394665
395407
403387
404583
412423
415303
427083
433965
436143
438093
430113
428917
426739
440781
441761
427719
426739
427861
454795
457675
456553
453673
426739
425683
426739
427719
441761
427719
426739
428650
429501
430623
432223
434517
437632
440205
439225
425183
428298
422586
423708
426281
428192
426592
428192
439662
438540
436246
434335
433159
430819
429763
433195
432344
433520
439232
440288
437173
433741
431168
433508
434359
433303
406369
401809
400909
398155
397339
398461
399517
398395
397783
423595
420715
423595
426475
407057
405881
403001
404177
423595
420715
421911
429751
430493
433373
445153
458917
458175
460125
452145
450949
458929
447149
440267
432427
430249
428299
430477
432388
431537
429626
427053
415583
416434
418034
414919
413797
412197
415312
426782
429355
430477
431533
432655
435535
462469
461347
458467
431533
430477
438973
458391
466231
467831
480331
483085
484207
485058
486969
498439
501554
493058
493058
494180
492580
495153
475735
467895
455395
452641
451519
450668
447553
445642
443069
431599
443379
431599
434353
442333
439579
431599
412063
409423
408879
400899
397467
397707
393009
397707
397467
400899
400159
401281
402132
404043
406616
418086
421201
419601
418479
417628
415717
413144
401674
398559
393951
390836
389576
388760
363092
361307
362907
359787
358665
357609
330675
327795
326944
328066
328917
330828
333401
344871
347986
346386
347986
346075
343502
332032
328917
327795
330637
334030
334164
332214
334392
320628
318450
330230
343994
345944
346686
354526
355722
358602
350622
349426
341586
340844
337964
326184
334164
336504
328664
326753
304073
301733
309573
332253
334164
335764
324294
325416
323505
322654
319539
318417
316817
314244
325714
328287
330198
331049
334164
337044
317626
316450
313570
314746
334164
322694
321843
319932
317359
314244
313122
311522
292104
290982
278482
275728
276850
279604
292104
299944
319362
310866
303026
311522
311567
312143
312587
331235
340035
344643
347499
348315
340335
337581
340335
348315
329667
328851
328806
328230
327786
318986
323594
320738
321554
321599
322175
322619
341267
344123
352923
348315
351195
351937
359777
360973
359023
367003
369181
355417
353239
345259
357039
345259
342379
341183
333343
335293
349057
348315
352923
350067
345459
354259
372907
373351
373927
373972
373396
374212
374167
365367
364923
346275
345459
348315
345459
345414
344838
345414
340806
332006
332822
314174
313358
316214
320822
329622
348270
348714
348759
348315
347139
327721
324841
326017
322585
322345
317647
321079
321319
324199
328897
348315
349365
358165
359287
361652
366350
379040
380020
379204
360556
360511
363367
358759
384427
386377
387573
406991
410001
420087
417747
417339
413061
411111
409915
407141
404131
394045
393601
396457
401065
403405
412205
430853
431297
431873
431918
432734
429878
421078
420502
423895
424029
426871
426737
423344
420502
423722
424166
427008
431497
444265
455735
458591
463199
464959
465403
465979
466024
466840
463984
459376
450576
431928
431484
430908
430863
430047
448695
453303
456159
464959
465535
465979
484627
484582
484006
483562
464914
464098
459490
456634
457450
457495
455735
464535
465585
478275
473577
471212
470232
461432
460382
447692
448672
447550
448672
451037
455735
447895
455735
468235
470989
462493
443075
445849
447973
449095
446341
445219
432719
440559
438609
424845
423649
420769
420027
412187
404207
402029
403979
417743
405963
417743
418485
421365
423543
424739
432719
423919
420799
422749
445429
454229
455405
458159
458999
460784
463904
458024
456074
433394
430944
429768
427983
425229
427679
409031
400231
395623
398479
403087
411887
411932
411488
412064
409208
410024
409208
409163
408587
409031
427679
428087
427511
426695
426650
426206
407558
398758
394150
391294
392110
392155
392266
395374
404174
404750
409358
406604
409358
417338
419694
407914
399934
399979
400423
403083
403659
425235
425679
437149
440369
428899
441667
468601
471443
466954
463734
463290
450522
447680
446864
446819
446243
446132
437332
434224
433816
429208
428158
415468
414292
411412
391994
387296
391994
394359
395481
398361
399537
418955
410155
409175
408053
409033
406668
415468
417583
418633
395953
393613
385773
383862
381912
368148
356368
353488
352292
360272
361468
353488
354230
352052
344212
343470
345420
359184
370964
378804
380982
383862
396552
394437
393387
384587
383607
382485
387183
382485
384850
382485
383607
384587
393387
394437
389739
393171
393411
389979
389739
394437
394392
415968
418628
419072
419117
418541
396965
394305
393861
394437
405907
418675
423164
426006
426450
413682
402212
401768
404988
378054
375212
371992
373114
381610
401028
408868
406114
408868
407746
405622
402848
395008
382508
395008
394874
392032
388639
375949
374899
373919
371554
366856
379546
380596
371796
372776
381576
386274
385152
386274
388639
385759
384583
365165
368045
369221
388639
385885
377905
378481
356905
378481
381141
381585
378925
378970
378526
378481
377905
374685
374241
371399
366910
354142
365612
368832
381600
386089
374619
375063
377905
375955
383935
386113
387309
395149
395891
407671
410551
408373
400393
399197
391357
390615
387735
375955
362191
364141
377905
386705
391403
393768
394890
395870
396920
392222
379532
378482
380597
379617
377252
368452
367330
366274
363934
362758
357046
353614
359326
360502
361558
364990
367330
367285
345709
343049
342473
342518
342898
346494
347070
346626
347070
338270
336155
335175
334053
331688
326990
339680
340730
349530
350510
351632
353997
352947
357645
349149
348027
335527
327687
324933
305515
316985
304217
299728
296886
309654
336588
339430
339874
339430
327960
331180
327960
326784
323352
323112
318414
337832
340712
321294
322470
319590
327430
313666
311716
310974
303134
301938
293958
291780
280000
281950
279070
281248
289228
290424
291166
294046
305826
319590
306900
311598
313963
315085
323885
324935
337625
335260
334138
333158
324358
323308
324288
319590
322446
325326
326926
326971
348547
351207
351651
351075
347479
347099
346655
346610
347186
358966
356610
365885
384533
385655
382435
381991
384833
372065
345131
342289
330819
334039
334483
361417
374185
385655
404303
405425
396150
377502
376380
377705
365015
362650
357952
370642
371692
380492
381472
382594
384959
383909
406589
408929
416769
421467
420345
419365
410565
412476
421751
420426
439074
437952
419304
420426
419982
419937
417277
395701
395125
392947
384967
383771
375931
375189
372309
370359
356595
344815
341935
340759
321341
324221
325397
344815
358579
361333
372803
374128
375064
383044
401692
402814
384166
383044
392319
383044
409978
422746
434216
438914
426224
429444
417974
420339
393405
390563
388198
388642
383944
396634
393414
394464
396224
387118
388240
387796
386674
373906
372926
371876
374718
365918
364796
346148
347270
365918
356643
357968
369438
371349
374464
375586
377186
379759
380610
379488
360840
359515
360637
379285
388560
390471
388106
386984
386004
384954
372264
367566
365806
363233
364355
365206
363295
365868
377338
380453
378853
367383
364268
363417
362295
363895
361555
335887
333937
332741
313323
310313
310313
307457
316732
335380
326105
327227
326105
307457
295987
283219
256285
253443
252999
249779
247206
249117
251690
263160
266275
264675
263553
262702
263824
265424
266275
254805
251690
249779
240504
221856
220734
219558
216678
197260
194687
193087
196202
207672
209583
210434
213007
214607
211492
210370
209519
207608
208730
197260
194506
185706
182586
180801
179961
177511
154831
156781
179461
178285
179461
182215
184665
186450
189570
198370
196420
202300
200389
201511
198396
186926
184353
183502
185102
183502
186617
187468
189379
191952
203422
202300
203050
203290
205950
208806
220276
234040
235825
224355
221782
219871
219020
217898
229368
232483
235056
236656
237778
238629
240540
238940
235825
234225
231369
228489
230089
232945
235825
234225
235347
236947
237798
240371
251841
240371
237256
236134
235283
233372
235283
238398
235825
236676
224896
222323
210853
209731
208131
205016
203105
202254
194414
192503
169823
167483
175323
177234
199914
202254
214754
215930
217530
226497
229377
240847
246215
247391
255371
255815
258311
258887
277535
279985
280119
278997
276424
256888
260003
261953
263129
273215
278927
277871
281303
278963
281303
282359
281183
275471
275471
276647
265177
264241
262916
249152
260622
268602
269538
278813
281567
295331
292577
284597
297365
305009
308441
310352
311548
314428
317068
324178
326293
327109
327154
327730
328174
346822
355622
360230
363086
359654
346886
339242
352010
355442
363086
371886
376494
376449
375873
375429
374613
365813
384461
384905
385481
385526
388382
369734
370550
367694
363086
360230
361830
364686
367566
365966
363086
365942
370550
370994
389642
390218
390263
391079
388223
383615
374815
356167
355723
355678
354862
363662
363086
365942
366758
375558
394206
394650
395226
395271
399879
395271
386471
367823
367379
364523
363707
363662
363086
359654
367298
370730
383498
370730
363086
363131
363707
368315
365459
360851
352051
352495
374071
392719
401519
402335
402290
401846
401270
405070
404254
412094
413480
418088
420538
426682
429255
464805
467661
449013
446673
444762
436922
414242
414818
417314
435962
436406
437582
438386
429586
427136
419156
417980
417536
417402
416826
398178
399938
402388
410368
407872
403264
402688
402244
383596
374796
371940
374796
375372
375816
394464
403264
407872
407827
407872
407056
407872
408160
418246
420742
421546
450490
450535
469183
468367
465511
465067
446419
437619
433011
433455
434271
433695
433650
434226
438834
441690
450490
414940
412367
406223
403773
399165
397779
389939
368363
403913
410057
412507
417115
418501
426341
422541
444117
446690
450490
437722
430078
426646
427702
453370
456490
466576
465760
468616
473224
477416
496064
496640
496685
497129
494273
489665
489620
480820
480244
479800
461152
461968
460772
457892
455252
453137
454333
457213
464323
466438
468349
461239
463879
461968
463918
474004
475180
473230
470115
460029
458853
461968
463728
482376
482820
483396
483441
484257
483813
475013
456365
460973
460397
460352
459536
456680
459536
459536
453392
454778
462618
484194
487994
452444
457052
454479
460623
463073
460623
456015
491565
490179
482339
478539
456963
459536
458960
440312
439868
437012
436196
434436
434391
429783
428979
439065
410121
400035
400839
401127
430071
427575
427287
429783
431169
428596
422452
420002
424610
427060
448636
452436
460276
455668
447828
426252
432396
428596
435706
438279
436893
401343
412813
425313
422433
424033
433000
421530
409030
407854
398887
397287
398463
401343
407223
409008
412128
403328
400208
398423
392543
389789
388613
386163
363483
366237
367413
369363
367413
369863
378663
401343
428277
429333
430455
429651
427155
426867
397923
387837
388641
391137
391425
420369
430455
433335
426225
428798
424190
427990
431586
439426
440812
445420
447870
445420
451564
487114
483314
461738
453898
452512
449939
443795
446291
446735
447911
446151
443701
435721
434917
433741
434317
433873
433297
414649
416409
418859
426839
426973
424477
443125
442003
439123
436243
437365
440245
467179
468235
467179
468779
441845
440245
437389
440269
443125
429361
421381
420445
411170
399700
396946
398332
419908
413764
417564
425404
422954
420381
415773
414387
406547
402951
399151
434701
437274
401724
407868
410318
414926
414075
424161
421305
418645
418405
417655
416851
414355
414067
416923
419583
420333
420573
410487
411291
413787
414075
443019
414075
416955
415759
451309
453949
451069
452980
445870
443230
441115
453805
455001
453090
451968
453024
454146
457026
483960
482904
455970
453090
453135
453579
456239
477815
478391
482191
490031
488645
490031
494639
497089
503233
499433
477857
480430
472590
476186
471578
507128
500984
498411
495961
460411
448941
450726
464490
450726
448941
460411
433477
430597
431653
458587
461467
462589
461533
460411
457838
455388
451792
450406
442566
438766
474316
476889
483033
485483
490091
491477
499317
520893
516285
520085
513941
478391
476441
473326
463240
462064
464014
467129
477215
478391
488477
516365
516653
516365
487421
477335
477469
479965
477469
476665
495054
499752
508248
511468
514861
517357
517645
517201
495625
495049
495094
495538
498198
519774
520350
520305
517645
544579
547459
546337
546337
547393
544513
545635
518701
497125
489285
487899
483291
480841
474697
472124
436574
432774
434952
442932
445572
446748
438768
436318
454966
454832
453656
435008
432512
433316
441296
441740
441296
443056
441296
443792
446242
446818
446242
447418
443986
449698
452038
450862
448522
447466
441754
445186
446242
436156
407212
406924
406790
404294
405350
402470
406959
409839
410961
384027
382971
381849
382425
404001
401341
379765
379189
379234
379678
382338
381894
381849
378629
375236
372740
372452
367754
386143
394639
399337
399625
402121
405514
387125
390345
381849
379938
367248
364608
329058
326178
324982
333949
359617
361003
368113
389689
392804
393544
402819
407379
399399
396759
398937
406917
409557
407379
410221
411946
412234
417946
418762
414273
411393
412449
439383
442263
443385
442263
441207
442992
445357
451237
451681
452421
457119
458719
459841
462851
467411
445835
471503
480778
482164
503740
506855
497888
493328
486218
483103
473828
448160
449441
456551
457291
456551
455165
458761
458716
461376
461820
462396
461820
461865
440289
439845
437185
437230
440350
454114
455734
468234
479704
488434
496274
499389
493509
490499
490055
489315
484617
483017
481895
482339
485349
486471
488071
488911
489651
494349
520017
494349
503624
525200
524460
525200
524144
497210
494330
493208
483933
462357
459242
462357
461076
459690
466800
475767
477153
481713
474603
471747
468867
469989
472869
477358
478414
473854
472254
481054
481462
486070
489178
489754
489799
490615
491059
486361
486073
483577
480184
476964
458575
461795
465188
467684
467972
472670
481166
499555
491059
492181
491059
489459
484761
490641
492241
495251
495695
496435
495695
495251
492241
491401
489223
481243
478603
480781
488761
491401
496099
488989
480022
489297
484737
510405
514001
517116
517856
553406
552020
556580
557861
557121
554006
532430
523155
497487
498873
495765
486965
482357
481949
481505
480929
480884
480068
480884
485492
486068
486512
488877
490662
488297
486512
495312
513960
516816
516861
515805
512925
511803
507314
508054
502174
501730
500990
496292
494692
493570
494410
497420
497864
502562
504162
505284
502274
476606
481166
471891
507441
508181
511296
532872
542147
567815
563255
561869
560588
525038
524298
521183
517587
526554
527940
528516
528072
509424
500624
496016
493160
493976
494021
494465
513113
514873
519481
522337
522292
521716
520900
523396
522820
520324
519880
518704
517900
509920
507470
505710
506286
487638
488082
488886
496866
499316
501076
502252
520900
524015
525965
524789
514703
517363
538939
535343
535787
532672
532096
529436
528992
529037
529613
530789
540875
538925
538880
537280
536836
536096
531398
528388
533086
536096
536540
537280
538880
540002
545882
545042
543920
551112
563880
590814
602284
606428
607268
610124
609308
618108
636756
637200
637776
637821
637776
634920
635736
635160
634716
639324
637564
632956
614308
612922
603955
568405
567665
564550
542974
533699
508031
529607
530347
537457
538738
540124
544684
546009
549124
574792
570232
562252
559612
561790
568594
571234
569056
571912
576520
585320
603968
604412
604988
605033
596233
593377
588769
570121
569677
569101
569056
568240
569056
566176
554706
542206
542206
543382
544982
557482
566449
569329
567729
558762
570232
580318
605986
609106
610162
600076
574408
571288
570232
564352
565952
570650
571390
574400
580280
579158
577558
572860
577420
576680
576236
577358
577802
574792
610342
614902
610342
608956
633004
642279
663855
662574
655464
654724
651609
630033
628708
603040
606155
607541
608822
607037
604672
606457
608822
609562
612955
616175
597786
589290
584592
584880
582384
587082
595578
613967
613679
610286
612782
609562
618292
627092
631700
631745
633365
630245
616481
616481
619337
606837
595367
586637
578797
592561
589446
589401
597241
615889
628389
628965
640435
643550
642734
642689
642113
641669
623021
623465
626585
621977
619121
619937
619982
611182
606484
605362
610186
604306
601296
600852
600112
598512
603210
603654
604394
605994
607116
610126
608845
607459
602899
602159
599044
577468
541918
532643
506975
504133
504949
510661
510949
512674
515516
514700
508988
507263
506975
506531
506486
484910
484334
481674
478818
479394
478578
478134
478950
478995
479439
478863
478818
470018
488666
495101
499709
502565
497957
479309
476299
470419
469975
465277
463677
462555
461815
460999
460423
459979
441331
432531
427923
430779
449427
458227
458671
459247
459292
460108
457252
461860
461815
469795
467617
459637
456997
459175
461815
464180
465965
465965
464180
463736
445088
436288
431680
428824
429640
430084
432940
437548
436972
445772
445817
446393
465041
464996
464180
459572
458996
458552
439904
431104
431059
428203
427387
423994
405605
397109
392411
389915
386695
386407
380527
378742
374598
367406
366566
343886
342710
340260
338310
347110
350230
352015
357895
360649
361825
364275
386955
383835
385785
383031
374231
381423
392893
365959
371839
375983
380472
367704
380472
369002
372122
372077
384577
381457
367693
366073
353573
342103
334263
331148
322418
324038
336182
336227
339342
347182
358652
367382
369747
371532
369167
366989
359009
356369
354584
353408
352604
352160
350400
347904
347328
355308
364108
366558
366692
348044
340064
358712
359288
361784
359334
359778
360954
368794
370705
393385
395725
405811
402696
403872
402696
404646
407761
405811
395725
398090
399875
397510
395725
396541
396829
398554
401396
400580
394868
394580
392855
390013
395725
396847
415495
424770
413300
405460
402345
399225
385461
385461
372961
364231
364186
366846
369702
369942
369702
366846
366096
366846
364186
363064
344416
335141
336263
354911
364186
367042
367893
370647
376967
379332
392022
392838
395178
407946
403802
396610
401099
412569
425001
420512
427704
428544
415776
404306
398426
396641
398426
396061
398426
401534
402656
393381
374733
373611
374936
376058
385333
384211
381103
379778
398426
389626
387130
384680
383504
383370
375390
356742
356298
355722
353937
340173
328703
326363
325187
319475
316043
314987
318419
324131
325307
327647
328703
337978
356626
357748
348473
347351
328703
326918
329283
326918
328703
329825
311177
301902
320550
319428
328703
329453
330269
331115
359297
340649
349924
348802
339527
358175
359297
361022
361838
367550
367838
370680
364968
364680
363864
361022
359297
356932
355147
354296
351542
345222
344406
342066
344406
345222
357912
360277
366597
369351
370202
367837
364981
352291
355147
345872
344750
326102
324926
312426
300956
298076
296476
287509
286669
299101
311869
299437
287967
283478
270710
275199
286669
279477
285357
292549
297109
304753
314028
314964
316914
327000
325824
315738
312623
310673
313788
314964
315780
314934
286752
285936
285186
286032
314214
314964
317304
339984
347824
345484
322804
320893
322804
314964
314964
311844
286176
276090
279205
290675
292586
295159
296759
297881
298732
297886
297070
268888
268138
270994
271845
274599
273748
270892
277212
279552
280368
293058
295423
292669
286349
283984
271294
270478
268138
270980
270129
268218
280986
307920
305347
293877
290762
292487
280055
291525
280055
275566
262798
268678
275870
276832
269640
268518
268806
267081
269654
281124
280836
283951
282351
283202
285113
286235
287835
293547
294363
288483
282771
281955
279113
297761
300241
304849
307705
308281
308725
309541
309586
306471
308071
306949
304376
302465
301614
300014
303129
314599
317172
319083
319934
321056
309586
314194
317050
317005
335653
336229
336274
345074
342218
337610
338426
319778
319334
318758
319202
318386
309586
317230
318616
327891
329061
330681
334146
332235
329662
328811
331384
330262
328662
331777
333688
334539
335661
337261
348731
337261
334146
315498
315543
314727
314682
314106
313662
304862
300254
300830
301274
305882
314682
311826
314682
333330
334146
337611
339231
340401
349676
351062
349676
357320
353855
352235
351065
341790
334146
334722
334278
333702
333657
332841
324041
319433
316577
297929
297974
298418
315466
317226
321834
322242
323058
323058
324658
325780
326631
328542
340012
343127
342005
344578
342667
339552
338701
336128
324658
325834
328588
334468
336253
335077
326277
329397
338197
336247
313567
311117
313067
335747
338197
335077
333292
327412
324658
315383
317003
320468
321638
323024
330668
323024
319559
317939
316553
325828
324658
324613
329221
332077
340877
359525
359969
360545
360590
360014
359606
354998
353238
334590
334146
333330
334146
345616
344765
343643
342043
345158
347731
345158
346280
348191
349042
345927
347527
345616
334146
332970
329855
327905
317819
318635
337283
318635
314027
305227
304783
304207
304162
303346
300490
300535
302155
302599
303769
307234
307810
306424
298780
306424
302959
301339
300169
290894
293750
298358
300118
301443
302829
300489
299673
286983
293303
295668
296484
298824
295968
295117
292363
292363
289998
290849
302688
305442
308557
311413
313013
314135
314986
316897
319470
330940
329340
328218
327367
324794
313324
311413
308298
303690
303114
302670
284022
282262
285118
289726
298526
298970
299546
299591
300407
297551
297506
316154
315338
313952
312627
304983
303813
302193
298728
300114
309389
310559
318203
321668
323288
318728
331160
337040
348510
352999
365767
359887
352695
340263
340263
313329
300561
307753
306631
295161
292588
290677
289826
286711
285111
284535
293335
293779
312427
313243
317851
320707
317851
313243
304443
285795
286371
286326
285510
285066
285111
288576
290196
291366
300641
292997
291611
292997
300641
299021
295556
294386
285111
277271
275360
252680
250340
241540
240724
243580
248188
249948
268596
269040
269616
269661
266805
267621
248973
248529
247953
247908
243300
256068
259500
267144
261432
258590
256865
256049
255761
257486
258302
261144
261432
267144
259500
258114
248839
247669
246049
242584
250228
251614
260889
262059
263679
267144
266328
266283
265707
265263
246615
244855
240247
237391
233926
241570
245035
246655
247825
246439
247825
240181
238561
237391
228116
237391
233926
232306
230920
221645
214001
212831
220475
223907
236675
229031
225599
212831
218975
225295
227660
228476
225620
227960
240650
243404
244255
247111
244771
243955
231265
228900
222580
219826
219826
224650
232630
235384
236284
238195
263863
265823
262967
260307
260067
259317
263877
271521
280796
281732
277172
269528
260253
259317
255885
248241
261009
264441
251673
259317
254828
252488
251312
245600
242168
247880
249056
251396
252452
239684
228214
215782
208590
202710
201654
205086
192318
188886
181242
178400
176675
177491
177203
171491
174333
176058
176346
182058
181242
183192
191992
193774
195394
198826
202852
203296
205956
209552
210128
210173
209357
206501
205650
202896
196576
194211
181521
179181
179625
188425
191281
195889
214537
215113
215158
215974
216910
219920
228720
238806
239928
246072
249292
252148
256756
256711
255895
274543
274987
275563
275608
276424
285224
280616
271816
253168
252724
249868
249292
270868
268208
264612
264036
264081
263637
266297
266252
266828
267272
285920
294720
299328
302184
302760
302805
303621
300765
296157
287357
268709
268265
267689
267644
266828
267272
270026
270926
272886
301830
327498
329409
337389
334635
333735
331775
326951
301283
299372
291392
292208
292253
295109
292253
291437
292013
287405
278605
259957
259513
258937
258892
259336
277984
286784
291392
286784
291392
293152
296008
314656
315232
316048
313192
313636
304836
286188
285744
285168
285123
284307
284352
290064
287222
281510
281798
283523
286365
285549
286365
286077
284352
286992
315936
319884
319929
319353
297777
295117
294673
297333
318909
319485
319440
319884
319308
319263
318447
320207
315599
296951
295191
298047
302655
321303
320859
321435
321480
322296
322740
319884
322740
327348
336148
354796
355240
355285
355861
353005
348397
346637
327989
327545
326969
326924
326108
326924
327500
330356
339156
357804
357849
362457
359601
358785
359601
359556
358980
359424
340776
331976
331532
326924
323704
317560
316624
307824
297738
307824
310834
314054
320198
321134
329934
326924
325802
326924
331532
350180
350624
351200
351245
352061
349205
344597
335797
317149
316705
316129
316084
318040
319800
318984
318408
318453
318897
321557
325153
325729
304153
301493
301049
301004
306716
312860
317468
325448
328458
330954
342734
368402
387820
396620
387820
384700
386650
409330
411780
412956
415710
409830
407076
405900
403450
380770
382555
385675
383725
389605
387820
384964
380356
378596
359948
359132
359087
358511
358067
359003
380675
383040
384951
396731
396155
392559
392604
393048
395708
393048
414624
415200
415155
414711
412071
416895
419535
423483
394539
390591
384447
390591
389655
380380
381316
373672
382947
390591
395151
390591
384879
365461
360853
363863
338195
326415
328911
340691
332711
358379
364091
361595
358585
364729
372709
377317
396735
390591
390303
387461
385736
384920
379208
383768
384584
385484
388238
388850
359906
357946
349966
351926
380870
406538
408449
382781
380870
383624
384524
392504
389750
389750
383606
380386
377376
376440
378200
384344
385466
395552
386752
376666
375544
378554
381774
382710
380050
379606
379561
357985
357409
337991
326211
332355
338067
346047
350655
370073
381853
407521
410017
413027
407315
401171
398161
390181
385573
383077
357409
355069
351637
357349
360781
359725
360901
363241
364297
363121
357409
356509
357445
379117
381482
383393
395173
392808
371136
370200
374760
375660
374844
377598
378210
373650
373038
361258
358504
359320
357409
361357
363997
392941
388993
386353
381529
375385
376507
386593
395393
396329
399549
402559
408703
407581
404571
401351
391265
390329
388569
382857
379847
377351
365571
339903
320485
346153
357933
360429
354285
357295
352687
344707
364125
372105
378249
383961
388569
391323
393963
394899
395715
397335
400191
408921
409465
401485
399574
400474
402434
431378
433289
441269
438515
437615
408671
383003
408671
406711
409465
408649
405895
401335
401947
404701
405601
404989
404089
404905
409465
413743
433161
437769
429789
435933
441645
453425
461405
458395
461405
463901
452121
445977
420309
400891
396283
390571
388075
384127
386767
390715
388075
359131
388075
366403
365467
377247
379158
382254
383190
385555
383644
381279
369499
366279
363269
364391
358247
357311
348511
358597
359533
368333
374477
377487
376365
366279
369499
381279
386991
393135
401115
405723
425141
417161
412553
408275
396495
393999
390989
384845
379133
382143
384639
388917
369499
364939
367693
368509
373069
373681
373069
370315
371215
370315
369499
377339
379250
401930
404270
394995
394059
386415
381855
375711
376155
376200
378860
382456
383032
377320
374310
371814
360034
355756
336338
344318
348926
355070
350462
352958
358670
350690
370108
395776
389632
392642
404422
410302
412087
414537
415713
417663
440343
443097
449241
446601
449611
450427
450971
453611
456831
457767
449037
446181
447801
446181
445637
442883
441947
443069
453155
454915
455851
455035
457891
460645
451845
450909
449787
458517
452373
449153
440353
443473
452273
449263
426583
424133
422957
420203
414323
412538
409418
407468
397382
393434
396074
425018
396074
393434
397382
394628
393728
391768
362824
354844
352933
327265
327841
328657
328702
331558
336166
344966
363614
364058
366812
367424
379204
380104
379204
381115
383480
405152
406088
394308
392397
389643
390459
395019
394407
393471
390375
388010
383450
382634
378026
377210
377165
376589
376145
367345
364489
365305
365350
365926
366370
347722
352330
370978
373834
375594
376038
376083
375507
378167
374571
371911
371467
371422
392998
393574
392998
392554
392509
397117
399973
408773
427421
427865
423257
421497
422313
422358
422934
422118
403470
400614
405222
397242
392634
373216
376226
373216
370720
376432
364652
338984
345128
353108
346964
366382
360670
372450
374946
400614
400659
401475
398619
394011
385211
403859
406715
415515
415071
414495
414450
413634
418242
399594
400038
400614
405222
408078
407502
409262
427910
428354
428930
428975
428531
425675
424859
420251
411451
411406
392758
393574
394018
394594
394639
395455
392599
387991
387547
368899
368323
368278
367462
370318
368558
373166
374926
393574
396234
395790
395745
396321
393661
415237
414661
414706
415150
393574
396794
395672
385586
391730
389970
389034
392044
388824
385814
386936
397022
405822
406758
400614
397758
397713
393105
391345
372697
373513
376369
376945
376129
377109
391151
391196
390752
395360
404115
422763
423207
422631
422019
419265
414705
413889
412989
413601
418161
419061
419877
422631
451575
455523
451575
422631
425271
422631
421651
407609
408589
422631
422676
427284
429044
447692
448136
448712
451568
452384
451568
451568
450992
450548
431900
423100
418492
415636
409492
397712
372044
366332
346914
342306
334326
331830
328820
342862
320182
347116
349996
351118
343278
341367
342423
343403
351243
353154
375834
378174
377194
363152
360812
356204
354444
359052
359007
340359
339915
339339
338523
335667
336483
336528
337104
337548
356196
359052
360812
374854
375834
374854
360812
360368
360323
357663
336087
335511
336087
336531
339191
360767
360812
342164
343220
345560
342704
338096
336336
335520
335475
341187
340743
337311
331599
330423
328083
329259
328683
327627
331059
332970
332034
310362
307997
306086
294306
295242
307022
310118
312483
313463
327505
313463
312483
313605
316485
315429
316485
315363
312483
285549
312483
314083
314825
316001
329765
334463
347153
350163
350607
351347
356045
357167
363047
364372
365212
373052
372072
358030
359010
373052
387094
386114
372072
373052
373496
374236
378934
380534
381656
378646
381656
382496
381374
380930
380190
374310
369612
368012
367196
365576
362720
353990
356744
359384
359928
360744
362364
365220
373950
374886
374342
373406
370652
368012
363452
362552
359798
359186
358370
357314
356192
357248
371290
372270
358228
357248
360128
361250
388184
361250
358370
349570
327994
334138
337358
340368
339246
349332
350454
340368
339432
333288
330068
327058
327013
326569
323909
332709
332133
332178
332622
335282
338878
339454
340390
346270
345148
343548
338850
338110
337666
334656
333816
336826
337270
338870
343568
344308
345430
343648
339622
336190
334570
325770
323820
322840
308798
309778
323820
319122
306432
319122
305358
313198
312022
311280
312120
313445
305605
316615
317791
322489
323231
321906
321066
320086
306044
307024
321066
315186
312176
311732
310992
306294
304694
303572
304412
307422
307866
308606
310172
311772
312894
310254
306306
308946
312894
283950
312894
314016
340950
342006
340884
338004
311070
310014
312894
311914
297872
297032
302912
305922
306662
305540
310238
310682
309082
310204
309464
309020
306010
307610
306044
303384
299788
299212
299167
298723
299845
298789
271855
268975
267853
268909
293203
296083
295343
290645
289045
287923
293803
287923
287479
290489
291229
295927
297527
298649
295639
296083
295243
303083
315773
315031
319729
318553
319295
314597
301907
294067
307015
308191
306866
316141
322021
308257
309427
321207
320763
321885
320949
325647
324907
320209
318609
317487
319087
324967
327977
329888
332253
332697
326817
323721
321356
322096
320185
308405
305395
308491
309427
310231
313624
316466
289532
290654
293534
320468
321524
320402
317522
316466
325266
329874
332730
333174
333750
352398
353214
353259
350249
349805
349065
344367
342767
341645
335765
336701
342845
345855
344733
338589
329789
328853
337653
334643
324557
321337
324557
325679
335765
344565
343749
343704
343128
342684
347292
328644
324036
321180
321996
322041
322617
323061
341709
332909
335765
340325
326561
321863
309173
318448
324328
332168
344858
349556
363320
364496
363320
362578
363320
354045
348165
340325
343205
344021
345143
345719
344903
344858
344282
343838
325190
316390
311782
308926
335860
336304
336349
334009
336865
309931
308875
307753
308809
305929
304018
296178
300786
302546
321194
298514
310946
314894
320654
340445
347637
348573
347997
347181
346737
347181
347757
347802
348618
329970
348618
357418
355658
351050
355658
352802
355658
355613
358253
358253
387197
391145
362201
358253
357437
348637
329989
332845
332401
332356
336964
334108
352756
353200
348592
348637
349453
348877
350637
351213
352335
355215
359704
360760
359638
356758
329824
328768
324160
324115
323539
323095
304447
302687
299831
300647
300692
301268
301712
320360
322120
326728
327136
326320
335595
336337
344177
343435
342259
348139
343441
330751
322911
309147
299872
301048
314812
319510
332200
326320
327490
326320
325744
325300
306652
304892
300284
309084
309900
309945
310521
310965
329613
328797
333405
336261
335853
335808
336352
339208
340828
341644
344284
347038
338308
335452
333832
333832
333288
330648
327894
326958
335688
336624
335448
344248
346198
368878
371328
372504
375258
381138
382923
386043
386043
377243
374123
374123
368243
345563
343113
341163
338283
337227
332738
331616
350264
350708
351284
351329
354185
354140
353564
358172
359932
359488
360304
351504
346896
344040
325392
324576
321566
320444
310358
309422
303278
294478
291258
292074
320256
321102
321852
340131
339195
336099
333734
331823
320043
320979
322890
334670
337035
337035
336231
339073
342466
342600
339758
339713
339137
336281
335837
317189
315429
310821
311637
311682
312258
330906
339706
344314
347170
346354
346798
359566
362998
370642
364882
360934
348502
349438
356630
378206
383966
387914
394586
393650
372074
364882
367997
368737
378012
399588
408555
413115
414501
421611
447279
442671
441855
441810
441234
422586
413786
410930
410486
409310
408568
394804
390106
377416
369576
363696
354421
389971
391357
395917
386642
365066
361951
361211
354101
355382
329714
330454
333569
337165
338490
342768
338208
329241
327855
323907
321267
292323
295755
282987
290631
292455
284811
281379
280639
245089
243808
248368
245253
243928
240332
273128
268568
275915
301583
302969
306565
309680
310420
309034
310359
306081
306927
306081
277899
277083
276333
280359
281175
281925
280539
283654
309322
318597
323157
314190
315576
316857
351021
351761
316211
315471
310911
307315
304200
325776
324451
298783
299953
298783
301898
306458
307844
316811
349607
323939
314664
293088
292348
256798
256798
252238
277906
287181
308757
309497
306382
305101
308533
316177
328945
321301
317869
316045
294469
294469
287277
286341
282393
269961
270897
278089
299665
305425
309373
321805
357355
378931
380317
384877
387992
396959
406234
406974
402414
401028
379452
370177
367062
366322
330772
321805
326083
300415
299665
295639
294823
293977
289417
288031
288771
324321
333288
334674
339234
336119
345394
371062
374658
370380
361105
325555
324815
303239
306354
297387
291675
292851
289419
290475
296187
298527
301959
300903
299727
297387
309167
311078
313443
316539
294867
283087
281176
280240
277875
278811
275969
272576
272442
259674
256242
248598
247858
238583
212915
209800
174250
170654
169268
160301
155741
163721
166475
167645
166475
165539
165539
162899
162083
162083
159227
150497
149953
151075
151926
155041
156952
159525
161125
172595
168647
156215
134639
128879
127943
120751
130026
148674
149796
152911
151311
148196
159666
162239
150769
148196
146285
145434
144312
146223
147823
148945
149796
140521
141643
160291
169566
150918
149796
146681
135211
134089
131516
129605
128754
129605
128005
131120
142590
144190
146101
147223
149796
148674
130026
120751
121873
140521
149796
150918
149007
150607
153180
151580
150458
149607
152722
150149
138679
150149
152060
152911
149796
159071
177719
178841
169566
168444
149796
146681
135211
132638
130727
131849
130727
131578
133489
135089
134238
132638
135753
147223
149796
141816
139062
141816
149796
161576
160640
158729
156364
144584
147680
150045
151956
148860
149796
168444
169566
150918
149796
159071
149796
148945
150545
151667
153578
156151
155029
158144
156544
153429
141959
139386
137475
148945
149796
148626
149796
159071
160193
150918
132270
131148
149796
151396
153307
155880
167350
170465
171316
169716
168594
167743
164628
153158
154280
152369
149796
152136
154047
176727
184567
185763
188403
223953
226833
225711
226833
208185
220875
239523
248798
239523
241434
240312
239461
237550
234977
223507
220392
218792
221907
225027
232867
232912
241642
253112
265612
267232
280996
279874
261226
251951
259931
262109
264749
267503
275483
272729
264749
261629
252829
250379
251555
251555
250379
244499
242714
240764
218084
223452
225402
248082
250532
253286
259166
260951
264071
262901
264071
265982
268347
265251
262886
260975
260039
260975
282647
294427
282647
270147
283911
272441
263711
255871
252756
252711
255831
257451
268921
281421
286029
294829
303559
322207
330047
333162
333207
331587
334443
320679
321123
321699
321744
322560
319440
327420
325242
317262
314622
316800
319440
324048
323232
326088
325512
327272
327227
345875
341267
341843
341888
342704
339848
331048
330604
331048
312400
315256
321576
324330
326695
339385
340201
341052
343392
338832
341712
377262
379173
381813
379902
367212
364572
329022
326142
324946
337636
338832
343440
346296
350488
369136
369580
370156
370201
367345
368161
366401
347753
347309
346733
346688
345872
341264
340688
339872
339827
321179
320735
321311
330111
348759
349203
340403
340448
341264
345872
343016
343016
345872
346316
348976
349021
370597
371173
389821
390265
371617
374473
379081
380841
381417
380973
381789
380973
380928
380352
380397
375789
372933
364133
361955
353975
351335
353513
356153
364133
361379
353399
356153
364133
382781
364133
363689
363734
361974
357366
357942
358386
359202
363810
366666
363810
363234
363189
362373
364133
365303
364133
362373
366981
367797
367842
368418
368862
387510
389270
370622
373478
370622
370178
365570
365525
365570
368685
376525
385255
396725
409225
410845
424609
427729
427153
427108
413344
411724
399224
387754
379024
371184
368069
364949
364133
366044
364133
371973
369633
346953
369633
371973
364133
366989
368749
387397
387841
388417
393025
392209
392254
393070
390214
385606
383846
365198
365153
364709
364133
375603
401271
403931
404375
404420
403844
404420
403976
403931
407527
385951
383291
375311
373133
381113
383753
381113
383291
383246
386102
390710
399510
418158
417342
417918
417963
415107
415551
413791
395143
394699
394123
394939
390331
390331
384619
383443
381103
380047
383479
389191
390367
392707
393763
381983
380072
377707
356035
355099
352759
351943
339253
336888
330568
327712
326861
324107
326963
329717
336037
338402
339253
340069
342409
355099
354283
354238
353794
350938
346330
337530
318882
318306
326286
328464
329280
331005
337149
341847
354347
355947
357143
354263
351623
338933
337022
338218
350908
353788
352592
359702
362342
364253
328703
328658
329234
350810
353470
353914
353959
351299
347703
347127
346683
354663
352023
344043
341865
344505
346683
338703
335949
343929
346683
338843
337223
337178
334063
320299
307799
296329
293209
284479
283309
284479
284434
283990
281330
280754
281330
283990
284035
284479
262903
284479
282301
274321
271681
278001
278852
291542
294296
295112
297452
294596
293745
290991
284671
283855
271165
268800
271656
274021
271681
284181
286359
294339
282869
257201
268671
294339
293895
294471
294426
297086
297530
319106
318530
318575
315915
294339
286359
283605
284775
283605
281694
259014
251174
248834
241724
239084
226394
224483
223287
220407
212427
199927
197749
205729
218229
220407
219831
198255
195595
195151
195106
197962
195106
197446
196595
209285
206531
200211
197846
185156
185972
188337
194657
192317
195071
195922
195106
217786
220236
221412
224166
230046
231831
240631
238681
236231
235055
232301
226421
224636
226586
223466
214666
191986
195106
183636
157968
183636
195106
193936
196114
208614
200634
188134
185956
193936
191080
188326
187510
185145
172455
174795
168475
169291
168440
174760
175611
178467
180832
193522
196276
193936
201916
214416
216594
204094
196114
193936
182466
156798
153366
147654
146478
147534
150544
153184
161984
174484
175660
175948
173608
172552
175984
181696
184036
184612
190324
182344
169844
172022
184522
182344
190324
177634
175294
174478
172113
165793
163039
162188
159332
182012
184352
192192
194103
195703
196825
197676
199587
202160
213630
216745
208765
196265
204245
202067
204245
216745
215145
214294
212383
215498
226968
229541
231452
232303
233903
231330
219860
216745
217867
216745
213630
202160
203282
204133
201560
199649
198798
200398
199276
197676
200791
212261
214834
216745
219601
224209
233009
251657
252473
252917
253493
253538
254660
243190
241279
240428
239306
237706
240821
243394
245305
246156
247756
259226
256653
253538
254114
253298
253253
252677
252233
233585
224785
221929
222745
222790
223234
241882
250682
255290
258146
253538
250423
252023
253145
253996
255907
258480
269950
273065
271943
270343
258873
256300
254389
253538
244738
246916
259416
267396
265218
252718
244738
244693
244117
225469
228325
232933
234693
233877
233433
252081
252525
253101
253146
253962
251106
246498
249378
250554
269972
266857
268457
269579
270430
272341
283811
286926
289499
288377
287526
285615
283042
271572
269972
265364
264788
264344
245696
250304
247448
266096
266141
266717
267161
270017
269972
270788
269972
268212
277012
274156
274972
275017
275593
276037
294685
290077
291837
273189
272745
272169
272124
271308
274164
278772
269972
271572
269661
267088
266237
265115
263515
266630
278100
280673
282584
283435
284557
281442
269972
269156
269111
269927
269483
272339
276947
276371
295019
295463
297223
297268
294412
289804
288044
269396
269972
268372
267250
266399
264488
261915
250445
247330
265978
265162
265117
264541
264985
267841
272449
281249
281825
281870
282686
279830
275222
273462
273018
254370
256710
258621
281301
289141
286801
264121
262210
254370
277050
279500
281450
284204
285380
282260
280475
274595
271841
270665
268215
259415
257465
259225
262345
264130
270010
247330
256130
274778
275222
275798
275843
276659
273803
255155
246355
245911
245335
245290
244474
249082
244474
247330
239350
226850
224672
224627
227483
232091
233851
233275
233719
234295
252943
253759
250903
246295
237495
218847
218403
217587
217632
222192
230172
233392
234112
235012
236972
237106
238282
237106
256524
259404
239986
237106
234250
229642
229597
229021
228577
209929
208169
207353
207965
212525
213341
214241
216995
229495
234193
235389
236205
238383
246363
248088
246488
233988
227844
223146
221950
219772
211792
210067
211667
210851
216995
209015
208115
207981
207261
209221
204661
202701
199481
200285
201005
204225
212205
216765
217665
222363
224728
225850
234650
235700
248390
249370
270946
270991
271435
272011
274671
275571
275705
280265
288245
291465
292185
291465
290661
289761
287801
289761
286541
281981
274001
272879
264079
263099
260734
256036
268726
269776
278576
279556
280678
285376
272686
275051
274001
266021
266921
267725
268445
271665
279645
281605
286165
281605
278385
278251
277351
275391
274671
275847
272967
271791
252373
255253
274671
275522
274946
274901
274946
275390
278050
299626
300202
299758
297098
275522
280082
279470
276716
275816
275000
270440
271052
273806
274706
275522
270962
278942
282162
282882
283686
282786
284746
289306
281326
279366
280266
279462
276242
275522
262832
263882
262832
254032
253052
251930
264620
266985
271683
266985
275785
276765
274400
275522
276698
282410
278978
282410
276698
279038
277862
275522
276578
275522
280082
288062
291282
283302
284202
286162
281602
278382
277662
276858
274898
275618
274718
274852
275656
278152
278440
283264
293350
292906
293482
293926
293971
293395
271819
269159
269114
290690
293350
306040
301342
300362
291562
290512
289390
287025
274335
276700
277822
278802
287602
288652
293350
291390
283550
281639
258959
256619
255719
251159
250439
247219
251779
243799
251779
254999
255719
256523
257423
259383
259249
253537
253249
240749
243759
246399
252559
265059
270771
271347
271635
268625
259825
259249
256609
276027
278907
280083
278907
259489
262921
260041
267685
280453
279553
280453
281269
285829
288583
289195
284635
284023
281269
280453
267763
266713
265591
278281
273583
264783
265833
267593
267523
268645
271010
275708
273343
272363
282449
311393
313889
314693
304607
299783
298979
299267
296771
296483
297203
295243
294343
298903
306883
310103
310237
311137
313097
308537
300557
297337
296617
295813
295768
295324
295369
295945
274369
273793
271133
292709
295369
295813
303457
290689
287257
279613
292381
295813
300373
308353
311573
312293
313097
313997
315957
311397
308177
300197
300063
299163
297203
296483
294118
289420
290542
289562
287802
290167
288782
290897
292657
293707
281017
281017
282283
281161
310105
320191
319387
316891
316603
287659
277573
277707
280203
280491
302067
302643
302688
303132
305792
305216
301996
299336
298892
298847
294287
286307
285587
284783
283883
281923
260347
261523
242105
244985
247759
244879
232111
235543
243187
255955
248311
248311
247135
268807
264109
264109
262987
262007
260957
265655
278345
276230
278595
276835
277885
278865
279987
288787
287887
287071
282511
285265
286165
286981
291541
288787
288175
288787
289231
289276
292132
296740
300842
301658
320306
320882
320306
319862
301214
292414
287806
284950
293750
312398
315254
319862
320678
320723
321299
321743
320927
320882
321170
321036
320748
291804
281718
280157
282653
287477
297563
295067
287423
283991
271223
268563
246987
246411
246366
245922
245877
243021
238413
229613
228797
228221
227777
228593
231449
236057
237817
219169
237817
238261
238837
238882
226192
225142
226192
225212
224090
228788
231153
232275
232275
227577
240267
249067
250047
241247
259895
255287
253527
234879
234435
233859
233814
232998
233043
233619
234063
234879
243679
248287
251143
248287
266935
268695
265839
266655
265839
265794
265218
264774
264819
256019
251411
251987
254843
259451
259895
241247
240071
237297
240177
259595
256715
257891
259013
263711
266076
267056
262358
263408
276098
273733
272611
271631
262831
261781
249091
257891
253067
252779
250283
249479
278423
278711
288797
289601
292097
282011
260339
263435
268043
270899
268043
263435
261675
243027
243072
243888
245648
246092
264740
264296
263720
263675
262859
263435
264335
267089
267701
266885
265985
263231
262619
258059
262619
263435
265885
264125
261005
259220
253340
250586
249410
246960
224280
222330
231130
234250
240130
242884
244834
267514
268690
270475
275083
275038
274462
274018
276874
258226
256466
251858
252674
252719
253295
253739
272387
281187
280371
277515
277071
277515
282123
283883
302531
303107
303152
303968
301112
296504
299360
290560
289984
289939
289123
270475
271455
270405
279205
280327
282692
287390
288440
275750
271052
268687
267565
266585
257785
270475
279275
282131
286739
305387
306203
306779
305963
306407
305831
305387
305342
300734
297878
297923
296163
277515
313065
322032
331307
332567
335447
336427
344407
345577
348673
347869
345373
345085
316141
306055
297255
292647
289791
288975
288930
288354
287910
269262
281762
285227
287592
289770
297750
299661
286971
285991
284869
280171
279121
276756
267956
266780
263900
283318
263900
265076
267956
269556
272436
275292
296964
293868
293052
288492
289104
291858
292758
291858
292674
292062
296622
293868
294618
295434
323616
324462
321582
343254
378804
385431
394706
393536
394796
393536
384261
383281
347731
344635
336655
337635
340515
348495
349665
340698
339847
342689
344639
350351
349175
343463
340031
341207
343547
344603
348035
346979
346979
366397
367573
370453
351035
349859
346979
350444
359719
361105
368749
370369
371539
343357
321685
320839
328819
329363
330559
333219
334035
362217
363063
362313
363063
362247
357687
354933
354321
353421
352605
344961
343575
334300
333130
331510
332896
340540
349815
350985
354450
350985
352605
388155
389415
398690
401570
402550
403720
411700
402425
401165
404261
396281
397562
396582
374910
339360
338190
335310
326343
318699
317313
308038
306868
305248
301783
309427
310813
314278
315898
325173
326343
328521
316021
313656
310191
308280
311745
324245
326610
334590
326610
328521
326343
333987
326343
324723
323337
314062
312892
316357
312892
314062
323337
324723
326343
327729
330844
331584
338694
339975
349250
352846
357124
361684
364344
365540
364344
363800
355820
353160
353704
361684
352409
351239
349853
342209
340589
337124
344768
354043
355213
356833
360298
361684
363070
398620
399360
402475
411442
412767
438435
433875
432489
428211
431807
428211
418936
415821
415081
419641
412531
411250
410404
382222
381406
380656
389931
397575
398961
400131
396666
389022
387402
386232
376957
375571
377191
380656
380656
377646
377934
377646
368846
381346
390146
392786
398498
385998
386574
385998
389008
383296
402714
399834
398658
379240
380416
383296
379700
376585
375199
366232
365492
329942
334502
335888
344855
351965
352705
355820
330152
339427
365095
363770
359210
362806
364002
364546
361886
353906
353362
352166
354826
362806
361186
364651
366271
367441
376716
375546
376932
373467
365823
364437
355162
362806
355696
354526
346546
349642
385192
394159
403434
404694
405674
396707
398093
397353
395967
391407
395685
392570
388974
379699
354031
355356
358952
362067
362807
398357
407324
411884
414764
415934
423914
422934
420054
410779
409498
408238
405142
369592
372448
370848
367992
365112
366712
369592
367972
364507
372151
373537
372367
364723
365893
356618
360083
361703
360317
369592
395260
399820
395542
399490
402332
403592
405317
407099
409595
411275
407679
404564
403239
394272
395658
404625
369075
369815
372930
380040
389315
384755
383369
386965
386225
382760
381590
373946
372560
363285
361665
359005
351025
350481
349285
351945
359925
360469
361665
397215
398601
403161
403901
396791
399906
390939
389553
388813
384253
393528
419196
428163
425048
421452
412177
433753
408085
395585
389441
389441
388245
387429
385251
383651
381926
373946
374686
377801
399377
408652
373102
363827
338159
316583
342251
333284
331898
338915
340301
344861
344121
341006
348116
343556
344612
345734
348614
375548
356130
353250
352074
373746
370650
406200
407370
408350
411230
412555
413836
406726
397759
396373
397703
396963
398223
376647
373532
364257
359697
358717
357547
354667
345700
310150
284482
275207
267227
265967
263307
271287
263307
262763
261567
264227
265423
265967
257987
255622
257533
255622
253444
265944
273924
270459
257959
261424
263789
265967
263087
264209
267089
271578
272634
271512
244578
243522
242978
234998
236194
236738
244718
247378
246182
243522
244644
247524
274458
275514
274458
269969
267089
265967
267917
262037
260252
257132
248332
245882
244706
241952
240002
248802
251922
253707
259587
262341
263517
265967
288647
265967
266947
269827
268497
246825
211275
209994
208669
207409
204529
203549
202379
205475
213455
214736
215906
217231
218491
254041
255097
257977
284911
283855
256921
254041
255163
254041
251381
259361
258817
259361
262021
260825
252845
254041
252259
249763
251443
253939
249991
248311
252259
255101
253376
255101
256883
255623
252781
254041
266541
269295
277791
297209
305049
306171
314971
333619
334063
334639
334684
335500
340108
342964
340084
313150
312094
310972
312094
314974
316030
342964
361612
361657
362473
359617
355009
346209
345765
345189
345144
345720
344904
326256
329112
333720
342520
342964
349108
346228
343372
341772
343372
346228
349108
341128
342324
350304
350848
353508
352312
349652
349108
349684
348868
348823
367471
372079
376271
379127
378551
379367
376511
371903
371948
353300
352856
344056
344500
347356
351964
349108
349108
340308
349108
367756
368200
368776
369592
368776
368821
350173
350128
349552
349108
357088
358258
359238
360563
361823
364703
329153
326057
333167
354839
346859
345689
344709
341829
340569
339244
340525
339244
340300
367234
368214
369336
383378
386258
383378
382256
381200
354266
356444
364424
366335
368700
372165
384665
372165
368700
366335
364424
362246
354266
354221
351365
352181
352226
352802
353246
371894
373654
372838
375694
366894
348246
347670
352278
351834
347226
348206
334164
333184
347226
347271
349931
353527
354103
354547
362527
363071
364267
363723
355743
353083
351887
354547
355482
369524
368544
349896
349452
348876
348876
334834
334018
336874
332266
330506
327650
328466
329042
329087
329531
348179
349939
354547
355603
380359
379303
376423
379303
380425
353491
352369
351389
337347
351389
352369
371017
370441
370396
369952
378752
383360
386216
367568
368012
368588
366828
362220
362265
361449
362265
359409
339991
341113
349609
348487
335987
328147
325393
344811
352651
365151
367905
359409
358429
372471
373451
359409
358965
359781
361541
380189
380633
376025
375449
375404
374588
355940
347140
351748
354604
355180
355225
352369
351193
345481
343141
339709
343141
348853
350029
352369
353425
352369
355801
357751
359371
387553
389335
398135
397079
398201
401081
387039
384159
383037
409971
424013
424993
398059
399115
398135
397591
389611
386951
385755
384939
387795
392403
401203
419851
420295
420871
420916
421732
418876
414268
395620
395176
394600
394555
392795
392750
392174
392219
392663
395323
395899
395455
416455
412859
410199
388527
387246
385921
384661
377551
374671
373691
372521
364541
378583
379563
365521
364541
363281
362705
362660
361844
360164
359720
341072
332272
327664
324808
322312
320530
318805
321647
325595
327320
329000
331496
327548
328808
325966
327748
332356
334929
336879
339999
340899
341139
355181
356161
355181
341139
314205
311325
310269
309147
308167
322209
323189
309147
311097
313939
313939
311097
312077
311097
325139
311097
311948
323418
325991
327902
329502
330624
333739
334315
355891
358551
358596
358596
337020
334360
333916
333871
334315
320273
319293
317693
318815
320415
322988
334458
335309
334187
333336
331425
334540
323070
319955
317382
319293
318171
320925
333425
324929
305511
297671
285171
286293
294133
313551
310797
318717
306217
302752
300387
298476
290496
290496
302996
306461
308826
311004
318984
320895
332365
333487
335087
338202
336602
335480
334629
332718
330145
318675
315560
318133
318984
320895
328735
331075
353755
355666
358546
355690
357290
360146
357266
355666
355666
355621
355177
352517
353093
374669
377329
377773
377818
356242
344772
343650
345250
342135
345250
356720
359293
361204
362055
363177
362326
360415
357842
356242
353232
350592
341792
329292
328716
328428
322716
311246
314361
325831
328404
330315
331166
332288
333888
331315
330464
328864
325749
324627
322716
331516
350164
350980
351025
351601
352045
354901
359509
361109
362231
363082
364993
367566
379036
382151
380551
379429
377518
374945
363475
360360
359509
350709
353565
358173
359933
378581
379025
379601
379646
380462
377606
372998
372182
372137
371561
371117
352469
330893
328233
329913
329868
329913
330357
333017
354593
350645
350069
349625
352121
353846
355106
357948
361896
360216
357720
355938
354213
352953
350111
350687
352469
354069
355191
357102
359675
371145
374260
372660
371538
370687
368776
366203
354733
351618
352469
350709
332061
334917
339525
348325
366973
367549
367594
368410
368854
364246
363430
363385
362809
362365
359509
356755
359509
358387
349891
342051
329551
330673
311255
323755
332251
351669
359509
359065
340417
340372
331572
326964
324108
323292
311822
311867
308752
308176
308752
306841
307285
325933
334733
339341
342197
343013
340440
339589
338467
336867
334011
325211
306563
301955
301379
302195
301379
300935
300980
300935
301379
320027
320603
322363
326971
329827
329251
326591
326147
326102
304526
306286
310894
313750
313795
313750
313174
312730
294082
292322
287714
284858
303506
303950
304526
303710
304526
305342
303557
306413
297613
294493
296278
290398
287644
286468
284018
285968
308648
311098
312274
315028
292348
290398
299198
302318
306926
315726
321606
322050
321234
321189
320613
339261
320613
318853
314245
311389
311434
310990
311566
317710
311566
319546
321457
323822
320357
323822
321644
309144
307233
299253
311753
309388
311566
311521
310945
311761
310945
310990
310546
291898
283098
278490
275634
278490
283098
290722
309370
309814
310390
314998
317854
336502
345302
346118
346694
346739
343883
339275
330475
329659
329614
329038
310390
309946
310390
307534
302926
294126
293550
293106
293061
292245
273597
265101
252601
251479
248725
240885
248725
229307
232061
240557
259975
272475
273597
296277
298188
306028
303688
281008
283348
281437
273597
271997
269141
266261
269103
270828
274776
276036
274356
276852
275070
273345
275127
273867
271025
267077
268757
266261
278951
281591
288701
291581
292777
294688
320356
339892
345772
351532
354286
357040
363360
396156
408846
418121
436769
437891
419243
428518
427396
430150
421654
434154
441994
460642
469138
470260
489678
481838
469338
466584
467706
458431
439013
437891
450391
453856
451945
449580
437080
433615
435526
443506
445684
443506
445871
437891
441323
443663
444839
450551
449495
447155
447155
441443
438011
439067
420419
411144
420419
439067
440189
439067
429792
411144
410022
411144
429792
431117
432239
431117
412469
411144
429792
431117
432717
437415
438155
438599
441609
447489
448611
467259
466137
447489
448814
447489
448611
451107
448265
447005
445280
443498
441002
439322
442164
443424
445149
446931
442983
446931
448611
447489
447933
450943
451783
453383
451783
447085
447825
447085
444075
438195
439317
438873
443571
440931
433821
430941
429745
417055
415144
416340
419220
400572
399247
398125
416773
426048
427959
435069
437709
450399
451521
456081
464577
445159
464577
472417
484917
483795
475299
476421
479175
466675
463921
456081
459091
459535
465415
466155
470853
472453
471331
472453
470853
470113
469669
466659
461961
461121
451846
433198
432076
429736
421896
419985
397305
392607
391007
385127
391007
394017
394461
395201
394079
393339
394939
391929
393051
392607
397305
395355
392513
395523
395967
396707
401405
395525
392515
392071
387373
385773
391653
390531
389791
391391
392513
400493
402404
404769
408234
420734
418556
410576
408665
405200
392700
394878
392513
395523
396645
398245
402943
397063
394053
394793
394053
389355
387755
386633
387473
387029
387473
386351
391049
391789
392233
395243
401123
400283
395585
394845
394401
391391
392991
391391
392513
386369
394209
406709
409463
408341
399845
397091
389251
369833
370955
358455
377873
386369
380489
377479
377035
375913
375173
370475
368875
366033
364353
362628
360846
358350
360075
361335
364177
368125
366865
359755
361435
360239
357359
359141
356501
343811
341900
337952
339863
342503
349613
352493
353689
366379
368875
365755
363970
369850
367096
365920
363470
340790
338840
347640
350760
352545
355299
356475
358925
353045
344245
366925
368875
356185
358939
333271
313735
307855
302095
299341
299341
302095
307855
313735
320055
355605
320055
313735
333271
358939
371629
370507
362667
350167
347413
338917
319499
316034
313669
311758
303778
301600
289100
281990
279350
266660
264749
263553
260673
262353
264135
265860
261912
264754
268702
267022
264526
262744
261019
259759
256917
258177
260673
259617
257277
256101
250389
246957
243525
241905
240123
231323
229373
201191
204033
205713
208209
209991
211716
212976
216924
214428
212646
210921
209661
206819
202871
201191
188501
162833
143297
140543
134783
132029
138349
132469
168019
161699
164453
170213
176093
195629
221297
233987
198437
201191
196583
196343
193770
191820
188700
187800
183240
181290
158610
156160
154984
152230
146350
144565
141445
132645
131385
129660
125712
123216
121434
118592
116912
110592
123282
148950
168486
174366
180126
182880
185634
192744
199064
173396
153860
147980
142220
139466
136712
101162
88472
81362
61826
55946
50186
47432
41112
38358
25668
0
