104
104
104
104
104
104
104
104
104
104
104
104
104
104
104
104
104
104
104
104
104
104
104
104
104
104
104
104
104
104
104
104
104
104
104
104
104
104
104
104
112
112
112
112
112
112
112
112
112
112
112
112
112
112
112
112
112
112
112
112
112
120
120
120
120
120
120
120
120
120
120
120
120
120
120
120
120
120
120
120
120
120
120
120
120
120
120
120
128
128
128
128
136
136
136
136
136
136
136
136
136
144
144
144
144
144
136
136
144
144
144
144
144
152
152
152
152
152
144
136
136
136
136
144
144
144
144
144
144
144
136
136
136
136
136
136
136
136
136
136
144
144
144
136
136
136
144
144
152
152
152
152
144
144
144
136
136
136
136
144
144
144
144
136
136
136
144
152
152
152
160
160
160
160
160
152
152
152
152
152
152
152
152
160
160
160
160
160
152
152
152
160
160
160
160
160
160
152
152
152
152
152
152
152
152
152
152
152
152
152
152
144
144
144
144
152
152
152
152
152
144
144
144
144
144
144
144
144
144
136
128
128
136
136
136
136
136
136
136
136
144
144
144
152
152
152
152
152
160
160
160
160
160
160
160
152
152
152
160
160
168
168
168
176
176
176
176
176
176
176
176
176
176
176
184
184
192
192
192
192
192
192
192
192
192
192
192
200
208
216
216
216
216
216
216
224
224
224
224
232
232
232
232
232
232
232
232
232
232
232
232
232
240
248
248
248
248
248
256
256
264
264
264
264
272
272
272
272
280
280
280
280
280
280
288
296
296
304
312
312
320
320
320
328
328
328
328
328
328
328
328
328
328
328
328
328
328
328
328
328
328
328
328
328
328
328
336
336
336
336
336
336
336
336
336
344
344
352
352
352
352
352
352
360
368
368
368
368
376
376
384
384
384
384
384
392
392
400
400
400
400
400
408
408
408
408
416
416
416
424
424
424
424
424
424
424
424
424
424
424
424
424
432
432
432
432
432
440
440
440
440
440
440
440
440
440
448
448
448
456
456
456
456
456
456
456
456
464
464
464
464
464
472
472
472
472
480
480
480
480
480
480
480
480
480
480
480
488
488
488
488
488
488
496
496
504
504
504
504
504
504
504
504
512
512
512
512
512
512
512
512
512
512
512
520
528
528
528
528
528
536
536
536
536
536
544
544
544
544
544
544
544
544
544
544
544
552
552
552
560
560
560
560
560
560
560
560
560
560
560
560
560
560
560
560
560
560
560
560
568
576
576
576
576
576
584
584
584
592
592
592
600
600
600
600
600
600
608
608
608
608
608
608
608
608
616
616
624
624
624
624
632
632
640
640
640
640
648
648
648
648
648
648
648
648
648
648
648
648
648
648
656
656
656
656
656
656
656
656
656
656
656
656
656
656
664
664
672
672
672
672
672
672
672
672
672
672
672
672
672
672
672
672
672
680
680
680
688
688
688
696
696
696
696
696
696
696
704
704
712
712
712
712
712
712
712
712
712
712
712
712
712
704
704
704
704
704
704
704
704
704
704
704
704
704
704
704
704
704
696
696
704
704
704
712
720
720
720
720
720
720
720
720
720
720
720
720
720
720
720
720
728
728
728
728
728
728
728
728
728
728
728
728
728
728
728
728
728
728
728
728
728
736
736
736
736
736
736
736
736
744
744
744
744
744
744
744
752
752
752
752
752
752
752
752
752
752
760
760
760
768
768
768
768
768
768
768
768
776
776
784
784
784
784
784
784
784
784
784
784
784
784
784
784
784
784
784
784
784
784
784
784
784
792
792
792
792
792
792
792
792
792
792
784
784
784
784
784
784
784
784
784
784
784
784
784
792
792
792
792
800
800
800
800
800
800
800
800
800
800
800
808
808
808
808
808
808
808
808
808
808
808
816
816
816
816
816
816
816
816
816
816
824
824
824
824
824
832
832
832
832
840
840
848
848
848
848
848
848
848
848
848
848
848
856
856
856
856
856
856
856
856
856
856
856
856
856
856
856
856
856
856
856
856
856
856
856
856
856
864
872
872
872
872
872
872
872
880
880
880
880
880
880
880
888
888
888
888
888
888
888
888
888
888
896
896
904
904
904
904
904
904
904
904
904
904
904
904
912
912
912
912
912
912
912
912
912
912
912
912
912
912
912
912
912
912
912
912
912
912
912
912
912
912
912
912
912
912
912
912
912
912
912
912
920
920
920
920
920
920
928
928
928
936
936
944
944
944
944
944
952
952
952
952
952
952
952
952
952
952
952
952
952
952
952
952
952
952
952
952
952
952
952
952
952
952
952
952
952
952
952
952
952
952
952
952
952
952
952
952
952
952
952
952
952
952
952
952
952
952
960
960
960
960
960
960
960
960
960
960
960
968
968
968
968
968
968
968
968
968
968
968
968
968
968
968
968
968
968
968
968
968
968
968
968
968
968
968
968
968
968
968
968
968
968
968
968
968
968
968
968
968
976
976
976
976
976
976
976
976
976
976
976
976
976
968
968
968
968
976
976
976
984
984
984
984
984
984
992
992
992
992
992
992
992
992
992
992
992
1000
1000
1000
1000
1000
1000
1000
1000
1000
1000
1000
1000
1000
1000
1000
1000
1000
1008
1008
1008
1008
1008
1008
1008
1008
1008
1008
1008
1008
1008
1008
1008
1008
1008
1008
1008
1008
1008
1008
1008
1008
1008
1008
1008
1008
1008
1008
1008
1008
1008
1008
1008
1008
1008
1008
1008
1008
1008
1008
1008
1008
1008
1008
1008
1008
1008
1008
1008
1008
1008
1008
1008
1008
1008
1008
1008
1008
1008
1008
1008
1016
1016
1016
1016
1016
1016
1016
1016
1016
1016
1016
1016
1016
1016
1016
1016
1016
1016
1016
1016
1016
1016
1016
1016
1016
1008
1000
1000
1000
1000
1000
1000
1008
1016
1016
1016
1016
1016
1016
1016
1016
1016
1016
1016
1016
1016
1016
1016
1016
1016
1016
1016
1016
1008
1008
1008
1008
1008
1008
1008
1008
1008
1008
1008
1008
1008
1008
1008
1008
1008
1008
1008
1008
1008
1008
1008
1008
1008
1008
1008
1008
1008
1008
1008
1008
1008
1008
1008
1008
1008
1008
1008
1008
1008
1008
1008
1008
1008
1008
1008
1008
1008
1008
1008
1008
1008
1008
1008
1008
1008
1008
1008
1008
1008
1008
1000
1000
1000
1000
1000
1008
1008
1008
1008
1008
1008
1008
1008
1008
1008
1008
1008
1008
1000
1000
1000
1000
1000
1000
1008
1008
1008
1008
1008
1008
1008
1008
1008
1008
1008
1008
1008
1008
1008
1008
1008
1008
1008
1008
1008
1008
1008
1008
1008
1008
1008
1008
1008
1008
1008
1008
1008
1008
1008
1008
1008
1008
1008
1008
1008
1008
1008
1008
1008
1008
1008
1008
1008
1008
1008
1008
1008
1008
1008
1008
1000
1000
1008
1008
1008
1008
1008
1016
1016
1016
1016
1016
1016
1016
1016
1016
1016
1016
1016
1016
1016
1016
1016
1016
1016
1016
1016
1016
1016
1016
1016
1016
1016
1016
1016
1016
1016
1016
1016
1016
1016
1016
1016
1016
1016
1016
1016
1016
1016
1016
1016
1016
1016
1016
1016
1016
1016
1016
1016
1016
1016
1016
1016
1016
1016
1016
1016
1016
1016
1016
1016
1016
1016
1016
1016
1016
1016
1016
1016
1016
1016
1016
1016
1016
1016
1016
1016
1016
1016
1016
1016
1016
1016
1008
1008
1008
1008
1008
1008
1008
1008
1008
1008
1008
1008
1008
1008
1008
1008
1008
1008
1008
1008
1008
1008
1008
1008
1008
1008
1008
1008
1016
1016
1016
1016
1024
1024
1024
1024
1024
1024
1024
1024
1024
1024
1024
1024
1024
1024
1024
1024
1024
1024
1024
1024
1024
1024
1024
1024
1024
1024
1024
1032
1040
1040
1040
1040
1040
1040
1040
1040
1040
1040
1040
1040
1040
1040
1040
1040
1040
1040
1040
1040
1040
1040
1040
1040
1040
1040
1040
1040
1040
1040
1040
1048
1048
1048
1048
1048
1048
1048
1048
1048
1048
1040
1040
1040
1040
1040
1040
1040
1040
1040
1032
1032
1032
1032
1032
1032
1032
1032
1032
1032
1032
1032
1032
1032
1032
1032
1032
1032
1032
1032
1032
1032
1024
1024
1024
1024
1024
1024
1024
1024
1024
1024
1024
1024
1024
1024
1016
1016
1016
1016
1016
1016
1016
1016
1016
1008
1008
1008
1008
1008
1008
1008
1008
1008
1008
1008
1008
1008
1008
1008
1008
1008
1008
1008
1008
1008
1008
1008
1008
1008
1008
1008
1008
1008
1008
1008
1008
1008
1008
1008
1008
1008
1008
1008
1008
1008
1008
1008
1008
1008
1008
1008
1008
1008
1008
1008
1008
1008
1008
1008
1008
1008
1008
1008
1008
1008
1008
1008
1008
1008
1008
1008
1000
1000
1000
1000
1000
1000
1000
1000
1000
1000
1000
1000
1000
1000
1008
1008
1008
1008
1008
1008
1008
1008
1008
1008
1008
1008
1008
1008
1008
1008
1008
1008
1008
1008
1008
1008
1008
1008
1008
1008
1008
1008
1008
1008
1016
1016
1016
1016
1016
1016
1016
1016
1016
1016
1016
1016
1016
1016
1016
1016
1016
1016
1016
1016
1016
1016
1016
1016
1016
1016
1016
1016
1016
1016
1016
1016
1016
1016
1016
1016
1016
1016
1016
1016
1016
1016
1016
1016
1016
1016
1016
1016
1016
1016
1016
1016
1016
1016
1016
1016
1016
1016
1008
1008
1008
1008
1008
1008
1008
1008
1008
1008
1008
1008
1008
1008
1008
1008
1008
1008
1008
1008
1008
1008
1008
1008
1008
1008
1008
1008
1008
1008
1008
1008
1008
1008
1008
1008
1008
1008
1008
1008
1008
1008
1008
1008
1008
1008
1008
1008
1008
1008
1008
1008
1008
1008
1008
1008
1008
1008
1016
1016
1016
1016
1016
1016
1016
1016
1016
1016
1016
1016
1016
1016
1016
1016
1008
1008
1008
1008
1008
1008
1008
1008
1008
1008
1008
1008
1008
1008
1008
1008
1008
1008
1008
1008
1008
1008
1008
1008
1008
1008
1000
1000
1000
1000
1000
1000
1000
1000
1000
1000
1000
1000
1000
1000
1000
1000
1000
1000
1000
1000
1000
1000
1000
1000
1000
1000
1000
1000
1000
1000
1000
1000
1000
1000
1000
1000
1008
1008
1008
1008
1008
1008
1008
1016
1016
1016
1016
1016
1016
1016
1016
1016
1016
1016
1016
1016
1016
1016
1016
1016
1016
1016
1016
1016
1016
1016
1016
1016
1016
1016
1016
1016
1016
1016
1016
1016
1016
1016
1016
1016
1016
1016
1016
1016
1016
1016
1016
1016
1016
1016
1016
1016
1016
1016
1016
1016
1016
1016
1016
1016
1016
1016
1016
1016
1016
1016
1016
1016
1016
1016
1016
1016
1016
1016
1016
1016
1016
1016
1016
1016
1016
1016
1016
1016
1016
1016
1016
1016
1016
1016
1016
1016
1016
1016
1016
1016
1016
1016
1016
1016
1016
1016
1024
1024
1024
1024
1024
1024
1024
1024
1024
1024
1024
1024
1024
1024
1024
1024
1024
1024
1024
1024
1024
1016
1016
1016
1016
1016
1016
1016
1016
1016
1016
1016
1016
1016
1016
1016
1016
1016
1016
1016
1016
1016
1016
1016
1016
1016
1016
1016
1016
1016
1016
1016
1016
1016
1016
1016
1016
1016
1016
1016
1016
1016
1016
1016
1016
1016
1016
1016
1016
1016
1016
1016
1016
1016
1016
1016
1008
1008
1008
1008
1008
1008
1008
1008
1008
1008
1008
1008
1008
1008
1008
1008
1008
1008
1008
1008
1008
1016
1016
1016
1016
1016
1016
1016
1016
1016
1016
1016
1016
1016
1016
1016
1016
1016
1016
1016
1016
1024
1024
1024
1024
1024
1024
1024
1024
1024
1024
1024
1024
1024
1024
1024
1024
1024
1032
1032
1032
1032
1032
1032
1032
1032
1032
1032
1032
1032
1032
1032
1032
1032
1032
1032
1032
1032
1032
1032
1032
1032
1032
1032
1032
1032
1032
1032
1032
1032
1032
1032
1032
1032
1032
1032
1032
1032
1032
1032
1032
1032
1032
1032
1032
1032
1032
1032
1032
1032
1024
1024
1024
1024
1024
1024
1024
1024
1024
1024
1024
1024
1024
1024
1024
1024
1024
1024
1024
1024
1024
1024
1024
1024
1024
1024
1024
1024
1024
1024
1024
1024
1024
1024
1024
1024
1024
1024
1024
1024
1024
1024
1024
1024
1024
1024
1016
1016
1016
1016
1016
1016
1016
1016
1016
1016
1016
1016
1016
1016
1016
1016
1016
1024
1024
1024
1024
1024
1024
1024
1024
1024
1024
1024
1024
1024
1024
1024
1024
1024
1024
1024
1024
1024
1024
1024
1024
1024
1024
1024
1024
1024
1024
1024
1024
1024
1024
1024
1024
1024
1024
1024
1024
1024
1024
1024
1024
1024
1024
1024
1024
1024
1024
1024
1024
1024
1024
1024
1024
1024
1024
1024
1032
1032
1032
1032
1032
1032
1032
1032
1032
1032
1032
1032
1032
1032
1032
1032
1032
1032
1032
1032
1032
1032
1032
1032
1032
1032
1032
1032
1032
1032
1032
1032
1032
1032
1032
1032
1024
1024
1024
1024
1024
1024
1016
1016
1016
1016
1016
1016
1016
1016
1016
1016
1016
1016
1016
1016
1016
1016
1016
1016
1016
1016
1016
1016
1016
1016
1016
1016
1016
1016
1016
1016
1016
1016
1016
1016
1016
1016
1016
1016
1016
1016
1016
1016
1016
1016
1016
1016
1016
1016
1008
1008
1008
1008
1008
1008
1008
1008
1008
1008
1008
1008
1008
1008
1008
1008
1008
1008
1008
1008
1008
1008
1008
1016
1016
1016
1016
1016
1016
1016
1016
1016
1016
1016
1016
1016
1016
1016
1016
1016
1016
1016
1016
1016
1016
1016
1016
1016
1016
1016
1016
1016
1016
1016
1016
1016
1016
1016
1024
1024
1024
1024
1024
1024
1024
1024
1024
1024
1024
1024
1024
1024
1024
1032
1032
1032
1032
1032
1032
1032
1032
1032
1040
1048
1056
1056
1056
1056
1056
1056
1056
1056
1056
1048
1048
1048
1048
1048
1048
1048
1048
1048
1048
1048
1048
1048
1048
1048
1048
1048
1048
1048
1048
1040
1040
1040
1040
1040
1040
1040
1040
1048
1048
1048
1056
1056
1056
1056
1056
1056
1056
1056
1056
1056
1056
1056
1056
1056
1056
1056
1056
1064
1064
1064
1064
1064
1064
1064
1064
1064
1064
1064
1064
1064
1072
1072
1072
1072
1072
1072
1064
1064
1064
1064
1064
1064
1064
1064
1064
1064
1064
1064
1064
1064
1064
1064
1064
1064
1064
1064
1064
1064
1064
1064
1064
1064
1064
1064
1064
1064
1064
1064
1064
1064
1064
1064
1064
1064
1064
1064
1064
1064
1072
1072
1072
1072
1072
1072
1072
1072
1072
1072
1072
1072
1072
1072
1072
1072
1072
1072
1072
1072
1072
1064
1064
1064
1064
1064
1064
1064
1064
1064
1064
1064
1064
1064
1064
1064
1064
1064
1064
1064
1064
1064
1064
1064
1064
1064
1064
1064
1064
1064
1064
1064
1064
1064
1064
1064
1064
1064
1064
1064
1064
1064
1064
1064
1064
1064
1064
1064
1064
1064
1064
1064
1064
1064
1064
1064
1064
1064
1064
1064
1064
1064
1064
1064
1064
1064
1064
1064
1064
1064
1064
1064
1064
1064
1064
1064
1064
1064
1064
1064
1064
1064
1064
1064
1064
1072
1072
1072
1072
1072
1064
1064
1064
1064
1064
1056
1056
1056
1056
1056
1056
1056
1056
1056
1056
1056
1056
1056
1056
1056
1056
1056
1056
1056
1056
1056
1056
1056
1056
1056
1064
1064
1064
1064
1064
1064
1064
1064
1064
1064
1072
1072
1072
1072
1072
1072
1072
1072
1072
1072
1072
1072
1072
1072
1072
1072
1072
1072
1072
1072
1072
1072
1072
1072
1072
1072
1072
1072
1072
1072
1072
1072
1072
1072
1072
1080
1080
1080
1080
1080
1080
1080
1080
1080
1080
1080
1080
1080
1080
1080
1080
1080
1080
1080
1080
1080
1080
1080
1080
1080
1080
1080
1080
1080
1080
1080
1080
1080
1080
1080
1080
1080
1080
1088
1088
1088
1088
1088
1088
1088
1088
1088
1088
1088
1088
1088
1088
1088
1088
1088
1088
1088
1088
1088
1088
1088
1088
1088
1088
1088
1088
1088
1088
1088
1088
1088
1088
1088
1088
1088
1088
1088
1088
1088
1088
1088
1088
1088
1088
1080
1080
1080
1080
1080
1080
1080
1080
1080
1080
1080
1080
1080
1080
1080
1080
1080
1080
1080
1080
1080
1080
1080
1080
1080
1080
1080
1080
1080
1080
1080
1072
1072
1072
1072
1072
1072
1072
1072
1072
1072
1072
1072
1072
1072
1072
1072
1072
1072
1072
1072
1072
1064
1064
1064
1064
1064
1064
1064
1064
1064
1056
1056
1048
1048
1048
1048
1040
1040
1040
1040
1040
1040
1040
1032
1032
1032
1032
1032
1024
1024
1024
1024
1024
1024
1024
1024
1024
1024
1016
1016
1016
1016
1016
1016
1016
1008
1008
1008
1008
1008
1008
1008
1000
1000
1000
1000
1000
1000
1000
1000
1000
1000
1000
1000
1000
1000
1000
1000
1000
1000
1000
1000
1000
1000
992
992
992
992
992
992
992
992
992
992
992
992
984
984
976
976
976
976
976
976
976
976
976
976
976
976
976
976
976
976
976
976
976
968
968
968
968
968
968
960
952
952
952
944
944
944
944
944
944
944
944
944
936
936
936
936
936
936
936
928
928
928
928
928
928
928
928
928
928
928
928
928
928
928
920
920
920
920
920
920
920
920
920
920
912
904
896
896
896
896
896
896
896
896
896
896
896
896
896
896
896
888
880
880
872
864
864
864
864
864
864
864
856
856
856
856
856
856
856
856
856
856
856
856
856
856
856
856
856
856
856
856
856
856
856
856
856
848
848
848
848
848
848
848
840
832
824
816
808
800
792
792
792
792
792
792
792
792
792
784
784
784
776
776
776
776
776
776
768
768
768
768
768
768
760
760
752
744
736
736
728
728
728
728
728
728
728
728
728
728
728
728
728
728
720
712
712
712
704
704
696
696
696
696
696
688
688
688
680
680
672
664
664
656
648
648
648
648
648
648
648
648
640
640
640
640
640
640
640
640
640
632
632
624
624
624
616
616
616
616
616
616
616
616
616
616
608
608
608
608
608
608
608
608
608
616
608
600
600
600
600
600
600
600
600
600
600
600
592
584
584
584
584
584
584
584
584
576
576
576
576
576
568
568
568
568
568
568
568
568
568
568
568
568
568
568
576
576
576
576
568
560
560
560
560
560
552
544
536
528
520
520
520
512
512
512
512
512
504
504
504
504
504
496
496
488
480
480
480
472
472
464
464
464
464
464
464
464
464
464
456
456
456
456
456
456
448
448
448
448
440
440
432
424
424
416
408
400
392
384
384
384
376
376
384
384
384
384
384
384
384
384
384
384
376
376
376
376
376
384
392
392
392
392
392
392
392
392
392
392
392
392
392
392
392
392
392
392
392
392
392
384
384
384
384
384
384
384
384
384
384
384
384
384
384
384
384
384
384
384
376
376
368
360
352
344
336
336
336
336
344
344
352
352
360
360
360
360
360
360
360
360
360
360
360
360
360
360
360
360
360
360
352
344
336
336
328
328
320
320
328
328
328
328
336
336
336
336
336
328
328
328
320
320
320
320
320
328
328
336
336
336
336
336
336
328
328
328
328
328
328
328
328
328
328
328
328
328
328
328
328
328
328
328
328
328
328
328
328
328
328
328
328
328
328
328
320
320
320
320
320
320
320
320
328
328
328
328
328
328
328
328
328
328
320
320
312
320
320
320
320
320
320
328
328
328
328
328
320
320
312
304
304
312
312
320
320
320
328
328
336
336
328
328
328
336
336
344
344
344
352
352
352
352
352
352
352
352
352
360
360
360
360
360
360
360
360
360
360
360
360
360
360
360
360
368
368
368
368
368
360
360
360
360
360
360
360
352
344
344
344
344
344
344
344
352
352
352
352
352
352
352
352
344
344
344
344
344
352
352
352
352
360
360
360
360
360
360
360
360
360
360
352
352
352
352
352
352
352
360
360
360
360
360
360
360
360
360
360
360
360
360
352
352
352
352
352
352
352
352
352
360
368
368
368
368
368
368
368
360
360
360
360
352
352
352
344
336
344
344
352
352
360
360
368
368
368
368
368
368
368
368
368
368
368
368
368
368
376
376
376
368
360
360
360
360
360
360
360
360
360
352
352
352
352
352
352
360
360
360
360
360
352
352
352
360
360
360
352
352
352
344
344
344
344
344
344
344
344
352
352
360
360
360
360
360
360
360
360
360
360
360
360
360
360
360
360
360
360
360
360
360
360
360
360
360
360
360
368
360
360
360
360
360
360
360
360
360
360
360
360
360
360
360
368
368
368
368
360
360
360
360
352
352
344
344
344
344
344
344
352
352
352
352
352
352
360
352
352
352
352
352
352
352
352
352
352
352
352
360
360
360
360
360
360
360
360
360
360
360
360
360
360
360
360
360
360
360
360
360
352
344
344
344
344
344
344
344
344
336
336
336
336
336
336
344
344
344
352
360
360
352
344
336
328
320
320
320
320
320
320
320
328
328
328
328
328
328
328
328
320
320
320
320
320
312
312
312
304
296
296
296
304
304
312
320
320
320
320
320
320
320
320
320
328
336
336
336
336
336
336
336
336
336
336
336
336
336
336
336
336
336
336
336
336
336
336
336
336
336
344
344
344
344
352
352
352
352
352
352
344
344
344
344
344
344
352
352
352
352
352
352
352
352
352
352
352
352
352
360
360
368
368
368
376
384
384
384
384
384
384
384
384
384
392
392
392
392
392
392
392
392
384
384
384
384
384
384
384
384
384
384
384
384
384
384
384
384
392
392
392
392
392
392
384
384
376
368
368
368
376
384
384
384
384
392
392
392
392
392
392
392
392
392
392
384
376
376
384
384
384
384
384
384
384
384
384
384
384
384
384
384
384
384
384
384
384
384
384
384
384
384
384
376
376
376
376
376
376
376
376
376
376
376
376
376
376
376
376
376
376
376
376
376
376
376
376
376
376
376
384
384
384
384
384
376
376
376
376
376
376
376
376
376
376
376
376
376
376
376
376
368
368
368
368
368
368
368
368
376
376
376
376
384
384
392
392
392
400
400
400
400
400
392
392
392
384
376
376
376
384
384
384
384
392
400
400
400
400
400
400
400
400
400
408
408
408
408
408
408
408
400
400
400
400
400
400
400
400
400
400
400
400
400
400
400
400
400
400
400
400
400
400
408
416
416
416
416
416
416
416
416
416
416
416
416
416
416
424
424
424
424
424
424
424
432
432
432
432
432
432
432
432
432
432
424
424
424
424
424
424
432
432
432
432
432
432
432
440
440
440
440
440
440
440
440
440
440
448
448
448
448
456
456
464
464
464
464
464
464
464
464
464
464
464
464
464
464
464
472
472
472
472
472
472
472
472
472
472
472
472
472
472
472
480
480
480
480
488
488
488
488
488
488
488
488
496
496
496
496
496
496
496
496
496
496
496
496
504
504
504
504
504
504
504
504
504
504
504
504
496
496
504
504
512
512
512
512
512
520
520
520
520
520
520
520
520
512
520
520
520
520
520
520
520
528
528
528
528
528
536
536
536
536
536
536
536
536
536
536
536
536
536
544
544
544
544
544
544
544
544
544
544
544
544
544
552
552
552
552
552
552
552
552
552
552
560
560
560
560
568
568
568
568
576
576
576
584
584
584
584
592
600
600
600
600
600
600
608
608
608
608
608
608
608
616
616
616
616
616
616
616
616
616
616
624
624
624
624
624
624
624
624
624
632
640
648
648
656
656
656
656
656
656
656
656
656
656
656
656
656
664
664
664
664
664
664
664
664
664
664
664
664
664
664
664
664
664
664
672
672
672
672
672
680
680
680
680
688
688
688
688
688
688
688
688
688
688
688
688
688
688
688
696
696
696
696
696
696
696
696
696
696
696
696
696
696
696
696
696
696
696
696
688
688
680
680
680
688
696
696
704
704
704
704
704
704
704
704
712
712
720
720
720
720
720
720
720
720
720
720
720
720
720
720
720
720
720
720
720
720
720
720
720
720
720
720
720
720
720
720
720
720
720
720
720
720
720
720
720
720
720
720
720
720
720
720
720
720
720
728
728
728
728
728
728
728
728
728
728
736
736
744
744
744
744
744
744
752
752
752
760
760
760
760
760
760
760
760
760
760
760
760
760
768
768
768
768
768
768
768
768
768
768
768
768
768
768
768
768
776
776
776
776
776
776
776
776
776
776
776
776
776
776
776
776
776
776
776
776
776
776
776
776
776
776
776
776
776
776
784
784
784
784
792
792
792
792
800
800
800
800
800
800
808
808
808
816
816
816
816
816
816
816
816
816
816
816
816
816
816
816
816
816
816
816
816
816
816
816
816
816
816
816
816
816
816
816
816
816
816
816
816
816
816
816
816
816
816
816
816
816
816
816
816
816
816
816
816
816
816
816
816
816
816
816
816
816
816
816
816
816
816
816
816
816
816
816
816
816
816
816
816
816
824
824
824
832
832
832
832
832
832
840
848
848
856
856
856
856
856
856
856
856
856
856
856
856
856
856
856
856
856
856
856
856
856
856
856
856
856
856
856
856
856
856
856
856
856
856
856
856
856
856
856
856
856
856
856
864
864
864
864
864
864
864
864
864
864
864
864
864
864
864
864
864
864
864
872
872
872
872
872
872
872
872
872
872
872
872
872
872
872
872
872
872
872
872
872
872
872
872
872
872
880
880
880
880
880
880
880
880
880
880
880
880
880
880
880
880
880
880
880
880
880
880
880
880
880
888
888
896
896
896
904
904
904
904
904
904
904
904
904
904
904
904
904
904
904
904
904
904
904
904
904
904
904
904
904
904
904
904
904
904
904
904
904
904
904
904
904
904
912
912
912
912
920
920
920
920
920
920
920
920
920
928
928
936
936
936
936
936
936
936
936
936
936
936
936
936
936
936
936
936
936
936
936
936
936
936
936
936
936
944
944
944
944
944
944
944
944
944
944
944
944
944
952
952
952
952
952
952
952
952
952
952
952
952
952
952
952
952
952
952
952
952
952
952
952
952
960
960
960
960
960
960
960
960
960
960
960
960
960
960
960
952
952
960
960
960
960
960
960
960
960
960
960
960
960
960
960
960
960
960
960
960
960
960
960
960
960
960
960
960
960
968
968
968
968
968
968
968
968
968
968
968
968
968
968
968
968
968
968
968
968
968
968
968
968
968
968
968
968
968
968
968
968
968
976
976
976
976
976
976
976
984
984
984
984
984
984
984
984
984
984
984
984
984
984
984
984
984
984
984
992
992
992
992
992
992
992
992
992
992
992
992
992
992
992
992
992
992
992
992
992
992
992
992
992
992
992
992
992
992
1000
1000
1000
1000
1000
1000
1008
1008
1008
1008
1008
1008
1008
1008
1008
1008
1008
1008
1008
1008
1008
1008
1008
1008
1008
1008
1008
1008
1008
1008
1008
1008
1008
1008
1008
1008
1008
1008
1008
1008
1008
1008
1008
1008
1008
1008
1008
1008
1008
1008
1008
1008
1008
1008
1008
1008
1008
1008
1008
1016
1016
1016
1016
1016
1016
1016
1016
1016
1016
1016
1016
1016
1016
1016
1016
1016
1016
1016
1016
1016
1016
1024
1024
1024
1024
1024
1024
1024
1024
1024
1024
1024
1024
1024
1024
1024
1024
1024
1024
1024
1024
1024
1024
1024
1024
1024
1024
1024
1024
1024
1024
1024
1024
1024
1024
1024
1024
1024
1024
1024
1024
1024
1024
1024
1024
1024
1024
1024
1024
1024
1024
1024
1024
1024
1024
1024
1024
1024
1024
1024
1024
1024
1024
1024
1024
1024
1024
1024
1024
1024
1024
1024
1024
1024
1024
1024
1024
1024
1024
1016
1016
1016
1016
1016
1016
1024
1024
1024
1024
1024
1024
1024
1024
1024
1024
1024
1024
1024
1024
1024
1024
1024
1024
1024
1024
1024
1024
1024
1024
1024
1024
1024
1024
1024
1024
1024
1024
1024
1024
1024
1024
1024
1024
1024
1024
1024
1032
1032
1032
1032
1032
1032
1032
1032
1032
1032
1032
1032
1032
1032
1032
1032
1032
1032
1032
1032
1040
1040
1040
1040
1040
1040
1040
1040
1040
1040
1040
1040
1040
1040
1040
1032
1032
1032
1032
1024
1016
1016
1016
1016
1016
1016
1016
1016
1024
1024
1024
1024
1024
1024
1024
1024
1024
1024
1024
1024
1024
1024
1024
1024
1024
1024
1024
1024
1024
1024
1024
1024
1024
1016
1016
1016
1016
1016
1016
1016
1016
1016
1016
1016
1016
1016
1016
1016
1016
1016
1016
1016
1016
1016
1016
1016
1016
1016
1024
1016
1016
1016
1016
1016
1016
1016
1016
1016
1016
1024
1024
1024
1024
1024
1024
1024
1024
1024
1024
1024
1024
1024
1024
1024
1024
1024
1024
1024
1024
1024
1024
1032
1032
1032
1032
1032
1032
1032
1032
1032
1032
1032
1032
1032
1032
1032
1032
1032
1032
1032
1032
1032
1032
1032
1032
1032
1032
1032
1032
1032
1032
1032
1032
1032
1032
1032
1032
1032
1032
1032
1032
1032
1032
1032
1032
1032
1032
1032
1032
1032
1032
1032
1032
1032
1032
1032
1032
1032
1032
1032
1032
1032
1032
1032
1032
1032
1032
1032
1032
1032
1032
1032
1032
1032
1032
1032
1032
1032
1032
1032
1032
1032
1032
1032
1032
1032
1032
1032
1032
1032
1032
1032
1032
1032
1032
1032
1032
1032
1032
1032
1032
1032
1032
1032
1032
1032
1032
1032
1032
1032
1032
1032
1032
1032
1032
1032
1032
1032
1032
1032
1032
1032
1032
1032
1032
1032
1032
1040
1040
1040
1040
1040
1040
1040
1040
1040
1040
1040
1040
1040
1032
1024
1032
1032
1032
1032
1032
1032
1032
1040
1040
1040
1040
1040
1040
1040
1040
1040
1040
1040
1040
1040
1040
1040
1040
1040
1040
1040
1040
1040
1040
1048
1048
1048
1048
1048
1048
1048
1048
1048
1048
1048
1048
1048
1048
1048
1048
1048
1048
1048
1048
1048
1048
1056
1056
1056
1056
1056
1056
1056
1056
1056
1056
1056
1056
1056
1056
1056
1056
1056
1056
1056
1056
1056
1056
1056
1056
1056
1056
1056
1056
1056
1056
1056
1056
1056
1056
1056
1056
1056
1056
1056
1056
1056
1056
1056
1056
1056
1056
1056
1056
1056
1056
1056
1056
1056
1056
1056
1056
1056
1056
1056
1056
1056
1056
1056
1056
1056
1056
1056
1056
1056
1056
1056
1056
1056
1056
1056
1056
1056
1056
1056
1056
1056
1056
1056
1056
1056
1056
1056
1056
1056
1056
1056
1056
1056
1056
1056
1056
1056
1056
1056
1056
1056
1056
1056
1056
1056
1056
1056
1056
1056
1056
1056
1056
1056
1056
1056
1056
1056
1048
1048
1048
1048
1048
1048
1048
1048
1048
1048
1040
1040
1040
1040
1032
1032
1032
1032
1032
1032
1032
1032
1032
1032
1032
1032
1032
1032
1032
1032
1032
1032
1032
1032
1032
1032
1032
1032
1032
1032
1032
1032
1032
1032
1032
1032
1032
1032
1032
1032
1032
1032
1032
1032
1032
1032
1032
1032
1032
1032
1032
1032
1032
1032
1032
1032
1032
1032
1032
1032
1032
1032
1032
1032
1032
1032
1032
1032
1032
1032
1032
1032
1032
1032
1032
1032
1032
1032
1032
1032
1032
1032
1032
1032
1032
1032
1032
1032
1032
1032
1032
1032
1032
1032
1032
1032
1032
1032
1032
1032
1032
1032
1032
1032
1032
1032
1032
1032
1032
1032
1032
1032
1032
1032
1032
1032
1032
1032
1032
1032
1032
1032
1032
1032
1032
1032
1024
1024
1024
1024
1032
1032
1032
1032
1032
1032
1032
1032
1032
1032
1032
1032
1032
1032
1032
1032
1032
1032
1032
1032
1032
1032
1040
1040
1040
1040
1040
1040
1040
1040
1040
1040
1040
1040
1040
1040
1040
1040
1040
1040
1040
1040
1040
1040
1040
1040
1040
1040
1040
1040
1040
1040
1040
1040
1040
1040
1040
1040
1040
1040
1040
1048
1048
1048
1048
1048
1048
1048
1048
1048
1048
1048
1048
1048
1048
1048
1048
1048
1048
1048
1048
1048
1048
1048
1048
1048
1048
1048
1048
1040
1040
1040
1040
1040
1040
1040
1040
1040
1040
1040
1040
1040
1040
1040
1040
1040
1040
1040
1040
1040
1040
1040
1040
1040
1040
1040
1040
1040
1040
1040
1040
1040
1040
1040
1040
1040
1040
1040
1040
1040
1040
1040
1040
1040
1040
1040
1040
1040
1040
1040
1040
1040
1040
1040
1040
1040
1040
1040
1040
1040
1040
1040
1040
1040
1040
1040
1040
1040
1040
1040
1040
1032
1032
1032
1032
1032
1032
1032
1032
1032
1032
1032
1032
1032
1032
1032
1032
1032
1032
1032
1032
1032
1032
1032
1032
1032
1032
1032
1032
1032
1032
1032
1032
1032
1032
1032
1032
1032
1032
1032
1032
1032
1032
1032
1032
1032
1032
1032
1032
1032
1032
1032
1032
1032
1032
1032
1032
1032
1032
1032
1032
1032
1032
1032
1032
1032
1032
1032
1032
1032
1032
1032
1032
1032
1032
1032
1032
1032
1032
1032
1032
1032
1032
1032
1032
1032
1032
1032
1032
1032
1032
1032
1032
1032
1032
1032
1032
1032
1032
1032
1032
1032
1032
1032
1032
1032
1032
1032
1032
1032
1032
1032
1032
1032
1032
1032
1032
1032
1032
1032
1032
1032
1032
1032
1032
1032
1032
1032
1032
1032
1032
1032
1032
1032
1032
1032
1032
1032
1032
1032
1032
1032
1032
1032
1032
1032
1032
1032
1032
1032
1032
1032
1032
1032
1032
1032
1032
1032
1032
1032
1032
1032
1032
1032
1032
1032
1032
1024
1016
1016
1016
1016
1016
1016
1016
1016
1016
1016
1016
1016
1016
1016
1016
1016
1016
1016
1016
1016
1016
1016
1016
1016
1016
1016
1016
1016
1016
1016
1016
1016
1016
1016
1016
1016
1016
1016
1016
1024
1024
1024
1024
1024
1024
1024
1024
1024
1024
1024
1024
1024
1024
1024
1024
1024
1024
1024
1024
1024
1024
1024
1024
1024
1024
1024
1024
1024
1024
1024
1024
1024
1024
1024
1024
1024
1024
1024
1024
1024
1024
1024
1024
1024
1024
1024
1024
1024
1024
1024
1024
1024
1024
1024
1024
1024
1024
1024
1024
1024
1024
1024
1024
1024
1024
1024
1024
1024
1024
1024
1024
1024
1024
1024
1032
1032
1032
1032
1032
1032
1032
1032
1032
1032
1032
1032
1032
1040
1040
1040
1040
1040
1040
1040
1040
1040
1040
1040
1040
1040
1040
1040
1040
1040
1040
1040
1040
1040
1040
1040
1048
1048
1048
1048
1048
1048
1048
1048
1048
1048
1048
1048
1048
1048
1048
1048
1048
1048
1048
1048
1048
1048
1048
1048
1048
1040
1040
1040
1040
1040
1040
1040
1040
1040
1040
1040
1040
1048
1048
1048
1048
1048
1048
1048
1048
1048
1048
1048
1048
1048
1048
1048
1048
1048
1048
1048
1048
1048
1048
1048
1048
1048
1048
1048
1048
1048
1048
1048
1040
1040
1040
1040
1040
1040
1040
1040
1040
1040
1040
1040
1040
1040
1040
1040
1040
1040
1040
1040
1040
1040
1040
1040
1040
1040
1040
1040
1040
1040
1040
1040
1040
1040
1040
1040
1040
1040
1040
1040
1040
1040
1040
1040
1040
1040
1040
1040
1040
1040
1040
1040
1040
1040
1040
1040
1040
1040
1040
1040
1040
1040
1040
1040
1040
1040
1040
1040
1040
1040
1040
1048
1048
1048
1048
1048
1048
1048
1048
1048
1048
1048
1048
1048
1048
1048
1048
1048
1048
1048
1048
1048
1048
1048
1048
1048
1048
1048
1048
1048
1048
1048
1048
1048
1048
1048
1048
1048
1048
1048
1048
1048
1048
1048
1048
1048
1048
1048
1048
1048
1048
1048
1048
1048
1040
1040
1040
1040
1040
1040
1040
1040
1040
1040
1040
1040
1040
1040
1040
1040
1040
1040
1040
1040
1040
1040
1040
1048
1048
1048
1048
1048
1048
1048
1048
1048
1048
1048
1048
1048
1048
1048
1048
1048
1048
1048
1048
1048
1048
1048
1048
1048
1048
1048
1048
1048
1048
1048
1048
1048
1048
1048
1048
1048
1048
1048
1048
1048
1048
1048
1048
1048
1040
1040
1040
1040
1040
1040
1040
1040
1040
1040
1040
1040
1040
1040
1040
1040
1040
1040
1040
1040
1040
1040
1040
1040
1040
1040
1040
1040
1040
1040
1040
1040
1040
1040
1040
1040
1040
1040
1040
1032
1032
1032
1032
1024
1024
1024
1024
1024
1024
1024
1024
1024
1024
1024
1024
1024
1024
1024
1024
1024
1016
1016
1016
1008
1000
1000
1000
1000
1000
1000
1000
1000
1000
1000
1000
1000
1000
1000
1000
1000
1000
1000
1000
1000
1000
1000
1000
1000
1000
992
992
992
992
992
992
992
992
992
992
992
992
992
992
992
992
992
992
992
992
992
992
992
992
992
984
976
976
968
968
968
968
960
960
960
960
960
952
952
952
952
952
952
944
936
928
928
928
928
920
920
920
912
912
912
904
904
904
904
904
904
904
904
904
904
904
904
904
904
904
904
904
904
904
904
904
904
896
896
896
896
896
896
896
896
896
896
896
888
888
888
888
880
872
872
872
864
864
864
864
864
864
864
864
864
864
864
864
864
864
864
864
856
848
848
848
848
848
848
840
840
840
840
840
840
832
832
832
824
816
808
808
800
800
800
800
800
792
792
792
784
784
784
784
784
784
776
768
768
768
760
752
752
744
736
736
728
728
728
720
720
712
712
712
704
696
696
696
696
696
688
680
680
672
664
656
656
656
656
648
640
632
624
624
624
624
624
616
616
616
616
616
616
616
616
616
616
616
608
608
600
592
584
576
568
568
568
560
552
552
552
552
552
544
536
536
536
528
528
520
512
512
504
504
504
504
496
496
488
480
480
472
464
456
448
440
440
440
440
440
440
440
440
440
440
440
440
432
432
432
424
416
416
416
416
408
408
400
400
392
392
392
392
392
392
392
392
384
376
376
376
376
368
360
360
360
360
360
360
360
360
360
352
352
352
352
352
352
352
352
352
352
352
352
352
352
352
344
336
336
336
328
328
328
328
328
328
328
328
320
312
312
320
320
320
320
312
320
320
320
320
328
328
328
328
328
328
320
320
320
320
320
320
320
320
320
320
320
320
312
312
304
304
304
304
304
304
304
304
312
312
312
312
312
304
304
304
304
304
304
304
304
304
304
304
304
304
304
304
296
296
296
296
288
288
288
288
288
296
296
296
296
296
296
296
288
288
288
280
280
280
288
288
288
288
288
288
288
288
288
288
280
280
280
272
264
256
248
240
240
232
232
232
232
232
224
216
216
208
208
208
208
216
216
216
216
208
208
200
200
192
192
184
184
184
184
184
184
184
184
184
184
192
192
192
192
192
192
192
192
192
192
192
192
192
192
192
192
192
192
192
192
192
200
200
200
200
200
200
200
200
200
200
200
200
200
200
200
200
208
208
216
216
216
224
224
224
224
224
224
224
224
224
224
224
224
224
224
224
224
224
232
240
248
248
248
248
248
248
248
248
248
256
256
264
264
264
264
272
272
280
280
288
288
288
288
288
288
296
304
304
304
304
304
304
312
312
312
312
312
312
312
312
312
320
320
320
320
320
320
320
320
320
320
320
320
320
320
320
328
328
328
328
328
328
328
328
328
336
344
352
352
352
352
352
352
352
352
352
352
352
360
360
360
360
360
360
360
352
352
352
352
360
360
360
360
368
368
368
368
376
376
376
376
376
376
376
376
376
376
376
384
384
384
384
384
384
384
384
392
392
392
392
392
392
392
392
392
392
392
392
392
392
392
400
408
408
408
408
408
408
408
408
408
416
416
424
424
424
424
424
432
432
440
440
440
440
440
440
440
440
440
448
448
448
448
448
448
448
448
448
448
448
456
456
464
464
464
472
480
480
488
488
488
496
496
496
496
496
496
504
504
512
520
520
520
520
528
528
536
536
536
536
536
536
536
536
536
536
536
544
544
544
544
552
552
560
560
560
560
560
560
560
560
560
568
568
576
576
584
584
584
592
592
592
592
592
592
592
592
592
592
592
592
592
592
592
592
592
592
592
592
592
592
592
592
592
592
592
592
592
592
592
592
592
592
592
592
600
600
600
600
608
616
616
616
616
616
616
616
616
616
616
616
624
624
624
624
624
624
624
624
632
640
640
648
648
648
656
656
656
656
656
664
664
664
664
664
664
664
664
672
672
680
680
680
680
680
680
680
680
680
680
680
680
680
680
680
680
680
680
680
680
680
680
680
680
680
680
680
680
680
688
688
688
688
688
696
696
696
696
696
696
696
696
696
696
696
696
696
696
696
696
696
696
696
704
704
704
712
712
712
712
712
712
712
712
712
712
712
712
712
712
712
712
712
712
712
712
712
712
712
712
712
712
712
720
720
720
720
720
720
720
720
720
720
720
720
720
720
720
720
720
728
728
728
728
736
736
736
736
736
736
736
744
744
744
744
752
760
760
768
768
768
776
776
776
776
776
776
776
776
776
784
784
784
784
792
792
792
792
792
792
792
792
792
792
792
792
792
792
792
792
792
792
792
792
800
808
808
808
808
816
816
816
816
816
816
816
816
816
816
816
824
824
824
824
824
824
824
824
824
824
824
824
824
824
824
824
824
824
824
824
824
816
816
816
816
816
816
816
816
816
816
816
816
816
816
816
816
816
816
816
816
816
816
816
816
816
816
816
816
816
816
816
816
816
816
816
816
816
824
824
824
824
824
824
824
824
824
824
824
824
824
824
824
824
824
824
824
824
824
824
824
824
824
824
824
832
832
832
832
832
832
832
832
832
832
832
832
832
832
832
832
832
832
832
840
840
840
840
840
840
840
840
840
840
840
840
840
840
840
840
840
840
840
840
840
840
848
848
848
856
856
856
864
864
864
864
864
864
864
864
864
864
864
864
864
864
864
864
864
864
872
872
872
872
872
872
872
872
880
880
880
880
880
880
880
880
880
880
880
880
880
888
888
888
888
888
888
888
888
888
888
888
888
888
888
888
888
888
888
888
888
888
896
896
896
896
896
896
896
896
896
896
896
896
896
896
896
896
896
896
896
896
896
896
896
904
904
904
904
904
904
904
904
904
904
904
904
904
904
904
904
904
904
904
904
904
904
904
904
904
904
904
904
904
904
904
904
904
904
904
904
904
904
904
904
904
904
904
904
904
904
904
904
904
904
904
904
904
904
904
904
904
904
904
904
904
912
912
912
912
912
912
912
912
912
912
920
920
920
920
920
920
920
928
928
928
928
928
928
928
928
928
928
928
928
928
928
928
928
928
928
928
928
928
928
928
928
928
928
928
928
928
928
928
928
928
928
928
928
928
928
928
928
928
928
928
928
928
928
928
928
928
928
928
928
928
928
928
928
928
928
928
928
928
928
928
928
928
928
928
928
928
928
928
928
928
928
928
928
928
928
928
928
928
928
928
928
928
928
928
928
928
928
928
928
928
928
928
928
928
928
928
936
936
936
936
936
936
928
928
928
928
928
928
928
928
928
928
928
928
928
920
928
920
920
920
920
920
920
920
920
920
920
920
920
920
920
920
920
920
920
920
920
920
920
920
920
920
920
920
920
920
920
920
920
920
920
920
920
920
920
920
920
920
920
920
920
920
920
920
920
920
920
920
920
920
920
920
920
920
920
920
920
920
920
920
920
920
920
920
920
920
920
920
920
920
920
920
920
920
920
920
920
920
920
920
920
920
920
920
920
920
920
920
920
920
920
920
920
920
920
920
920
920
920
920
920
920
920
928
928
928
928
928
928
928
928
928
928
928
928
928
928
928
928
928
928
928
928
928
928
928
928
928
936
936
936
936
936
936
936
936
936
936
936
936
936
936
936
936
936
936
936
936
936
936
936
936
936
936
936
936
936
936
936
936
936
936
936
936
936
936
936
936
936
936
936
936
936
936
936
936
936
936
936
936
936
936
936
936
936
936
936
936
936
936
936
936
936
936
936
936
936
936
936
936
936
936
936
936
936
936
936
936
936
936
936
936
936
936
936
936
936
936
936
936
936
936
936
936
936
936
928
928
928
928
928
928
928
928
928
928
928
928
928
928
928
928
928
928
928
928
928
928
928
928
928
928
928
928
928
928
928
920
920
920
920
920
912
912
912
912
912
912
912
912
912
912
912
912
912
912
912
912
912
912
912
912
912
912
912
912
912
912
912
912
912
912
912
912
912
912
912
912
912
912
912
912
912
912
912
912
912
912
912
912
912
912
912
912
912
912
912
912
912
912
912
912
912
912
912
912
912
912
912
912
912
912
912
912
920
920
920
920
920
920
920
920
920
920
920
920
920
920
920
920
920
920
920
920
920
920
920
920
920
920
920
920
920
920
920
920
920
928
928
928
928
928
928
928
928
928
928
928
928
928
928
928
928
928
928
928
928
928
928
928
928
928
928
928
928
928
928
928
928
928
928
928
928
928
928
928
928
928
928
928
928
928
928
920
920
920
920
920
920
920
920
920
920
920
920
920
920
920
920
920
920
920
928
928
928
928
920
920
920
920
920
920
920
920
920
920
920
920
920
920
920
920
920
920
920
920
920
920
920
920
920
920
920
920
920
920
920
920
920
920
920
920
920
920
920
920
920
920
920
920
920
920
920
920
920
920
920
920
920
920
920
920
920
920
920
920
920
920
920
920
920
920
920
920
920
920
920
920
928
928
928
928
928
928
928
928
928
928
928
928
920
920
920
920
920
920
920
920
920
920
920
920
920
920
920
920
920
920
920
920
920
920
920
920
920
920
920
920
920
920
920
920
920
920
920
920
920
920
920
920
920
920
920
920
920
920
920
920
920
920
920
920
920
920
920
920
920
920
920
920
920
920
920
920
920
920
920
920
920
920
920
920
920
920
920
920
920
920
920
920
920
920
920
920
920
920
920
920
920
920
920
920
920
920
920
920
920
920
920
920
920
920
920
912
912
912
912
912
912
912
912
912
912
912
912
912
912
912
912
912
912
912
912
912
912
912
912
912
912
912
912
912
912
912
912
912
912
912
912
912
912
912
912
912
912
912
912
912
912
912
912
912
912
912
912
912
912
912
912
912
912
912
912
912
912
912
912
912
912
912
912
920
928
928
928
928
928
928
928
928
928
928
928
928
928
928
928
928
928
928
928
928
928
928
928
928
928
928
928
928
928
928
928
928
928
928
928
928
928
928
928
928
928
928
928
928
928
928
928
928
928
928
928
928
928
928
928
928
928
928
928
928
928
928
928
928
928
928
928
928
928
928
928
928
928
928
928
928
928
928
928
928
928
928
928
928
928
928
928
928
928
928
928
928
920
920
920
920
920
920
920
920
920
920
920
920
920
920
920
920
920
920
920
920
920
920
920
920
920
920
920
920
920
920
920
920
920
920
920
920
920
920
920
920
920
920
912
912
912
912
912
912
904
904
904
904
904
904
904
904
904
904
904
904
904
904
904
904
904
904
904
904
904
904
904
904
904
904
904
904
904
904
904
904
904
904
904
904
904
904
904
904
904
904
904
904
904
904
896
896
896
896
896
896
896
896
896
896
896
896
896
896
896
896
896
896
896
896
896
896
896
896
896
896
896
896
896
896
896
896
896
896
896
896
896
896
896
896
896
896
896
896
896
896
896
896
896
896
896
896
896
896
896
896
896
896
896
896
896
896
896
896
896
896
896
896
896
896
896
896
896
896
896
896
896
896
896
896
896
896
896
896
896
896
896
896
896
896
896
896
896
896
896
896
896
896
896
896
896
896
904
904
904
904
904
904
904
904
904
904
904
904
904
904
904
904
904
904
896
896
896
896
896
896
896
896
896
896
896
896
896
896
896
896
896
896
896
896
896
896
896
896
896
896
896
896
896
896
896
896
896
896
896
896
896
896
896
896
896
896
896
896
896
896
896
896
896
896
896
896
896
896
896
896
896
896
896
896
896
896
896
896
896
896
896
896
896
896
896
896
896
896
896
896
896
896
896
896
904
904
904
904
904
904
904
904
904
904
904
904
904
904
904
904
904
904
904
904
904
904
904
904
904
904
904
904
904
904
904
904
904
904
904
904
904
904
904
904
904
904
904
904
904
904
904
904
904
904
904
904
904
904
904
904
904
904
904
904
904
904
904
896
896
896
896
896
896
896
896
896
896
896
896
896
896
896
896
896
896
896
896
896
896
896
896
896
896
896
896
896
896
896
896
896
896
896
896
896
896
896
896
896
896
896
896
896
896
896
896
896
896
896
896
896
896
896
896
896
896
896
896
896
896
896
896
896
896
896
896
896
896
896
896
896
896
896
896
896
896
896
896
896
896
896
896
896
896
896
896
896
896
896
896
896
896
896
896
896
896
896
896
896
896
896
896
896
896
896
896
896
896
896
896
896
896
896
896
896
896
896
896
896
896
896
896
896
896
896
896
896
896
896
896
896
896
896
896
896
896
896
896
896
896
896
896
896
896
896
896
896
896
888
888
888
888
888
888
888
888
888
888
888
888
888
888
888
888
888
888
888
888
888
896
896
896
896
896
896
896
896
896
896
896
896
896
896
896
896
896
896
896
896
896
896
896
896
896
896
896
896
896
896
896
896
896
896
896
896
896
896
896
896
896
896
896
896
896
896
896
896
896
896
896
896
896
896
896
896
896
896
896
896
896
896
896
896
896
896
896
896
896
896
896
896
896
896
896
896
896
896
896
896
896
896
896
896
896
896
896
896
896
896
896
896
896
896
896
896
896
896
896
896
896
896
896
896
896
896
896
896
896
896
896
896
896
896
896
896
896
896
896
896
896
896
896
896
896
896
896
896
896
896
896
896
896
896
896
896
896
896
896
896
896
896
896
896
896
896
896
896
896
896
896
896
896
896
896
896
896
896
896
896
896
896
896
896
896
896
896
896
896
904
904
904
904
904
904
904
904
904
904
912
912
920
920
920
920
920
920
920
920
920
920
912
904
904
904
904
904
904
904
904
904
904
912
912
912
912
912
912
912
912
912
912
912
912
912
912
912
912
912
912
912
904
904
904
904
904
904
904
904
904
904
904
904
904
904
904
904
912
912
912
912
912
920
920
920
920
920
920
920
920
920
920
920
920
920
920
920
920
920
920
920
920
920
920
920
920
920
920
920
920
920
920
920
920
920
920
920
920
920
920
920
920
920
920
920
920
920
920
920
920
920
920
920
912
912
912
912
912
912
912
912
912
912
912
912
912
912
912
912
912
912
912
912
912
912
912
912
912
912
912
912
912
912
912
912
912
912
912
912
912
912
912
912
912
912
912
912
912
912
912
912
912
912
912
912
904
904
904
904
904
904
904
904
904
904
904
904
904
904
904
904
904
904
904
904
904
904
904
904
904
904
904
904
904
904
904
904
904
904
904
904
904
904
904
904
904
904
904
904
904
904
904
904
904
904
904
904
912
912
912
912
912
912
912
912
912
912
912
912
912
912
920
920
920
920
920
920
920
920
920
920
920
920
920
920
920
920
928
928
928
928
928
928
928
928
928
928
928
936
936
936
936
936
936
936
936
936
944
944
944
944
944
944
944
944
952
952
952
952
952
952
952
952
952
952
952
952
952
952
952
952
952
952
952
952
952
952
952
952
952
952
952
952
952
952
952
952
952
952
952
952
952
952
952
952
952
952
952
952
952
952
952
952
952
952
952
952
952
952
952
952
952
952
952
952
952
952
952
944
944
944
944
944
944
944
944
944
944
944
944
944
944
944
944
944
944
944
944
944
944
944
944
944
944
944
944
944
944
944
944
944
944
944
944
944
944
944
944
936
936
936
936
936
936
936
936
936
936
936
936
936
936
936
936
936
936
936
936
936
936
936
936
936
936
936
936
936
936
936
936
936
936
936
936
936
936
936
936
936
936
936
936
936
936
936
936
936
936
936
936
936
936
936
936
936
936
936
936
936
936
936
936
936
936
936
936
936
936
936
936
936
936
936
936
936
936
936
936
936
936
936
936
936
936
936
936
936
936
936
936
936
936
936
936
936
936
936
936
936
936
936
936
936
936
936
936
936
936
936
936
936
936
936
936
936
936
936
936
936
936
936
936
936
936
936
936
936
936
936
936
936
936
936
936
936
936
936
936
944
944
944
944
944
944
944
944
944
944
944
944
944
944
944
944
944
944
944
944
944
944
944
944
944
944
944
944
944
944
944
944
944
944
944
944
944
944
944
944
944
944
944
944
944
944
944
944
944
944
944
944
944
944
944
944
944
944
944
944
944
944
944
944
944
944
944
944
944
944
944
944
944
944
944
944
944
944
944
944
944
944
944
944
944
944
944
944
944
944
944
944
944
944
944
944
944
944
944
944
944
944
944
944
944
944
944
944
944
944
944
944
944
944
944
944
944
944
944
944
944
944
944
944
944
944
944
944
944
944
944
944
944
944
944
936
936
936
936
936
936
936
936
936
936
936
936
944
944
944
944
944
944
944
944
944
944
944
944
944
944
944
944
944
944
944
944
944
944
944
944
944
944
944
944
944
944
944
944
944
944
944
944
944
944
944
944
944
944
944
944
944
944
944
944
944
944
944
944
944
952
952
952
952
952
952
952
952
952
952
960
960
960
960
960
960
960
960
960
960
960
960
960
960
960
960
960
960
960
960
960
960
960
960
960
960
960
960
960
960
960
960
960
960
952
952
952
960
960
960
960
960
960
960
960
960
960
960
960
960
960
960
960
960
960
960
960
960
960
960
960
960
960
960
960
960
960
960
960
960
960
960
960
960
960
960
960
960
960
960
960
960
960
960
960
960
960
960
960
960
960
960
960
960
960
960
960
960
960
960
960
960
960
960
960
960
960
960
960
960
960
960
960
960
960
960
960
960
960
960
960
960
960
960
960
960
960
960
960
960
960
960
960
960
968
968
968
968
968
968
968
968
968
968
968
968
968
968
968
968
968
968
968
968
968
968
968
968
968
968
968
968
960
960
960
960
960
960
960
960
960
960
960
960
960
960
960
960
960
960
960
960
960
960
960
960
960
960
960
960
960
960
960
960
960
960
960
960
960
960
960
960
960
960
960
960
960
960
960
960
960
960
960
960
960
960
960
960
960
960
960
960
960
960
960
960
960
960
960
960
960
960
960
960
960
960
960
960
960
960
960
960
960
960
960
960
960
960
960
960
960
960
960
960
960
960
960
960
960
960
960
960
960
960
968
968
968
968
968
968
968
968
968
968
968
968
968
968
968
968
968
968
968
968
968
968
968
968
968
968
968
968
968
968
968
968
968
968
968
968
968
968
968
968
968
968
968
968
968
968
968
968
968
968
968
968
968
968
968
968
968
968
968
968
968
968
968
968
968
968
968
968
968
968
968
968
968
968
968
968
968
968
968
968
968
968
968
968
968
968
968
968
960
960
960
960
960
960
960
960
960
960
960
960
960
960
960
960
960
960
960
952
952
952
952
952
952
952
952
952
952
952
952
952
952
952
952
952
952
952
952
952
952
952
960
960
960
960
960
960
960
960
960
960
960
960
960
960
960
960
960
960
960
960
960
960
960
960
960
960
960
960
960
960
960
960
960
960
960
960
960
960
960
960
960
960
960
960
960
960
960
960
952
952
952
952
952
952
952
952
952
952
952
952
952
952
952
952
952
952
952
952
952
952
952
952
952
952
952
952
952
952
952
952
952
952
952
952
952
952
952
952
952
952
952
952
952
952
952
952
952
952
952
952
952
952
952
952
952
952
952
952
952
952
952
960
960
960
960
960
960
960
960
960
952
952
952
952
952
952
952
952
952
952
952
952
952
952
952
952
952
952
952
944
944
944
944
944
944
944
944
944
944
944
944
944
944
944
944
944
944
944
944
944
944
944
944
944
944
944
944
944
944
944
944
944
944
944
944
944
944
944
944
944
944
944
944
944
944
944
944
944
944
944
944
944
944
944
944
944
944
944
944
944
944
944
944
944
944
944
944
944
944
944
944
944
944
944
944
944
944
944
944
944
944
944
944
944
944
944
944
944
944
944
944
944
944
944
944
944
944
944
944
944
944
944
944
944
944
944
944
944
944
944
944
944
944
944
944
944
944
944
944
944
944
944
944
944
944
944
944
944
944
944
944
944
944
944
944
944
944
944
944
944
952
952
952
952
952
952
952
960
952
952
952
952
952
952
952
952
952
952
952
952
952
952
952
952
952
952
952
952
952
952
952
952
952
952
952
952
952
952
952
944
944
944
944
944
944
936
936
936
936
936
936
936
936
936
936
936
936
936
936
936
936
936
936
936
936
936
936
936
936
928
920
920
920
920
920
920
920
920
920
920
920
920
920
920
920
920
920
920
920
920
920
920
920
920
920
920
920
920
920
920
920
920
920
920
920
920
928
928
928
928
928
928
928
928
920
920
920
920
920
920
920
920
920
920
920
920
920
920
920
920
920
920
920
920
920
920
920
920
920
920
920
920
920
920
920
920
920
920
920
920
920
920
920
920
920
920
920
920
920
920
920
920
920
920
920
920
920
920
920
920
920
920
920
920
920
920
920
920
920
920
920
920
920
920
920
920
920
920
920
920
920
920
920
920
920
920
920
920
920
920
920
920
920
920
920
920
920
920
920
920
920
920
920
920
920
920
920
920
920
920
920
920
920
920
920
920
920
920
920
920
920
920
920
920
920
920
920
920
920
920
920
920
920
920
920
920
920
920
920
920
920
920
920
920
920
920
920
920
920
920
920
920
920
920
920
920
920
920
920
920
920
920
920
920
920
920
920
920
920
920
920
920
920
920
920
920
912
912
912
904
904
904
904
904
904
904
904
904
904
896
896
896
896
896
896
896
896
896
896
896
896
896
896
896
896
904
904
904
904
904
904
904
904
904
904
904
904
904
904
904
904
904
904
904
912
912
912
912
912
912
912
912
912
912
912
912
912
912
912
912
912
912
912
912
912
912
904
904
904
904
904
904
904
904
904
904
904
904
904
904
904
904
904
904
904
904
904
904
904
904
904
904
904
904
904
904
904
904
904
904
904
904
904
904
904
904
904
904
904
904
904
904
904
904
904
904
904
904
904
904
904
904
904
904
904
904
904
904
904
904
904
904
896
896
896
896
896
896
896
896
896
896
896
896
888
888
888
888
888
888
888
888
888
888
888
888
888
888
888
888
888
888
888
888
888
888
888
888
888
888
888
888
888
888
888
888
888
888
888
888
888
888
888
888
888
888
888
888
888
888
888
888
888
888
888
888
888
888
888
888
888
888
888
888
888
888
888
888
888
888
888
888
888
888
888
888
888
888
888
888
888
888
888
888
888
888
888
888
888
888
896
896
896
896
896
896
896
896
896
896
896
896
896
896
896
896
896
896
896
896
896
896
896
904
904
904
904
904
904
904
904
904
904
904
904
904
912
912
912
912
912
912
912
912
912
912
912
912
912
912
912
912
912
912
912
912
912
912
912
912
912
912
912
912
912
912
912
912
912
912
912
912
912
912
912
912
912
912
912
912
912
912
912
912
912
912
912
912
912
912
912
912
912
912
912
912
912
912
912
912
912
912
912
912
912
912
912
912
912
912
912
912
912
912
912
912
912
912
912
912
912
912
912
912
912
912
912
912
912
912
912
912
912
912
912
912
912
912
912
912
912
912
912
912
912
912
912
912
912
912
912
912
912
912
912
912
912
912
912
912
912
912
912
912
912
912
912
912
912
912
912
912
912
912
912
912
912
912
912
912
912
912
912
912
912
912
912
912
912
912
912
912
912
912
912
912
912
912
912
912
912
912
912
912
912
912
912
912
912
912
912
912
912
912
912
912
912
912
912
912
912
912
912
912
912
912
912
912
912
912
912
912
912
912
912
912
912
912
912
920
920
920
920
920
920
920
920
920
920
920
920
920
920
920
920
920
920
920
920
920
920
920
920
920
920
920
920
920
920
920
920
920
920
920
920
920
920
920
920
920
920
920
920
920
920
920
920
920
920
920
920
920
920
920
920
920
920
920
920
920
920
920
920
920
920
920
920
920
920
920
920
920
920
920
920
920
920
920
920
920
920
920
920
920
920
920
920
920
920
920
920
920
920
920
920
920
920
920
920
920
920
920
920
920
920
920
920
920
920
920
920
920
920
920
920
920
920
920
920
920
920
920
920
920
920
920
920
920
920
920
920
920
920
920
920
920
920
920
920
920
920
920
920
920
920
920
920
928
928
928
928
928
928
928
928
928
928
928
928
928
928
928
928
928
928
928
928
928
928
928
928
928
928
928
928
928
928
928
928
928
928
928
928
928
928
928
928
928
928
928
928
928
928
928
928
928
928
936
936
936
936
936
936
936
936
936
936
936
936
936
936
936
936
936
944
944
944
944
944
944
944
944
944
944
944
944
944
952
952
952
952
952
952
952
952
952
952
952
952
952
952
952
952
952
952
952
952
952
952
952
952
952
952
952
952
952
952
952
952
952
952
952
952
952
952
952
952
952
952
952
952
952
952
944
944
944
944
944
944
944
944
944
944
944
944
944
944
944
936
936
936
936
936
936
936
936
936
936
936
928
928
928
928
928
928
928
928
928
928
928
920
920
920
920
920
920
920
920
920
920
920
920
912
912
912
912
912
912
912
912
912
912
904
904
904
904
904
904
904
904
904
904
904
904
904
904
904
904
896
896
896
896
896
896
896
896
896
896
888
888
888
888
888
888
888
888
888
888
888
888
880
880
880
880
880
880
880
872
872
872
872
872
872
872
872
872
872
872
872
872
872
872
872
872
872
872
872
872
872
864
864
856
848
848
840
832
832
824
824
824
824
824
824
824
824
824
824
816
808
808
808
808
800
792
792
784
784
784
784
784
784
776
776
776
776
776
776
776
776
776
768
768
760
760
760
752
752
752
744
736
736
736
736
728
728
728
728
728
728
728
728
728
728
728
728
728
728
720
712
712
712
712
712
712
712
712
704
704
704
704
704
696
696
688
688
688
688
688
680
672
664
664
656
656
656
656
648
648
640
632
632
632
632
624
616
616
608
608
608
600
600
592
584
584
576
576
568
560
560
560
560
560
560
560
552
544
544
536
536
536
528
528
520
520
512
512
504
496
488
488
488
480
480
472
464
456
456
448
448
448
440
440
440
440
440
432
424
424
424
416
416
408
400
392
384
376
368
360
360
360
352
352
344
336
336
328
320
320
312
304
296
296
296
288
280
280
272
264
256
248
240
232
224
224
216
208
208
200
200
200
200
192
184
184
176
176
176
168
168
160
152
152
152
152
144
136
136
128
128
120
120
120
112
104
104
