6.125
33.042
59.958
67.563
93.063
123.396
96.479
90.354
117.271
123.396
97.896
67.563
40.646
33.042
63.375
88.875
115.792
123.396
124.896
136.396
143.59
194.257
168.757
162.632
155.028
128.111
101.194
70.861
78.465
105.382
135.715
162.632
168.757
194.257
218.146
271.146
281.063
287.521
365.688
373.292
551.354
525.854
498.938
468.604
461
486.5
516.833
524.438
551.354
524.438
518.313
545.229
551.354
525.854
498.938
491.333
461
468.604
498.938
524.438
551.354
567.396
567.785
545.647
650.013
625.167
597.167
573.628
566.609
591.455
598.474
622.013
650.013
625.167
619.513
612.494
587.647
559.647
536.109
572.519
583.135
747.5
753.462
808.744
817.154
841.192
864.731
890.577
1076.964
1089.881
1124.548
1129.423
1146.506
1204.839
1208.839
1264.339
1270.5
1309.767
1310.667
1345.778
1359.378
1364.278
1363.378
1358.478
1319.211
1228.761
1215.161
1264.339
1306.411
1224.217
1225.117
1238.717
1273.828
1364.278
1350.678
1260.228
1220.961
1216.061
1215.161
1264.339
1361.25
1403.321
1404.286
1441.905
1350.678
1364.278
1331.922
1315.978
1264.178
1259.628
1205.183
1201.45
1162.183
1148.583
1152.317
1206.761
1287.708
1292.583
1291.619
1254
1288.667
1191.756
1208.839
1264.339
1301.958
1316.53
1321.78
1322.744
1325.011
1364.278
1325.011
1311.411
1308.173
1307.208
1301.958
1264.339
1265.304
1362.214
1404.286
1409.536
1424.107
1461.726
1437.726
1534.41
1265.179
1279.09
1437.726
1364.278
1377.111
1425.022
1467.422
1609.872
1519.422
1484.311
1445.044
1444.144
1439.244
1425.644
1430.544
1452.078
1447.178
1425.644
1447.178
1361.323
1312.76
1297.813
1293.547
1242.505
1239.005
1208.672
1257.234
1308.276
1323.224
1353.557
1357.823
1361.323
1341.135
1425.644
1447.178
1452.078
1458.161
1472.494
1473.944
1505.5
1483.967
1479.067
1483.967
1505.5
1505.189
1492.356
1401.906
1482.042
1502.042
1598.952
1599.286
1613.036
1589.964
1584.714
1432.089
1380.756
1335.327
1321.577
1367.006
1519.631
1533.381
1584.714
1588.732
1712.946
1700.03
1561.571
1663.701
1955.368
1830.801
1844.712
1850.365
1821.321
1826.036
1863.655
1909.083
1952.512
2055.637
2106.97
2108.524
2176.143
2032.267
2049.267
2055.35
2113.45
2346.783
2351.45
2370.117
2315.672
2311.122
2295.178
2243.378
2211.022
2364.952
2369.827
2386.911
2279.583
2334.028
2366.383
2370.117
2261.568
2291.755
2311.943
2317.646
2350.563
2365.51
2263.775
2271.539
2295.078
2360.549
2322.093
2322.352
2404.343
2408.231
2424.12
2428.917
2454.176
2486.722
2492.796
2495.981
2511.87
2571.079
2572.051
2592.273
2596.162
2606.208
2512.022
2696.232
2585.688
2631.688
2661.138
2668.288
2755.238
2787.688
2805.888
2821.188
2874.475
2880.425
2887.025
2896.067
2950.067
2878.337
2881.671
2884.401
2901.115
2952.544
2953.579
2823.568
2872.011
2875.011
2902.648
2981.693
3000.193
3033.299
3062.299
3080.489
3131.08
3228.205
3232.447
3100.652
3103.848
3124.949
3145.949
3019.899
3033.358
3065.733
3059.583
3085.023
3088.757
3155.49
3214.523
3232.71
3237.083
3246.65
3275.783
3301.223
3315.863
3329.903
3355.237
3390.097
3409.03
3452.23
3460.23
3483.663
3357.413
3368.413
3369.106
3369.779
3249.444
3261.019
3261.667
3269.222
3303.963
3308.901
3313.79
3199.753
3222.539
3261.11
3280.396
3288.074
3267.624
3273.859
3303.911
3324.221
3324.382
3310.636
3330.903
3337.569
3359.203
3398.925
3314.347
3343.702
3359.282
3370.605
3379.315
3380.642
3436.739
3439.11
3467.223
3469.038
3380.422
3398.828
3432.898
3435.815
3445.378
3448.294
3482.365
3524.763
3527.615
3542.708
3546.49
3569.25
3580.688
3604.969
3638.719
3642.844
3645.031
3560.985
3459.191
3473.113
3504.458
3519.282
3528.782
3530.076
3531.73
3533.789
3560.4
3558.458
3560.113
3497.16
3504.874
3506.474
3532.76
3442.405
3460.433
3468.211
3489.794
3519.794
3495.586
3497.141
3497.516
3499.412
3513.412
3531.44
3535.954
3544.926
3547.461
3549.294
3559.044
3561.442
3581.405
3581.535
3598.824
3613.454
3619.009
3622.315
3531.036
3538.333
3552.928
3554.82
3505.175
3420.235
3475.024
3485.459
3485.011
3492.361
3520.316
3522.009
3546.06
3562.368
3580.795
3582.265
3585.368
3608.701
3623.803
3633.188
3564.977
3567.952
3568.452
3541.808
3544.833
3547.333
3462.606
3467.85
3472.26
3472.589
3508.585
3529.841
3502.695
3506.061
3507.427
3506.028
3507.821
3530.699
3515.87
3504.033
3485.081
3465.163
3463.498
3457.665
3456.299
3462.132
3481.083
3417.645
3418.978
3420.603
3432.159
3438.23
3423.151
3409.127
3396.587
3393.444
3383.917
3384.964
3391.036
3395.619
3397.792
3399.847
3413.796
3414.776
3419.359
3402.514
3408.444
3415.955
3447.508
3464.221
3464.547
3465.052
3424.218
3444.78
3445.087
3442.383
3402.959
3382.515
3383.493
3351.409
3355.02
3419.731
3440.769
3460.991
3402.643
3407.317
3421.187
3423.563
3424.781
3419.582
3416.101
3414.115
3401.651
3390.445
3403.977
3415.466
3392.791
3393.163
3329.472
3336.785
3336.41
3347.382
3355.719
3362.448
3367.76
3363.51
3369.01
3380.99
3382.891
3380.99
3393.656
3396.531
3415.698
3393.198
3394.392
3400.226
3392.642
3399.372
3424.198
3423.745
3431.057
3440.918
3444.304
3433.44
3411.4
3344.642
3345.522
3345.922
3349.772
3354.555
3356.975
3364.978
3383.378
3384.258
3384.693
3394.353
3407.113
3416.773
3426.24
3377.621
3388.533
3389.827
3418.765
3400.203
3404.147
3425.324
3428.51
3428.853
3436.029
3445.31
3446.83
3418.521
3425.658
3368.56
3355.607
3356.877
3340.117
3338.322
3308.146
3309.392
3269.075
3255.516
3251.884
3239.884
3253.626
3249.83
3253.462
3267.022
3263.226
3303.542
3315.542
3348.354
3336.316
3319.146
3304.486
3300.429
3282.568
3281.511
3226.568
3224.505
3228.561
3222.699
3234.514
3252.045
3266.434
3267.471
3269.495
3286.347
3283.699
3283.785
3277.045
3275.316
3275.403
3263.674
3269.656
3269.906
3271.634
3275.36
3271.656
3259.841
3262.077
3241.887
3258.642
3262.42
3231.525
3296.34
3289.562
3301.58
3296.395
3308.173
3312.895
3299.407
3287.389
3281.407
3283.611
3285.636
3308.969
3311.173
3299.914
3297.469
3324.205
3315.261
3315.631
3316.673
3333.525
3373.094
3365.557
3364.515
3369.824
3372.065
3382.37
3381.074
3361.074
3349.056
3359.361
3391.565
3401.87
3354.867
3359.776
3371.376
3363.173
3357.708
3388.762
3381.616
3387.384
3396.051
3392.821
3386.821
3324.321
3327.404
3330.576
3278.945
3280.997
3291.098
3272.723
3277.119
3247.136
3250.585
3253.703
3279.148
3236.739
3224.394
3236.739
3235.79
3248.134
3260.38
3265.855
3270.177
3271.148
3258.968
3240.662
3241.36
3239.507
3241.554
3241.215
3239.362
3242.771
3232.037
3238.819
3233.972
3232.726
3245.071
3260.969
3274.138
3272.285
3261.472
3245.427
3232.257
3182.901
3179.257
3163.833
3217.417
3233.106
3246.503
3250.21
3251.175
3206.884
3256.24
3258.093
3219.569
3227.147
3236.964
3239.978
3241.115
3251.715
3255.786
3262.346
3280.051
3245.022
3220.828
3193.478
3178.646
3179.728
3180.958
3195.551
3223.599
3223.89
3238.567
3239.47
3252.003
3236.874
3251.712
3252.637
3248.024
3246.552
3250.907
3252.008
3252.359
3251.23
3251.306
3265.667
3271.444
3261.143
3255.688
3260.734
3251.531
3257.219
3255.332
3250.05
3246.742
3236.927
3228.619
3226.588
3209.973
3208.115
3211.423
3164.595
3172.777
3182.443
3198.807
3200.807
3198.787
3199.787
3212.991
3213.86
3201.486
3201.221
3201.016
3206.335
3214.314
3217.405
3218.713
3214.85
3216.506
3211.612
3211.878
3158.847
3147.074
3150.787
3154.499
3160.665
3168.847
3171.938
3216.059
3202.271
3251.605
3258.958
3250.034
3238.261
3234.17
3235.019
3236.327
3192.206
3190.115
3193.163
3192.496
3191.496
3193.33
3209.477
3210.172
3222.361
3225.06
3230.493
3216.761
3210.687
3211.731
3212.888
3234.437
3239.899
3240.136
3239.313
3232.175
3228.658
3217.232
3216.228
3204.218
3216.228
3219.745
3220.569
3185.155
3192.188
3193.178
3172.254
3171.002
3201.97
3201.902
3202.891
3206.949
3208.2
3209.266
3196.635
3196.889
3214.159
3205.348
3204.283
3203.031
3193.814
3193.611
3199.51
3246.698
3253.698
3247.109
3246.793
3245.043
3241.928
3240.343
3229.082
3215.894
3202.174
3192.928
3150.725
3149.913
3163.633
3176.821
3167.604
3167.8
3164.145
3167.217
3176.331
3177.893
3181.393
3192.493
3193.468
3194.268
3190.268
3150.067
3141.109
3134.306
3132.018
3137.144
3144.75
3138.346
3134.755
3127.952
3118.811
3119.772
3120.58
3116.031
3123.869
3117.033
3115.174
3096.065
3126.16
3076.864
3078.878
3077.563
3082.507
3086.31
3088.169
3097.089
3097.897
3101.347
3108.183
3112.732
3117.282
3116.296
3100.94
3100.148
3095.746
3072.249
3079.347
3076.531
3075.245
3079.795
3080.83
3068.087
3065.54
3041.047
3051.991
3047.047
3048.906
3056.005
3062.171
3055.171
3052.498
3059.206
3052.465
3049.144
3059.125
3058.938
3062.826
3070.326
3070.262
3085.262
3098.289
3101.067
3100.817
3098.023
3087.231
3090.773
3084.199
3074.083
3098.236
3099.532
3101.519
3101.713
3097.227
3101.477
3107.13
3106.348
3106.626
3101.751
3100.071
3115.529
3136.027
3144.888
3145.669
3145.058
3141.086
3158.586
3153.028
3151.347
3157.662
3169.005
3167.352
3160.644
3164.625
3171.144
3133.713
3134.685
3152.185
3111.741
3108.755
3107.236
3094.088
3081.449
3080.671
3071.81
3061.019
3058.977
3067.717
3036.761
3038.239
3051.032
3053.937
3066.234
3066.991
3066.755
3070.977
3062.383
3079.41
3078.488
3079.38
3087.339
3047.154
3075.644
3063.581
3063.761
3064.912
3111.579
3088.392
3078.681
3087.188
3087.421
3087.654
3086.721
3104.811
3112.011
3105.7
3116.589
3114.422
3117.089
3116.909
3136.587
3152.476
3147.596
3166.846
3148.756
3148.466
3140.654
3143.321
3131.188
3131.737
3131.15
3130.17
3124.834
3126.674
3134.094
3139.43
3134.75
3138.83
3153.67
3165.733
3151.523
3165.733
3168.144
3163.464
3156.744
3152.438
3151.673
3147.851
3124.664
3129.544
3139.127
3151.19
3150.443
3152.053
3149.642
3164.482
3167.671
3187.349
3183.616
3195.679
3199.986
3199.106
3195.706
3187.226
3186.461
3176.101
3173.534
3163.823
3160.223
3164.703
3163.117
3161.783
3166.463
3157.81
3164.281
3176.344
3169.904
3193.091
3177.202
3175.592
3176.179
3184.032
3172.412
3168.106
3175.526
3192.326
3196.492
3183.87
3181.003
3142.177
3131.817
3119.683
3118.226
3151.742
3150.985
3152.463
3165.256
3161.879
3174.012
3174.759
3185.119
3193.626
3196.492
3195.276
3201.747
3202.991
3221.081
3219.837
3204.997
3197.797
3209.417
3223.627
3224.537
3201.35
3172.86
3169.671
3157.164
3162.591
3166.111
3174.41
3135.583
3130.703
3137.174
3136.884
3117.207
3125.06
3128.58
3128.34
3139.96
3137.24
3101.307
3108.027
3099.547
3097.079
3099.908
3099.678
3119.096
3106.754
3103.07
3096.842
3099.526
3107.716
3130.598
3137.229
3142.584
3141.146
3138.766
3137.747
3136.826
3129.076
3143.72
3144.461
3142.322
3150.862
3152.743
3153.285
3149.93
3161.904
3139.022
3139.083
3116.202
3115.971
3109.743
3066.901
3057.395
3034.513
3044.096
3041.45
3029.476
3023.248
3011.781
3011.239
3010.697
3011.595
3015.148
3015.378
2984.443
2985.988
2982.482
2977.754
2982.508
2981.323
2977.128
2980.764
2983.556
2985.271
2985.043
2984.313
2979.585
2986.598
2985.053
2985.962
2988.073
2987.118
2993.391
2986.163
2988.021
2996.306
3005.765
2983.181
2978.453
2962.977
2953.644
2925.894
2917.634
2915.134
2942.884
2951.144
2960.477
2962.977
2963.205
2961.633
2954.406
2960.553
2953.326
2953.56
2949.365
2977.115
2978.024
2966.274
2972.369
2966.066
2955.975
2955.089
2951.983
2941.377
2940.649
2939.922
2902.104
2892.013
2879.719
2871.433
2870.013
2867.221
2892.974
2893.221
2901.506
2913.801
2923.892
2925.312
2928.104
2939.922
2940.649
2937.468
2936.896
2937.782
2940.432
2941.617
2941.677
2955.703
2957.123
2967.214
2968.123
2954.097
2953.188
2957.747
2950.279
2952.892
2953.463
2952.577
2947.85
2949.96
2947.85
2954.863
2940.703
2939.491
2901.673
2900.552
2899.695
2899.468
2907.364
2885.697
2881.723
2880.996
2880.139
2873.835
2892.585
2908.062
2908.244
2908.068
2908.64
2912.698
2910.049
2909.304
2904.746
2906.317
2920.772
2901.605
2929.355
2937.438
2941.633
2949.241
2950.787
2951.908
2956.466
2964.363
2952.613
2943.279
2944.024
2945.816
2944.248
2941.456
2939.741
2931.456
2924.443
2910.417
2911.985
2920.271
2934.297
2937.089
2944.102
2945.816
2943.203
2929.177
2924.424
2932.32
2939.97
2936.658
2934.158
2932.613
2904.863
2896.577
2911.031
2899.083
2881.463
2869.515
2868.629
2871.129
2867.7
2863.505
2861.934
2861.203
2864.31
2860.998
2861.855
2857.297
2856.387
2859.894
2866.907
2867.793
2855.845
2840.369
2840.904
2842.472
2853.79
2857.426
2865.686
2867.797
2902.797
2899.074
2894.879
2892.53
2891.786
2902.392
2903.812
2868.812
2857.062
2840.698
2838.984
2842.09
2837.531
2837.35
2830.804
2821.906
2820.736
2817.467
2822.685
2823.967
2846.262
2843.943
2839.636
2794.764
2763.64
2765.929
2775.105
2738.705
2737.339
2725.505
2724.805
2722.118
2710.743
2736.98
2727.145
2727.853
2737.689
2749.672
2761.191
2763.912
2765.764
2767.13
2775.105
2768.355
2768.58
2757.271
2743.771
2707.371
2700.621
2700.371
2699.452
2678.598
2678.848
2681.108
2702.846
2709.675
2707.971
2709.462
2708.598
2711.081
2707.748
2713.97
2703.211
2697.248
2698.314
2682.758
2675.526
2677.902
2674.878
2674.82
2670.832
2671.898
2669.522
2687.346
2686.802
2697.562
2696.654
2688.778
2687.821
2684.364
2675.492
2664.257
2655.385
2647.533
2635.953
2634.459
2633.644
2665.848
2665.148
2664.069
2664.294
2668.844
2665.469
2670.019
2663.269
2657.585
2645.86
2639.794
2637.533
2636.283
2625.39
2625.221
2624.302
2605.854
2636.118
2647.764
2641.097
2640.167
2633.331
2646.822
2644.29
2650.045
2643.379
2640.151
2642.872
2632.535
2633.465
2627.322
2630.95
2629.14
2662.319
2665.386
2679.655
2669.185
2673.326
2659.662
2673.64
2668.422
2667.547
2697.827
2693.632
2693.405
2694.132
2709.608
2716.835
2728.585
2733.871
2733.3
2716.936
2705.186
2659.732
2660.014
2656.702
2658.122
2659.837
2687.587
2701.427
2706.181
2720.022
2712.126
2713.857
2715.589
2738.173
2737.429
2719.808
2714.611
2718.04
2722.767
2724.335
2721.543
2720.123
2711.838
2709.204
2698.98
2698.243
2685.787
2673.814
2675.568
2661.545
2663.427
2667.848
2625.005
2629.821
2652.703
2647.438
2648.753
2652.865
2633.446
2619.423
2621.16
2621.39
2621.127
2633.469
2627.114
2637.86
2636.268
2629.162
2623.807
2617.421
2624.526
2624.588
2625.167
2626.035
2615.811
2596.393
2553.55
2560.656
2553.333
2551.195
2512.879
2526.902
2533.534
2529.85
2529.911
2529.043
2548.462
2552.883
2595.725
2586.141
2582.918
2579.694
2578.105
2580.243
2579.957
2578.141
2575.495
2574.359
2582.898
2590.464
2590.641
2599.181
2592.953
2592.891
2600.214
2589.99
2585.878
2589.352
2584.931
2542.089
2539.405
2511.289
2523.194
2516.839
2514.155
2471.313
2473.067
2481.462
2487.817
2480.109
2492.451
2493.372
2483.148
2483.727
2487.49
2491.262
2499.802
2500.769
2539.084
2540.65
2494.598
2502.992
2520.844
2520.09
2477.248
2487.471
2502.116
2508.344
2489.348
2492.9
2505.005
2505.269
2512.834
2504.44
2458.387
2459.615
2462.97
2463.148
2467.766
2463.516
2456.411
2455.513
2451.487
2459.237
2468.743
2476.493
2460.695
2456.636
2442.61
2446.805
2444.457
2436.807
2447.413
2431.05
2431.907
2459.485
2460.026
2421.711
2423.526
2432.066
2438.421
2442.533
2446.645
2492.697
2494.286
2501.995
2512.74
2519.67
2527.378
2525.641
2537.109
2542.374
2548.602
2551.749
2559.499
2561.088
2583.969
2592.303
2585.947
2585.207
2585.444
2593.777
2581.873
2573.539
2577.789
2573.171
2573.908
2574.829
2566.434
2558.245
2586.36
2585.439
2584
2575.81
2532.968
2527.613
2520.508
2512.758
2503.174
2503.405
2515.747
2496.328
2489.696
2486.144
2482.67
2478.42
2462.74
2462
2458.447
2458.625
2455.993
2457.221
2462.487
2452.263
2451.509
2452.709
2438.065
2452.41
2454.164
2460.393
2442.541
2443.462
2442.564
2480.879
2485.129
2482.596
2467.952
2465.32
2479.343
2482.172
2479.525
2481.117
2481.179
2464.6
2510.652
2510.714
2512.468
2516.021
2518.705
2525.635
2543.487
2543.664
2551.414
2552.382
2571.8
2570.932
2560.708
2606.761
2606.7
2601.884
2559.042
2548.296
2560.752
2569.086
2565.939
2566.837
2578.81
2567.343
2566.802
2578.775
2580.341
2608.456
2612.706
2611.969
2605.583
2615.167
2616.904
2615.768
2608.018
2602.662
2596.487
2598.303
2602.066
2601.803
2604.45
2606.331
2591.686
2589.154
2571.302
2571.24
2567.556
2585.408
2587.941
2588.002
2591.686
2591.864
2595.417
2613.269
2610.045
2603.87
2604.889
2613.079
2612.325
2612.386
2613.702
2612.965
2622.421
2625.974
2645.393
2656.491
2657.498
2658.71
2639.96
2640.966
2640.012
2643.726
2666.311
2661.025
2664.207
2661.415
2664.027
2668.085
2669.505
2666.713
2661.96
2673.778
2666.938
2665.984
2665.808
2648.188
2645.539
2637.89
2645.539
2648.188
2649.143
2666.763
2666.938
2673.778
2678.505
2686.402
2692.705
2693.826
2736.111
2744.008
2743.15
2742.264
2743.978
2743.751
2742.331
2746.305
2753.773
2751.123
2749.911
2757.379
2768.697
2790.364
2785.805
2784.896
2786.61
2785.425
2800.902
2838.72
2819.553
2814.8
2816.368
2817.098
2805.78
2833.53
2832.11
2804.36
2780.544
2776.044
2773.96
2773.063
2776.332
2788.358
2777.185
2775.903
2761.634
2765.557
2751.893
2750.345
2743.422
2729.576
2727.884
2719.704
2716.948
2689.553
2681.4
2678.932
2669.718
2672.186
2699.58
2707.734
2716.948
2724.927
2727.011
2715.411
2717.495
2710.36
2729.281
2725.606
2703.311
2705.394
2683.099
2690.651
2689.708
2690.272
2692.74
2694.292
2692.582
2687.916
2688.089
2694.157
2694.388
2700.58
2705.247
2696.033
2699.708
2695.567
2692.952
2692.779
2691.837
2684.285
2677.533
2660.139
2662.754
2663.697
2681.091
2687.843
2695.394
2695.567
2694.692
2739.564
2742.705
2745.771
2745.598
2740.906
2745.573
2752.707
2744.912
2745.092
2743.985
2758.254
2792.806
2806.783
2810.79
2812.191
2805.057
2805.621
2801.614
2836.166
2841.48
2838.934
2838.763
2846.041
2847.729
2855.78
2844.134
2837.754
2849.4
2864.484
2858.341
2855.313
2861.305
2839.292
2845.284
2855.119
2855.29
2853.286
2853.558
2856.933
2870.846
2871.071
2871.246
2867.746
2841.036
2845.074
2848.064
2843.514
2825.467
2815.258
2826.633
2822.596
2808.683
2806.896
2804.396
2796.283
2804.258
2792.533
2785.577
2781.002
2773.402
2762.093
2752.38
2753.233
2750.973
2784.66
2785.21
2786.698
2783.398
2781.367
2780.492
2786.792
2775.417
2768.667
2777.698
2780.998
2781.173
2779.142
2780.282
2780.999
2773.636
2772.718
2770.168
2763.584
2746.625
2746.456
2749.006
2749.175
2750.094
2756.677
2773.636
2780.999
2773.676
2767.639
2767.124
2793.833
2808.729
2807.854
2807.029
2803.729
2822.177
2815.877
2815.327
2814.813
2813.325
2816.315
2831.21
2824.023
2823.798
2828.8
2831.35
2832.863
2834.372
2837.672
2836.972
2841.359
2814.65
2814.825
2816.613
2813.238
2776.838
2780.875
2782.016
2787.699
2786.19
2787.677
2779.702
2777.296
2776.746
2793.705
2795.736
2798.726
2816.773
2815.106
2784.5
2763.031
2780.855
2779.225
2777.522
2777.464
2795.288
2795.072
2787.973
2790.457
2792.463
2792.241
2790.747
2808.967
2810.597
2804.984
2808.243
2804.095
2806.749
2804.984
2808.971
2808.107
2810.484
2809.249
2803.027
2799.249
2803.027
2799.169
2803.156
2810.841
2803.022
2802.179
2795.957
2788.685
2775.528
2777.231
2786.151
2785.985
2778.713
2777.806
2771.303
2768.785
2752.035
2754.553
2755.461
2762.733
2779.483
2779.649
2786.151
2784.386
2801.136
2787.395
2783.247
2781.014
2737.805
2737.283
2726.654
2724.449
2707.903
2713.627
2700.054
2704.151
2746.834
2749.04
2752.536
2750.926
2736.393
2728.613
2731.529
2732.863
2740.586
2730.627
2731.164
2721.204
2713.29
2714.235
2714.405
2707.223
2709.204
2713.643
2726.64
2726.583
2726.526
2737.56
2737.347
2748.566
2751.483
2750.345
2783.21
2787.308
2787.991
2774.994
2753.787
2754.47
2736.863
2733.57
2740.357
2758.355
2759.83
2752.647
2744.733
2743.26
2743.943
2743.772
2745.382
2724.175
2737.748
2729.992
2729.935
2725.496
2723.043
2711.823
2713.299
2730.905
2730.369
2713.823
2707.4
2707.236
2700.053
2697.565
2696.669
2685.23
2688.339
2677.711
2692.244
2690.618
2664.56
2657.145
2656.643
2649.857
2648.523
2613.011
2616.121
2609.698
2567.015
2565.902
2564.276
2571.459
2577.378
2577.88
2585.295
2611.353
2618.497
2590.997
2565.253
2576.554
2574.964
2577.845
2588.345
2589.952
2588.361
2592.771
2585.446
2585.229
2584.189
2582.526
2602.627
2604.289
2603.355
2604.962
2603.837
2611.601
2617.601
2625.196
2621.784
2616.149
2628.836
2627.42
2618.749
2607.916
2597.145
2588.474
2585.141
2592.379
2589.532
2599.254
2599.415
2610.581
2608.879
2605.236
2605.069
2592.382
2592.62
2591.592
2594.021
2596.402
2597.513
2598.93
2610.096
2616.096
2620.941
2610.566
2627.551
2630.08
2604.942
2605.148
2606.246
2603.717
2644.893
2643.795
2650.342
2651.742
2637.723
2647.975
2635.437
2637.967
2639.143
2656.128
2659.928
2667.081
2667.993
2693.131
2724.837
2738.857
2751.683
2762.821
2758.032
2764.579
2763.564
2763.82
2769.388
2771.918
2773.6
2777.4
2764.574
2747.211
2741.642
2744.456
2754.064
2748.088
2745.797
2752.066
2751.852
2750.265
2757.239
2750.394
2753.727
2764.498
2753.228
2773.931
2756.743
2755.172
2753.734
2762.29
2761.262
2754.024
2747.179
2745.591
2777.675
2788.841
2788.029
2792.362
2776.21
2776.996
2775.559
2764.725
2765.249
2733.166
2746.023
2780.689
2779.904
2792.883
2800.454
2795.609
2797.544
2782.544
2821.306
2810.472
2814.651
2797.081
2793.669
2792.081
2789.046
2785.046
2797.733
2793.4
2779.213
2775.035
2776.737
2782.375
2783.178
2782.967
2780.153
2788.653
2794.849
2798.143
2798.805
2808.413
2804.613
2801.248
2796.966
2805.466
2809.419
2807.736
2814.089
2817.889
2822.172
2825.277
2824.501
2831.654
2834.536
2831.43
2839.999
2852.825
2846.473
2854.927
2851.251
2843.928
2832.893
2831.981
2832.656
2828.856
2828.801
2829.666
2836.819
2831.136
2830.901
2831.113
2838.595
2831.089
2829.689
2832.572
2835.385
2830.677
2805.539
2773.833
2761.007
2719.83
2720.086
2688.38
2688.222
2682.653
2673.512
2673.3
2660.206
2659.95
2688.402
2694.037
2707.287
2707.546
2739.629
2739.79
2740.004
2743.218
2752.468
2739.218
2750.385
2736.198
2736.038
2734.597
2727.188
2734.759
2728.33
2713.595
2718.944
2719.462
2719.297
2724.819
2726.442
2732.125
2730.213
2727.036
2740.13
2747.453
2740.13
2743.93
2740.566
2745.915
2746.121
2746.605
2746.087
2748.352
2730.989
2699.283
2712.377
2709.848
2709.642
2702.713
2699.536
2710.674
2730.301
2709.842
2707.93
2704.558
2705.334
2703.781
2716.608
2713.431
2717.561
2717.767
2714.953
2727.491
2724.677
2717.785
2709.285
2710.572
2708.042
2705.042
2703.622
2699.822
2697.91
2697.392
2714.755
2715.578
2714.292
2710.616
2721.651
2716.082
2757.259
2755.347
2751.218
2751.424
2743.788
2744.7
2755.837
2751.884
2759.037
2757.617
2758.632
2765.397
2778.224
2777.968
2794.953
2795.615
2796.132
2800.438
2813.532
2814.709
2814.034
2810.434
2809.523
2813.828
2852.134
2859.668
2868.069
2882.72
2889.406
2889.885
2879.751
2871.35
2867.594
2865.356
2857.96
2849.604
2824.758
2833.114
2837.196
2827.7
2829.938
2837.008
2841.824
2840.307
2847.617
2854.605
2855.264
2879.825
2878.307
2910.983
2912.872
2907.585
2906.931
2908.094
2910.875
2907.549
2913.673
2912.266
2904.72
2904.877
2904.714
2910.218
2899.52
2886.843
2889.182
2879.686
2879.529
2879.782
2876.148
2865.628
2885.027
2883.643
2883.132
2920.992
2920.138
2919.885
2920.97
2880.272
2873.203
2892.602
2893.873
2886.454
2883.606
2882.222
2879.883
2896.671
2921.516
2925.075
2926.078
2926.133
2932.982
2933.648
2916.523
2922.577
2925.048
2956.025
2968.557
2949.38
2986.806
2962.245
2962.084
2965.797
2955.015
2961.749
2964.565
2969.791
2949.803
2945.203
2944.973
2944.818
2938.084
2936.828
2934.515
2927.205
2926.132
2910.537
2910.382
2908.85
2907.263
2901.712
2901.551
2898.802
2897.997
2890.664
2876.966
2868.706
2835.235
2804.258
2802.614
2798.407
2798.353
2799.198
2802.911
2794.539
2754.309
2752.476
2745.111
2734.53
2729.026
2726.654
2721.011
2720.109
2716.476
2715.069
2710.836
2706.604
2675.266
2674.755
2640.894
2640.691
2634.83
2633.226
2622.218
2621.706
2610.799
2585.953
2585.744
2577.859
2576.438
2538.132
2525.594
2521.794
2518.98
2518.116
2510.665
2538.851
2532.851
2524.25
2523.375
2519.53
2520.405
2524.25
2498.813
2466.729
2463.586
2476.922
2476.711
2463.301
2462.61
2459.659
2417.49
2413.442
2411.263
2407.371
2407.209
2405.546
2407.725
2449.894
2453.942
2440.532
2438.122
2431.418
2418.577
2415.987
2412.806
2409.734
2398.328
2391.003
2373.608
2356.214
2345.241
2341.745
2332.934
2331.714
2311.369
2293.762
2286.348
2273.052
2268.954
2250.956
2250.273
2237.276
2228.394
2217.361
2213.422
2195.815
2182.519
2186.458
2187.571
2191.303
2195.742
2156.035
2154.291
2154.348
2174.693
2167.681
2165.699
2158.285
2155.368
2141.795
2141.529
2141.31
2131.834
2098.968
2098.804
2095.511
2089.739
2122.605
2136.178
2136.443
2142.215
2142.38
2145.673
2145.892
2155.368
2151.429
2133.431
2125.675
2112.102
2133.844
2148.792
2164.008
2162.321
2161.228
2160.073
2155.465
2149.474
2145.385
2144.455
2148.543
2149.474
2146.446
2140.303
2095.999
2051.695
2036.611
2035.902
2032.874
2031.491
2029.054
2028.826
2050.529
2038.503
2034.362
2033.192
2028.526
2024.603
2028.744
2033.41
2037.333
2038.503
2019.582
2005.605
1998.094
1994.709
1982.684
1976.667
1974.051
1973.154
1967.137
1955.342
1951.201
1945.372
1938.449
1930.295
1923.543
1920.158
1916.568
1905.395
1901.254
1895.425
1894.255
1893.262
1891.736
1883.582
1879.907
1867.881
1840.487
1841.481
1845.156
1846.682
1854.835
1882.23
1894.255
1895.425
1891.502
1887.361
1882.694
1881.525
1871.054
1872.224
1876.891
1857.97
1862.111
1866.034
1858.9
1849.637
1822.243
1821.507
1810.334
1806.411
1802.104
1797.963
1819.202
1818.017
1813.459
1794.292
1793.435
1789.24
1788.286
1792.481
1807.697
1808.664
1800.664
1821.273
1820.527
1819.978
1819.711
1818.098
1816.853
1827.003
1825.395
1814.359
1813.312
1812.537
1776.118
1771.983
1769.078
1767.911
1748.401
1748.338
1740.378
1757.005
1759.95
1764.142
1771.356
1771.42
1772.603
1809.521
1829.298
1837.366
1838.152
1833.96
1828.974
1824.549
1823.299
1827.724
1828.974
1833.96
1838.152
1821.828
1818.551
1813.565
1808.757
1801.134
1799.243
1784.308
1771.66
1783.279
1778.73
1761.946
1731.851
1730.759
1722.196
1723.288
1761.245
1776.601
1785.164
1789.714
1803.047
1819.831
1849.926
1834.25
1788.391
1780.553
1755.989
1747.575
1747.325
1771.199
1770.562
1768.207
1761.617
1755.818
1740.165
1763.097
1754.435
1753.431
1727.363
1717.871
1737.01
1704.635
1700.923
1699.09
1715.486
1714.853
1709.883
1704.283
1699.576
1698.172
1702.879
1708.479
1709.883
1714.853
1714.219
1672.758
1650.546
1650.277
1641.431
1640.3
1635.331
1659.852
1658.973
1655.613
1672.242
1649.325
1647.59
1629.923
1629.646
1619.55
1608.143
1605.087
1571.171
1582.578
1592.673
1626.59
1629.646
1628.562
1622.784
1621.336
1615.558
1610.431
1605.574
1611.352
1616.479
1621.336
1622.784
1621.892
1621.546
1624.414
1641.077
1639.546
1627.702
1625.847
1623.864
1620.281
1613.497
1611.942
1603.542
1579.479
1576.775
1560.877
1564.521
1566.538
1596.013
1597.595
1613.493
1637.963
1644.862
1653.404
1625.127
1649.023
1651.489
1665.569
1677.96
1682.511
1685.313
1690.882
1711.428
1729.803
1724.976
1716.648
1707.568
1688.947
1687.374
1682.098
1675.822
1670.253
1670.02
1665.897
1609.759
1636.082
1621.754
1609.146
1608.83
1604.094
1603.712
1584.186
1575.882
1528.601
1528.364
1514.732
1514.969
1562.25
1566.987
1586.513
1594.817
1595.133
1595.515
1609.146
1606.295
1615.51
1553.01
1542.549
1512.757
1527.195
1551.912
1491.616
1517.156
1510.25
1509.84
1510.494
1522.186
1520.263
1521.676
1533.646
1551.513
1487.67
1512.523
1524.248
1543.337
1575.238
1538.699
1570.67
1563.493
1598.027
1596.391
1634.29
1674.012
1674.123
1634.401
1620.71
1608.171
1599.456
1594.667
1590.361
1582.361
1499.028
1582.361
1586.667
1594.667
1582.127
1582.016
1615.358
1580.144
1572.681
1571.283
1505.551
1503.445
1489.079
1458.348
1467.55
1493.043
1525.886
1525.763
1520.697
1513.329
1517.561
1522.764
1530.331
1567
1567.126
1566.64
1545.64
1515.559
1502.766
1502.178
1494.881
1494.516
1421.678
1422.266
1414.127
1485.048
1485.522
1492.627
1505.083
1486.415
1486.761
1483.957
1429.169
1421.323
1419.335
1407.199
1399.186
1380.759
1377.22
1380.024
1388.036
1390.024
1397.87
1452.658
1471.085
1474.624
1486.761
1470.453
1465.517
1447.09
1392.301
1447.09
1463.397
1481.825
1486.761
1483.709
1474.709
1459.688
1457.474
1441.515
1433.233
1448.254
1464.214
1472.496
1474.709
1483.709
1486.761
1517.386
1486.026
1483.987
1466.345
1436.878
1459.903
1474.567
1397.567
1424.614
1455.764
1473.136
1507.183
1509.398
1586.398
1647.448
1656.676
1660.486
1675.914
1681.743
1684.867
1699.914
1730.364
1735.864
1688.198
1688.064
1688.198
1735.864
1635.864
1626.264
1621.098
1626.264
1635.864
1735.864
1729.721
1765.772
1763.027
1812.846
1815.154
1785.841
1830.32
1783.747
1787.586
1817.844
1763.953
1779.703
1824.82
1837.539
1844.258
1898.602
1897.922
1897.5
1933.645
1918.376
1917.796
1830.86
1822.151
1845.789
1846.239
1855.239
1820.457
1821.038
1821.739
1837.008
1923.944
1898.602
1876.143
1875.997
1856.547
1852.828
1846.578
1889.156
1906.145
1929.328
1933.167
1953.245
1953.395
1959.847
1964.105
1981.524
1983.895
1994.315
1997.54
1998.121
1999.935
2011.742
2012.194
2016.806
2018.134
2024.624
2026.995
2024.624
2014.204
2016.575
2026.995
2003.812
1983.296
1977.086
1908.159
1928.675
1934.884
1958.067
2026.995
2024.624
2014.204
2024.624
2026.995
1973.177
1973.027
2026.844
2026.995
2011.726
1924.79
1916.081
1915.379
1914.798
1941.525
1941.075
1981.216
2074.147
2074.897
2101.69
2102.155
2102.776
2112.086
2078.783
2094.561
2063.006
2060.422
2020.7
2000.433
1910.6
1899.833
1863.492
1792.267
1828.608
1800.159
1869.086
1879.505
1882.005
1860.432
1879.432
1963.651
1953.557
1951.26
1953.557
1963.651
2002.813
2022.086
1997.662
2037.566
2043.483
2085.098
2115.955
2127.388
2169.555
2215.483
2280.391
2261.53
2280.391
2298.816
2301.043
2291.255
2289.028
2278.846
2273.366
2167.306
2166.646
2152.303
2149.538
2143.023
2143.682
2146.447
2152.962
2167.306
2169.922
2178.407
2210.1
2210.615
2191.909
2186.248
2123.402
2102.265
2101.735
2022.471
1989.735
1989.096
1988.699
1980.757
1957.904
2002.891
2084.558
2085.104
2108.649
2122.992
2123.402
2124.061
2132.242
2165.97
2163.141
2147.869
2144.263
2131.929
2088.179
2035.482
2092.372
2063.06
2066.779
2079.497
2108.81
2088.657
2091.485
2098
2113.273
2165.97
2165.828
2115.273
2086.586
2050.475
2032.051
2029.702
1964.952
1992.286
2046.134
2024.506
2044.772
2047.356
2083.697
2094.464
2126.019
2197.244
2287.078
2326.8
2329.25
2329.7
2347.256
2366.889
2373.689
2340.884
2340.304
2339.868
2314.804
2278.901
2263.632
2176.696
2167.987
2167.285
2203.188
2290.124
2298.833
2314.102
2314.538
2315.239
2267.169
2267.732
2271.505
2275.63
2292.505
2326.255
2346.193
2352.911
2346.625
2326.75
2289.51
2180.135
2134.016
2100.266
2087.76
1986.01
2006.309
2019.218
2062.984
2110.591
2146.385
2152.672
2186.422
2206.297
2175.551
2281.611
2265.652
2265.242
2224.129
2217.947
2200.098
2197.871
2204.053
2221.902
2224.129
2265.242
2265.652
2281.611
2240.497
2234.664
2226.179
2295.602
2338
2346.75
2346.896
2352.911
2334.505
2318.047
2315.75
2273.352
2272.93
2266.555
2284.961
2285.383
2291.758
2294.055
2310.513
2352.911
2323.328
2277.208
2275.146
2330.586
2348.538
2396.145
2398.274
2352.911
2342.818
2320.359
2283.12
2249.815
2244.737
2236.487
2210.966
2206.497
2239.802
2265.323
2302.563
2307.641
2330.099
2334.568
2342.818
2281.611
2265.652
2259.47
2218.356
2200.508
2198.28
2197.871
2200.098
2206.28
2222.24
2222.649
2263.763
2281.611
2265.652
2259.47
2255.429
2239.066
2235.753
2229.919
2197.624
2203.457
2235.753
2239.066
2255.025
2259.066
2265.247
2281.611
2273.126
2272.596
2241.865
2239.167
2196.768
2190.393
2189.971
2171.565
2169.268
2152.81
2155.107
2197.505
2215.911
2222.286
2238.745
2239.167
2220.76
2178.362
2161.904
2159.607
2159.185
2152.81
2152.388
2151.708
2143.271
2059.052
2044.26
2019.979
2049.237
2048.656
2049.358
2064.626
2100.53
2125.594
2143.388
2151.826
2152.247
2152.81
2150.513
2131.513
2112.063
2131.063
2150.513
2087.573
2091.614
2116.361
2119.674
2121.008
2153.303
2167.525
2203.636
2247.386
2255.114
2251.114
2234.75
2215.417
2211.758
2179.03
2172.515
2191.848
2224.576
2228.235
2244.598
2248.598
2255.114
2226.689
2220.174
2204.902
2192.568
2139.871
2136.265
2092.515
2154.99
2170.083
2199.667
2201.854
2164.615
2162.193
2143.193
2109.122
2042.349
1958.13
1948.036
1918.453
1952.523
2019.297
2103.516
2113.609
2116.031
2080.596
2116.707
2135.131
2132.515
2180.849
2247.36
2310.572
2379.109
2357.647
2377.848
2389.951
2392.928
2323.931
2327.897
2348.644
2240.111
2239.386
2223.608
2210.269
2170.547
2080.714
2080.114
2079.664
2030.469
2004.569
1983.369
1947.369
1902.144
1865.044
1748.378
1799.356
1792.42
1829.661
1950.351
1991.443
1998.379
2040.3
2089.494
2065.858
2078.766
2099.282
2116.702
2134.653
2165.191
2183.142
2198.282
2213.805
2265.94
2288.398
2281.68
2277.555
2257.617
2223.867
2206.992
2203.219
2236.969
2243.688
2260.563
2280.5
2284.625
2288.398
2280.43
2276.263
2242.958
2205.719
2160.602
2159.227
2155.81
2141.143
2115.622
2160.74
2194.044
2152.306
2156.346
2170.568
2171.902
2208.013
2211.326
2219.053
2211.806
2159.109
2144.765
2132.639
2128.98
2111.131
2091.939
2099.187
2151.884
2171.076
2185.419
2203.268
2206.927
2219.053
2182.942
2149.904
2131.48
2129.131
2100.444
2018.778
2008.99
1944.24
2008.99
1977.745
2009.811
2012.091
2029.973
2048.974
2083.021
2092.25
2114.45
2117.574
2143.574
2226.774
2253.821
2272.05
2278.193
2279.793
2276.021
2269.879
2254.45
2251
2220.143
2201.914
2174.867
2171.743
2165.6
2139.6
2117.4
2115.8
2097.571
2014.371
2020.514
2022.114
2040.343
2043.467
2069.467
2152.667
2179.714
2140.75
2165.882
2167.924
2176.896
2086.451
2045.456
2012.354
2058.417
1958.417
1952.669
1934.498
1903.64
1919.725
1963.132
1941.09
1946.838
1977.695
1989.129
2031.097
2121.542
2159.229
2176.896
2173.859
2151.174
2118.072
2105.035
2064.931
2061.227
2054.144
2111.576
2081.126
2122.376
2129.662
2133.471
2136.595
2150.005
2151.262
2181.712
2205.045
2239.093
2232.95
2149.75
2190.125
2171.36
2143.517
2141.87
2115.105
2111.89
2197.537
2203.86
2222.625
2224.272
2252.115
2274.968
2301.733
2304.949
2302.787
2293.287
2302.787
2304.949
2302.787
2284.904
2266.598
2284.48
2302.787
2304.949
2299.287
2291.051
2251.147
2251.01
2249.363
2221.52
2135.873
2117.108
2113.892
2091.039
2064.275
2057.951
2085.794
2087.441
2090.657
2096.98
2119.833
2138.598
2224.245
2251.01
2245.01
2229.52
2226.304
2210.422
2245.109
2239.275
2305.086
2338.391
2341.807
2358.682
2362.849
2369.224
2375.24
2391.698
2389.401
2379.307
2381.604
2391.698
2363.26
2361.51
2354.792
2334.854
2243.854
2214.271
2189.99
2186.573
2189.99
2214.271
2220.99
2241.929
2270.616
2298.192
2249.363
2251.01
2248.848
2239.348
2177.467
2186.695
2160.695
2159.095
2155.971
2133.771
2127.629
2100.581
2076.716
2120.313
2123.626
2142.96
2149.475
2177.051
2178.747
2142.51
2165.363
2186.695
2188.581
2190.531
2222.331
2226.102
2227.74
2228.126
2259.276
2205.852
2219
2267.306
2274.111
2282.056
2308.111
2299.139
2297.097
2318.681
2331.829
2333.421
2336.199
2338.597
2354.87
2356.815
2363.898
2365.491
2367.083
2374.167
2379.755
2381.588
2422.586
2406.686
2422.586
2449.633
2480.083
2488.255
2496.998
2531.045
2558.093
2565.093
2570.593
2620.279
2628.279
2658.729
2685.014
2687.014
2700.538
2700.671
2707.671
2718.129
2722.771
2815.8
2818.014
2818.636
2836.419
2854.59
2856.229
2859.679
2920.729
2920.862
2926.362
2892.314
2865.267
2847.895
2786.845
2777.617
2746.467
2744.252
2667.252
2701.3
2728.348
2805.348
2836.498
2897.548
2906.776
2908.99
2926.362
2936.819
2950.343
2964.743
2990.593
3002.026
2918.826
2917.226
2898.998
2872.998
2845.95
2823.75
2820.626
2814.483
2816.083
2764.155
2789.433
2807.155
2813.127
2758.097
2761.052
2765.024
2765.147
2781.526
2790.368
2818.789
2820.298
2822.035
2794.265
2801.598
2846.188
2864.863
2933.966
2880.042
2898.25
2916.313
2930.958
2937.333
2951.979
2965.892
2977.625
2979.783
2982.758
2918.203
2932.492
2968.488
2976.11
2978
2980.226
2988.104
2937.708
2956.208
2957.542
2960.685
2969.351
2991.685
2994.565
2998.435
2998.756
2999.804
3032.107
3033.857
3040.683
3055.159
3055.48
3057.702
3056.655
3028.282
3025.679
2991.304
2980.129
2976.954
2970.883
2951.438
2926.063
2951.438
2962.613
2927.291
2930.391
2931.415
2933.957
2939.888
2958.88
2918.716
2898.034
2883.534
2882.261
2881.57
2859.554
2922.52
2919.917
2972.183
2970.75
2919.733
2940.895
2955.733
2958.275
2963.275
2964.578
2986.593
3001.686
3004.895
3006.605
3017.818
3025.159
3033.136
3033.455
3054.017
3074.699
3083.017
3097.517
3098.011
3098.42
3131.962
3132.962
3134.513
3124.746
3151.228
3155.761
3165.865
3167.115
3165.087
3158.717
3156.994
3136.15
3122.017
3074.533
3071.889
3073.611
3087.744
3090.389
3111.233
3113.261
3092.033
3098.264
3113.971
3078.434
3078.534
3083.108
3094.314
3031.38
3039.859
3053.109
3053.391
3097.906
3122.733
3124.264
3133.736
3194.403
3198.17
3211.42
3212.795
3231.962
3233.384
3227.425
3253.675
3203.94
3211.41
3213.838
3228.702
3240.437
3262.478
3265.396
3277.804
3231.182
3209.377
3226.807
3232.087
3233.207
3251.607
3255.63
3256.51
3199.833
3203.833
3204.225
3208.225
3209.324
3218.84
3220.801
3215.801
3221.801
3193.285
3191.973
3199.668
3206.13
3207.543
3225.748
3171.225
3172.947
3159.387
3155.613
3143.869
3143.781
3133.844
3131.599
3152.17
3161.101
3173.101
3176.874
3188.346
3198.283
3198.66
3201.358
3203.604
3157.586
3169.113
3169.199
3168.162
3114.236
3110.255
3098.44
3096.415
3082.026
3064.495
3047.644
3059.17
3062.873
3064.898
3075.747
3037.036
3048.636
3023.988
3026.542
3026.899
3028.44
3047.726
3056.726
3008.994
3010.632
3029.579
3029.816
3048.513
3054.899
3053.893
3051.775
3058.161
3063.529
3064.535
3064.842
3079.17
3080.684
3093.36
3099.254
3083.382
3099.254
3090.95
3094.459
3094.81
3095.047
3105.135
3116.054
3125.528
3139.855
3138.341
3134.811
3113.905
3088.013
3026.61
3019.589
3008.431
2989.484
2965.681
2960.497
2979.783
2984.629
3046.032
3053.053
3025.859
3036.825
3057.371
3060.839
3084.231
3095.231
3099.628
3096.448
3091.261
3106.596
3115.749
3121.223
3127.393
3128.939
3139.753
3141.99
3160.054
3152.031
3162.014
3159.26
3153.785
3151.362
3139.181
3121.117
3116.643
3096.445
3135.751
3148.142
3153.711
3156.177
3170.257
3188.632
3209.178
3213.73
3216.532
3220.928
3223.014
3225.394
3226.882
3230.201
3240.302
3193.836
3202.917
3200.115
3190.805
3181.21
3190.52
3200.115
3211.305
3206.374
3216.474
3218.773
3226.612
3227.578
3235.945
3224.98
3225.739
3227.79
3252.682
3261.05
3273.441
3228.773
3218.843
3220.089
3221.335
3202.47
3199.061
3194.276
3200.376
3218.139
3218.431
3228.804
3237.582
3238.749
3240.761
3241.928
3259.928
3259.863
3260.538
3251.417
3252.32
3262.359
3252.32
3258.774
3262.632
3257.422
3229.374
3236.944
3247.411
3243.46
3215.411
3216.661
3229.194
3231.815
3242.105
3256.782
3257.911
3257.694
3211.794
3207.746
3222.635
3221.265
3232.733
3190.917
3204.534
3207.073
3202.604
3207.073
3216.276
3214.214
3215.307
3219.292
3221.831
3222.474
3226.458
3227.669
3235.898
3235.559
3239.296
3234.046
3237.053
3246.991
3253.243
3211.755
3183.649
3192.525
3185.636
3144.803
3159.015
3158.811
3163.144
3154.268
3152.854
3159.02
3171.394
3193.269
3189.269
3197.701
3211.409
3197.066
3207.955
3194.015
3182.98
3184.636
3189.53
3189.86
3190.712
3190.439
3189.326
3181.346
3182.654
3190.008
3184.492
3191.381
3200.593
3187.389
3187.662
3182.343
3185.434
3194.865
3182.491
3186.355
3189.385
3194.931
3193.516
3203.153
3204.809
3178.461
3181.201
3181.466
3167.758
3175.076
3186.023
3184.962
3189.205
3188.03
3152.045
3152.881
3146.806
3148.612
3147.25
3154.036
3149.857
3154.678
3159.499
3151.439
3141.752
3144.626
3148.805
3150.939
3158.461
3170.058
3167.633
3167.335
3157.842
3162.021
3163.653
3162.797
3165.223
3166.715
3159.65
3158.665
3166.725
3148.939
3147.447
3168.995
3168.338
3189.887
3194.447
3185.832
3188.491
3204.374
3214.999
3216.371
3225.685
3222.727
3219.124
3221.513
3231.058
3231.263
3230.183
3246.216
3242.613
3230.603
3228.5
3217.074
3203.544
3196.858
3194.897
3191.147
3200.529
3202.305
3204.266
3202.516
3201.376
3185.703
3184.86
3153.438
3137.555
3136.585
3136.29
3137.761
3137.692
3138.012
3131.051
3132.132
3131.129
3141.697
3157.73
3160.39
3163.221
3169.105
3155.184
3142.368
3142.625
3126.592
3166.224
3186.176
3183.015
3200.539
3201.363
3201.105
3217.473
3219.414
3208.789
3211.951
3194.426
3180.505
3179.235
3188.779
3192.985
3209.353
3183.779
3168.107
3156.68
3162.063
3162.89
3154.228
3168.15
3154.767
3159.267
3151.083
3111.451
3115.951
3123.363
3120.363
3122.142
3135.447
3091.455
3096.136
3093.347
3071.958
3074.856
3061.262
3059.33
3047.494
3045.909
3045.272
3041.576
3034.774
3019.329
2998.405
2981.134
3002.058
3005.754
3007.338
2976.043
2977.948
2994.971
3001.676
3016.901
3017.53
3002.101
3018.001
3022.096
3020.793
3021.9
3001.275
3000.456
3002.361
2993.469
3006.469
3007.444
3011.908
3018.67
3025.375
3016.689
3001.114
2987.59
2949.09
2918.565
2913.951
2896.927
2895.82
2896.927
2912.502
2917.117
2925.802
2939.326
2977.826
2994.85
3025.375
3020.146
3039.529
3039.786
3036.369
3049.893
3044.176
3014.043
3013.114
3033.9
3040.304
3029.36
3034.515
3041.182
2995.323
2998.943
2990.11
2990.891
2994.433
2994.368
2989.285
2987.632
3007.684
3024.235
3017.235
3015.716
3028.494
3028.3
3013.3
3012.328
3018.902
3018.966
3026.466
3025.855
3026.652
3034.832
3041.351
3036.684
3043.425
3040.751
3025.949
3025.762
3024.789
3001.618
3003.007
3000.174
2989.382
2993.722
2995.639
2987.653
2991.319
3000.153
3000.088
2991.644
2975.093
2978.843
2966.277
2965.48
2962.647
2969.388
2977.117
2967.001
2961.946
2954.216
2955.869
2947.733
2949.385
2941.249
2934.73
2937.524
2929.795
2921.15
2920.13
2919.109
2916.597
2925.431
2923.174
2952.851
2950.073
2941.628
2940.608
2931.963
2940.407
2941.428
2950.073
2938.73
2930.286
2925.203
2933.383
2888.161
2888.957
2889.259
2896.759
2900.648
2913.214
2914.895
2911.353
2911.631
2928.182
2936.168
2937.14
2953.691
2962.336
2958.794
2957.527
2960.321
2955.237
2958.779
2954.293
2946.156
2944.957
2940.082
2938.429
2929.785
2927.111
2931.986
2933.185
2932.389
2931.472
2930.694
2936.252
2944.389
2953.222
2946.222
2947.875
2949.861
2958.506
2962.992
2952.876
2955.388
2937.757
2938.661
2924.062
2916.847
2896.63
2941.233
2941.479
2933.454
2934.057
2934.242
2935.013
2954.79
2957.53
2949.653
2941.324
2931.427
2934.221
2926.824
2923.331
2910.937
2919.266
2910.74
2917.169
2912.977
2912.192
2899.342
2899.103
2906.317
2905.135
2905.699
2904.692
2903.413
2898.811
2904.386
2907.879
2927.656
2946.242
2952.726
2954.685
2953.75
2945.038
2945.336
2941.5
2940.733
2934.084
2933.482
2940.696
2928.094
2924.944
2918.133
2922.007
2950.882
2942.666
2905.017
2908.283
2898.65
2898.94
2884.54
2882.927
2895.549
2895.487
2895.253
2903.733
2905.493
2896.84
2909.462
2910.396
2908.938
2900.431
2899.451
2903.264
2939.198
2936.631
2943.102
2941.342
2938.676
2942.409
2944.976
2921.789
2921.609
2925.689
2914.069
2909.762
2909.824
2904.971
2913.451
2949.384
2945.078
2936.424
2943.144
2938.664
2933.784
2942.291
2959.091
2950.611
2951.521
2960.028
2959.281
2959.094
2939.844
2938.387
2950.45
2940.868
2951.757
2955.023
2948.961
2948.211
2946.598
2944.691
2947.88
2947.133
2949.7
2955.958
2955.778
2950.351
2949.2
2940.901
2941.834
2937.668
2941.834
2944.554
2943.621
2937.181
2924.559
2937.181
2943.621
2944.554
2944.314
2953.948
2954.181
2968.581
2949.331
2957.984
2954.162
2952.402
2960.213
2962.624
2965.891
2969.08
2981.143
2963.053
2959.653
2959.387
2956.667
2958.124
2958.414
2961.281
2965.761
2965.014
2961.281
2956.801
2957.551
2955.941
2968.563
2956.5
2969.007
2969.987
2973.176
2971.269
2962.762
2964.372
2951.75
2944.33
2942.49
2942.757
2946.157
2958.779
2959.529
2966.949
2965.616
2970.469
2981.358
2985.664
2938.998
2926.864
2928.642
2933.322
2941.176
2926.776
2927.009
2900.952
2913.294
2925.198
2923.633
2925.387
2916.992
2916.094
2915.808
2932.387
2927.571
2920.641
2911.185
2923.641
2922.326
2919.679
2917.797
2917.56
2916.593
2911.777
2911.236
2910.496
2910.311
2912.193
2912.735
2913.702
2918.518
2883.227
2883.409
2883.643
2884.942
2885.672
2883.88
2882.023
2877.964
2876.172
2848.422
2842.275
2840.976
2841.21
2839.79
2830.457
2827.859
2844.223
2840.249
2839.242
2866.992
2873.14
2874.932
2875.938
2879.997
2889.33
2893.304
2894.724
2890.36
2890.185
2889.925
2889.354
2847.068
2838.782
2839.042
2839.787
2838.073
2848.163
2810.345
2808.774
2804.021
2776.271
2762.066
2749.929
2763.593
2765.144
2727.811
2723.67
2731.465
2722.202
2720.119
2713.896
2732.406
2733.576
2733.636
2729.713
2726.046
2725.104
2723.02
2706.866
2702.559
2704.107
2706.738
2706.96
2702.327
2690.454
2697.12
2731.234
2728.207
2720.156
2706.485
2689.311
2645.007
2629.923
2621.896
2602.975
2634.168
2628.971
2622.824
2617.627
2609.367
2609.427
2610.172
2609.218
2610.932
2615.127
2623.343
2624.625
2623.904
2626.66
2618.34
2628.301
2620.322
2613.569
2618.7
2620.225
2620.456
2623.035
2609.058
2631.353
2613.958
2617.228
2611.159
2599.56
2600.406
2595.276
2597.594
2596.697
2592.774
2608.051
2610.37
2602.39
2601.672
2602.39
2639.723
2681.467
2667.803
2662.673
2670.224
2664.207
2656.028
2657.797
2663.989
2657.972
2659.498
2663.165
2677.011
2651.141
2617.027
2658.243
2663.308
2663.033
2664.188
2655.091
2662.135
2648.046
2650.768
2655.833
2618.973
2622.928
2618.84
2645.887
2641.28
2642.261
2634.805
2638.033
2640.564
2647.231
2647.788
2640.744
2644.617
2645.71
2650.343
2677.39
2667.555
2663.466
2649.666
2650.847
2625.628
2639.128
2643.703
2636.953
2648.786
2608.086
2611.076
2609.826
2598.517
2592.65
2592.135
2586.219
2585.704
2589.61
2582.248
2585.548
2588.048
2583.473
2584.84
2589.927
2583.86
2585.001
2592.324
2594.049
2593.08
2593.999
2577.04
2579.071
2586.433
2608.171
2615.533
2608.21
2619.71
2620.26
2631.985
2652.84
2658.756
2658.242
2656.454
2657.821
2660.321
2669.425
2673.25
2674.391
2673.691
2676.878
2688.188
2676.354
2676.573
2660.823
2652.873
2679.582
2685.499
2686.418
2683.868
2675.893
2673.486
2674.19
2683.221
2690.821
2679.511
2671.561
2665.878
2664.366
2658.682
2662.257
2672.466
2672.241
2669.98
2670.899
2659.524
2658.555
2667.659
2675.576
2674.209
2668.343
2650.296
2647.89
2639.777
2622.818
2621.943
2619.536
2606.215
2599.465
2597.798
2591.215
2588.665
2587.298
2589.704
2591.371
2592.738
2599.488
2602.038
2615.359
2621.943
2631.655
2637.955
2638.227
2632.31
2630.801
2630.529
2631.246
2638.569
2642.394
2636.71
2631.708
2652.563
2639.241
2637.874
2636.207
2633.02
2622.811
2604.765
2604.215
2589.319
2616.154
2634.429
2635.813
2641.754
2643.442
2643.999
2647.227
2662.311
2675.802
2652.563
2649.375
2650.092
2656.842
2648.729
2651.417
2643.467
2639.967
2638.6
2640.267
2634.229
2637.604
2645.204
2646.173
2647.423
2650.923
2652.71
2651.835
2650.048
2651.189
2694.939
2689.851
2678.126
2686.076
2681.074
2681.132
2669.823
2666.448
2666.617
2665.742
2665.47
2667.501
2669.01
2654.115
2651.708
2661.917
2662.77
2683.624
2682.749
2676.682
2651.456
2643.604
2641.598
2639.952
2641.717
2630.137
2620.055
2627.906
2626.841
2630.297
2623.065
2615.966
2622.468
2623.159
2614.24
2615.147
2658.357
2660.59
2661.497
2643.673
2635.854
2639.632
2633.13
2644.299
2648.287
2648.04
2614.769
2630.324
2629.63
2603.25
2601.781
2598.25
2580.426
2581.66
2580.704
2580.009
2584.503
2592.355
2588.367
2578.775
2567.087
2567.03
2577.789
2566.102
2567.867
2564.336
2561.312
2576.867
2579.82
2587.832
2601.166
2587.832
2586.968
2586.91
2594.143
2593.927
2611.751
2612.259
2620.272
2631.852
2638.519
2681.728
2668.571
2635.299
2632.04
2629.557
2618.387
2618.118
2616.472
2619.497
2618.806
2621.83
2640.05
2626.31
2622.322
2623.165
2624.655
2626.359
2622.501
2619.548
2609.466
2606.997
2606.302
2602.846
2605.222
2607.706
2605.7
2604.206
2613.798
2613.582
2614.648
2616.117
2615.16
2614.253
2600.92
2609.792
2605.644
2612.916
2610.432
2603.93
2603.222
2597.23
2582.519
2573.599
2566.093
2552.633
2540.945
2536.958
2536.001
2509.621
2476.35
2461.638
2453.819
2450.671
2407.461
2403.473
2402.347
2403.041
2407.029
2404.374
2398.152
2408.912
2408.695
2413.72
2413.989
2420.491
2419.783
2413.116
2414.269
2408.277
2404.746
2386.922
2396.514
2404.391
2404.934
2388.184
2394.028
2397.287
2393.83
2390.052
2395.847
2388.575
2383.635
2386.894
2393.993
2401.225
2401.472
2407.694
2440.966
2440.151
2442.62
2443.485
2441.781
2430.094
2422.587
2423.74
2421.507
2428.378
2432.711
2435.97
2452.72
2459.222
2492.494
2496.481
2495.247
2494.012
2495.506
2497.883
2482.327
2483.818
2481.334
2480.182
2488.194
2474.454
2479.478
2469.886
2472.369
2472.101
2473.008
2470.776
2469.307
2474.331
2473.637
2485.324
2488.277
2492.055
2499.561
2500.069
2511.649
2510.299
2512.954
2506.083
2505.376
2484.779
2487.155
2484.501
2487.649
2490.602
2488.133
2491.91
2484.034
2466.21
2476.969
2475.323
2457.103
2460.642
2459.735
2462.253
2460.021
2459.313
2453.321
2458.261
2465.494
2454.324
2448.48
2445.332
2446.024
2452.526
2445.293
2478.565
2496.785
2495.081
2489.238
2502.571
2501.102
2515.814
2508.308
2507.073
2550.283
2540.69
2567.07
2566.227
2563.758
2561.289
2572.524
2575.178
2567.494
2567.247
2568.313
2562.469
2566.617
2562.759
2567.093
2566.87
2573.969
2571.315
2568.056
2569.702
2587.922
2584.383
2558.003
2546.833
2535.475
2522.142
2525.92
2535.512
2532.364
2538.356
2531.084
2526.566
2527.523
2528.365
2516.785
2510.563
2504.341
2497.674
2487.592
2485.359
2484.544
2463.075
2460.557
2462.933
2476.266
2477.131
2481.118
2517.069
2519.723
2520.415
2487.143
2485.513
2496.273
2511.828
2514.976
2481.705
2480.748
2478.983
2483.476
2476.81
2436.612
2439.096
2443.429
2435.552
2395.355
2404.227
2404.061
2404.752
2403.261
2388.549
2382.047
2389.146
2389.204
2387.574
2347.377
2348.726
2348.669
2356.353
2352.365
2355.896
2356.112
2367.282
2364.134
2369.074
2358.992
2368.584
2372.572
2372.356
2360.669
2366.632
2382.187
2382.36
2381.817
2389.088
2415.468
2414.925
2422.609
2432.772
2406.714
2403.422
2396.999
2403.145
2406.438
2398.714
2356.032
2352.3
2353.153
2360.877
2364.688
2378.261
2379.481
2379.424
2374.96
2375.643
2373.899
2366.716
2367.521
2364.605
2397.471
2395.489
2395.754
2407.299
2416.181
2407.299
2382.343
2387.165
2386.279
2383.689
2384.813
2384.283
2385.89
2386.685
2385.48
2374.074
2385.376
2343.207
2342.107
2333.403
2339.748
2341.206
2333.519
2337.411
2341.097
2333.435
2335.754
2300.67
2302.332
2287.975
2282.32
2288.14
2285.188
2284.947
2281.874
2276.055
2268.425
2264.979
2264.301
2260.536
2266.384
2269.456
2276.384
2272.93
2271.472
2268.098
2293.842
2282.758
2282.921
2279.234
2259.134
2249.772
2262.612
2245.218
2234.317
2229.932
2232.251
2236.299
2254.08
2252.876
2253.553
2252.098
2263.062
2274.147
2276.325
2276.821
2276.604
2285.309
2293.129
2285.803
2286.044
2282.972
2284.096
2287.988
2295.487
2305.987
2270.903
2272.626
2276.854
2275.248
2275.192
2276.077
2273.668
2271.348
2267.662
2263.77
2262.646
2247.465
2229.684
2222.587
2218.178
2216.86
2222.933
2212.032
2210.598
2201.894
2202.39
2210.209
2223.618
2223.356
2234.658
2236.836
2240.089
2240.767
2240.505
2247.563
2240.467
2246.973
2204.804
2200.575
2206.278
2203.397
2203.927
2196.24
2216.34
2223.399
2233.238
2232.742
2241.401
2215.657
2204.355
2199.97
2210.934
2210.111
2211.211
2210.086
2218.861
2218.171
2216.713
2217.812
2210.15
2210.824
2204.479
2193.073
2172.973
2147.229
2145.566
2146.389
2134.983
2131.218
2138.905
2131.085
2128.134
2131.314
2119.909
2119.023
2114.202
2122.021
2119.069
2154.154
2160.858
2167.204
2168.659
2166.068
2164.11
2161.932
2160.614
2154.96
2140.602
2138.996
2138.466
2128.627
2125.554
2108.16
2095.319
2095.849
2097.456
2100.528
2114.886
2120.54
2137.935
2147.774
2160.614
2161.932
2174.772
2185.736
2175.236
2174.196
2161.184
2158.111
2155.933
2156.776
2169.788
2173.234
2172.972
2170.382
2164.679
2163.579
2160.698
2160.168
2158.713
2163.122
2165.546
2174.251
2191.646
2190.76
2191.646
2189.222
2193.27
2196.152
2202.224
2203.541
2206.722
2196.222
2204.997
2204.322
2203.826
2221.607
2222.451
2236.808
2235.709
2234.275
2219.094
2219.335
2220.769
2223.359
2224.182
2225.115
2225.378
2221.691
2220.591
2223.772
2224.658
2217.599
2214.419
2207.913
2218.413
2220.37
2225.192
2235.031
2228.326
2234.029
2231.439
2224.734
2231.24
2237.945
2236.905
2245.563
2240.66
2247.985
2248.919
2248.975
2250.074
2243.016
2236.51
2237.396
2234.022
2234.552
2228.207
2231.661
2228.779
2268.008
2269.466
2258.165
2237.213
2239.622
2207.153
2207.683
2207.851
2200.526
2200.689
2226.433
2226.644
2206.543
2217.628
2238.579
2215.93
2212.084
2228.236
2229.674
2230.459
2221.904
2221.695
2222.782
2219.377
2219.615
2237.185
2250.164
2257.95
2243.93
2243.256
2243.044
2239.444
2238.044
2248.688
2251.088
2247.488
2252.196
2249.09
2248.225
2247.567
2252.916
2248.208
2250.575
2253.457
2255.824
2255.568
2245.96
2247.383
2238.242
2251.069
2243.586
2247.186
2208.88
2212.245
2201.21
2197.61
2196.536
2202.105
2194.654
2191.654
2183.085
2188.768
2185.885
2191.595
2191.436
2190.572
2190.407
2194.536
2162.83
2155.508
2148.355
2147.49
2154.643
2161.966
2162.83
2166.63
2172.826
2176.779
2164.074
2155.619
2152.513
2151.415
2155.091
2161.983
2159.617
2157.264
2171.283
2202.989
2210.472
2210.526
2206.85
2199.921
2205.442
2209.119
2212.919
2218.601
2235.586
2194.41
2192.727
2190.198
2192.11
2166.972
2186.599
2199.305
2188.168
2181.621
2188.168
2199.305
2192.413
2198.095
2210.922
2200.669
2195.88
2208.707
2189.079
2174.256
2172.832
2171.264
2168.45
2164.774
2171.926
2164.444
2167.621
2167.675
2167.834
2164.462
2198.721
2204.43
2202.166
2209.648
2217.283
2204.189
2221.552
2215.356
2232.341
2228.541
2234.737
2232.61
2234.976
2234.2
2233.716
2232.804
2240.31
2240.104
2241.504
2241.716
2245.998
2245.195
2240.407
2231.907
2234.907
2228.36
2229.928
2229.105
2229.16
2246.145
2259.239
2251.604
2243.969
2251.604
2253.004
2253.666
2246.901
2254.352
2259.06
2257.639
2256.977
2258.53
2259.395
2258.733
2244.714
2283.02
2286.125
2286.902
2281.333
2268.239
2269.639
2270.737
2265.216
2306.392
2302.11
2304.992
2305.248
2297.925
2297.149
2304.655
2307.949
2306.325
2302.725
2302.064
2300.643
2311.467
2304.702
2297.067
2284.361
2295.184
2320.323
2333.417
2331.05
2334.05
2335.45
2339.05
2324.226
2322.603
2329.756
2330.24
2329.984
2329.325
2333.002
2332.178
2332.414
2321.708
2322.724
2297.585
2298.497
2318.956
2316.828
2315.964
2326.999
2340.093
2342.493
2325.508
2326.311
2337.017
2337.252
2338.652
2331.499
2332.785
2329.421
2319.168
2339.626
2335.497
2342.948
2342.464
2335.572
2334.003
2319.179
2318.944
2302.982
2297.273
2293.32
2286.427
2286.373
2280.69
2279.675
2277.41
2271.841
2268.041
2260.406
2251.837
2231.378
2227.425
2226.327
2225.041
2219.112
2216.298
2203.76
2196.437
2189.284
2176.578
2174.314
2167.422
2158.28
2155.927
2155.873
2155.637
2150.069
2143.873
2137.676
2128.535
2127.624
2093.365
2089.235
2084.527
2082.263
2078.463
2078.304
2061.319
2057.519
2044.98
2041.027
2040.204
2038.918
2030.349
2019.705
2018.631
2012.702
1995.339
1988.41
1985.41
1978.518
1958.89
1957.49
1946.455
1914.749
1901.923
1901.099
1893.464
1890.091
1889.226
1885.097
1884.321
1878.125
1873.417
1871.996
1868.631
1866.949
1850.987
1848.587
1847.019
1844.891
1836.436
1829.544
1846.479
1845.604
1845.443
1842.527
1817.089
1816.83
1813.688
1799.501
1803.401
1792.901
1790.477
1789.378
1782.45
1781.775
1777.365
1742.281
1737.46
1733.412
1722.448
1720.129
1711.353
1704.847
1703.53
1703
1685.605
1682.533
1669.693
1664.038
1662.432
1648.074
1638.235
1638.765
1656.16
1665.999
1678.839
1693.197
1696.269
1697.876
1703.53
1704.847
1702.39
1694.891
1692.571
1685.866
1670.914
1669.801
1663.654
1683.351
1680.867
1674.645
1673.802
1669.469
1651.249
1649.243
1635.909
1629.947
1625.798
1624.934
1622.28
1616.288
1615.745
1609.782
1609.609
1604.669
1600.891
1589.533
1586.2
1585.656
1577.837
1571.846
1570.496
1585.927
1574.094
1565.063
1543.325
1509.638
1508.938
1505.113
1522.633
1522.38
1504.104
1500.763
1490.425
1488.368
1484.28
1475.182
1473.372
1458.288
1444.797
1453.895
1467.385
1477.723
1479.533
1481.59
1485.678
1489.02
1504.104
1503.174
1484.493
1502.65
1492.688
1477.41
1466.237
1465.519
1464.237
1452.442
1445.071
1426.561
1419.809
1400.888
1397.619
1395.04
1390.899
1389.795
1400.76
1388.304
1387.435
1399.891
1419.31
1420.179
1427.501
1423.389
1421.823
1420.955
1425.501
1412.994
1400.861
1400.621
1407.116
1403.884
1400.979
1396.614
1392.965
1383.253
1372.217
1371.947
1371.653
1361.172
1356.906
1344.267
1340.601
1325.458
1316.444
1326
1320.364
1279.35
1278.558
1274.614
1266.05
1265.089
1263.998
1262.138
1255.735
1255.155
1249.519
1203.66
1200.786
1195.66
1184.157
1182.457
1177.513
1175.809
1185.706
1187.089
1187.022
1182.587
1174.954
1167.954
1117.229
1113.534
1109.983
1125.037
1111.507
1111.309
1104.172
1119.995
1116.993
1124.25
1117.078
1116.775
1112.775
1105.664
1103.861
1120.574
1128.146
1126.286
1092.481
1084.122
1082.386
1079.331
1076.093
1059.176
1057.06
1048.488
1050.224
1052.34
1060.7
1077.616
1086.188
1089.243
1092.481
1078.12
1077.925
1085.213
1084.008
1078.885
1076.221
1092.638
1088.238
1077.208
1091.125
1105.25
1099.768
1099.686
1097.346
1097.067
1085.674
1084.29
1102.308
1122.634
1115.97
1088.73
1088.263
1108.498
1076.768
1055.136
1063.868
1055.785
1077.781
1051.875
1049.498
1054.672
1049.006
1048.625
1045.595
1058.996
1060.019
1065.95
1069.05
1096.764
1130.339
1132.882
1157.667
1168.581
1187.574
1172.481
1197.563
1211.943
1205.724
1212.417
1184.592
1198.726
1183.705
1175.423
1159.464
1150.464
1149.951
1147.737
1124.404
1150.862
1153.993
1170.373
1178.873
1181.145
1196.561
1205.798
1202.667
1209.586
1194.545
1209.586
1235.171
1162.333
1142.91
1128.315
1115.278
1097.988
1081.1
1079.058
1095.947
1097.988
1115.278
1111.611
1096.611
1081.611
1066.153
1081.611
1096.611
1083.194
1081.25
1054.954
1056.898
1083.194
1096.611
1056.507
1053.47
1030.785
1017.748
988.144
981.06
979.838
1004.024
998.505
991.471
1022.816
1030.316
1044.12
1079.169
1082.385
1124.848
1073.701
1059.779
1042.456
1038.904
1040.199
1044.12
1032.35
1013.723
1008.093
1014.926
1064.612
1078.136
1096.231
1107.664
1124.493
1096.611
1096.481
1079.192
1073.637
1083.779
1100.164
1096.664
1117.801
1133.292
1136.792
1136.929
1142.811
1161.118
1171.556
1167.515
1159.788
1116.038
1112.725
1111.391
1075.28
1042.985
1028.763
1000.076
983.212
1011.899
1028.763
1022.581
990.285
986.245
969.881
964.048
960.735
944.775
977.071
983.253
999.212
1002.525
1008.359
1024.722
1028.763
1026.535
1007.674
989.25
986.902
978.215
975.449
976.62
1004.285
966.536
977.934
981.08
990.966
995.069
1068.75
1090.681
1123.026
1125.698
1120.767
1115.164
1090.382
1079.244
1038.152
1037.167
1008
1035.556
1045.333
1050.56
1062.095
1067.202
1105.265
1134.432
1160.098
1165.902
1146.027
1126.741
1146.616
1165.902
1158.717
1157.247
1155.238
1150.131
1146.56
1145.917
1185.636
1217.16
1216.622
1180.212
1158.808
1195.218
1216.622
1192.683
1235.63
1212.197
1249.247
1288.301
1284.547
1289.721
1293.475
1308.736
1322.779
1348.25
1375.312
1371.942
1358.638
1415.424
1393.909
1358.536
1410.838
1447.268
1440.004
1411.583
1400.846
1373.127
1317.035
1310.018
1299.886
1294.132
1322.553
1378.645
1384.399
1395.136
1402.154
1429.873
1440.004
1436.32
1386.496
1361.075
1386.496
1390.18
1440.004
1390.18
1360.89
1410.715
1440.004
1411.583
1382.294
1395.189
1429.346
1485.439
1465.679
1600.429
1646.429
1659.179
1672.379
1719.713
1755.838
1796.671
1800.546
1816.171
1832.321
1839.221
1845.271
1855.271
1865.471
1882.271
1886.146
1805.909
1738.504
1771.17
1794.08
1808.284
1826.784
1892.409
1918.545
1948.045
1951.568
1969.758
1996.53
2024.822
2000.953
2006.127
2053.083
2072.851
2077.199
2078.989
2018.753
2045.253
2047.597
2061.056
2099.389
2103.944
2107.747
2113.705
2119.455
2130.08
2199.594
2210.219
2233.406
2279.781
2293.24
2304.49
2243.39
2243.95
2244.137
2256.637
2259.577
2261.827
2262.367
2300.583
2303.122
2316.622
2341.083
2263.451
2266.043
2365.858
2382.698
2400.08
2403.537
2404.037
2408.519
2435.278
2452.809
2455.679
2464.226
2495.351
2505.589
2526.625
2565.196
2584.482
2607.268
2617.506
2627.72
2635.006
2642.292
2675.792
2772.042
2696.655
2714.034
2722.483
2739.218
2758.408
2778.236
2778.839
2782.057
2819.652
2840.618
2854.417
2855.167
2855.632
2880.546
2927.33
2930.779
2955.894
2864.069
2783.487
2774.97
2770.358
2744.013
2733.594
2695.153
2660.774
2744.05
2720.094
2747.317
2752.083
2760.883
2710.263
2733.446
2738.688
2749.108
2783.487
2787.745
2874.68
2875.261
2884.293
2797.878
2802.19
2761.997
2798.109
2806.109
2811.588
2813.326
2831.75
2833.871
2769.228
2772.787
2775.728
2779.287
2789.993
2816.603
2848.669
2857.669
2868.434
2872.493
2874.179
2895.429
2897.436
2899.716
2902.657
2860.974
2869.164
2792.819
2806.301
2839.403
2839.792
2780.23
2781.779
2766.739
2726.851
2701.266
2699.482
2778.185
2784.649
2790.459
2798.027
2809.027
2817.297
2823.919
2833.405
2842.892
2784.746
2813.436
2765.348
2773.361
2793.284
2813.207
2836.541
2838.88
2836.893
2851.996
2810.488
2810.371
2792.404
2787.404
2774.238
2771.263
2755.702
2768.869
2784.429
2789.429
2807.396
2807.513
2810.488
2818.563
2830.396
2917.896
2894.896
2896.646
2870.002
2901.502
2931.294
2933.627
2936.646
2940.221
2942.502
2945.477
2954.627
2902.482
2944.896
2949.774
2955.018
2961.848
2965.1
2909.581
2906.748
2881.034
2911.034
2915.339
2903.339
2924.881
2898.923
2901.304
2914.554
2936.22
3000.387
3011.942
3012.264
3020.264
3035.454
3036.502
3042.573
3064.907
3086.573
3093.24
3060.103
3057.289
3058.591
3017.714
3025.055
3035.609
3039.22
3039.665
3067.665
3068.109
3072.58
3081.624
3085.902
3092.257
3086.813
3095.706
3097.928
3092.061
3093.98
3100.78
3099.313
3100.563
3111.296
3110.046
3111.291
3119.091
3118.791
3121.22
3115.554
3121.42
3141.526
3144.459
3154.978
3159.756
3145.333
3158.422
3205.906
3217.106
3220.283
3176.183
3188.683
3198.567
3229.953
3226.844
3160.174
3165.918
3179.45
3194.947
3196.436
3153.031
3148.781
3103.84
3147.447
3097.258
3109.038
3109.918
3124.368
3141.798
3142.068
3149.348
3171.608
3190.542
3177.822
3165.373
3103.65
3082.474
3080.954
3092.503
3092.895
3087.895
3082.895
3106.261
3077.324
3111.422
3122.696
3113.781
3119.271
3121.605
3127.212
3109.173
3123.34
3130.516
3128.686
3128.961
3129.353
3134.647
3144.529
3149.706
3149.279
3151.613
3178.216
3200.039
3202.407
3191.495
3172.933
3176.119
3168.139
3168.482
3168.747
3184.76
3197.178
3208.09
3228.987
3235.575
3248.301
3255.183
3251.239
3256.022
3270.965
3272.311
3278.522
3278.869
3284.878
3292.574
3294.064
3290.218
3283.756
3301.449
3306.16
3294.833
3295.915
3240.068
3229.219
3238.728
3190.48
3217.81
3223.792
3212.532
3232.269
3233.704
3245.519
3250.241
3241.549
3243.574
3244.611
3234.306
3238.735
3239.998
3253.378
3252.316
3256.298
3257.06
3207.153
3201.171
3151.264
3160.597
3147.11
3157.415
3184.745
3204.481
3211.892
3210.04
3221.299
3218.744
3235.498
3236.721
3254.091
3265.35
3275.998
3277.295
3285.715
3250.642
3218.949
3229.217
3234.985
3239.985
3227.083
3215.726
3224.393
3239.955
3245.723
3250.277
3252.741
3253.129
3267.713
3279.022
3284.487
3299.07
3310.427
3308.302
3310.088
3318.713
3303.15
3278.923
3284.923
3282.458
3267.875
3277.28
3294.185
3274.716
3273.332
3274.716
3285.234
3300.796
3317.225
3314.844
3303.534
3309.302
3317.683
3323.451
3322.716
3316.948
3326.353
3335.019
3339.394
3328.085
3331.101
3346.974
3341.944
3346.418
3346.102
3344.905
3343.677
3316.01
3303.553
3319.152
3313.764
3319.152
3324.095
3319.152
3317.579
3261.645
3279.951
3279.713
3288.866
3289.205
3281.499
3286.357
3275.578
3262.408
3260.713
3264.357
3264.726
3276.907
3226.542
3220.442
3220.804
3210.431
3200.667
3195.283
3189.433
3187.45
3186.011
3181.233
3188.017
3184.664
3194.428
3198.414
3170.608
3182.65
3184.317
3212.122
3216.206
3205.389
3203.376
3199.976
3204.743
3194.926
3196.064
3214.064
3215.619
3215.982
3225.565
3223.743
3220.535
3218.313
3214.913
3206.135
3188.372
3179.372
3197.135
3200.343
3202.565
3205.965
3214.743
3223.743
3225.565
3228.918
3223.818
3224.956
3223.289
3225.997
3221.597
3220.306
3209.672
3207.372
3206.439
3186.578
3141.661
3147.536
3147.314
3174.664
3165.238
3165.459
3175.663
3156.127
3151.004
3151.679
3147.089
3161.921
3161.699
3142.164
3142.885
3133.459
3076.082
3073.82
3091.525
3097.525
3099.508
3092.948
3088.26
3081.587
3086.276
3062.608
3062.28
3060.296
3061.214
3070.067
3063.507
3045.634
3043.65
3047.075
3053.64
3068.478
3075.812
3066.538
3061.602
3060.677
3060.96
3084.763
3080.812
3076.86
3084.688
3119.152
3122.257
3126.515
3153.423
3165.015
3163.886
3126.628
3115.16
3111.985
3106.858
3106.644
3116.771
3140.197
3130.144
3128.557
3120.853
3119.96
3127.664
3132.521
3138.331
3139.701
3105.784
3110.335
3137.938
3128.287
3120.774
3139.689
3154.578
3163.149
3143.149
3146.388
3148.967
3155.319
3164.152
3159.708
3162.882
3161.989
3163.156
3172.807
3161.399
3170.233
3173.426
3179.778
3160.862
3160.585
3158.997
3144.553
3147.791
3113.398
3112.52
3126.895
3138.275
3136.415
3125.126
3102.066
3097.848
3095.785
3091.801
3094.988
3109.207
3089.52
3122.906
3128.391
3126.156
3126.438
3111.646
3106.763
3110.122
3104.435
3087.044
3110.104
3114.089
3088.021
3085.482
3140.169
3142.708
3143.604
3099.01
3093.61
3098.418
3097.226
3096.549
3091.579
3086.179
3084.987
3076.141
3074.459
3088.378
3084.071
3076.317
3074.881
3069.912
3070.127
3072.25
3077.219
3075.815
3080.785
3039.323
3053.754
3061.185
3056.215
3051.408
3001.315
2992.754
2994.877
2987.123
3003.519
2999.365
3008.427
3024.823
2980.822
2986.989
3013.337
3009.713
3009.926
3002.289
2994.936
2993.875
2984.239
2979.345
2978.284
2972.117
2969.069
2960.888
2957.797
2962.039
2963.347
2969.41
2970.259
2970.883
2971.186
2966.095
2965.061
2977.434
2981.592
2967.861
2973.323
2977.988
2972.015
2980.806
2983.231
2988.694
2977.097
2967.575
3007.799
3009.43
3004.806
3016.233
2995.001
2996.751
2997.891
3049.362
3044.2
3047.158
3064.683
3064.077
3055.136
3053.36
3073.313
3059.518
3063.724
3071.908
3072.912
3081.574
3079.116
3080.239
3105.442
3101.384
3108.186
3082.983
3075.35
3073.6
3080.19
3059.266
3058.95
3062.501
3055.641
3052.091
3046.786
3042.641
3029.529
3011.268
3011.471
3011.725
3006.638
2998.147
2989.336
2976.705
2992.836
2996.386
2999.853
2983.722
2980.606
2972.116
2964.051
2956.746
2948.21
2952.268
2951.457
2964.79
2971.65
2982.065
2977.536
2975.952
2966.773
2985.034
2977.729
2976.606
2976.353
2992.483
2996.034
3020.213
3017.592
3026.809
3040.529
3027.417
3027.349
3026.284
3015.813
3015.001
3034.664
3023.403
3021.048
3012.512
2973.454
2989.106
2985.411
2984.773
3000.425
3000.11
2990.893
2995.327
3002.187
3006.245
2975.278
2978.973
2963.173
2951.337
2951.141
2939.88
2940.696
2933.662
2947.256
2955.152
2948.219
2951.99
2948.348
2961.748
2960.748
2963.605
2950.605
2950.319
2935.094
2935.682
2928.158
2919.044
2923.658
2932.744
2923.696
2922.877
2928.077
2915.152
2910.352
2919.244
2920.048
2919.419
2922.919
2922.726
2942.108
2900.508
2902.233
2893.119
2891.786
2889.202
2888.892
2887.463
2866.38
2869.796
2878.211
2879.544
2904.387
2890.863
2887.792
2885.47
2854.945
2830.102
2825.731
2818.798
2797.714
2794.214
2781.289
2776.061
2772.561
2766.844
2782.744
2782.544
2784.106
2767.082
2763.311
2754.263
2752.535
2759.03
2771.955
2761.55
2759.821
2750.736
2749.036
2770.119
2780.524
2779.19
2780.89
2788.09
2796.505
2797.308
2810.832
2812.561
2820.775
2819.832
2824.446
2825.68
2827.013
2825.585
2821.585
2821.299
2823.27
2784.77
2784.46
2786.188
2786.992
2793.925
2790.854
2795.225
2813.225
2821.175
2819.871
2815.776
2808.876
2774.047
2763.925
2761.981
2763.925
2765.239
2762.528
2777.539
2772.806
2759.595
2779.93
2788.696
2793.097
2794.773
2795.989
2803.595
2794.454
2794.761
2789.028
2808.137
2794.926
2801.729
2798.701
2804.433
2803.644
2790.827
2791.074
2799.637
2802.349
2794.053
2763.958
2756.352
2769.563
2779.739
2775.007
2778.725
2757.939
2768.883
2756.14
2753.306
2756.898
2781.391
2782.183
2732.887
2740.493
2727.676
2728.892
2726.019
2724.005
2732.962
2719.751
2719.498
2713.862
2689.369
2681.27
2700.379
2705.506
2690.295
2677.552
2678.866
2677.552
2707.647
2699.351
2708.309
2723.52
2718.971
2701.224
2698.935
2693.992
2665.372
2658.663
2650.934
2650.656
2654.628
2643.286
2643.091
2633.11
2634.082
2630.193
2581.582
2568.554
2564.582
2561.804
2566.291
2565.214
2568.964
2568.186
2570.103
2572.936
2579.677
2580.753
2589.55
2579.515
2587.501
2577.466
2581.008
2605.161
2603.962
2591.184
2603.75
2633.587
2638.319
2638.038
2641.406
2659.153
2634.66
2635.589
2636.998
2649.955
2653.324
2658.451
2668.573
2655.239
2651.871
2650.836
2647.385
2632.174
2591.16
2572.05
2568.459
2567.498
2561.094
2560.133
2535.64
2537.518
2529.222
2535.626
2530.471
2528.77
2525.401
2535.523
2486.228
2477.308
2470.641
2471.448
2465.812
2495.321
2520.164
2511.95
2505.188
2494.867
2503.758
2487.858
2487.925
2475.475
2488.475
2507.857
2518.262
2516.376
2516.126
2503.201
2514.868
2535.951
2527.537
2519.587
2522.444
2530.858
2525.658
2526.962
2511.533
2507.89
2511.976
2515.619
2516.952
2517.771
2516.968
2511.251
2494.227
2480.704
2488.654
2493.668
2482.001
2477.537
2482.737
2478.965
2503.808
2527.642
2489.142
2487.58
2469.58
2462.68
2447.455
2448.688
2459.01
2459.829
2464.629
2461.212
2457.44
2464.145
2467.019
2453.876
2455.18
2466.28
2445.196
2461.096
2422.596
2418.739
2414.654
2414.396
2405.505
2392.58
2393.168
2412.406
2403.87
2400.954
2400.357
2399.234
2348.51
2350.26
2389.318
2383.419
2366.149
2368.504
2369.856
2380.412
2380.158
2370.941
2384.274
2377.685
2373.004
2371.752
2359.122
2358.919
2358.088
2360.021
2380.805
2386.69
2390.293
2421.716
2427.069
2458.473
2454.294
2402.055
2402.124
2405.109
2390.98
2439.577
2449.264
2435.532
2413.505
2401.316
2406.137
2415.823
2421.898
2443.447
2446.432
2462.338
2442.088
2441.879
2440.103
2447.108
2456.183
2457.545
2458.563
2461.262
2453.203
2462.277
2452.785
2432.535
2435.58
2439.609
2483.072
2483.341
2478.52
2494.792
2499.613
2496.404
2479.792
2483.598
2487.404
2485.912
2484.623
2481.638
2487.071
2496.361
2495.316
2502.102
2503.199
2495.955
2483.766
2485.398
2486.234
2488.204
2486.402
2481.835
2483.641
2487.909
2487.585
2491.241
2466.341
2487.889
2462.989
2475.996
2471.728
2474.427
2463.556
2465.358
2472.423
2483.206
2430.968
2424.182
2420.612
2415.149
2431.056
2435.335
2448.917
2439.394
2427.021
2417.809
2413.946
2397.798
2397.174
2401.417
2385.053
2394.72
2394.985
2411.348
2412.217
2424.591
2428.303
2433.197
2432.573
2435.035
2456.91
2464.547
2465.855
2467.688
2470.428
2496.777
2492.042
2501.472
2510.348
2505.455
2494.419
2487.53
2482.894
2479.182
2488.848
2484.505
2491.677
2491.472
2493.563
2491.472
2504.677
2508.301
2557.634
2556.46
2547.535
2548.388
2548.122
2543.486
2529.274
2529.577
2480.244
2482.706
2491.582
2482.658
2483.51
2494.964
2502.431
2509.897
2505.497
2510.467
2507.505
2501.905
2492.844
2502.659
2510.126
2508.003
2481.249
2482.326
2489.321
2480.759
2484.913
2487.036
2499.6
2499.935
2503.996
2508.304
2520.868
2512.56
2515.342
2508.122
2508.194
2503.783
2509.383
2530.256
2544.41
2552.972
2552.703
2552.487
2553.537
2555.737
2545.994
2546.209
2520.542
2521.735
2513.173
2501.219
2500.169
2517.292
2508.985
2505.215
2524.6
2520.921
2511.859
2514.359
2516.217
2511.247
2510.382
2499.267
2503.036
2501.6
2497.2
2477.815
2486.828
2490.751
2488.894
2487.063
2472.632
2467.001
2457.426
2436.553
2441.36
2451.345
2449.514
2444.706
2446.11
2392.264
2387.295
2391.218
2388.123
2387.815
2393.215
2360.342
2370.086
2381.201
2358.496
2361.804
2366.773
2366.504
2369.812
2352.688
2364.642
2369.35
2374.319
2375.185
2376.262
2376.477
2375.612
2386.727
2396.512
2401.319
2390.114
2389.232
2366.527
2369.665
2343.999
2360.772
2361.079
2357.941
2358.249
2361.344
2365.113
2367.144
2371.544
2360.428
2350.685
2346.762
2340.5
2336.731
2347.787
2352.197
2339.633
2328.428
2332.351
2306.685
2315.746
2314.418
2315.854
2323.074
2376.921
2375.592
2377.131
2377.346
2335.885
2338.846
2339.862
2350.918
2324.164
2320.395
2325.995
2318.241
2314.472
2335.345
2308.591
2311.373
2308.873
2323.223
2367.345
2361.178
2364.269
2366.102
2380.314
2380.644
2377.386
2397.943
2411.883
2428.746
2421.635
2401.078
2395.76
2391.669
2382.457
2378.215
2379.083
2375.22
2382.331
2396.27
2393.179
2384.467
2378.922
2375.874
2384.056
2392.035
2387.141
2385.727
2388.985
2396.338
2393.247
2394.116
2384.686
2390.231
2384.168
2378.653
2376.633
2378.653
2387.085
2384.168
2382.785
2375.614
2355.057
2341.117
2337.117
2335.117
2336.292
2331.201
2308.84
2294.496
2287.178
2286.117
2287.178
2301.521
2308.84
2299.006
2305.069
2309.963
2307.501
2323.649
2314.013
2321.992
2316.447
2314.617
2314.92
2323.797
2315.365
2322.683
2303.592
2299.259
2289.592
2285.35
2276.918
2272.282
2257.938
2256.878
2255.362
2241.15
2239.768
2237.934
2246.366
2247.4
2261.188
2244.824
2241.112
2246.203
2228.148
2232.39
2222.723
2220.92
2199.045
2208.712
2211.452
2212.452
2206.937
2207.785
2206.129
2228.49
2202.141
2192.711
2191.859
2192.919
2191.086
2192.199
2206.412
2208.503
2220.275
2220.205
2212.886
2207.992
2224.14
2218.625
2206.852
2208.367
2204.504
2200.64
2208.62
2192.472
2166.124
2206.957
2215.881
2211.79
2194.927
2190.192
2190.396
2190.601
2204.309
2207.567
2215.749
2220.643
2218.986
2209.35
2225.497
2218.386
2223.705
2230.876
2239.588
2245.134
2236.952
2241.588
2242.763
2253.798
2254.646
2258.359
2259.472
2267.904
2246.029
2225.472
2209.109
2159.775
2150.563
2138.189
2136.807
2125.918
2142.282
2140.973
2124.455
2135.49
2145.323
2145.253
2112.878
2103.447
2101.356
2110.787
2084.438
2067.574
2067.645
2068.269
2066.249
2063.158
2049.449
2071.324
2075.037
2061.328
2062.197
2059.457
2058.833
2061.881
2062.146
2063.561
2055.129
2048.018
2054.184
2051.722
2044.833
2024.277
2025.39
2025.602
2016.172
2027.944
2039.717
2036.46
2027.583
2034.694
2038.785
2065.134
2059.071
2058.218
2061.309
2066.628
2056.961
2064.072
2059.337
2066.509
2070.221
2079.145
2079.216
2062.352
2063.413
2068.928
2067.095
2063.383
2067.473
2084.337
2082.246
2093.135
2076.987
2073.124
2068.23
2070.033
2069.181
2060.256
2062.059
2064.059
2096.434
2084.662
2077.308
2075.475
2064.528
2057.174
2064.811
2063.777
2065.433
2063.342
2057.827
2052.736
2051.428
2052.297
2053.679
2039.891
2030.679
2030.376
2034.24
2035.274
2028.385
2046.708
2055.499
2048.434
2046.009
2064.815
2067.859
2066.057
2069.627
2068.47
2068.261
2076.567
2075.174
2079.114
2085.087
2098.669
2100.729
2106.803
2095.206
2089.968
2089.112
2086.687
2085.294
2081.015
2076.194
2066.507
2062.567
2067.806
2053.806
2052.649
2092.873
2096.082
2091.903
2093.873
2077.966
2086.549
2094.854
2087.611
2084.566
2102.352
2109.874
2104.442
2095.859
2098.862
2094.041
2093.832
2087.757
2088.914
2093.578
2105.175
2101.519
2099.459
2083.552
2075.493
2097.52
2075.971
2065.188
2070.009
2072.434
2081.178
2090.864
2098.073
2102.641
2112.163
2096.044
2091.864
2090.502
2093.488
2089.219
2090.075
2079.348
2070.604
2067.035
2076.557
2027.96
2046.766
2047.381
1998.784
1997.928
1996.535
2048.774
2034.774
2035.609
2084.206
2101.993
2103.09
2116.097
2099.485
2108.067
2104.261
2106.037
2122.157
2120.868
2134.372
2136.797
2145.872
2139.086
2136.387
2143.909
2133.183
2134.022
2133.953
2145.55
2167.098
2162.277
2166.845
2179.034
2177.989
2174.986
2177.121
2172.106
2179.35
2190.076
2197.081
2201.021
2212.618
2211.762
2206.942
2211.956
2190.408
2190.109
2176.378
2216.602
2217.216
2226.903
2229.328
2227.935
2229.738
2225.459
2220.795
2217.81
2249.701
2249.433
2256.219
2252.562
2253.418
2237.511
2228.058
2246.864
2251.685
2256.506
2249.442
2253.71
2254.566
2214.342
2230.614
2236.047
2237.092
2237.294
2235.234
2239.04
2238.055
2227.271
2229.261
2228.425
2228.694
2242.198
2236.225
2220.318
2236.225
2279.688
2276.989
2279.974
2279.118
2282.121
2256.165
2285.032
2288.655
2285.032
2289.926
2292.842
2285.206
2286.058
2299.766
2295.13
2291.506
2290.092
2276.153
2301.431
2295.885
2305.316
2316.205
2327.152
2326.848
2321.333
2343.208
2340.468
2362.343
2373.29
2389.654
2399.487
2416.006
2413.09
2413.938
2418.673
2411.784
2403.352
2403.564
2413.231
2412.902
2411.902
2402.265
2418.413
2421.33
2419.814
2375.693
2366.817
2364.077
2417.107
2413.85
2420.961
2425.294
2430.029
2436.196
2430.878
2416.938
2418.112
2417.244
2425.956
2426.259
2412.047
2416.38
2418.213
2425.102
2417.931
2410.577
2412.597
2414.431
2413.562
2421.198
2426.092
2426.163
2428.903
2430.317
2428.802
2415.597
2423.577
2418.683
2404.744
2413.456
2411.365
2409.562
2417.744
2414.032
2423.668
2409.88
2426.244
2419.133
2444.41
2444.615
2454.251
2436.196
2449.984
2448.87
2489.703
2478.668
2461.804
2462.653
2462.582
2462.37
2458.506
2452.34
2452.41
2449.319
2461.092
2462.922
2462.851
2473.798
2490.162
2509.253
2509.582
2505.491
2496.615
2495.991
2540.112
2543.824
2542.168
2547.259
2567.816
2564.785
2568.785
2557.896
2557.044
2552.15
2556.014
2533.653
2543.289
2555.062
2563.774
2567.032
2563.168
2559.91
2547.537
2543.203
2540.173
2526.234
2533.87
2541.85
2582.683
2577.592
2577.804
2591.513
2612.069
2616.403
2614.573
2605.649
2585.092
2587.092
2585.072
2599.415
2589.749
2587.729
2584.812
2568.664
2560.482
2552.503
2550.846
2547.755
2555.735
2558.652
2561.742
2563.399
2579.547
2581.567
2589.749
2590.415
2579.38
2583.092
2594.128
2593.862
2594.896
2602.068
2594.715
2596.129
2596.199
2599.116
2590.404
2612.765
2610.025
2628.081
2642.02
2639.929
2638.515
2637.402
2629.22
2638.144
2641.768
2640.919
2629.146
2630.321
2649.412
2653.503
2649.639
2630.548
2631.172
2633.263
2632.229
2621.34
2600.783
2599.931
2602.097
2601.893
2611.559
2630.65
2617.446
2605.072
2613.996
2606.885
2612.203
2625.991
2616.158
2642.506
2642.577
2638.577
2628.744
2627.63
2630.721
2630.516
2625.88
2625.615
2651.963
2643.532
2631.158
2626.264
2615.375
2653.754
2686.627
2713.381
2708.412
2707.219
2699.117
2682.501
2688.101
2702.101
2688.182
2701.59
2699.559
2699.828
2680.444
2682.474
2683.336
2690.331
2695.962
2701.562
2704.062
2703.846
2704.923
2699.292
2710.349
2705.641
2691.641
2689.779
2675.86
2683.142
2680.047
2684.447
2668.051
2677.867
2683.036
2681.632
2685.94
2689.619
2692.581
2651.119
2656.288
2657.171
2657.744
2641.225
2649.407
2639.74
2643.604
2613.6
2593.35
2595.34
2647.578
2660.586
2658.16
2654.504
2649.265
2649.563
2647.787
2646.631
2637.138
2605.246
2600.968
2599.606
2624.782
2598.433
2600.266
2600.532
2599.908
2577.715
2578.7
2589.484
2598.774
2599.759
2648.356
2669.904
2664.471
2663.636
2662.617
2619.154
2633.284
2632.239
2634.045
2632.075
2641.597
2634.592
2638.398
2636.264
2631.443
2619.254
2615.313
2599.407
2581.621
2570.894
2607.385
2605.218
2610.112
2621.001
2625.001
2603.608
2607.414
2601.981
2645.444
2661.351
2663.485
2681.271
2680.226
2682.652
2677.413
2663.831
2666.833
2665.677
2638.485
2645.897
2667.129
2648.599
2649.57
2649.827
2642.415
2659.94
2608.469
2568.837
2561.876
2561.945
2561.746
2562.776
2541.544
2542.814
2544.755
2546.097
2553.509
2549.991
2550.835
2557.521
2563.406
2564.053
2561.663
2564.322
2569.675
2574.175
2569.969
2586.002
2564.299
2560.093
2567.054
2558.392
2563.142
2563.341
2557.355
2557.675
2564.362
2560.391
2552.207
2548.604
2549.575
2549.281
2554.222
2553.395
2560.355
2557.966
2558.286
2575.81
2586.435
2591.788
2587.038
2592.2
2580.773
2584.989
2586.46
2586.528
2579.425
2610.848
2603.887
2596.475
2598.225
2607.77
2605.667
2597.005
2598.145
2602.262
2615.567
2614.962
2614.642
2607.74
2609.52
2596.214
2598.156
2592.803
2612.755
2638.328
2637.299
2589.417
2592.578
2601.732
2599.956
2598.985
2624.769
2634.291
2634.493
2635.854
2637.347
2638.004
2639.806
2641.608
2644.817
2645.116
2652.976
2645.971
2641.792
2633.932
2649.838
2646.629
2621.729
2620.684
2611.162
2595.255
2588.011
2584.442
2576.581
2595.387
2596.226
2603.435
2619.708
2618.872
2598.622
2589.129
2589.786
2579.06
2562.448
2570.308
2563.303
2589.259
2594.274
2596.333
2600.602
2600.927
2604.496
2603.399
2612.892
2608.071
2607.802
2603.138
2602.282
2611.775
2609.715
2593.596
2588.581
2591.566
2591.827
2592.126
2589.081
2632.544
2654.571
2655.616
2651.81
2652.078
2645.292
2642.083
2621.833
2642.083
2638.874
2634.053
2638.874
2630.083
2629.874
2651.902
2644.693
2643.536
2635.675
2647.864
2646.471
2650.376
2646.494
2660.288
2654.403
2650.433
2659.209
2655.296
2657.296
2653.745
2654.06
2661.094
2708.283
2711.833
2686.63
2702.283
2702.087
2712.643
2704.152
2706.942
2708.855
2699.835
2666.065
2667.008
2680.408
2681.837
2682.425
2720.236
2727.037
2742.483
2733.077
2730.121
2772.324
2769.534
2769.737
2782.849
2771.588
2772.577
2774.331
2770.505
2777.505
2775.751
2775.819
2786.374
2775.903
2771.222
2774.338
2771.983
2778.843
2778.775
2779.091
2774.409
2777.325
2782.006
2789.639
2814.842
2820.146
2820.743
2810.187
2809.372
2807.787
2817.193
2810.159
2841.127
2844.593
2836.528
2836.274
2797.216
2802.492
2810.124
2789.2
2790.012
2806.143
2808.075
2819.336
2818.347
2805.158
2797.093
2801.151
2810.368
2815.05
2814.06
2789.882
2774.229
2775.06
2749.857
2718.89
2712.992
2714.742
2711.191
2710.068
2708.155
2692.354
2694.079
2693.789
2684.383
2691.417
2686.888
2683.972
2692.463
2692.665
2695.455
2703.946
2703.878
2708.407
2705.492
2702.593
2706.144
2709.694
2662.506
2647.06
2652.336
2656.394
2674.655
2679.524
2685.423
2634.698
2592.495
2579.162
2570.35
2568.437
2565.481
2566.833
2617.558
2621.616
2613.551
2616.171
2595.248
2599.929
2595.784
2586.566
2591.871
2602.426
2595.837
2609.025
2616.33
2630.05
2632.965
2642.182
2642.82
2644.733
2636.197
2633.842
2644.313
2655.574
2656.389
2655.432
2624.465
2645.854
2650.941
2646.796
2662.448
2659.55
2657.617
2606.893
2604.103
2590.383
2592.315
2571.391
2580.57
2573.71
2565.884
2581.685
2582.641
2581.81
2570.55
2573.339
2574.155
2573.324
2572.493
2570.56
2567.94
2578.355
2557.431
2541.779
2530.518
2528.793
2528.504
2528.699
2517.438
2475.236
2479.917
2482.272
2495.384
2498.935
2494.406
2505.667
2501.971
2505.667
2519.386
2509.981
2509.024
2509.662
2534.865
2550.995
2530.071
2554.25
2554.847
2556.098
2549.508
2498.784
2486.948
2495.969
2497.291
2506.508
2507.339
2546.397
2537.377
2545.913
2546.728
2547.54
2530.269
2539.675
2530.429
2512.168
2500.907
2501.545
2504.165
2495.832
2485.361
2483.636
2485.386
2488.285
2487.97
2479.636
2474.361
2475.376
2517.579
2523.378
2519.552
2520.508
2536.309
2527.063
2513.95
2535.339
2526.319
2542.449
2540.699
2547.699
2546.743
2548.656
2553.185
2552.895
2560.199
2563.098
2563.301
2587.479
2585.726
2594.943
2585.726
2594.943
2596.856
2600.322
2604.018
2586.748
2587.762
2578.545
2576.791
2566.376
2569.274
2573.955
2572.832
2569.281
2568.325
2572.151
2583.412
2584.535
2545.477
2529.676
2538.167
2537.355
2536.341
2534.428
2525.022
2522.401
2529.261
2524.826
2529.507
2530.522
2535.826
2537.58
2524.949
2529.384
2528.572
2530.322
2531.675
2532.74
2534.653
2527.021
2526.767
2530.68
2523.376
2523.173
2526.999
2496.031
2502.621
2497.345
2493.191
2494.002
2492.249
2484.944
2484.629
2474.158
2481.984
2482.18
2468.992
2465.296
2448.025
2430.755
2433.11
2433.042
2433.303
2436.999
2441.057
2432.723
2424.39
2403.001
2404.726
2403.895
2402.141
2417.587
2426.804
2426.601
2423.486
2474.21
2472.959
2472.644
2470.731
2454.6
2453.278
2455.21
2451.065
2452.819
2450.819
2440.348
2449.368
2433.238
2431.513
2424.653
2377.465
2378.062
2374.595
2368.006
2363.136
2347.336
2360.669
2362.394
2362.198
2353.662
2353.459
2359.357
2350.337
2343.477
2342.839
2333.593
2347.187
2342.1
2351.121
2364.233
2360.175
2361.929
2364.827
2368.378
2372.074
2373.523
2368.219
2377.397
2374.482
2376.837
2376.583
2385.989
2387.989
2390.61
2401.025
2394.025
2351.822
2348.127
2344.661
2346.661
2328.4
2329.414
2324.545
2319.269
2334.715
2339.244
2345.043
2345.304
2347.054
2333.866
2329.185
2326.069
2330.75
2327.054
2324.264
2321.644
2326.731
2311.079
2315.136
2310.455
2323.644
2314.426
2310.281
2299.021
2285.908
2264.519
2248.719
2238.248
2280.45
2281.44
2298.71
2306.014
2293.384
2294.199
2266.225
2260.996
2253.473
2248.858
2229.476
2236.41
2255.792
2256.767
2249.567
2244.552
2235.505
2248.905
2261.355
2261.044
2262.348
2256.631
2272.531
2282.798
2252.273
2250.939
2254.711
2257.782
2270.782
2279.196
2275.696
2268.496
2265.746
2240.904
2247.837
2244.765
2239.537
2245.254
2241.254
2234.054
2245.72
2245.654
2244.546
2244.796
2246.13
2248.101
2252.196
2260.882
2265.682
2265.882
2224.282
2212.615
2207.415
2206.827
2209.411
2211.315
2217.811
2223.011
2216.515
2199.492
2202.075
2202.142
2206.756
2206.563
2198.349
2193.735
2194.535
2194.785
2193.965
2175.965
2188.965
2150.465
2108.865
2093.437
2100.337
2104.951
2104.758
2095.673
2097.644
2118.727
2120.77
2119.342
2114.727
2114.099
2098.874
2094.074
2101.007
2100.188
2109.46
2111.021
2115.107
2122.04
2127.055
2153.012
2154.077
2143.662
2104.604
2100.908
2101.723
2102.975
2087.322
2078.302
2076.229
2057.969
2060.589
2059.14
2056.785
2065.597
2067.597
2046.208
2032.488
2074.691
2074.758
2075.019
2075.222
2077.295
2076.657
2076.019
2115.077
2099.632
2120.556
2124.022
2130.824
2130.621
2130.306
2139.117
2136.219
2129.185
2122.185
2118.719
2118.651
2118.361
2115.446
2154.504
2159.779
2146.667
2121.464
2108.351
2110.972
2104.112
2094.866
2098.332
2097.376
2092.847
2089.021
2084.963
2084.151
2077.151
2087.566
2062.364
2058.45
2057.635
2032.432
2032.5
2032.432
2034.017
2031.227
2042.488
2045.403
2049.838
2049.577
2044.49
2043.894
2050.696
2057.556
2054.64
2067.973
2067.017
2092.22
2139.408
2130.162
2137.162
2146.408
2148.408
2199.133
2197.2
2175.812
2144.844
2146.598
2133.004
2135.624
2130.755
2132.006
2127.948
2128.937
2135.739
2140.174
2139.92
2134.022
2133.425
2148.871
2106.668
2105.315
2124.978
2128.674
2132.5
2130.587
2129.572
2121.082
2116.213
2116.28
2118.034
2114.568
2127.198
2144.469
2159.914
2112.726
2122.132
2133.393
2130.603
2129.351
2127.598
2132.033
2135.946
2161.149
2157.453
2161.149
2172.409
2164.777
2189.979
2205.632
2204.617
2197.757
2196.308
2189.506
2195.306
2194.475
2203.653
2198.784
2200.508
2203.624
2201.269
2211.685
2203.859
2202.134
2197.453
2201.279
2206.554
2208.487
2212.641
2233.565
2237.72
2237.082
2251.638
2298.152
2290.952
2294.595
2295.414
2293.093
2293.681
2293.614
2294.202
2280.802
2288.517
2303.742
2316.885
2313.385
2309.613
2316.513
2317.142
2320.558
2313.625
2320.558
2310.154
2309.565
2307.661
2294.261
2291.511
2283.987
2280.344
2278.619
2270.25
2269.25
2268.993
2284.568
2275.482
2268.282
2253.057
2251.754
2252.004
2260.418
2269.504
2265.132
2271.627
2276.856
2278.581
2276.852
2285.938
2244.338
2226.338
2225.035
2224.231
2223.602
2205.602
2209.374
2213.469
2214.802
2221.702
2222.81
2209.81
2198.71
2203.081
2203.9
2206.971
2208.275
2198.008
2206.694
2203.837
2198.12
2189.706
2174.131
2182.545
2181.745
2165.845
2165.257
2150.032
2148.061
2163.489
2153.168
2154.111
2154.368
2140.844
2141.819
2143.123
2141.789
2142.764
2129.24
2128.93
2130.63
2111.248
2110.273
2113.915
2110.499
2114.27
2112.299
2123.965
2119.501
2128.393
2127.593
2125.707
2125.907
2123.05
2128.864
2087.264
2085.539
2090.339
2097.273
2115.273
2117.177
2116.127
2099.607
2097.883
2102.412
2105.963
2066.905
2067.22
2091.399
2091.594
2093.949
2097.775
2102.862
2101.848
2100.098
2096.547
2095.732
2111.384
2113.134
2107.859
2123.304
2124.135
2122.203
2097
2108.836
2099.815
2099.004
2101.793
2094.161
2093.907
2091.286
2105.006
2104.017
2105.466
2136.434
2119.163
2118.04
2119.972
2100.309
2089.048
2097.86
2093.425
2089.367
2084.498
2073.942
2070.476
2079.882
2054.679
2047.819
2046.069
2041.388
2019.999
2029.178
2044.978
2035.8
2053.07
2043.664
2030.552
2019.291
2018.476
2011.886
2015.437
2008.577
2003.302
2006.998
2013.587
2029.033
2030.946
2031.199
2035.112
2033.199
2022.644
2069.832
2070.821
2077.855
2077.217
2070.184
2060.778
2039.389
2042.179
2042.44
2049.029
2047.304
2049.237
2056.237
2060.15
2046.556
2048.005
2055.039
2060.126
2061.377
2052.565
2052.633
2057.314
2062.184
2067.983
2067.722
2060.688
2058.688
2059.645
2067.471
2051.67
2027.492
2025.492
2020.216
2015.129
2027.76
2026.745
2017.528
2020.426
2018.426
2018.165
2019.488
2021.56
2024.35
2026.075
2025.879
2021.198
2008.086
2005.187
2000.752
2016.553
1996.89
1994.269
2007.382
1996.121
2004.657
1991.469
1982.251
1980.501
1985.777
1984.192
1988.347
1937.622
1942.057
1973.024
1969.473
1944.271
1943.314
1956.502
1964.568
1960.51
1947.176
1951.611
1952.734
1953.691
1946.657
1946.972
1945.04
1946.764
1943.866
1948.953
1949.764
1939.349
1964.552
1968.465
1973.146
1983.617
1986.574
1999.762
2003.313
1987.661
1979.17
1986.204
1987.327
1971.882
1988.012
1996.548
1991.273
1990.461
1985.932
1990.087
1999.333
1986.145
1976.928
1979.884
1980.199
1978.446
1927.721
1926.707
1933.707
1933.774
1940.364
1945.45
1940.364
1889.639
1890.47
1891.919
1882.702
1895.89
1895.822
1906.293
1905.478
1909.029
1892.899
1899.7
1894.396
1890.7
1888.787
1904.44
1880.261
1870.855
1853.585
1844.773
1842.86
1835.034
1831.208
1827.512
1840.7
1844.396
1846.146
1843.525
1850.115
1846.649
1845.659
1854.906
1850.751
1845.882
1888.085
1882.285
1933.01
1951.271
1998.459
2007.638
2016.884
2007.478
2028.867
2027.114
2027.367
2016.952
2032.752
2044.588
2048.284
2057.53
2058.168
2045.537
2041.987
2061.65
2069.715
2067.715
2118.44
2118.372
2112.473
2116.024
2120.705
2121.521
2120.531
2099.607
2103.158
2100.042
2096.216
2092.521
2105.633
2105.829
2096.65
2094.737
2105.152
2121.283
2130.5
2137.302
2132.867
2141.679
2144.469
2144.722
2146.075
2147.659
2146.829
2144.896
2145.708
2144.719
2145.675
2145.929
2143.308
2140.393
2147.252
2105.05
2099.963
2106.963
2106.132
2104.779
2113.315
2114.146
2104.9
2129.079
2150.002
2149.807
2145.126
2148.676
2159.092
2172.28
2170.527
2164.727
2195.694
2196.709
2190.12
2192.74
2185.74
2176.72
2174.995
2174.928
2167.295
2164.396
2153.981
2152.231
2159.864
2155.335
2144.919
2164.582
2155.771
2158.669
2156.919
2167.475
2177.89
2191.61
2190.621
2204.341
2200.283
2207.085
2226.748
2230.443
2223.139
2221.888
2235.076
2274.134
2293.797
2297.942
2307.121
2310.237
2320.652
2341.576
2344.197
2344.4
2395.124
2403.936
2404.251
2390.531
2390.792
2406.593
2410.059
2420.475
2423.431
2416.842
2415.393
2433.653
2434.469
2421.28
2417.454
2427.87
2431.565
2432.918
2437.447
2432.577
2423.557
2427.252
2414.622
2415.975
2400.529
2411.79
2413.543
2409.848
2413.761
2412.408
2413.223
2409.069
2406.996
2405.064
2401.368
2410.615
2407.499
2404.709
2404.112
2397.112
2398.364
2403.668
2395.132
2408.32
2417.341
2412.659
2415.449
2423.514
2422.918
2418.483
2409.077
2422.797
2431.13
2432.145
2430.072
2435.377
2435.692
2428.89
2421.856
2427.755
2434.344
2439.62
2392.431
2394.185
2391.395
2389.04
2387.455
2384.835
2386.419
2370.973
2368.017
2356.756
2343.423
2344.437
2337.635
2335.703
2328.07
2320.244
2324.399
2329.08
2312.949
2313.764
2317.909
2316.587
2301.141
2295.342
2293.893
2292.57
2294.019
2298.174
2301.13
2304.046
2311.08
2320.1
2341.489
2345.185
2354.364
2350.813
2360.219
2356.523
2357.161
2360.987
2362.052
2377.704
2370.67
2361.264
2361.46
2359.707
2328.739
2324.058
2329.145
2350.534
2349.719
2347.994
2369.383
2344.18
2296.992
2296.789
2291.484
2279.649
2277.028
2273.912
2258.466
2261.932
2266.614
2268.686
2284.338
2277.338
2279.251
2279.447
2291.283
2275.152
2277.225
2277.862
2282.297
2278.384
2281.5
2276.413
2285.434
2281.289
2281.604
2285.749
2301.194
2314.383
2312.934
2288.755
2290.339
2294.868
2294.615
2299.296
2278.372
2277.307
2260.036
2263.502
2310.691
2306.536
2306.732
2303.036
2299.486
2317.746
2316.424
2325.236
2321.769
2322.366
2320.293
2322.366
2325.322
2325.12
2326.844
2334.909
2325.889
2322.193
2324.548
2320.635
2323.534
2325.118
2343.379
2345.129
2344.814
2348.872
2348.804
2361.917
2381.58
2397.38
2392.511
2393.833
2380.721
2411.688
2420.867
2418.954
2405.842
2416.313
2416.117
2423.151
2423.466
2427.995
2434.995
2435.285
2433.7
2432.711
2435.61
2427.784
2412.132
2416.277
2420.711
2421.349
2422.472
2426.023
2427.955
2443.401
2456.995
2472.441
2471.19
2461.943
2455.141
2412.938
2408.504
2408.436
2392.784
2397.465
2388.248
2387.436
2388.248
2384.093
2384.383
2375.847
2372.296
2375.086
2364.615
2360.789
2371.26
2346.057
2345.803
2346.792
2352.097
2354.995
2351.444
2350.807
2366.252
2367.267
2320.079
2335.731
2339.644
2326.31
2279.122
2265.402
2278.736
2271.736
2313.938
2263.214
2265.569
2253.829
2262.243
2275.767
2296.392
2308.058
2306.825
2303.911
2311.435
2272.935
2273.192
2281.877
2331.877
2329.294
2337.008
2330.108
2324.908
2314.504
2310.408
2314.265
2309.251
2312.894
2320.608
2319.275
2309.008
2307.037
2302.423
2309.127
2308.499
2313.113
2302.013
2301.756
2283.756
2284.042
2290.975
2287.332
2293.146
2292.039
2276.814
2280.586
2277.086
2279.96
2272.245
2260.579
2248.912
2235.912
2234.007
2233.757
2246.757
2245.057
2232.607
2247.832
2237.565
2250.015
2252.337
2251.533
2252.837
2261.251
2258.394
2245.394
2246.444
2252.161
2246.346
2254.296
2258.068
2269.735
2260.687
2260.43
2253.53
2257.387
2256.387
2260.851
2267.556
2260.623
2254.808
2249.092
2202.577
2198.935
2197.992
2213.892
2222.306
2222.563
2224.535
2229.149
2230.874
2231.185
2220.085
2214.885
2212.301
2212.93
2203.882
2204.132
2207.989
2199.575
2200.394
2181.012
2177.155
2183.86
2179.245
2189.566
2189.369
2198.289
2193.134
2196.585
2199.296
2198.488
2194.77
2191.052
2190.263
2198.101
2191.265
2191.512
2176.156
2167.198
2174.034
2175.735
2194.844
2182.027
2186.759
2186.95
2197.208
2204.306
2219.518
2226.935
2215.433
2214.025
2255.039
2250.489
2254.891
2300.75
2301.004
2294.168
2296.046
2295.739
2299.19
2297.312
2299.171
2297.886
2293.576
2294.891
2296.905
2299.722
2292.886
2284.323
2266.576
2263.703
2270.313
2283.056
2313.151
2314.856
2316.87
2320.907
2331.851
2345.062
2351.898
2350.222
2365.577
2358.742
2359.048
2350.752
2335.397
2343.405
2356.553
2371.696
2371.453
2382.244
2383.321
2382.539
2389.113
2403.916
2441.346
2438.672
2451.821
2448.499
2451.01
2439.668
2446.409
2443.422
2443.235
2444.753
2453.615
2453.372
2446.663
2445.691
2432.543
2445.691
2452.399
2453.372
2457.858
2442.858
2422.36
2416.045
2424.226
2424.528
2424.715
2439.517
2409.84
2424.642
2441.193
2440.891
2440.826
2444.368
2448.34
2441.822
2434.507
2419.705
2418.024
2416.372
2418.223
2447.9
2442.845
2422.793
2423.992
2424.773
2422.787
2420.801
2420.499
2428.228
2432.895
2431.978
2430.589
2440.624
2446.182
2433.543
2434.324
2431.65
2428.873
2429.845
2437.981
2434.231
2437.218
2436.968
2428.523
2424.542
2435.884
2443.384
2436.81
2434.137
2438.803
2441.477
2426.334
2416.3
2445.977
2441.727
2450.372
2457.686
2456.39
2457.909
2465.638
2474.434
2487.582
2478.786
2483.869
2485.068
2488.818
2492.707
2494.226
2517.397
2518.178
2519.199
2517.347
2527.382
2529.059
2530.031
2511.188
2510.391
2511.169
2470.725
2474.475
2480.789
2471.928
2472.725
2487.527
2501.396
2488.793
2496.67
2503.099
2504.757
2501.058
2498.318
2479.733
2471.404
2465.176
2458.559
2460.057
2462.852
2465.078
2452.228
2460.253
2463.747
2465.244
2477.638
2477.34
2474.546
2457.285
2461.71
2481.487
2496.734
2487.994
2484.638
2486.268
2485.483
2487.309
2486.539
2463.685
2462.781
2461.598
2449.132
2497.078
2526.348
2523.711
2511.245
2493.985
2495.812
2503.209
2500.732
2515.667
2520.68
2524.961
2540.208
2536.29
2539.783
2552.386
2548.194
2547.954
2559.142
2571.991
2557.056
2538.47
2530.594
2529.689
2509.912
2515.394
2516.353
2516.545
2518.503
2533.438
2520.47
2511.944
2511.341
2506.917
2536.187
2541.669
2535.441
2515.663
2524.403
2514.558
2521.462
2526.476
2535.188
2526.449
2517.773
2522.197
2509.732
2499.887
2500.079
2500.849
2500.082
2495.068
2509.668
2508.606
2515.223
2521.839
2523.209
2526.003
2517.935
2517.871
2511.643
2482.372
2481.311
2476.502
2428.557
2427.55
2428.485
2426.659
2417.946
2426.015
2428.809
2431.565
2427.373
2423.538
2422.476
2422.178
2426.105
2422.187
2425.463
2423.966
2422.468
2410.074
2402.451
2410.074
2395.139
2382.171
2387.653
2374.685
2362.219
2354.596
2357.352
2355.543
2363.872
2370.301
2373.041
2364.365
2374.263
2372.605
2354.019
2357.937
2361.554
2361.739
2361.441
2370.331
2370.033
2372.789
2373.353
2366.736
2370.663
2372.889
2380.958
2383.184
2385.41
2378.013
2384.442
2374.597
2379.022
2382.939
2382.169
2378.893
2372.463
2380.087
2382.564
2378.865
2379.139
2364.54
2368.033
2407.924
2404.978
2395.134
2397.092
2382.493
2385.233
2370.298
2355.503
2362.901
2354.225
2364.869
2373.395
2388.189
2379.663
2377.437
2378.935
2375.236
2371.743
2375.442
2369.213
2377.889
2382.314
2385.07
2392.946
2393.193
2389.7
2389.515
2393.35
2398.364
2388.519
2388.245
2372.999
2381.675
2380.425
2385.027
2376.137
2355.92
2347.591
2343.167
2339.674
2347.699
2332.452
2336.733
2337.983
2336.329
2325.685
2333.71
2333.95
2348.744
2351.221
2350.263
2341.523
2386.126
2389.824
2341.879
2346.687
2350.18
2345.9
2349.598
2340.858
2341.043
2363.897
2364.664
2367.42
2367.718
2372.526
2395.38
2394.421
2391.065
2396.079
2391.654
2386.64
2385.362
2381.081
2387.51
2397.408
2400.764
2386.164
2374.226
2370.299
2366.381
2363.642
2355.573
2351.655
2349.829
2348.175
2318.904
2312.475
2305.078
2304.893
2287.632
2273.033
2270.293
2261.965
2256.951
2250.303
2237.334
2229.711
2225.43
2222.636
2207.841
2199.773
2198.766
2196.807
2195.309
2185.412
2182.618
2178.337
2176.839
2170.41
2167.773
2161.124
2160.878
2120.987
2119.333
2119.142
2113.566
2110.772
2106.169
2098.546
2097.587
2096.984
2089.361
2085.08
2080.272
2105.762
2057.15
2037.098
2032.612
2022.631
2011.288
2009.302
1992.751
1990.494
1986.828
1972.025
1988.576
1990.833
1994.5
1996.486
2000.972
2012.315
2022.296
2037.098
1991.876
1991.689
1976.689
1976.078
1967.433
1967.155
1966.912
1965.259
1958.519
1958.269
1920.838
1914.319
1901.542
1899.69
1892.981
1889.315
1882.796
1853.119
1833.067
1825.338
1821.366
1819.685
1818.008
1816.49
1813.712
1793.214
1792.603
1789.809
1814.229
1813.243
1809.44
1804.891
1800.342
1792.924
1788.886
1786.597
1783.229
1781.689
1773.393
1769.356
1765.987
1761.438
1748.104
1739.809
1693.95
1652.935
1622.84
1622.643
1620.629
1616.08
1615.5
1614.408
1605.488
1598.39
1589.623
1587.923
1571.138
1589.498
1580.812
1577.04
1572.426
1568.569
1567.75
1567.557
1548.175
1527.092
1518.006
1517.202
1516.892
1493.058
1490.737
1477.213
1469.689
1439.164
1427.498
1419.548
1416.048
1374.448
1370.805
1355.23
1340.005
1339.417
1332.712
1326.007
1323.133
1315.419
1310.619
1322.58
1330.02
1318.01
1306
1289.967
1287.577
1285.474
1271.68
1268.739
1264.621
1262.842
1253.901
1270.19
1269.172
1258.388
1257.549
1251.576
1246.912
1244.922
1244.082
1241.383
1239.323
1237.93
1232.915
1230.042
1221.251
1217.445
1206.662
1206.337
1174.445
1188.528
1172.164
1187.997
1171.382
1162.321
1161.271
1154.276
1153.999
1153.137
1136.364
1127.351
1118.338
1108.763
1107.686
1093.686
1083.942
1067.546
1051.15
1066.695
1066.383
1066.172
1058.589
1043.932
1039.464
1035.245
1001.858
999.796
992.4
1001.8
996.84
979.923
991.616
990.144
978.491
966.837
980.343
976.999
975.206
972.051
968.034
953.202
956.139
955.847
953.139
952.776
965.516
966.563
983.17
996.012
1012.133
1010.861
997.618
996.576
989.3
976.164
956.341
947.177
936.468
939.421
935.44
951.703
959.303
967.525
976.342
960.802
949.672
962.196
954.726
941.706
886.706
884.474
874.896
891.325
885.491
880.651
874.551
893.183
886.951
881.212
878.313
865.813
872.276
889.828
885.718
881.608
899.988
893.709
888.965
885.186
883.178
897.778
893.333
909.292
916.368
916.009
933.404
953.225
979.329
999.595
899.595
922.554
911.789
904.289
917.47
883.742
893.052
880.547
897.145
784.242
771.333
756.194
759.767
743.667
758.172
765.964
754.861
750.812
769.304
792.03
816.649
827.96
819.214
855.633
886.798
731.75
622.738
605.188
586.888
600.776
512.969
479.636
488.338
455.792
436.292
343.606
335.407
351.995
292.828
283.891
232.849
177.322
104.869
86.012
37.346
26.917
0
