2856
3672
3717
4293
4737
23385
25145
29753
26897
26081
26036
25460
25016
23256
4608
5424
14224
14269
17125
21733
17125
35773
20677
21253
18397
18352
17776
17332
14224
5424
816
0
816
5424
5469
8325
26973
28733
29177
29753
48401
51257
55865
49125
44517
44961
26313
26889
26313
25869
25824
24064
21208
22024
22069
21253
12453
9597
8781
8736
8160
7716
4608
0
576
1392
1836
20484
13744
18352
21208
21253
16645
15829
15784
15208
14764
11656
2856
3432
3477
3921
22569
15829
18685
23293
24109
21253
16645
15829
15784
15208
14764
11656
2856
0
45
621
1065
19713
12973
17581
20437
21253
20437
20392
19816
16708
16264
19120
19165
23773
20917
21733
12933
13509
13953
32601
34361
29753
30689
33761
40081
40657
59046
62142
84822
92346
94071
97191
98951
85861
87037
91573
92413
94363
96148
97066
93958
96814
101422
100606
100561
99985
99541
97781
98357
95501
96317
96362
115010
116770
117214
112606
112561
109705
108889
108445
103837
102077
101501
82853
87413
116357
117161
103127
103415
105911
118343
124223
123127
127616
140384
140910
141726
142476
170658
171504
168408
162088
162664
163600
166672
148283
143747
118079
115007
118103
117527
119252
117527
117123
119750
124028
128564
127628
125132
125420
127916
128720
125358
125070
124266
134352
156572
151748
153348
154524
163491
165785
168665
178005
177255
176409
148227
147411
148227
176409
177255
178005
181437
187149
188325
190665
191721
192657
195777
185421
188641
190401
190809
184539
187419
188475
215409
216531
216819
213457
208633
211129
217628
194312
197674
196870
194374
194086
198575
210045
213301
212205
210381
211221
199751
195607
188415
182535
195303
190814
187934
189194
190010
215678
217463
216341
211852
214732
215472
197202
224136
225192
228307
229429
234037
232981
236077
237802
238378
241450
242386
239226
236599
233503
233738
236365
224541
220005
215727
214002
210930
210354
209418
213696
215520
218952
226596
228196
230107
232680
233802
221116
224231
225082
224278
221782
221494
218132
218936
247880
250376
250664
249806
244982
244232
243386
242570
238544
239666
244155
244419
245139
242259
241203
236714
235592
238707
240307
241429
239829
240680
242591
245164
233694
231121
242591
241740
240618
238707
235592
236408
236453
237029
239885
258533
251793
256401
256845
259210
271900
274756
275607
281927
284267
285083
287837
290410
291532
292383
295498
297409
299703
301303
300181
299330
297419
294846
283376
280261
278661
282093
280269
276837
284481
297249
289605
290049
291809
294665
313313
313889
302957
303002
300146
299570
296462
295646
295601
295157
286357
281749
282565
281443
280723
280459
280723
281845
282565
278076
305010
304722
302226
292140
292428
294924
305010
304206
305010
276066
305010
308125
309247
310098
312671
324141
322541
327149
326298
323183
320889
320073
320481
317908
316786
318386
315278
315233
313322
322122
340770
341214
341790
341835
343746
340890
336282
334522
334078
333502
334318
336891
338841
339741
344349
347469
347709
348285
347469
347424
346848
346893
355693
356137
356953
356509
375157
356509
347709
343101
342693
330009
334617
336528
334928
334077
332166
329593
318123
315008
317302
316180
318753
319604
319791
321391
324506
297572
298694
325628
324908
327788
326666
327722
330732
330468
336612
344592
347088
372756
370784
375392
381104
383460
410394
423162
426594
422105
414461
413621
425091
432735
422722
429914
430754
443522
440090
438266
425498
423204
419060
411868
411913
414769
419377
428177
446825
447269
447845
447401
448217
445361
440753
431953
428845
428269
428224
427408
424336
421240
419515
418939
441619
444691
447787
443251
444187
450507
454785
453849
454094
455819
451541
448914
442594
443170
440597
437482
437295
435001
433401
444871
446471
449044
449895
451806
452928
452077
455192
453281
456674
459516
460320
459744
478392
477576
482184
485040
485484
487244
487199
482591
473791
455143
452287
453103
453679
453235
453280
424336
414250
413962
411466
410662
407782
410662
409606
409793
436727
437783
436661
409727
408127
410700
412994
416109
417709
416587
415736
416587
417709
415136
403666
401755
403666
400551
401367
401943
402351
403887
412687
431335
431779
431824
427216
424360
405712
403952
403136
403091
402515
402071
394427
390995
378227
382835
385691
385646
387406
402982
384334
383758
382942
382987
383803
383395
381859
373059
373635
358539
358095
356184
353611
351317
348202
347080
346229
344629
343813
337493
335128
337984
338835
336081
323391
321051
327371
324515
326855
327671
340361
342726
345480
344629
345751
343255
340899
336621
342333
348477
345467
353447
358055
353447
352391
378059
389839
392335
384355
387365
381653
362235
365115
375109
402043
401998
399118
398931
407731
404875
403339
404155
404563
404608
405184
405295
403535
403091
402515
401699
406307
402510
396366
397422
394314
389825
392945
389825
389085
384477
388073
386813
385997
389797
388012
388752
385637
390245
394853
396113
391835
394950
397523
400595
403045
438595
446435
448220
473888
474704
476090
479310
478902
482022
490822
483940
484552
487408
485648
482528
483464
480244
486968
486032
485420
484844
484799
483983
475183
470575
470167
470056
451408
454288
455410
456466
455344
428410
427354
454288
451408
450232
452182
450422
447302
445517
444677
443759
441809
437273
439033
443569
444059
445235
442785
443625
445410
446190
447108
444036
442650
447258
411708
409135
405539
403089
395249
390641
397751
400324
384023
385409
387859
395699
399499
421075
417275
435664
441984
453454
465886
473078
478958
471766
467277
489171
476739
475899
497571
523239
510471
533151
528873
530598
543366
544302
547374
528985
525889
514419
508099
507163
506587
502051
502627
500902
497830
491686
485974
488984
491480
499460
497488
499084
502156
507868
510224
535892
531284
523304
497636
478218
477096
474086
469597
468541
466185
463305
465483
468123
472731
470235
465627
467013
471621
464511
461938
459488
453344
457144
464984
463598
442022
463598
469742
472315
464475
482045
478245
480695
477302
476498
477302
480695
483537
480695
479519
488486
490086
491262
503762
515232
518112
516512
504012
501718
498838
489871
489020
486164
486980
484226
477906
475541
462851
465191
467306
459671
458855
459263
460114
463274
466028
463688
471528
472914
477522
458582
461566
464139
459531
455731
452135
444295
441845
406295
403722
397578
401174
436724
440524
439138
448413
467061
468183
470361
478341
475701
473523
476163
468183
470523
472434
495114
502954
506062
515337
514215
504940
506062
487414
467996
465500
462490
436822
442534
440178
446322
440610
439014
442024
437416
439912
451692
474288
493706
495242
503222
500150
500594
503254
503299
503875
507471
511271
507675
510248
507675
472125
479235
474627
473241
469441
466991
469441
474049
466209
467595
475435
497011
490867
497011
499189
526123
527023
531583
532399
535153
535765
534643
531535
540810
541932
532657
535765
534829
535405
557077
555352
557077
560149
582829
589149
607538
604466
601306
582917
578639
555959
556895
535223
539501
538925
538085
542574
544868
557300
570068
543134
550326
537558
543438
531006
519536
512344
513324
514446
505171
502063
500941
505176
523824
515844
513204
515382
518022
515844
523824
524399
528199
536039
540647
538074
530234
551810
554260
560404
562977
555867
552067
530491
529105
524497
525883
523433
517289
534859
535435
557011
553415
553460
552884
555544
552884
552839
552395
534859
536644
537580
540700
541440
544555
545815
546631
572299
576907
586182
585060
566412
557137
558259
576907
575122
572002
571186
568071
563463
562723
561463
557185
556009
550297
553729
551389
552565
554905
560617
559561
559825
556393
553897
556393
559403
564011
583429
587707
595687
583907
590051
601831
582413
580877
555209
552137
546425
552137
549127
541147
540739
537985
550675
547515
548331
547480
553800
556140
553775
552653
555018
545743
546865
556140
555324
573972
555324
552984
555840
556691
559445
557330
554880
557453
553857
589407
586834
582226
576082
568242
572850
580690
579304
600880
602266
608410
572860
569060
572860
575310
570750
572350
575206
578086
579411
588211
588415
585022
584218
581376
581988
568224
581988
578768
577832
574712
575648
584448
587304
590524
593644
590788
589028
588416
591056
592386
594564
586584
584406
581766
600414
599292
590017
591139
592464
573816
573204
573816
574716
575532
580092
582846
580092
579192
574632
573816
574260
573816
595392
598052
597476
597521
593925
591265
591220
591796
595596
603436
607032
608418
604618
600010
600500
592660
590210
587637
552087
550701
529125
533733
527589
563139
565712
571856
553208
552086
550761
569150
573428
570356
569420
569996
569420
576338
554666
531986
527708
521388
524460
506071
507007
528679
530404
536724
534999
538009
543721
551701
556309
554337
580005
582501
588645
582933
578655
576159
564379
561369
541951
537343
529363
523219
534999
539607
546799
539607
552039
563509
567998
580766
586646
573878
571584
559152
558312
531378
533328
535110
558252
561684
563304
572104
570718
573472
568864
576844
570700
568127
567637
563837
528287
524691
516851
519029
516851
519491
516851
515521
523501
526597
535397
535442
536018
536462
555110
559718
553398
554214
554169
553725
553149
553194
555854
577430
578006
556430
553770
554214
556164
556980
557025
548225
552833
553409
552965
534317
537173
532565
533009
541809
560457
557601
557025
556980
556164
565439
569999
577643
578579
580919
581735
578879
576514
570194
557504
554750
552410
555266
556117
558871
561236
573926
573075
579395
578579
578003
578579
573971
571115
552467
552023
552134
552089
554945
559553
565281
583929
583113
583158
583974
575174
576074
575462
574562
579122
579938
582692
583304
580550
579734
575174
577514
575603
598283
606123
603783
581103
573263
575174
579782
571802
565658
559946
562956
588624
600404
595796
615214
623194
620338
622834
628978
610330
613186
612370
609730
607234
599254
597076
597031
596455
593445
581665
562247
567959
559159
559048
559093
559669
560113
578761
587561
586025
590633
591449
565781
568231
568276
549628
552484
552040
549184
549139
548695
544087
544903
563551
541975
563551
564127
564082
563266
563710
568318
577118
577163
577607
577031
577607
574947
577607
577031
568231
576961
590725
593845
593890
597005
609505
611125
622595
630435
607755
629427
625149
643538
649858
651583
652159
653095
656167
655231
654655
651583
629911
628186
625559
619239
623775
649443
648867
657667
676315
676759
677335
677380
678196
673588
701770
707530
707086
709942
707086
698286
697470
697425
678777
683385
682569
679449
674841
671726
670466
666188
664403
663663
682311
694091
695147
695192
695768
700796
705404
714204
732852
735708
735663
736479
733623
729015
728199
727755
709107
709551
700751
700175
697079
684647
683807
671039
666550
659358
647888
639908
642662
650642
647888
660578
660002
660446
668519
673127
673703
661019
669819
666963
658163
639515
639071
634463
633647
634463
634508
634463
631967
606299
625717
634741
636337
639347
633635
627491
619511
616501
604721
609329
619393
621889
617281
623425
629137
626363
625787
604211
601551
601107
601062
602662
600368
609335
610511
623011
634481
631981
623014
621838
618958
621838
620238
621998
619142
618698
617882
620738
620162
620117
617009
620117
605021
605597
600989
601805
593005
593050
597658
599258
596402
599282
602138
600538
597658
625840
626740
626128
623374
618814
617914
618730
623290
626044
625228
625840
619520
618704
615950
615099
612243
609878
597188
594848
590240
589664
588848
587088
583980
581124
580680
580635
581615
595657
600541
606461
607397
610617
611229
608373
607407
621171
618051
617115
613895
605095
608215
594451
593839
592663
593839
592079
614759
617209
604945
604027
603537
599001
597051
598811
601931
603716
605666
608420
606635
605855
605015
593549
607591
606611
592569
593549
596669
602549
603289
606404
607526
609126
613824
614268
617278
628748
641248
642868
649750
649705
646590
637860
626390
613890
612270
598506
595386
604116
604161
596321
604161
618203
619183
605141
604161
639711
646031
644306
622634
596966
578577
572257
575329
576265
598945
598369
620041
627565
623029
624754
643143
640071
640647
639711
638111
633413
635013
646110
624438
629136
626126
626866
620986
622108
621664
620924
621368
620246
626126
629136
603468
600458
594746
588602
587006
584510
572730
568122
565348
579390
578410
564368
565348
593530
594510
580468
579488
593530
593974
598672
597932
600942
599342
593462
593018
580322
575624
576364
577964
576842
573832
574954
577708
585688
582934
574954
578902
592944
581888
567846
566866
568466
562586
567284
568406
567666
567222
564212
559514
557914
556792
556288
559298
559742
560482
561382
562198
561586
558832
557932
562492
557932
560686
559870
560482
559502
557496
558476
572518
565170
562160
561716
562838
562098
557400
543358
542378
536498
544478
552458
551336
554346
552746
553486
558184
559784
560764
566644
567088
575888
576464
576908
595556
600164
600980
601025
603881
601541
599630
591790
569110
577840
577885
581000
588840
600310
597190
609690
611310
598810
612574
601104
593264
590149
588529
579799
579754
582874
569110
583152
582172
568130
569110
570232
574930
571920
577800
579400
579844
578244
581254
575374
570676
570232
569492
570232
569110
566254
575054
577910
577094
577049
558401
558845
558890
559466
559022
577670
568870
573478
574294
573718
569110
570160
584202
585182
584202
570160
571356
568260
567816
568632
559832
541184
540608
540563
541007
540191
558839
567639
572247
567639
568215
568260
571653
556297
559153
571843
568987
571843
571399
570659
567649
573529
575129
570431
564551
563429
564169
567179
568301
568745
573443
571843
570863
556821
553749
532077
527541
521221
516943
516007
497618
497042
495317
498173
495317
496133
495317
495362
495938
496382
515030
517180
512572
503772
503328
503283
507891
489243
488667
491523
486825
485703
479823
476813
476369
475629
474029
482829
487437
490293
490737
491313
491358
492174
487566
478766
460118
459674
459098
459053
462161
459305
458489
459305
463865
466619
467231
462671
461855
460955
458201
457589
458489
459545
465257
466433
464093
463829
466169
469601
467885
462173
460997
468977
471731
468977
467381
476181
475365
478221
482829
501477
501921
493121
493697
493652
493697
493121
492677
489569
490385
485777
482921
483641
484383
486723
487659
488984
496964
508434
511188
524952
527832
524952
527808
529408
526552
524952
524997
525933
533577
532761
541561
540985
540541
541117
532317
531381
535989
517341
535989
545264
545219
545663
541174
536566
537382
534526
539086
535264
530704
533560
524285
511785
503945
500825
487061
485441
485396
482281
473551
462081
463761
466617
475417
494065
494509
494554
495370
492514
487906
479106
460458
460014
459198
458622
458577
463185
463761
466617
463761
464577
464622
465198
483846
485606
480998
485606
466958
466514
465938
465893
465077
465521
456721
457333
460453
459841
463061
463997
477761
474541
471421
474277
473341
475101
466301
459419
456563
458741
477389
512939
513679
516794
538370
547645
555333
554889
554313
554268
535620
533860
535246
539806
536950
532342
531526
519103
518167
537703
540276
541398
538283
542843
507293
505907
501347
527015
528340
549916
553031
553771
589321
598288
597548
593952
584677
580399
571432
572818
572002
567442
566830
564076
563176
564027
567142
578612
581185
583096
584218
585818
586622
586910
584732
589292
592407
599517
600842
626510
648086
657053
658439
657114
652554
653294
651908
616358
615618
612503
590927
581960
556292
559412
585080
595166
596222
588242
596222
593468
596222
595371
593460
590345
589223
591134
593707
605177
608292
606692
607814
606638
608238
605665
606516
594016
585049
573579
570699
569099
557629
553069
569313
567927
564812
565552
568667
590243
599518
577942
576617
550949
541982
577532
578918
583478
574465
567355
566615
567355
566780
569895
571017
582487
584087
584938
586849
585998
574528
571955
570044
572617
571495
569895
566780
572924
581891
605219
593104
606730
609845
614405
649955
650695
652081
642806
639210
636095
635355
599805
590838
589452
563784
559224
577872
578448
578582
587382
588558
589002
591498
593948
601928
600948
600097
598497
601612
603523
604374
615844
613933
615533
612960
601490
598375
597253
598375
600948
596388
587421
586681
583566
561990
560665
556387
582055
591330
555780
577356
580471
581211
598781
599798
598412
599798
604358
595558
594436
592836
590263
591114
590263
593378
591467
602937
591467
594040
595951
597073
598673
595558
617134
617874
653424
662391
663777
668337
663729
662404
659289
662404
636736
635996
645271
609721
605161
630829
629443
625847
616880
613487
626177
617377
620233
629033
632426
619736
616880
614307
612707
624177
622266
625381
624530
625652
627252
624137
626048
614578
617151
616029
616880
607605
572055
563088
562348
560962
535294
532179
510603
506043
504093
505073
503748
504599
506510
509083
520553
523668
522546
521695
519122
507652
504537
505659
503748
505348
503748
495768
493014
490158
493038
490158
488558
490158
493014
490134
487684
488620
487498
485587
483014
481414
478299
466829
465978
466422
479112
481752
482948
485828
510803
512714
506834
505049
506225
512105
514859
537539
539324
536570
539020
536570
535394
534614
532664
534614
525270
523510
518974
522094
519738
522748
517864
519060
514452
514212
511092
509142
506569
505669
491905
488685
485829
485217
482097
481161
479401
479197
443647
444493
443557
444493
436513
425043
438807
441561
453031
438150
446130
432366
429612
428287
430198
432694
434454
435390
436566
435990
427190
424740
424606
423430
404782
402286
410266
413374
405394
407890
401452
401008
401142
394416
416088
427868
429779
432144
432720
433571
435356
444631
452275
456835
457771
448496
440852
436292
435356
438110
439010
440970
466638
474618
476529
505473
517973
525813
534309
535431
554849
557603
570035
571715
570385
568270
571735
573121
580765
575563
577183
578508
574482
575658
597234
594354
595290
593379
557829
565221
562581
561385
568577
571217
583907
581792
583703
589463
593411
628961
630157
633037
625393
627013
630478
629092
630262
639537
638367
636747
635422
643066
639601
640987
637879
609697
607582
606526
619026
615078
607434
606048
596773
595603
593983
603258
610902
612288
613458
615078
618543
615078
613902
611562
610506
611682
615114
620826
621882
618450
612738
615078
602388
599532
590732
603422
606278
608038
604645
608038
614182
623457
622287
625752
627138
628308
626688
628308
624843
617199
615813
606538
614182
611326
608446
606846
625494
625938
626680
620834
599162
601658
600722
602633
603809
604385
616165
608185
616165
624965
621857
620097
619521
617025
619475
621840
624936
625872
614092
611642
609731
607366
608170
606994
606860
606416
614060
626828
630260
622616
623786
622616
613341
611955
613575
617040
618426
626070
622605
631880
630260
632600
633536
632414
630290
610872
603032
614500
602000
599246
611746
603598
611438
612560
615314
616700
613235
611615
610445
602801
610445
612065
615530
624805
625975
616700
615314
624044
627992
620800
616852
604420
605356
612548
634124
639884
618308
630740
624980
624044
620018
612374
610988
609818
613283
614453
623728
625114
626734
623269
621649
629293
620018
612374
599606
607250
610682
623450
620018
613874
625654
661204
659524
658328
664472
656828
653363
656828
647553
646383
648003
649173
658448
666092
664472
663086
664472
661040
659258
655232
646432
644482
642862
644032
647252
624956
625892
627652
628468
631478
632600
635442
641154
642879
643167
650181
648795
639520
631876
630256
626791
625621
631381
629470
603802
574858
572218
565108
562228
560268
559072
558172
555418
557329
560083
562723
563623
565583
594527
620195
622106
657656
660536
652556
653752
651841
639151
651841
659821
656701
631033
629977
655645
665731
668851
669907
659821
667465
664033
656389
669157
656389
659821
660433
660145
662899
661777
653281
650507
658347
645847
658347
666843
667965
665211
657371
656651
676069
676513
679355
684899
696369
709137
712357
710063
702083
699329
692447
683172
682236
686184
682236
681300
693732
687972
688908
676476
683668
662092
667852
671448
664256
668864
668909
687557
688373
688949
689393
698193
701049
705538
693198
690702
672054
673230
681210
683660
692460
673812
673236
664436
663500
662324
661520
653540
651090
639310
639754
639310
639886
641797
638701
636336
634425
636921
637857
640953
659601
652542
653346
649914
637146
629502
634110
634065
633621
614973
615417
615993
618849
618033
626833
645481
645526
644950
636150
636966
634110
629502
629742
632598
635258
636008
637064
658736
655880
654830
673478
672902
673718
670862
662062
643414
642970
642925
642970
642154
642730
643174
651974
656582
659438
654830
653500
650280
649158
647398
650618
653628
643542
644664
650808
649872
658672
668758
665748
662676
663612
644964
642108
629424
629379
628563
623955
628563
629379
620579
621155
618527
627327
626751
645399
644955
642777
642822
631352
630908
634128
621360
594426
591206
588364
599834
612602
620960
623802
624246
605598
602742
601206
592406
591962
591386
592202
592247
591431
592007
592451
601923
610723
615331
618187
618142
615300
614320
614032
614848
609136
614848
617690
619415
619703
617978
617162
614306
615122
617978
617933
617357
616541
617117
608317
612925
611725
630373
630817
630862
630418
625810
607162
594472
591079
589319
592712
605402
608258
605402
585762
585020
585308
584864
593831
592895
590015
588819
581709
574517
570921
565161
552471
548523
536091
533451
531540
528684
528240
529056
524448
515648
497000
499856
504464
523112
523556
524132
524177
523361
522785
531585
531540
539380
558798
539380
547876
546754
559254
562008
563130
555290
542790
540036
531540
538732
541228
544084
546044
545108
537464
536139
531579
532755
531579
528459
551139
553089
548553
546103
548857
548017
550467
548682
554562
556347
559467
556713
547369
545419
536619
534279
537711
537267
537843
519195
510395
505787
502931
502115
506723
507539
506963
507008
506963
510071
511831
512275
512683
513127
524597
537365
535071
534627
531785
504851
492083
495303
522237
519017
521859
527571
529296
528480
528036
524928
523168
518560
518152
518197
518773
519217
537865
539625
539580
539004
541860
546468
547284
548184
573852
569028
567117
562839
564750
562790
561890
564644
561890
580259
572279
574239
582219
610401
607545
602937
602361
600601
581953
581908
581464
580648
579844
580420
582331
594111
594915
597280
600376
601312
598956
597045
594680
591584
590648
591824
583844
591824
595728
592620
592044
589548
589104
587928
579128
576678
579128
581624
582068
600716
609086
621586
620735
630821
620735
617515
618637
617701
611557
608547
607425
594835
595771
577795
581015
584025
575225
588989
600769
612118
608898
596130
599350
587880
593424
601822
604664
601822
605166
604722
577788
578232
575376
578232
576434
574474
571978
579170
581130
583626
581715
589555
588433
579937
588433
585679
573179
553761
573179
565339
577839
578961
581715
584055
585966
593806
616486
614761
611919
611631
612447
618159
619884
619068
621910
621106
620366
630452
630740
629924
628728
617258
614038
625508
638276
665210
668052
667608
670828
658060
631126
628284
628728
621536
624392
622432
619936
622432
629624
626768
628728
627552
649128
650910
654130
650910
647838
650848
649726
639640
630840
629904
630840
627830
628952
635096
645182
653982
652806
658518
655086
649374
647034
650466
652806
653862
652806
653982
647838
646902
648502
636070
636514
644494
645670
643402
645852
648348
629700
628524
619724
620624
621200
630000
648648
647712
645262
642897
645262
666934
667870
669781
681561
679650
679074
671094
670650
668294
665198
662702
661898
673368
660600
649130
622196
625416
625860
625416
628258
655192
667960
664740
661898
662714
654734
651980
659960
658049
657149
658049
653225
651265
654019
649741
675409
704353
706313
708224
710978
730396
742896
751392
759232
756478
743978
736138
716720
708224
707102
708224
707378
697602
695487
693727
690871
694264
690310
686917
667328
668132
671525
674367
671871
674727
671871
664679
667175
674367
676327
674367
671871
673471
670461
675345
676467
677523
682012
684892
682050
681606
668838
665618
666062
661573
650103
653323
666091
693025
704495
707337
710179
704467
703651
700809
702534
702822
708534
706809
706521
697791
698607
701313
691227
688217
684997
681925
680989
672189
675199
678419
680179
681115
677835
676713
677835
687921
677835
673557
672501
669381
681161
689657
697637
700517
699461
694972
692092
690970
692026
694840
695962
697138
701836
711111
711951
719791
720533
726839
730028
723884
721388
724244
726740
733932
731972
724780
721924
723884
721110
722232
724356
711856
704016
695520
698274
695520
703360
702238
706116
704436
702651
701909
714409
702939
700097
673163
660395
657175
656731
659071
651231
649320
646980
624300
646980
654820
656731
655675
656731
683665
680785
679663
682543
683665
656731
655795
657706
660071
651271
672943
661163
659252
656887
653791
653179
654115
651619
650023
649219
648043
647599
659379
656271
655695
653245
655999
660559
661375
662275
662887
663331
669211
668035
654271
653529
648831
656671
657847
657007
647732
652430
665120
678884
671044
668929
669671
672064
672964
669868
672622
675502
676624
675568
648634
645754
644632
645688
672622
676015
675211
672369
673173
676015
672622
671818
673014
671054
666230
658250
657350
654596
652685
627017
630027
629091
627969
638055
639177
642397
643333
649477
639391
641467
635323
632103
629093
627333
646751
649631
614081
614927
616103
621815
620759
620519
617663
615003
614253
617109
619769
620009
620759
622719
629911
632767
629911
627415
625455
627951
620759
593825
596705
605063
606119
605063
603941
605063
602183
604548
609156
608868
611710
609985
610801
616513
616801
618526
615684
609972
609156
610332
602492
596612
601310
600134
601459
602299
592544
600384
595686
588804
579529
578787
579529
586411
573721
573766
576622
577198
578014
568834
587482
587926
592534
580754
585452
582952
591448
610866
618706
619828
632328
630204
627450
608032
610786
598286
590446
589324
589768
590344
599144
602000
599144
599960
581312
585920
604568
604124
603548
603503
602687
598079
589279
589324
592078
594028
616708
607908
606123
600243
597489
594369
589833
587383
589833
591009
596889
595713
598833
589489
587539
589324
592078
592978
593794
598354
597454
596638
596026
591466
609855
611025
611829
609075
609687
610809
606320
603440
602318
603374
606254
633188
632132
636740
637184
637760
637805
640661
622013
621968
621392
618536
619352
610552
629200
624592
623776
623332
622132
620962
615202
619002
621858
626466
632134
650782
651226
651802
651847
652663
656056
664856
667712
680402
667712
658912
655519
646719
645903
645327
626679
622071
621627
618771
615915
615870
610158
597468
605308
614583
620463
625161
637851
637109
629269
615505
610807
609631
608791
609533
610709
609384
598992
600048
601170
574236
573180
576060
602994
601872
598992
601848
604344
611536
604344
601488
598992
600952
598992
607792
626440
626884
627460
627505
626689
631297
626689
624349
623413
626293
627109
627064
624208
623764
605116
596316
583632
585543
582447
580536
568756
569692
591364
588999
600779
603144
602208
601632
582214
579334
580510
599928
602808
601632
603810
611790
614430
623705
642353
637864
638308
639124
639169
639745
639700
658348
657532
662140
664996
662140
655400
650792
650348
647240
646664
637864
641084
647228
643866
646876
656962
658084
659020
650220
651980
648970
645750
639606
638670
637548
640941
639885
612951
610071
608949
610005
602310
606799
607921
605065
596265
599121
599166
599610
618258
611296
611251
612067
607459
612067
611251
611827
611383
610807
607699
606895
603502
604698
605242
613222
615882
613040
606158
606734
605918
605963
606779
606203
605759
587111
578311
573703
570847
589495
596579
597023
601631
604487
604442
618206
610366
616246
624086
636776
641474
642650
643392
634117
628237
626122
612358
621633
620457
615759
615017
614405
615221
616121
613367
612467
615221
610661
611273
610457
615017
615997
613243
610743
602903
583485
574989
573867
582363
580023
572183
570272
547592
550472
553328
554928
555744
555789
556365
537717
537672
536856
539712
544320
544764
553564
552988
552544
571192
562392
557784
554928
553872
549383
546503
545381
542539
543355
546197
546485
545669
539957
539669
537944
540584
542309
548021
550199
547559
555539
556379
548399
546221
544261
546221
543365
546221
543725
536533
543725
546221
545645
544829
544784
540176
531376
530932
512284
509428
512134
513310
511585
508925
509469
517449
509469
508925
510121
512781
511585
511297
519277
521917
502499
505379
524797
521917
520741
521917
523039
524639
525490
527401
518126
520699
532169
524329
523587
510897
514012
509314
495550
494374
493534
496240
497176
493150
494326
496666
502378
505810
504754
502414
496702
497758
496042
494866
489286
518112
539688
540264
542924
543368
543413
554883
552310
554883
557998
556876
555276
557187
555276
556398
557998
546528
543413
542562
543413
540773
532793
530615
532793
535433
531837
534847
533065
541045
537683
535923
534987
531977
525833
524711
521491
524711
530855
531791
540591
541713
551799
554809
546829
547373
548569
548025
556005
553345
556005
554809
533137
514748
513812
528444
540224
537859
526079
527015
529380
531291
529380
531291
542761
545876
544276
546849
542289
543140
531670
528916
525801
525189
522616
520705
525265
524143
524959
527713
528325
527509
526609
528209
529331
530231
529380
533940
535900
538756
545948
543452
540596
533404
531444
533940
530825
528914
517444
519355
518504
521619
523219
524341
525192
527765
539235
537635
536513
533940
520176
539594
542167
546991
547435
550507
552127
564627
566307
567047
567287
568907
582671
582716
585836
588951
596791
605521
616991
629491
629047
626387
626342
625766
625811
626387
647963
650623
629047
629491
630035
622055
619395
618851
617655
620315
621911
623107
625747
627925
625285
617305
615127
606160
614140
602670
600759
612229
613829
614951
615802
617713
620286
623401
620828
619706
618855
615740
614140
604054
601698
600098
597218
593786
596666
597842
617260
597842
596666
577130
576008
573435
570320
571442
568869
570780
559310
557399
558999
559850
571320
570469
569347
572462
570862
573435
567723
564881
564065
566907
568632
566907
572619
573435
573147
573435
570579
561779
558386
545696
557166
554051
553200
541730
539157
537246
540361
538761
541334
542185
544096
545696
546818
545696
546892
547436
550096
548900
548356
545696
544100
552080
550120
542928
540072
537576
537621
534961
535405
534829
537489
515913
516489
516045
516000
537576
529596
537576
538392
542952
540774
532794
530154
532908
533520
534420
533604
530850
533028
532128
534768
534156
535881
538953
534393
528249
534393
543193
542257
552343
553465
550455
548695
549631
552641
551519
541433
544653
541433
539833
528363
525790
522675
521824
520702
518791
521863
513367
500867
500051
503171
491701
503171
506286
506331
520095
506331
518831
515711
524441
521326
529166
521326
512596
512551
500051
498431
500051
498451
495595
492715
495571
498451
500051
499507
502167
494187
494731
495927
493267
492071
500051
497686
496750
484970
485906
483995
477227
455555
457920
459831
471611
468731
449313
468731
471611
470435
471611
472055
469395
447819
450479
451055
451010
472586
472142
471566
471611
468971
460991
458813
457213
456313
470355
473330
477938
474869
477623
496012
502332
502776
503826
495846
493186
495846
495302
495846
503826
505022
503826
503382
502566
507126
507942
505188
504576
500016
500628
503382
502482
503382
504122
505292
502586
508906
510076
512572
530961
534181
538879
547375
547663
551056
555754
556298
558958
580534
581110
580534
580978
580933
559357
559402
558958
556298
546212
545090
542080
535936
534211
537053
534211
525411
526227
525291
525579
531291
530445
529249
526029
514249
508537
507721
509446
509158
511108
507988
508033
511148
518988
527718
539188
531348
518848
507378
498648
511148
512768
526532
529652
529607
526492
512728
511108
505396
504852
503656
511636
512180
514840
506860
508056
505396
505636
505192
502120
497296
499869
498189
497949
495376
494636
493016
506420
509492
509936
497436
498176
510676
512356
513976
507094
506290
499180
506290
509044
510829
513949
514799
537479
532943
530993
532943
527063
523943
522158
519404
518228
520678
526558
517758
515308
516484
529252
530872
533626
537058
539938
538762
535882
545300
525882
527058
527909
530765
537085
537901
540266
542606
545360
558050
558290
559040
556380
559040
558800
558050
555194
558050
557150
552542
553802
544622
542280
544645
545767
546817
523677
525792
523132
519536
518960
518516
518471
515251
512755
512467
507769
526158
534654
539352
542572
524183
526679
530072
521576
518183
518471
517927
520587
521783
519123
511143
509947
517927
518471
519407
507627
509538
521318
519407
517042
538714
517042
516106
518471
513911
513095
512195
509441
508829
509645
509690
512546
517154
518914
537562
538006
538582
533698
532132
538276
539398
537638
532940
545630
546680
548440
549420
548440
547318
545203
542838
541788
527910
530275
528994
524386
528994
531748
545790
542815
551782
533393
530639
528633
531608
549997
549181
549136
548560
548116
549876
554484
573132
570276
571092
571137
571713
571824
567216
565456
565864
547216
546412
543297
531827
519327
517707
509867
496103
492983
492938
484208
483800
484616
484505
465857
474657
474702
472942
468334
467758
468202
471058
475666
476242
494890
494074
494029
486049
483389
482193
481649
480833
482009
484889
465471
468245
467069
467885
467309
467264
448616
445736
436936
434080
435840
435396
440004
448804
451660
452104
452680
452725
448117
466765
466477
463981
472477
477175
495564
495852
477463
480856
484076
475580
470882
467662
464269
466765
467255
468377
466012
464890
463910
462150
461100
456402
458767
460333
447643
449403
451518
452568
454168
457024
459904
457048
455448
452568
448768
447598
447310
445585
442743
437031
436215
435399
435444
436260
431652
413004
404204
404159
403583
400727
401303
400859
401267
405875
414675
433323
433767
441747
443707
444607
443575
444295
447515
452075
454931
455782
468472
466107
459787
466107
468472
455782
454966
452212
454966
452626
451775
448919
451259
452075
456023
455043
459603
464211
482859
491659
492103
492679
492724
495580
490972
490564
490120
489304
489259
488683
479883
461235
462051
459171
456806
454052
451196
446588
465236
446588
437788
436028
435584
433469
432347
431771
431726
432542
431492
431537
429172
429616
428800
433498
434074
435196
436176
444976
446026
448391
446825
446335
449191
453799
462109
474799
479359
487339
488059
488959
480979
477759
477039
476235
475335
470775
468815
469619
472839
474799
473203
474589
471481
470665
470620
470044
469600
450952
455560
456136
451528
454384
451528
452344
452389
443589
444033
462681
453337
454513
448801
447625
446569
450001
446569
447625
453337
455677
453337
453881
449183
448639
453337
456802
454096
453160
451835
452771
448073
429684
426291
430989
427769
425273
433769
436265
439658
442878
461267
460979
452483
452771
453587
472235
472679
471863
463063
463018
458410
457834
454978
454534
435886
435931
440539
443395
450359
450935
455495
463475
464195
466155
469375
469509
470409
472774
474559
466579
463359
462639
461835
460935
458975
454415
455231
458206
455841
456591
460617
448837
446926
443830
442894
440188
441034
440544
439422
437057
438107
429307
431067
443757
446122
447102
434412
439110
434412
435534
434484
433668
430812
430767
412119
411675
411099
402299
397691
394811
395987
415405
418285
415511
414335
416015
444959
442386
439314
439074
440694
440934
441378
443951
456451
457191
456747
455127
454387
451887
450207
453279
448455
467991
459024
458106
455131
436742
432134
434888
439496
448463
451438
437396
451438
454065
462045
460869
463623
444087
455867
456767
459987
464547
464413
465133
460573
462533
459313
457353
456453
455733
453777
445797
448551
446791
449156
461846
457148
465948
466928
468050
467070
471768
469403
468281
455591
454541
455591
454740
457105
469795
463475
460721
457865
456080
456896
459650
457285
454920
457776
458627
460967
458627
457811
460176
461961
468281
455591
452198
448805
440309
435611
433115
414726
411506
411218
411938
416498
411938
415158
407178
407982
408882
406922
406022
405218
404498
404038
412018
413978
406868
442418
443222
442418
443138
448898
451652
452632
454018
455743
474391
475207
475957
475207
476053
475237
471211
470365
467738
464728
492910
500554
491754
492734
491612
500412
501534
503899
508597
503899
501534
502584
508234
507184
494494
493514
488954
480974
480170
476950
476230
478190
476230
477130
477934
478654
481874
489854
494414
493514
495299
493514
491149
493514
474096
476976
478152
480926
479750
476870
490912
467772
459276
471966
470986
456944
470986
471966
479946
483166
483886
484020
483120
485080
489640
486420
485700
484896
482936
483836
479276
471296
468656
481346
482396
484156
485722
473032
471982
473104
471982
472472
474837
473077
468379
466014
465034
462178
462898
463306
464906
462026
460426
461406
447364
446384
460426
459676
431494
430678
429832
429877
426805
440847
441827
427785
426805
424845
428065
429395
424835
423050
420685
419785
424345
424211
425111
421891
413911
415871
415076
415880
417665
416945
417665
440345
438620
432740
435080
437936
435182
432022
429657
416967
416116
413776
414592
427282
429647
426791
433111
435865
436716
435900
430140
411492
409767
408381
407401
393359
407401
408381
411135
412521
407913
405159
406139
405419
396452
398177
397197
394222
391468
377426
375818
380426
377799
380774
383528
397570
403330
404050
422698
441087
445785
433095
434217
435197
443997
445047
442682
441116
439994
438234
440599
440109
452799
451749
452729
438687
437707
451749
456447
451749
451205
451749
453135
448575
447771
447051
443831
442501
444461
445361
446081
444121
452101
451201
454421
455225
459785
445743
446723
460765
459785
457011
455835
452955
474627
475607
474627
460585
474627
476992
474627
472842
474627
452955
455295
473943
472263
475335
477015
474442
474202
503146
501526
489026
488286
500786
502406
502850
503590
506163
501339
498267
497823
498063
487149
486345
485625
481065
475744
476724
481422
483537
481577
478357
477457
469477
456787
457837
459597
454899
453849
451484
450362
449382
440582
454624
453644
454624
440582
441158
441602
441647
446255
449111
449927
468575
477375
480129
481749
482565
483615
493033
493753
494297
494342
496124
486046
472004
471024
471514
468394
459594
457644
466444
468229
470983
469807
467357
490037
492487
493663
490909
492859
498739
501859
497323
491443
489658
490102
489286
489241
488665
470017
461217
458361
477009
470269
470314
473170
473986
478594
479170
474562
474118
469558
450140
448970
448480
434438
431330
430886
430310
430265
429449
427724
424970
406322
405602
399842
405602
406322
424970
426695
428081
428897
431651
430265
429285
430265
421465
418609
437257
437302
437878
438322
447122
451730
454586
449978
445280
442915
441793
440743
439763
438003
435888
437673
435888
433523
435888
437508
434436
429828
430644
431088
431664
431709
428853
431709
422909
422465
421889
421844
421028
439676
444284
425636
431364
433729
440049
442803
445143
442389
441538
435218
432853
430738
431589
428733
431589
429249
428433
441123
441939
450435
449859
454467
460195
478843
479287
479863
480679
477823
476287
467487
467043
467088
467043
448395
451251
450435
449685
446829
444169
443929
446683
460725
459909
459864
459909
459465
440817
432017
430481
431297
430016
430592
431036
449684
449060
453668
456524
459499
477888
475032
483999
481993
479239
476264
457875
453267
452691
457299
456559
455641
454591
490141
491926
489561
491926
490141
485533
476733
458085
457269
492819
457269
456825
456021
464821
461965
461389
462193
463009
463054
463630
464074
482722
487330
490186
490141
488191
489976
494584
513232
513676
522476
523292
523868
521012
516404
516449
519305
519260
518444
518000
499352
490552
489976
488356
487636
487228
485628
485184
466536
466491
467067
448419
443811
440955
441771
441816
433016
433460
432884
441684
440868
443724
437964
437244
435858
454506
452781
450027
449047
453655
453211
458923
457138
457093
454237
456602
455786
451178
452963
452387
451943
433295
424495
422130
457680
451360
450816
455514
456058
451360
448504
446164
445348
432658
430293
427539
426688
420368
419824
420544
419494
421276
422092
422137
423757
424807
424087
404669
405213
403431
402615
402570
399816
419234
417614
420368
419198
420254
416822
419162
420338
426050
429482
428426
422714
421538
419198
420320
438968
448243
477187
474687
475131
473511
471831
471591
471147
468075
465502
464762
467834
468574
481074
482754
482994
485567
480743
482363
479998
478213
459565
450290
449168
458443
477091
478213
513763
512827
506507
507629
498354
479706
478584
497232
506507
488118
502160
504914
500306
509273
495231
492477
497085
488118
485143
503532
506507
505385
486737
477462
478584
497232
506507
506951
505691
503335
499903
521479
516919
515797
534445
519600
520722
502074
492799
480031
461383
480031
481153
471878
470756
480031
473887
476641
478981
471337
452689
461964
460842
451567
470215
471337
473977
509527
511438
524128
525324
528204
529824
511176
501901
500779
500824
498070
496450
496405
495589
493807
496561
515979
516523
517243
519025
519841
518791
499373
498829
498109
499159
496405
531955
532695
534081
537196
558772
568047
575735
580295
581576
582020
584470
571780
536230
571780
570976
571780
574900
573140
568580
533030
537590
538976
547943
583493
584233
605809
608924
634592
633206
631925
628810
628070
624474
615199
589531
591120
586422
585878
590576
591120
572731
569756
565148
551106
542139
539385
542360
545825
548940
574608
579168
580554
589521
625071
625811
647387
638112
647387
625811
600143
599403
563853
560738
559352
554792
553511
552125
553910
559790
558170
553346
551666
539166
538426
537982
535409
537982
566926
567166
568846
581346
582086
582530
585602
585362
586982
583910
582524
585639
594914
595654
594914
616490
621050
646718
611168
602201
632711
611135
601860
576192
573077
568517
577484
578870
614420
619028
626868
629318
633118
654694
656080
658653
664797
668597
666257
662309
653034
631458
667008
641340
642080
663656
689324
698291
696905
687938
652388
651648
660923
656363
659478
664038
665424
662309
669953
682721
686153
690179
709715
711315
713226
714077
715199
718314
720887
732357
729603
706923
704473
695673
697623
699408
697458
695673
698793
697617
685027
687477
681717
678597
672717
673557
676311
677487
682047
673080
668520
677795
678535
681650
646100
644714
680264
701840
701100
726768
705192
695917
691639
679216
676101
677487
678333
674868
697548
699888
701799
709639
711550
707750
711550
733126
740966
742352
746960
749410
755554
768244
732694
768244
803794
806367
784791
782880
781494
768804
766164
763284
764480
756640
721090
723970
722774
720201
714057
711607
706999
709639
711550
712401
714974
716096
719211
730681
729559
726444
723871
725471
724620
713150
711550
709639
717619
743287
738727
774277
775017
778132
799708
808983
773433
770318
761351
760611
739035
729760
725482
713059
714445
719005
717619
714865
716650
713675
715586
702818
695174
702818
706250
719018
715586
714464
712864
710953
708380
711495
708380
719850
722423
724334
725185
726307
727907
727056
715586
712832
732250
735004
733222
732406
733456
714038
714083
713539
713494
711874
710824
712444
712988
713708
715490
716306
715586
711026
709640
705362
696087
674511
671396
670656
635106
626139
624753
616913
620713
622099
626707
629157
635301
637874
673424
669624
648048
612498
609925
631501
625357
633197
630747
626139
628479
636459
637035
639608
640459
642059
645174
647085
643970
643119
641519
640397
637824
626354
624443
635913
637035
637755
659331
657420
660535
657962
646492
643377
654847
653996
652874
653996
652396
653996
654847
656758
659331
662403
658603
653995
657795
622245
619672
613528
611078
603238
581662
569662
598172
600745
599359
601809
603195
611035
604171
608779
621547
624979
617335
624979
612211
608779
586099
596185
594400
605870
606721
607843
605932
604810
603959
602359
603959
605870
603297
591827
588712
591285
594400
615976
612176
647726
612176
606032
603582
598974
597588
595015
573439
576012
582156
586764
588150
595990
599790
591950
594400
596973
600088
601688
599115
601026
599115
587645
588767
589618
588767
587167
584052
595522
594400
596000
603644
598946
599490
598946
603644
600212
592568
579800
583748
584468
565820
567500
564927
563327
562476
551006
549095
547973
544858
546458
534358
538966
532822
534208
535404
499854
535404
548094
550974
554774
576350
584190
586101
588551
591191
588618
580778
578328
580901
579705
576825
574185
561495
597045
589935
586135
564559
563173
569317
564709
562798
591742
591982
595054
595498
597118
597858
610358
612038
614611
613871
613427
611807
599307
597627
597387
594814
591742
562798
563538
563493
572293
572338
572914
573358
577966
596614
597430
600286
601342
602518
608230
607174
610606
609430
611770
609430
605998
600286
564736
563932
567004
531454
531409
530833
533689
515041
533689
534505
539113
538669
539113
539689
530889
526281
523425
523470
516730
515914
509770
507197
515037
517487
515037
510429
509043
473493
478101
479487
471647
477791
481591
484164
489096
496206
492406
470830
465118
468583
466681
468067
475711
477331
486606
486162
486117
485541
485586
484770
485214
489822
480642
488715
489291
486183
483327
481791
472991
460307
461123
461078
461798
463580
460806
461350
480768
483522
483567
484617
486237
485517
484973
485789
484007
483191
481571
480521
477767
476381
478559
486539
489179
492644
491474
490088
480813
473169
471549
473169
480813
482199
491474
492644
489179
489755
486647
477847
486647
483791
484607
484652
503300
502856
502811
505667
505091
509699
508883
504275
504719
496879
494968
472288
474199
482039
504719
507059
504719
500111
497661
501461
500075
492235
488435
518105
524249
526699
531307
539147
542743
539147
533003
497453
500026
497453
498839
502304
500684
502304
503474
512749
520393
516928
518314
517144
509500
500225
498839
499283
498839
498263
498308
498884
498068
516716
516671
521279
524135
521279
516671
507871
489223
498023
498839
497219
496403
487603
487558
486982
486538
467890
468706
464098
461242
464098
464143
482791
483367
476627
477071
481679
480293
471018
469848
466383
464763
456267
445767
449232
450852
448200
457475
449831
451217
448644
442500
438700
437314
432706
430256
426660
391110
383270
374470
375286
393934
396790
396745
397189
396613
395797
396373
393517
402317
397709
402317
402362
399254
398810
396632
388652
390830
398810
396170
398810
394988
393602
384327
383157
390801
389181
392646
394266
395436
404711
406097
402632
405338
432272
435282
437778
443490
449634
469052
473660
499328
511108
519088
519532
516676
516631
516055
516871
508071
503463
503508
503064
484416
493216
511864
516472
519328
519904
519088
519828
520950
522550
522994
526004
530702
536582
528938
532403
533789
541433
543053
541433
540263
530988
529602
530772
540047
536582
550346
545738
545783
536983
534127
534943
537799
542407
542851
551651
551207
532559
551207
550391
550346
550922
550346
549150
542040
539400
537285
535374
532494
531372
537252
534242
537252
536512
536068
530188
530928
532050
533650
528952
533650
532050
532494
524850
523464
525084
515809
514639
513019
509554
517198
526473
527643
531108
532494
551142
548388
551048
550232
549788
531140
522340
519484
514876
514300
514255
521899
523069
524689
528154
529276
530662
523018
513743
512357
515367
502197
506895
505725
507325
506585
506141
500261
502626
503366
503810
517574
523454
521834
518369
515359
514915
510217
508617
507495
505317
502677
494697
497337
505317
507495
509835
510379
515077
514533
509835
506370
504750
497106
487831
486445
485275
489835
488235
488975
484277
485399
486999
467577
470587
467577
468021
468861
468417
467295
466555
460675
465559
458449
493999
499711
502207
510187
513197
519341
513197
487529
492137
480357
460939
469963
489381
501161
493181
490685
486077
483067
477355
478955
483653
482813
482369
479359
474661
473061
472321
473443
476453
476897
477637
476515
482395
483445
480691
477917
477373
476323
477139
478759
478039
478759
480541
499959
502713
501897
501852
500232
500776
498994
499039
497359
494786
494546
494102
491030
486206
485466
472966
471346
472522
472966
475462
476038
494686
497136
497940
506740
514720
515776
542710
545590
546712
543116
540141
504591
506769
498789
496149
493971
496611
504591
504147
501137
495257
496857
497979
502677
503417
502677
505687
511567
510445
508845
504147
504591
507601
506861
506417
509171
515051
515791
529833
523953
528651
530251
531373
531917
534623
536963
539328
539772
536762
535162
534040
529342
537182
556718
565993
567115
564235
591169
590113
563179
564235
567115
565993
546575
552719
558431
555935
544155
518487
510507
505899
500187
501003
504013
506509
518289
521512
540930
545538
553518
550508
544364
541354
540910
540170
538570
537448
531568
526870
535670
534830
533654
530534
528584
526799
524045
526799
524349
519813
521763
544443
546893
548069
553949
552189
553974
557094
556248
548268
546090
554070
556248
558888
556248
553908
549372
547412
545501
542621
538132
539254
540310
567244
570124
569068
567946
580446
578106
577266
583586
579560
587540
590294
582314
580529
581651
582707
581651
608585
605705
578771
581651
580529
577519
575734
595152
597648
602256
627924
639704
642200
645210
639498
633354
625374
633354
628746
626250
614470
620182
594514
575096
581240
573260
570620
568442
577409
585389
590087
586622
585818
588314
590390
582410
581234
580658
571858
572434
573610
569374
571824
569374
568930
587578
595558
576910
577354
574858
601792
600736
573802
574858
573736
570856
573736
574858
555322
554778
535360
534640
533824
532042
530992
528238
529288
530908
530863
533617
553035
553579
554299
556081
554461
554506
555322
541280
544034
541280
538574
539118
541824
539484
541824
555866
558231
555866
555322
552202
551658
546960
550908
579852
582492
585372
582492
581436
554502
553380
554436
564726
565848
560136
548356
554068
551058
562838
543420
538812
530832
524688
523792
528070
525574
528070
532978
537586
540360
543370
517702
515252
516428
517168
520048
517168
518290
545224
546280
545224
544102
517168
525148
527902
519922
517168
516724
514813
509101
507925
505585
509017
510193
512533
513589
510157
515869
514813
511451
519431
522273
549207
522273
521151
518271
517215
520095
521151
522273
527985
524913
527253
546671
554651
559259
561755
557477
554703
554463
549855
552865
544885
539173
527393
524321
521311
518815
530595
534873
534153
545623
545047
526399
523903
523459
522283
519833
538481
530501
529697
538497
546477
547281
548457
548901
551397
551973
554423
552663
550298
552638
538596
540961
555003
555547
552841
550501
549957
552663
549909
552663
525729
522849
521793
520671
516871
519049
516409
487465
483517
486157
515101
519049
519865
521647
519865
519145
516371
516915
517635
520389
521439
521484
523104
522560
521510
519890
519845
519029
538447
535693
536435
548215
549055
552151
553327
536353
539461
546601
549443
527867
519887
555437
556417
559171
549007
546253
538273
539124
540849
540109
545821
548317
542173
550153
556297
551689
547411
535631
532621
526909
507491
505895
503399
506409
518189
543857
563275
567883
565543
567268
569928
568328
569714
572810
573980
573404
571804
570124
566176
569151
564662
545244
544404
538260
533652
553070
564850
567346
570356
576068
580676
606344
614324
606344
600632
574964
563184
560688
557678
563822
549780
547026
561068
558728
558184
555478
557843
555478
558184
560938
561482
563822
569582
572222
601166
597218
568274
565634
569582
570758
562778
562202
553402
550906
551350
550906
549730
558530
566510
564060
566556
547908
536676
555324
554520
556970
557546
556706
544926
541818
540642
539900
538730
550510
551350
548254
551362
551947
553123
548587
551683
552425
559565
567545
564791
556811
559565
554681
553961
551301
543657
529893
538623
547590
547878
550632
549816
569234
568184
568139
566357
564737
564193
544775
542021
543641
544691
545507
547289
548009
548553
547833
550587
550632
548136
545064
542699
523281
511501
508491
503883
497739
472071
466359
458379
456039
458895
458940
459384
460200
460776
479424
485776
490384
489214
490384
487934
493814
495599
498719
499895
495359
518039
519989
521749
519799
522553
521377
512577
509457
507672
501792
504242
501488
509984
510800
522580
535012
535057
536817
555465
560073
560649
542001
544857
544041
544485
544041
543465
534665
530057
529649
530465
530420
549068
549884
549068
549023
548447
548003
529355
527595
522987
523032
523608
524052
542700
551500
556108
558964
556108
562186
563911
559303
559348
560164
560668
542020
533220
530364
529920
538720
538144
541000
540184
540628
540583
541159
545767
548473
562515
565269
567609
569974
565414
563049
560709
558003
555249
553243
553787
553243
541463
542205
544865
544280
566960
567536
571132
571243
570403
592075
590899
587791
587049
582513
594293
600173
618821
619991
620036
616940
618116
622724
619868
620684
602036
601460
596852
596408
595592
595547
604347
595547
598403
598979
599024
599468
611076
615024
619848
622488
618540
589596
586956
584460
578140
578095
573487
571727
572303
569447
572303
576911
585711
604359
604803
586155
586200
585624
584808
584364
585180
587934
595914
593160
585180
565644
562536
553736
556186
557946
560442
552462
551658
548550
548106
546930
554910
554334
555510
558618
559194
559998
560442
557946
555496
555451
554875
555451
554635
535987
554635
563435
566291
563435
564251
564296
563852
568460
568904
564296
555496
552790
552835
543560
544885
563533
564655
566255
530705
539505
558153
558597
559173
559218
560034
557178
556362
547562
528914
528470
527894
527849
532457
535313
530705
518205
519141
524901
528849
536041
557617
570049
568879
570049
570493
571069
577105
576994
574334
570738
570693
570738
570162
572822
572867
572291
590939
590495
587387
578587
573979
571123
571939
571894
574750
575326
575770
574954
579562
572822
591470
590145
591267
600542
581894
580772
580328
579752
578936
578891
576035
571427
562627
559519
540101
537347
536627
536083
535267
534217
534172
532552
530770
549418
550743
551865
542590
523942
522820
534290
520526
519350
527480
528602
547250
546128
555403
554078
535430
533090
538802
537746
534314
528602
530942
529766
530822
531998
535430
513854
495206
489326
510998
499218
498642
498687
498642
498198
495538
501418
500676
501418
502588
503764
522412
499732
511512
489840
490284
512964
534540
535116
537776
536600
535430
534149
537614
529774
532347
531531
528825
526485
525941
511899
512443
526485
523731
521366
524072
526412
528777
531531
560475
555651
553011
549063
551703
560978
559856
578504
569229
570351
574299
555651
547671
544917
566493
567429
554997
547805
551753
558945
554997
533421
552069
553191
552255
564687
546039
551799
554249
563524
562402
553127
547367
568943
568988
572936
572196
571026
572196
574836
577846
590346
590922
591210
584470
590182
598162
596986
596542
597664
616312
607011
597736
596614
594118
593542
590434
592884
601684
602860
603304
605800
606376
603268
621916
620156
617706
609726
609592
609726
607066
628642
628597
628153
606577
609237
609681
609726
610302
609726
601746
614124
615300
618180
617058
607783
589135
581155
582277
584727
589287
591652
595117
607617
615597
617508
604146
606988
589812
593205
595959
617535
616959
617004
615834
614658
596010
592914
587034
587610
606258
608918
630590
629848
631024
631468
654148
654890
656060
633380
621600
633380
623720
621060
617464
617020
616975
617717
613769
608009
607073
594641
595577
602769
614921
620681
624629
628773
607197
600005
597251
594545
595089
597795
611837
609472
608928
594886
592546
600234
595536
597876
596151
598905
601270
597322
599962
628906
632854
630214
601270
598930
599734
599779
612279
615394
623234
631964
643434
646554
660318
661938
659278
658427
657257
658427
661307
641889
643065
662483
659603
658427
658382
657938
655278
633702
633126
597576
601008
603850
601008
626676
626542
624782
616802
614352
613776
611280
610836
609660
606552
602604
596844
589652
586056
581912
580976
602648
621296
622472
628352
629094
651774
652944
664724
652944
652202
651026
647918
626246
620366
597686
596516
598298
619598
623030
624650
626600
611244
611378
608536
605143
608536
611378
610574
616894
613798
626298
618458
632222
623492
623447
626567
623452
625072
632912
644382
653112
656227
656272
644802
632302
618538
615418
613798
615976
618341
605841
609306
607395
619895
617530
614065
611887
603907
611887
613798
614920
616831
617682
619282
622397
633867
636440
634490
657170
659120
661874
667754
669539
672659
670899
661555
662731
660281
659105
656351
650471
648686
645566
648016
625336
622996
620631
621807
619101
638519
639063
641403
638649
641355
643720
643176
657218
660098
662852
659972
658796
639378
625336
626458
629212
633160
635800
631852
602908
600268
629212
630382
629212
631577
628462
629584
627984
616514
627984
628835
627984
629895
633010
630437
633010
631099
629977
631577
620107
617929
620379
618654
619590
608120
605005
606605
618075
620648
622559
623410
624532
627647
626047
624925
624074
622163
619590
611094
608521
611094
612694
613816
614667
616578
628048
624933
628048
627197
625286
613816
612694
611094
619590
628320
625345
628738
617268
615357
612784
613906
614757
616357
618268
620841
632311
635426
633826
632704
631853
628738
629480
606800
606058
604888
584668
585508
584332
565684
544012
538132
526352
527528
530636
535172
546952
568624
581124
581169
584284
581164
567400
565780
553280
562010
550540
542700
539585
539540
553304
554924
558044
549314
557154
568624
568336
567356
564476
583894
585070
587950
568532
567356
555886
558459
569929
573044
571444
569533
568411
570322
569471
566356
563783
565383
566505
567356
564602
561760
574260
596940
598560
604704
605874
596907
609597
608211
610551
622021
620110
617537
606067
607667
608518
610429
613544
616117
613002
612151
611029
612151
610551
610417
607024
604182
603012
604182
618224
617680
620434
623140
625480
627845
625205
596261
592313
594953
605321
602981
588939
586574
583868
581114
581658
585606
597386
585916
582801
581201
580079
579228
576655
574744
575356
604300
616800
613335
610970
609059
601079
598901
602366
589866
591777
594142
596320
604300
612140
617852
640976
638636
637460
631748
635180
640892
642068
644408
640976
639920
637816
656464
659320
652580
657188
657764
658208
658253
656528
657344
644844
641724
630254
622414
620794
617679
614769
601005
600960
588528
624078
615278
596630
602390
596630
592022
583222
580114
577258
578074
577258
577303
595951
589211
593819
596675
596630
596054
595610
596054
596630
577212
577932
579108
577932
597350
594470
591374
579594
578424
579166
578326
596974
598150
599320
596212
618892
618150
613614
625394
631274
634802
633626
631270
632010
632055
632631
628023
627207
624351
623775
626631
631239
649887
649842
646734
637934
638378
639194
647994
647550
646974
646929
646485
627837
627021
618221
636869
641477
643237
643813
643858
644302
641446
636838
639694
640510
648154
650114
650069
660785
652055
650885
652055
650295
649851
650667
646059
645483
642627
642582
642627
643203
661851
646531
649387
649498
630850
630034
634642
631177
630055
642745
644923
647563
655543
652687
653131
650491
651067
655675
664475
664520
663944
682592
682547
677939
669139
650491
651307
651196
647248
642424
641608
644464
642099
628057
625303
622963
620257
619713
618897
597321
595721
592711
580211
567527
573239
573815
586315
595115
597755
600765
591965
586253
586541
585965
585677
587277
584637
578093
559445
568245
572853
572037
567429
570285
570861
562061
562106
562922
560066
578714
579158
578582
578537
578093
571211
571256
552608
553184
552368
552323
551747
551303
542503
537895
540751
545359
530039
527183
527627
528443
547091
545915
526497
545915
547091
549971
549251
546801
548401
539601
534993
535401
534585
537693
537804
537849
538665
535809
536385
517737
517293
516717
516672
525472
530080
529338
524778
531970
529792
521812
519172
521350
523990
531970
543440
569108
571950
573900
569364
567008
588680
594560
593818
592648
591472
588364
566692
585340
579460
580636
581806
582548
605228
617008
631050
631626
639606
648336
651408
659904
660720
663085
665263
673243
675154
678619
676441
688941
687030
684665
681200
668700
660720
651920
648812
648701
648125
647717
646913
648109
655949
656561
651953
651908
651092
644948
622268
620648
643328
644948
646118
652262
651092
652028
655248
669012
669624
672480
657160
660280
657707
653759
654929
653759
655937
653759
656399
653759
645779
653759
661403
664835
677603
693317
694997
697853
701801
706361
709336
706494
704044
704895
711215
714071
716825
719190
720006
722121
724461
721581
720405
722583
742001
749981
752861
754037
734619
747119
749615
750665
753507
765939
766383
768003
756533
776069
777394
791436
792416
803886
808446
809346
809958
810774
813528
796364
782322
789966
786534
785554
798322
801754
815796
803028
799206
801846
793866
791688
799668
801846
799206
773538
779298
788028
791828
789074
800854
806734
828406
847054
869734
870904
871646
859866
853986
853244
852074
833426
834602
811922
810746
789074
788094
774052
769516
767066
768851
766097
770139
762831
761046
759870
756750
755980
759100
753220
762020
753220
755974
757150
759600
782280
784230
782280
785034
787607
814541
811109
818949
831717
853293
854144
868186
854144
855124
854144
854099
864185
865361
876831
851163
876831
865361
868336
881026
881570
890066
891666
895098
907598
909963
918930
918114
916784
916208
919280
933322
919280
910784
902054
910784
918764
919580
928076
925004
925580
939622
925580
926560
925580
924410
926195
918551
931319
934751
921983
918551
926195
918215
916037
924017
911517
913695
926195
925215
911173
925215
926195
930755
926807
925127
944663
946343
941783
944639
941783
922247
919272
923220
926195
923441
920801
923441
915461
923441
925619
928839
926661
928839
936819
940284
942649
955149
957060
949080
946715
934215
932037
930126
926661
946079
947255
927837
930717
929541
926661
925061
927941
920797
922397
919517
916661
917641
916661
930703
916661
914321
920641
920337
922702
923553
920799
921615
920799
918684
916319
909999
912339
915093
914242
916357
913501
899459
913501
914481
913501
914113
914929
914113
913213
910459
905899
910459
911359
914113
913501
909223
911173
907780
908836
900106
903571
890803
887371
879727
878747
879727
893769
879727
893769
892789
878747
879727
878605
870109
867659
865019
857039
854861
856031
878711
872567
870947
869777
871397
877541
873005
867125
845453
826805
825629
824887
802207
790427
789257
788277
774235
775855
763355
775855
778033
775855
767875
774195
782175
780850
781900
781456
778960
781456
780406
777564
765132
765576
769720
772562
773887
776743
777355
778291
781511
792827
789707
788771
779971
779359
776139
773283
759519
762639
771439
772375
791793
792969
795849
776431
775255
772375
769621
756853
754280
757034
769802
772375
779567
806501
779567
781247
778391
782951
763415
760440
758760
754200
757056
761004
780540
783515
779567
779612
784220
793020
795876
814524
814968
815544
816360
827830
853498
827830
816360
819792
825504
826320
823980
825156
826212
827112
824358
823458
828018
823458
824070
826824
829164
828552
825120
819408
818352
817536
816360
808380
799650
799074
796002
799074
785032
793762
794338
793522
801502
802318
816360
807864
816360
815424
813084
809924
810775
807919
807103
809443
812299
824989
827354
833674
836428
837244
835129
832764
830010
829159
824551
824596
825412
824968
825412
844060
841204
832404
841204
840628
840583
839767
844375
847231
847807
829159
837655
834680
835224
834680
825713
813023
811423
807991
811423
824113
827088
828369
830734
828369
819873
807373
808973
821473
824693
825137
822772
831572
832148
827540
824684
825500
825545
825989
825413
824597
824552
815752
815308
819916
838564
841420
822772
835272
827292
814792
812614
820594
822772
834552
832052
829552
831730
829365
827454
825276
837776
841241
837776
829796
837776
839687
842052
823404
823359
818751
815895
816711
816756
817332
817776
822384
825240
843888
843444
852244
851428
842628
842052
837228
837804
856452
865252
868108
868552
867736
864880
865696
865741
865165
864721
846073
850681
846073
846028
837228
824538
821658
820482
801064
800620
781972
781927
781972
782548
783364
774564
771708
772152
771576
770760
773616
778224
765634
784282
779674
776514
779370
798906
795931
798906
779370
776514
774834
779394
783342
785022
780462
776514
779370
779325
783933
779325
779370
779946
761298
752498
752054
751478
770126
778926
776070
776514
775698
776514
764734
764122
768682
769498
770398
773152
773764
769204
768388
767488
764734
761854
764710
767590
765990
763134
764734
783382
783958
783142
783097
782521
785377
784933
785377
780769
785377
794177
794222
785422
786238
783382
764734
792916
788772
788328
787003
785953
788449
797724
800566
812998
813442
814492
811650
809154
811114
803470
811114
809154
801174
788674
796654
794476
796654
809154
810914
815522
824170
824614
825190
798256
793648
780964
772164
771588
771144
752496
749640
750456
750501
763269
766023
768596
755828
753074
780008
779192
776619
776574
779328
782488
784853
782513
781697
784553
786893
786042
783288
770598
768233
780923
774603
771747
772598
773414
773459
773903
776563
798139
798715
810185
812758
814669
815520
817120
820235
821357
820617
824049
819441
817681
814573
814528
813952
813508
812692
809836
798366
794088
802584
811314
819294
820110
817038
816222
808242
799512
798936
790440
776398
776974
791016
794088
791078
792134
795144
803944
795144
807644
813356
813932
814220
816860
804360
801720
801144
800856
795144
793544
805014
807587
809498
811098
814213
813091
812240
813362
810247
798777
796204
794293
795144
830694
831864
854544
852924
851754
861029
863909
841229
842489
836345
844325
840265
841546
844642
850786
852406
853576
818026
815686
814835
815957
813384
811784
814899
826369
828942
830542
831393
819923
818012
816890
813775
815686
816230
828730
827130
823698
827130
828730
841420
842266
845241
854208
856573
854208
853664
850689
849408
848796
843972
831282
822786
831282
828782
832378
835038
835482
835527
834951
813375
813330
812886
810226
810802
791266
789586
785638
781078
783934
803470
806445
808125
812073
816633
813777
810802
809866
821914
818794
821914
813114
799350
798942
795722
796658
798418
799030
798418
801274
804494
803594
802982
802166
797606
798218
800972
801788
799034
799934
804494
803643
802521
803643
801732
799159
796044
784574
796044
797955
799905
803020
801420
803020
803871
806444
804266
816766
818944
806444
798464
806444
804533
792033
794211
802191
804102
800637
803002
806467
798487
796309
793944
806444
798604
834154
835204
870754
875452
869740
872582
861112
859162
860762
861884
862735
864646
863524
865474
864623
862712
860139
863254
860412
871882
874455
872855
869740
872812
880652
872812
880652
882563
905243
907583
906732
905610
902495
891025
888452
891025
892936
894058
905528
908643
909494
907583
909183
907583
943133
945839
956567
959447
958467
957297
955697
952817
951536
915986
908006
904910
912890
914060
915040
905765
907025
916300
906691
905431
902575
900235
899419
886729
884364
881204
878450
891140
893996
896336
897152
899906
900757
907077
909442
908591
906971
905255
903473
901523
892723
888697
888253
890913
891489
891444
887848
887272
884692
885136
885181
882521
881670
878555
875982
874071
872949
861479
863079
864201
865052
866963
878433
881006
884121
882521
859841
862961
864075
866829
868005
870455
870690
872640
870690
872475
870025
868849
866095
865255
863470
860350
851550
852390
846630
882180
874340
882320
879566
877742
875169
877742
880496
893264
920198
915709
918205
921047
920196
910640
901365
898523
896027
894977
882545
883595
884920
897352
896908
893793
891220
889309
888458
887336
875866
874266
861766
863944
876444
884424
882246
874266
861576
851490
831954
827394
826494
823519
821839
817891
820747
816187
819162
838698
837882
818346
819162
816306
820866
820254
824814
825714
826326
829080
833028
834708
831954
817912
818488
827218
824146
816166
815590
823570
824386
827458
818728
827224
826408
840450
831954
833010
835670
838890
839640
840456
868638
869484
847908
851340
851385
851829
854489
854444
855020
854576
854000
851340
844148
852948
855828
854228
851372
848492
851348
852948
854118
846138
847463
848723
849703
852583
861550
860570
857690
879362
870087
868806
833256
830160
828900
836880
835710
871260
892932
904402
904978
904366
905422
903637
900172
896028
887298
888898
885923
877427
875062
887562
887018
895514
882824
885189
883473
880973
881517
884949
875982
884949
887924
886324
899014
901379
900183
902133
902875
891405
888549
887698
884944
882604
876284
863594
861229
860413
860989
863649
860989
861433
861388
860944
860989
839413
838837
837968
848054
851064
851508
855308
842808
840630
832650
820150
817785
815874
818052
810072
807894
820394
822759
819294
821205
829185
832650
854460
855306
854490
855306
827124
826278
825528
826278
820134
818514
817344
812808
812853
817461
820317
820893
821709
840357
849157
849601
851966
854606
856784
855164
854348
849788
849176
848276
845522
844706
841850
843610
843655
844471
843895
844471
863119
863563
866419
861811
861766
843118
842674
847282
838482
835626
840186
843161
847157
843363
845043
840483
836535
834855
831880
835828
816292
818657
812897
848447
849427
857407
848440
847270
865918
867040
845368
809818
824840
823580
822255
831530
821921
824801
826061
824731
834006
833026
830146
831316
835924
835879
835063
833303
832727
832283
829175
824567
821711
822527
822572
823148
823592
842240
845096
853896
851323
870571
873325
886093
881604
878850
866082
868655
868211
868166
865506
843930
843354
844290
853090
853702
856922
859778
856658
855722
853962
853350
850130
853250
839486
836630
850394
850838
850883
850838
847982
843374
843950
862598
862154
861578
852778
834130
833314
836170
836986
845786
850394
849272
867920
869042
859767
869042
850394
844074
842124
842568
841518
838676
838232
825800
826850
836125
838967
841463
840138
845530
843034
844090
838378
840718
839542
837202
836146
839578
845290
846466
843034
843850
852346
866388
875118
861076
860500
861076
858952
855880
855064
858136
866116
857386
849406
844798
844222
843778
848386
867034
867478
868054
868099
852379
838734
837918
837873
838689
835833
834073
815425
816481
814861
814045
791365
789454
781614
780864
780018
782358
805038
806949
814789
812449
784267
783145
784267
774992
784267
802915
784267
805843
798651
803259
803214
802638
802194
783546
774746
770138
772994
772178
772994
773039
773615
774059
792707
773067
770211
760936
770211
751563
752685
751563
770211
770953
771529
776137
778993
778177
778132
777556
758908
750108
768756
769200
768756
764148
761292
762108
762153
770953
774753
765478
764356
765478
784126
785451
766803
802353
801072
803952
805212
807447
808728
805632
804302
795027
803007
801747
798867
797887
796717
797697
791827
813499
777949
777505
777949
777994
796642
805442
806258
806834
802226
793426
774778
779386
782242
781426
781381
780805
777949
758413
753853
750878
746930
744074
742394
741218
759607
768574
764774
765218
764642
767750
768326
749678
750494
741694
740878
740434
735826
732970
733015
732970
733378
737986
746786
743354
730664
733029
724062
723518
721918
730414
727439
730871
732471
745161
732661
724165
721800
730767
733742
734286
746786
765434
774709
773587
754939
753614
754736
768778
796960
796384
793276
792460
792415
787807
779007
778599
778155
756579
755643
764443
783091
773816
774938
756290
755168
764443
770587
767122
754622
752257
750346
742366
740188
737308
734452
732852
731730
713082
703807
713082
713832
716405
717791
715037
717610
713121
725889
728643
755577
753004
740236
738976
736096
744076
742795
741815
740645
732665
735761
764939
773906
783181
784441
787321
770321
771491
762216
740544
704994
707836
710908
696866
694742
708784
707968
699988
691258
690682
691258
688186
696916
697732
705712
714208
710988
739932
742592
741536
753968
756464
759306
768581
769631
769187
756755
754259
753209
750367
741092
741536
739576
731932
733892
741536
738104
739300
743248
744848
747968
755948
758126
749257
749999
751175
764939
769637
782327
790167
796047
784267
787021
785261
784973
784397
778685
766185
763175
760535
757315
758295
755415
777087
786362
783266
811130
791657
756107
747140
737865
745845
748725
740745
742005
740745
733965
732985
731815
734671
735607
736219
739339
748139
751359
737595
751359
750747
748987
748051
744931
742075
738855
761535
763446
761106
756570
754659
746819
746275
749250
747650
734960
735504
738936
730440
742940
740575
728075
730440
738936
740536
737104
749794
746819
745538
754505
753449
755627
756823
769513
771424
774304
776944
784054
782878
769114
764416
751726
745846
736571
737313
746588
752468
760308
772998
786762
787938
787196
773750
765910
766630
731080
734090
746522
745346
768026
765576
762822
771622
769837
766717
768667
764131
766885
769335
771120
758856
761976
753176
752336
753512
751562
724628
737396
740150
742723
769657
756889
754316
751562
770546
796214
800774
802160
811127
846677
847417
850532
872108
881383
879433
876591
876015
867285
875781
878853
892895
901625
909605
901109
887067
883995
883179
875199
875775
876591
878541
891041
890597
898577
897527
889547
897527
890417
889437
881457
880287
877407
868440
846768
845443
844183
845569
836294
814718
813978
817093
808126
812686
797533
833083
833823
808155
772605
781880
791786
787226
785840
786026
782911
781735
767971
763273
770712
771454
758764
749489
748719
756559
769249
773947
787711
788887
783007
782265
774425
765150
764400
773675
775061
777634
778384
775811
774425
793073
794855
821789
826397
838829
841279
844033
844879
845935
848791
844765
846943
848139
852087
844107
841929
840733
839133
847113
850233
851833
847885
844765
847621
852229
861029
879677
880121
880697
881513
881558
884400
884796
894071
895121
894677
882245
879749
878424
877374
879870
877028
877472
883232
861656
858541
822991
832266
836826
832548
823273
848941
844381
843641
834674
837789
838529
851634
852915
874491
875877
874491
873675
873630
873054
872610
853962
845162
842306
842882
842927
843371
862019
870819
875427
870819
871635
874491
873645
899313
908280
886704
877429
872869
894445
897560
894445
893705
858155
858895
894445
903720
902334
906894
881226
882612
881331
878475
883083
883899
884475
893275
888667
887851
887275
878475
878520
878475
881331
899979
899535
899979
881331
882507
883227
874427
879125
876419
875975
876551
862787
858089
845399
851279
843439
842863
856627
864467
863651
866507
879197
883895
885071
885813
876538
881146
890421
890865
897217
891337
890161
889419
889464
890280
887424
882816
874016
855368
855323
873971
865004
843428
842042
841302
876852
898428
907703
916670
918056
943724
946839
951399
942124
937564
938304
912636
909521
873971
892619
884779
883963
884407
883963
865315
856515
851907
851499
851544
852360
855216
859824
859779
859203
877851
862495
863071
891253
878563
914113
912202
909562
908366
909562
912442
915082
927772
892222
894133
891253
892639
901606
937156
937896
941011
939625
913957
939625
938885
903335
898775
908050
929626
926511
904935
895660
886693
891253
909901
882967
881911
877303
864871
865717
862963
844315
843469
844525
846307
843857
842075
869009
881441
886049
888499
891253
890677
893533
894109
894064
893620
874972
879580
888380
879580
898228
893620
894064
893248
893293
894109
891253
887821
888365
875865
884361
875394
872419
871875
884565
882200
873704
876679
875079
876679
880111
889078
901578
888888
891253
879783
902463
900513
926181
947757
944642
943902
934935
933549
928989
903321
912596
915711
906436
907176
942726
907176
908562
913122
891546
900513
901089
903945
908553
917353
936001
936445
936490
936445
937261
934405
925605
906957
906513
901905
901089
900513
887745
890318
917252
914498
927266
924693
920204
916984
915928
917124
919878
920620
934384
935560
934818
942658
937960
950650
949474
935710
940408
927718
921838
927718
936993
927718
919878
915270
918126
917310
908510
908066
889418
889373
893981
891125
891941
891365
891941
892385
911033
917385
916643
911945
919925
927905
925265
925310
903734
894767
891652
882377
881637
846087
844701
840141
814473
811041
816753
820185
819129
820305
817965
819021
817845
812133
814473
806493
814989
829031
829847
827841
827265
826449
829521
820791
812295
812871
821601
829581
826509
828687
827491
829091
832211
840191
836243
840191
838591
835471
833293
825313
826509
829005
837805
837229
840085
844693
845269
845713
845758
864406
863998
855198
836550
836106
831498
831453
830637
831453
830841
829905
826785
813021
810165
801365
798145
781580
787724
781580
780764
780719
780275
775667
766867
764011
763435
744787
737677
740250
713316
710562
709716
707266
702658
701602
706210
693778
694624
697378
724312
736744
737800
739582
758230
756448
758898
740250
747894
751326
764094
765290
765834
768494
776474
768634
754870
745595
732905
727025
726283
721585
720409
732841
720409
717567
716517
714021
704746
707242
716517
717567
717123
719965
720409
717337
725317
725761
735036
733650
732900
735473
726198
726948
728004
754938
757818
758940
756367
757753
750643
758287
761719
754075
750643
737875
750643
750099
758079
760739
759543
760739
761283
753303
750643
752593
753789
756669
755473
783337
785977
798667
800578
798667
785977
759043
723493
720613
721735
724615
751549
752605
749725
747085
745963
744907
741107
768041
765381
784029
783183
780429
753495
741063
736455
735399
732949
733795
715147
716929
719379
720435
725043
721935
720153
747087
749841
747268
744514
731746
727257
728857
737824
725324
725868
717372
729872
738368
725678
729110
728566
725591
724310
721945
718513
716913
719278
731968
734943
738063
730083
727905
726305
723425
722369
721173
717225
744159
747039
745917
749865
722931
724053
725653
726849
734829
731709
732765
734943
733887
730791
730215
728037
735681
739113
751881
744237
740805
728037
726841
728037
728581
736561
739221
738677
736017
728037
728613
737343
745839
746655
738159
746139
732097
723367
720295
723367
715387
714571
713995
728037
726087
727023
735990
741750
739385
741005
739949
762629
782165
783287
810221
809165
782231
785111
783989
785045
782165
783215
782473
801891
803491
804613
805464
808579
811152
813063
824533
816889
813457
800689
792709
792165
790969
793629
801609
802153
803349
800689
798324
789524
790370
777938
777092
774338
747404
742796
739688
737238
755886
756942
755886
768318
772926
771144
773594
778083
779865
782619
791894
795359
796979
798149
799535
807179
780245
777365
776243
777299
780179
781301
803195
802139
800228
798628
795513
784043
785643
786765
787616
789527
800997
803570
802448
801597
799024
802139
789707
787211
786767
787817
784975
794250
797092
797536
800032
790757
803189
802139
800179
792535
807628
811093
803449
802063
792788
789323
790709
798353
796733
797903
796733
798353
786238
782212
779585
784283
781918
779164
780764
782675
785790
797260
798111
799233
797633
800206
788736
786163
783048
782197
781075
779164
780550
789825
790995
792615
796080
794460
793290
784015
776035
775491
774295
776955
784935
785479
786675
785289
782629
779164
786808
779164
775568
776690
777746
796392
795270
794074
767140
731590
728950
727039
729919
727039
725983
723103
710413
711799
714372
713622
712236
702961
700388
701138
698023
699623
700745
701596
703507
702385
713855
716970
715370
714519
712608
710035
698565
707840
710413
711583
715048
716434
724078
720613
719227
718057
716437
725712
726882
728502
720858
711583
707635
709813
717793
709813
708617
707017
710965
712161
709983
711583
714703
711583
720383
719465
717515
720635
718185
717009
694329
693489
684689
690569
687449
689234
691988
693164
695614
718294
720244
718459
721032
732502
735617
733044
732193
730282
729160
726045
726896
728807
727207
728807
729929
718459
720079
727919
727964
731079
739809
752309
755429
769193
780663
773019
771633
770463
779738
783203
784373
782753
784373
792017
782742
779277
780663
779541
778485
751551
748671
749727
770277
773157
774279
771525
770679
768229
741295
768229
755797
737149
732541
733387
732331
730549
742981
747589
766237
768019
770469
771525
774279
788321
779354
765312
767097
769757
767097
759117
758573
759117
767097
765901
767097
770212
769090
769941
771541
768426
766826
764253
763402
764524
775994
778567
780478
778567
767097
758601
749634
737134
735534
733419
732875
729900
726468
724103
722933
713658
715278
711813
719457
718071
721536
713892
712272
714507
715893
712023
708951
708135
700155
691425
690849
682353
668311
665738
664887
666487
667609
670182
672093
683563
686678
685556
683645
680530
681381
679781
668311
666925
657650
661115
657650
665294
666680
665510
666680
668300
660656
669931
668311
669367
668311
665431
664309
691243
664309
665431
668311
663487
650987
653352
656817
658437
659607
668882
670268
666803
665183
664013
656369
654983
645708
653352
650779
648868
648017
644902
643780
642180
630710
622730
622186
619526
620722
623382
631362
630166
630710
633685
642181
639171
641811
661347
661891
669871
662227
660841
651566
650396
648776
645311
644189
641309
614375
613319
617927
620783
629583
630399
630444
631020
631464
650112
645414
651174
654394
666894
664234
666807
685455
686301
684519
689127
701559
728493
709845
712295
709845
712599
714381
709773
697341
670407
671463
670407
667653
666807
663692
655852
647122
635652
634032
633987
620223
632723
646487
654327
641827
643447
646567
658037
666767
666812
663692
666807
668985
671625
679605
679161
682017
686625
686049
704697
705141
686493
677693
673085
670229
671045
671621
671666
671621
680421
671146
668304
665808
653376
652932
652116
651066
643086
640244
641440
644100
641440
633460
632264
640244
639700
640244
621596
624046
636814
630670
626722
627166
627121
626305
617505
612897
612942
613758
614334
623134
627742
646390
649246
646390
645194
646390
645946
648124
629476
627298
624178
622578
614598
622578
625698
627298
626722
630670
633424
631246
631201
626593
617793
614937
596289
595845
595269
595845
595029
603829
603874
606730
611338
629986
630430
631246
625486
624670
624625
620017
619573
600925
592125
591549
588693
588738
589314
589758
608406
617206
621814
624670
625486
623308
620668
622846
630826
633466
625486
623890
615910
618570
618026
615366
623346
624542
623346
623890
626463
625077
634352
631779
632529
633915
624640
623890
623446
623491
624307
621451
616843
608043
589395
594003
594579
594003
594447
613095
615951
615135
616895
616850
613418
607706
606530
612242
611186
614618
615794
618134
619190
616850
598202
596420
601028
619676
621458
623908
624964
637396
636340
635494
632740
620308
593374
590924
591770
618704
614096
616850
638426
647156
646436
675380
678134
680045
688025
689985
690885
716553
716997
716952
716376
715932
734580
739188
723832
724408
724453
722693
718085
717269
718085
715229
718085
699437
698261
733811
731861
745625
733125
730010
733125
740965
727201
730321
722481
713751
710631
712251
724751
723131
723176
711706
723176
723131
731861
731045
730469
730025
734633
734588
725788
707140
702532
699676
700492
700537
701113
709913
712769
713213
731861
727717
753385
750529
748618
740638
739442
736782
736238
731630
712982
713558
712742
703942
704386
707242
725890
734690
739298
739343
740159
737303
737258
736814
736238
738416
735776
727796
725618
728258
736238
738898
734290
731434
730618
730573
729997
729553
710905
702105
697569
710337
709617
686937
683137
682693
679683
669597
670793
669193
671371
679351
683299
675319
672199
670021
671621
670425
673545
669597
670773
671949
663969
662913
660159
661005
656397
637749
635967
633517
636271
623839
596905
623839
622993
624049
628657
630439
649087
659239
661689
655809
658784
660962
652982
650342
652982
660962
658784
631850
629354
632196
630866
630821
627706
626086
617356
604856
601736
593896
582426
568662
565820
571580
573260
585950
586850
589922
593037
591841
587815
588259
585686
590294
604336
607090
610065
628454
622769
620129
622307
621461
619283
627263
629903
627149
614717
610109
608327
589679
581699
554765
552315
551259
531723
532527
554199
552813
552063
542788
543538
546111
537242
538628
536055
510387
512347
538015
509071
507111
506211
503457
506211
507111
509022
507111
499131
528075
536055
538935
540131
548111
550289
553409
555009
553813
551635
550035
546087
538107
534987
538935
534399
532221
529581
521601
544281
542331
533364
532920
537480
536580
530820
533935
546625
549697
555457
553777
554677
556357
543667
540595
537480
532782
536730
537780
536730
534280
536065
541945
544699
545875
544090
546540
545364
542244
540484
517804
540484
538534
547334
550454
552404
551564
548810
527138
548810
551690
579872
581492
584924
593724
595506
597456
606423
620465
623219
626194
617227
635616
632641
628033
613991
611237
592848
597456
592967
584987
586607
585411
581463
579285
571305
568185
566585
567401
570257
573011
573862
580182
582547
571081
573421
574543
582187
594877
593197
596269
593197
598957
600637
601537
604652
603752
600637
587947
582187
584527
607207
609118
616958
617708
613430
611645
610895
620170
621556
620170
620920
618347
609072
611645
619625
621585
599913
597159
568215
566304
558324
573346
574246
548578
547678
545718
548472
574140
603084
604995
599235
585193
572693
567809
566479
574459
571819
574459
575003
574459
593995
593059
597007
595387
586891
567473
573185
576617
577673
578849
576509
578849
575417
574361
573185
567473
553431
550677
547702
552310
555285
564252
545863
541255
532288
546330
549084
567473
568373
555605
552490
558250
557350
555670
557350
551590
552490
555605
542915
555605
558677
555605
557945
555191
552851
549995
543675
544491
542126
544491
543640
549960
552816
552000
564690
567444
568295
555605
533933
531483
530313
527338
514570
512205
511029
475479
478551
475331
453755
456765
431097
432153
450801
451923
461198
435530
434630
405686
403726
406480
408391
400411
397657
423325
452269
450358
458338
459238
461198
460448
451173
449787
447214
448600
450560
472136
485900
483327
490119
490869
491685
492531
489556
491176
509824
519099
517977
499329
490054
491176
485416
483736
480664
483736
496426
497326
499006
486316
485416
491176
494291
491176
513856
515767
518107
525947
523607
515767
513856
491176
491752
513328
515988
516033
516477
529167
535487
538241
535385
532631
526311
523946
511256
510440
508100
510956
510105
512445
513261
515626
516477
517293
517338
517914
520770
523626
524070
528678
531786
526026
527786
523178
514211
495822
492847
478805
483413
501802
504556
518598
527565
524811
527786
526664
535939
537061
527786
524678
543326
562862
561686
558830
559646
559601
564209
563633
582281
582857
583301
582857
582041
587769
586009
588865
584257
584302
565654
570214
571114
574334
576294
577014
577818
585798
588458
587336
572455
591103
581828
582950
564302
563486
563930
564506
567362
567317
576117
573261
572817
572241
563441
568049
566513
547865
566513
566558
567374
579154
607336
608182
608998
609748
608998
608182
604156
603310
594510
575862
571254
571830
572646
576642
555378
557138
561746
562190
561374
561419
560975
558119
558074
557498
556376
537728
556376
547101
548223
545462
545906
545951
545375
545951
548611
527035
524375
524330
545906
545462
543502
538942
539842
547822
544602
543882
543078
542178
544138
536158
540718
541522
542242
545462
542606
541790
541745
541169
540725
522077
520317
515709
520317
529117
547765
548209
548254
548830
551686
552502
554452
573870
576880
586966
588162
613830
616170
619026
617904
636552
627277
628399
609751
619026
610296
611916
631308
628554
629370
629415
629991
630435
649083
642343
646951
638151
619503
619059
619014
618438
617622
614766
617622
613014
605034
606994
603774
603054
602250
601350
605910
613890
611930
607370
610590
611394
612114
613014
622289
640937
642059
632784
631662
628554
623946
624762
624807
625383
625827
644475
653275
657883
660739
657883
649083
630435
629859
629814
628998
628554
630234
627119
626219
631979
635051
647741
650856
651756
648684
635994
634314
628554
627504
656448
656493
634917
632257
631813
653389
652813
653257
655917
655872
656448
647173
628525
627403
622795
622840
631640
629690
607010
604560
603384
600528
598743
592863
589743
588927
588882
588306
587862
579062
579638
582088
604768
605584
596784
578136
580992
585600
587550
606198
614998
618118
619903
625783
628537
629713
630157
627403
628219
630584
643274
649594
652348
653199
656055
658395
655539
653199
650445
649629
647264
640944
628254
627403
627023
598841
597995
602555
603275
606495
598515
597699
596949
581991
583951
591931
592831
590871
589971
585411
584691
581471
580667
577811
577856
569056
564448
564892
565396
574196
578804
581660
582236
563588
563012
562967
562151
562967
562523
565277
565889
566789
567605
572165
572120
569264
564656
555856
537208
536764
535948
537004
536428
538388
530408
531308
526748
531308
529348
530068
529168
526414
527218
526498
523278
518454
526434
525534
523574
522770
518492
516581
508601
511821
509194
511948
509194
507188
516155
511547
502580
505555
502580
516622
521230
539619
542115
541311
543971
544016
544460
543884
544460
541800
541356
541311
562887
541311
542211
541407
542211
541491
542211
534231
542211
546771
543551
546771
545871
541311
539351
541311
538431
538671
543369
546801
548586
553194
556309
557569
558385
584053
587173
587913
590755
592435
579745
581425
584540
587612
581852
578780
575665
573985
573085
578845
579745
585553
583213
578677
570837
568926
566966
568926
576906
581466
560880
560076
560976
552996
549776
549056
552276
552996
552096
547536
544656
549216
549171
549747
553343
531767
532211
532256
531680
529020
528576
531236
534092
531727
529387
531752
530936
531787
532603
538923
551613
553953
551097
538407
537556
531236
528482
531236
531986
532832
533120
536192
531632
532532
533144
528584
533144
532328
531428
528674
529490
528878
531632
508952
507332
508074
508794
504234
505134
507094
507898
504678
503958
503154
502254
510234
502254
500294
504854
508074
507630
508752
511325
530861
531761
543541
531761
536321
531761
539741
542961
539741
538841
538037
537317
538037
530057
532017
532821
530861
528521
527465
528641
522929
523985
520553
526265
525089
528521
530861
527265
527220
526776
524116
523540
504004
511984
513376
513920
516560
508580
505940
505396
510004
495962
510004
512758
515733
534122
543089
540335
521946
517338
508371
505396
510094
511819
510919
506359
505555
503595
502875
499655
491675
494790
491718
479028
475913
474233
477305
476405
489095
483335
489095
490775
491675
478003
483763
502411
504136
505522
506242
512122
514876
507232
507974
509096
517592
537010
544850
547604
560104
560716
557962
553402
552502
551686
556246
557062
557962
560716
560104
555406
558838
559078
563776
560344
560104
547414
545074
544223
541469
535149
532784
529928
529112
531023
527075
545464
552656
556456
557196
557640
560650
542410
543532
539584
544282
545882
567554
575534
578966
591734
599378
598118
597302
571634
569849
566729
567469
570584
571400
573185
576305
601973
606581
601973
601233
602493
599378
605258
606380
600500
597490
597046
596306
591608
590008
588886
591896
592340
593080
576388
577988
576602
577344
571584
568830
567105
565719
564999
564019
566773
548125
549511
551236
569884
575644
576624
577344
580354
580798
581538
581094
578084
572204
576902
582782
582042
577344
575744
577344
576222
577344
575724
574974
571859
559169
556097
550337
548657
547757
534989
542633
546065
542633
555401
547757
546941
549695
545135
545747
545135
546035
546851
551411
550511
547757
548879
540383
520965
529461
521621
534121
521621
524375
523253
520499
528339
547757
550767
550027
545329
545773
539893
539449
545329
546069
549051
550651
551773
548763
547641
546041
543066
529024
520057
515449
497060
494306
494750
497760
497020
491140
490696
496576
494976
490278
489156
493854
495454
496576
497316
494306
497738
490094
497738
484970
481538
494306
494351
491495
494249
493127
493867
487987
484977
484533
483793
479095
477495
476373
479383
480505
482105
486803
487247
493127
493703
490271
490316
491132
494564
499262
499706
518354
527154
531762
534618
534378
529680
529920
532098
537978
540988
537978
536378
535256
536378
541076
542676
541936
541492
535612
536056
536796
532098
554136
556992
556947
553937
554993
557873
538455
529655
528839
529961
530537
529961
529517
510869
513725
509117
506261
507077
507122
507566
505226
523874
528482
532760
534710
535906
555324
558334
568420
565564
555478
551200
549250
548054
556854
559194
559806
558420
539772
538047
537067
537787
556435
559189
560914
558160
559140
560526
554766
554046
559806
541158
532358
533174
533219
533795
534239
552887
557495
560351
564111
552331
564111
563535
563490
562674
558066
555210
554766
551756
551312
550572
551552
549952
548830
547990
543292
530524
522880
519448
514888
513988
516742
513988
514804
519364
518752
517936
518836
519448
528248
532856
514208
517064
517640
518084
518129
515273
514457
514412
513836
513392
514208
532856
528248
519448
522328
523504
542922
545802
546858
543978
517044
515988
520477
521599
524353
523231
531211
523371
510871
519367
516613
497195
488699
487577
490331
491453
503953
511793
531211
522411
523587
546267
549021
551471
548351
554231
552281
546401
543647
541862
539412
534876
525532
527317
530437
532387
531211
530767
549415
548599
548554
547978
556778
561386
556778
553922
554738
554783
555359
536711
527911
530767
531211
528139
523315
524295
538337
539317
539605
540181
540625
559273
559318
557536
553510
552694
552118
552934
552490
533842
525042
520434
517578
514146
512526
515382
515337
519945
528745
526795
517995
532037
531057
532037
517995
520875
521997
520875
547809
543320
542264
543320
540440
541636
544516
556296
570060
570802
572980
574930
582770
590750
589850
597830
598274
597830
597254
597209
615857
620465
601817
597209
594353
595169
595214
604014
603198
594398
594974
597830
594715
593735
579693
577908
578888
578148
575028
589070
584462
587582
583304
582488
584273
587388
588128
586868
591476
592736
593552
619220
619940
615056
612046
605164
603544
603988
599380
580732
580777
581353
583113
582669
568627
565771
566587
566542
565562
564986
583634
574834
579442
593484
596340
595524
596504
598844
600755
608595
631275
629889
628164
627444
625484
624324
625175
626900
605324
599564
596810
578162
577182
550248
547368
546246
547302
548424
551304
550248
577182
591224
577182
578162
577182
572574
572619
571803
572379
572823
591471
600271
604879
604834
605650
602794
584146
587002
585242
584666
584222
585122
584222
581468
580652
585212
580652
581264
584018
583406
584222
562550
561494
563405
549363
550343
549363
563405
562961
554161
551305
547873
552571
552811
556243
551545
551305
546697
528049
527473
524593
523417
503999
506879
508055
527473
526657
526612
540654
541634
527592
526612
525556
528436
539608
540664
539542
536662
537784
510850
498350
497228
488732
485978
498478
506318
525736
534232
535354
538108
530268
510850
513706
510952
513706
521686
513706
521546
524426
536206
535318
537496
539446
531466
530270
528092
529288
537268
538010
530170
527290
525340
524598
538640
539620
525578
511814
500034
499054
497998
512040
511060
497018
497998
497248
499613
502493
529427
530549
529427
526547
499613
500669
499613
498633
499613
485571
499613
496541
499181
498893
510363
512936
516051
517651
518502
519624
521535
520555
506513
507449
507069
504496
503440
506872
506021
507197
505481
502366
500026
502366
503217
508929
507753
508809
497339
500454
499638
497727
500300
501422
499822
501422
512892
511770
513681
516561
513681
534243
533631
532509
533565
534687
533787
531033
526473
499539
498483
497667
500547
481129
479953
477073
478249
497667
496471
504451
492671
478907
476957
474779
466799
468977
461137
463087
460207
473971
485751
488631
489373
497213
498409
497667
498789
501362
504477
502877
501755
498640
500240
511710
500240
497667
495756
494905
496816
497667
492969
491913
464979
463857
490791
487911
489033
490089
492969
494091
482621
479506
478655
477533
474779
462279
454439
435021
437594
435994
434872
432961
436076
447546
449457
450308
451430
454184
451611
464111
465711
473551
492969
501465
499341
511121
499341
501291
498795
490815
488061
496041
498795
490815
490271
487631
482747
482987
479555
479315
482747
487445
482747
494217
495339
496939
495154
469486
468670
467410
464295
459687
456572
445102
442529
440618
439767
438645
437045
440160
442733
444644
445495
442375
441635
442385
442673
440993
414059
411179
410123
409001
411857
411011
411857
410735
407620
396150
393577
395177
393577
391666
393577
394428
395550
394699
397272
408742
411857
415250
418092
418896
410916
413094
412352
420332
408552
405672
397832
399028
391048
393928
401768
402510
404460
418224
430004
416240
418418
416468
415272
413094
435774
437685
435345
412665
410754
402914
405254
413094
414694
417809
418660
407190
409763
411674
410552
407437
406586
407708
405135
403224
414694
413094
414270
411390
405510
404334
384916
387796
397882
410572
409830
429248
425448
422606
421006
417891
415318
413407
412556
411434
399964
412464
431882
412464
411342
398842
396088
397210
405706
397866
389370
392124
399964
397337
397625
416273
416318
416894
417710
420566
425174
433974
434418
436038
435296
439096
436342
444322
447076
439096
438280
441136
459784
460228
455620
456196
456241
453385
462185
466793
457993
457549
456973
456928
457744
439096
441976
441234
441976
449816
451012
449062
457042
459220
445456
447906
445728
457508
445728
442848
441652
433812
435762
449526
441546
440804
440759
439943
444551
441695
437087
445887
464535
464979
467835
468411
467835
468651
459851
459407
440759
440804
446516
446471
446516
427868
425012
424967
424391
424967
420359
411559
412375
411931
411115
413971
418579
427379
446027
446471
446711
445535
448967
429549
430725
427293
427053
422355
425235
429933
427053
446471
447317
440125
438400
433840
434890
437255
438377
443075
455765
441205
442965
442389
433589
452237
453053
452237
449129
449084
451940
447332
473000
474950
476146
495564
498574
508660
505804
503464
499186
497236
496040
476622
473612
463526
463082
465938
470546
472886
474646
471790
472234
472810
472855
478615
491305
489394
492787
489394
486552
489394
489528
488724
491944
492388
495230
505520
518288
529758
529182
528366
532974
533418
533994
534039
534855
531999
527391
525631
525586
506938
506494
525142
527998
520154
541730
547610
548426
548471
539671
535063
534247
515599
515155
514579
533227
533671
534247
543047
545903
550511
550466
547610
549975
551025
563715
559017
556652
555672
553912
552862
540172
541152
540030
541152
549952
554650
553528
541028
533188
541028
553528
556282
547786
545012
564430
551536
552658
549904
547726
539746
531906
531164
528284
516504
502740
500790
508630
510580
509384
523148
534928
535670
538550
540728
541924
549904
542060
543236
545990
551870
553655
556775
550895
548945
547769
545319
547269
545484
542730
545180
542060
540300
535764
551794
552610
555466
536818
536002
535957
535381
535825
554473
555049
554605
554650
561002
565610
561002
552202
553018
550162
541362
541938
543698
555622
536033
535457
534641
534596
534152
515504
520112
515504
512648
513464
513509
503953
506707
494927
500827
492847
490093
498073
519649
520225
522885
522930
523374
523818
519329
516109
515665
502897
500055
511525
514367
523321
526541
515071
527839
529789
541259
540279
535671
535626
535050
534606
532846
514198
513382
510526
511506
509141
528559
519759
520935
523815
524937
527302
509555
504857
502083
499203
498027
485337
484287
483307
485067
483945
486060
487110
486498
484158
482198
480287
457607
458783
484451
478571
479767
487747
486551
483671
484413
470649
468699
466521
458681
457939
459889
458559
446779
458559
466399
468577
471457
485221
486271
495071
496193
493828
496193
500891
499911
498151
497101
494986
507676
502978
503958
502836
498138
498378
494946
494706
499404
502836
502791
524367
520771
520816
520240
517580
517136
517712
518156
520816
521866
541284
544399
544111
541933
538713
535871
531382
534602
534158
522688
523132
525974
542333
555101
566571
553803
561643
558889
571389
590807
593561
592439
583943
564525
556685
554185
555307
563803
542131
541997
538604
535762
523072
522022
521042
518677
513979
526669
517869
518919
527719
532417
531295
532417
534782
535762
532882
531706
512288
513464
532882
524902
527782
525028
517048
517624
517048
517003
516559
516604
513944
514388
517048
538624
517048
515323
516709
503941
515411
528179
538469
526999
527443
530285
503351
500509
503729
500509
500065
513829
515779
502015
490235
487355
486613
478773
477577
469597
467419
470299
471041
482821
484017
486195
494175
492225
500065
498154
495400
494278
485478
484498
485548
498238
497188
484498
479800
480780
478415
480780
468190
469312
474010
476350
477406
478582
484294
480862
475150
473974
477406
476350
474010
473030
475603
493992
494436
493992
494568
505569
508229
508274
505614
484038
483993
483417
482481
483531
482481
484846
485968
486948
495748
500446
495748
493383
492261
491281
489166
480366
493056
490282
487528
479688
478566
470070
457570
460790
457570
446100
445656
446100
448942
446100
458868
431934
419166
430636
457570
458506
459682
458506
455074
454834
450136
469554
450136
447256
450136
447771
450651
452601
460441
446677
444727
443985
436145
434949
426969
424791
413011
410131
412309
420289
421485
422227
425107
436887
450651
451393
460360
459640
460360
455662
464462
456266
455216
456266
455286
456408
455286
459984
447294
459984
457619
448819
451184
454040
456920
458520
458475
459051
456391
434815
434239
433795
433840
455416
455860
458520
470300
458520
467795
486443
487565
486815
485964
483786
495256
492414
501204
500760
503602
490834
463900
476668
479888
468418
468862
465642
466967
467579
466457
447809
438534
439656
455424
455136
452280
443480
445391
444411
445461
450159
457999
445309
447649
445284
440586
453276
462076
463056
464178
466543
465493
488173
487051
489805
490093
488768
507416
508538
489890
488768
498043
497467
475891
473231
473186
472742
470564
462724
461528
460786
449006
435242
433292
430412
422432
430412
449830
451006
453886
434468
433292
430412
441882
442818
448896
451650
452975
460955
451680
452802
434154
433032
442307
460955
464903
500453
521985
521005
512205
515047
513997
501229
500785
527719
540487
551957
556655
543965
547185
535715
538080
511146
508304
505939
506383
501685
514375
511155
510033
511083
519883
521005
521985
527745
527457
525007
532987
531037
529915
511267
512389
531037
521762
531037
542507
545622
546744
548344
550917
551768
553679
535031
533909
524634
525756
544404
553679
556794
555672
557583
555218
554096
553116
552066
539376
534678
525878
523305
524156
522245
524818
536288
539403
537803
526333
523218
522367
523489
525089
520811
518471
516521
515325
512551
509541
499455
496599
483909
478197
487472
506120
504998
486350
487472
478197
466727
453959
427025
424183
423739
420519
421641
423241
421330
418215
406745
407596
406474
404874
404023
415493
418066
419977
417404
420519
420111
417471
415356
414234
404959
386311
366893
364013
365795
364619
363019
360446
363561
365161
367072
363957
362835
361984
360073
361195
349725
352298
363768
364619
367739
369689
392369
391193
392369
395123
392369
383569
380449
378664
372784
375234
373284
368748
377548
379333
385213
382763
381143
378570
376970
378570
377719
379630
368160
365045
366167
364256
366829
378299
377177
380292
381143
381893
382133
384793
387649
386803
398273
412037
413822
412700
424170
427285
429858
431458
432580
434491
432891
429776
428925
427014
427865
416395
413822
416702
419558
416678
413822
412222
413822
411249
409338
408487
407365
404250
392780
404250
406823
407674
409274
410396
412307
410707
413822
414673
413497
401717
398602
396029
384559
383437
382586
380675
379075
378229
374867
371067
373821
375732
383572
381232
358552
350712
348801
371481
373821
369543
372658
351082
363582
364758
376228
379108
380708
389675
389915
394523
392229
391413
388533
397333
398509
406489
406933
409429
410005
428653
431103
424867
422294
417410
416288
418238
419414
429500
432615
429183
430359
424647
430359
431415
433755
431415
434847
433791
432615
434575
448339
440359
437605
440359
439423
440359
448339
459809
448339
447014
433250
426763
439531
447175
450607
456751
450871
453511
456391
457587
459498
472188
489594
488544
491519
488892
489336
493944
502744
521392
521968
522013
522829
525685
538185
543897
546470
538826
526058
522626
535394
538826
546470
547046
555846
560454
560409
559833
559389
558573
559017
550217
568865
564257
561401
562217
543569
546425
546470
549110
550710
549774
546894
549774
549558
551158
549558
546702
565350
574150
577006
581614
582058
582634
582679
582103
582919
578311
569511
550863
550419
550374
549558
546702
545982
548957
550868
553724
544924
545740
530384
549032
549476
548900
548855
548039
545183
544739
526091
526667
522059
526667
526712
539480
536048
543692
536048
523280
526712
523184
504536
540086
537230
543374
551214
550398
554198
553622
553178
553133
553949
555709
566407
587983
589369
574273
569665
574273
574849
574894
579502
581952
573152
575725
571189
563349
561438
559098
556602
557092
557668
560164
563272
563383
564559
566155
564395
561945
562749
561573
561129
560325
559749
541101
549901
541921
540640
544588
525170
523220
521834
518719
537367
541975
540215
537359
540215
540791
541235
550035
549459
549414
546306
546351
547167
542559
541743
541299
541587
551673
554169
554303
559127
556554
556110
556155
553299
552483
571131
571086
573942
582742
582166
582982
583426
578818
570018
551370
551946
556554
554104
518554
513946
512560
504720
483144
490984
526534
532678
526534
523961
520161
522611
526411
528984
550560
551946
556554
553122
545478
532710
542796
545916
571584
572640
572352
569496
560696
559880
562736
567344
558000
576648
577224
577269
578085
559437
558993
558417
558861
558816
554208
555012
552372
550461
553101
517551
519462
532152
535032
536228
523538
520658
556208
555012
556962
560077
558901
548815
545700
543750
544926
555012
550404
553260
550404
549588
549543
548967
553575
544775
553575
572223
572667
573243
573288
574104
555456
555012
519462
513318
514704
522544
544120
547920
545470
551614
549041
551614
530038
526238
518398
523006
558556
553948
552562
555012
550404
550359
541559
540743
540299
521651
521075
518219
520879
530965
526141
516055
516859
517147
546091
543595
543307
545803
545669
548784
548042
550492
549106
551679
553065
550492
544348
541898
546506
553616
575192
578992
586832
582224
574384
552808
517258
523402
519602
522458
524636
533366
544836
557336
554456
556056
565023
552523
551347
542380
540780
541956
544836
533366
531416
533866
542666
543842
546596
542060
564740
566690
563570
561785
559031
553151
559031
560816
563936
555136
552686
551510
555999
557055
558177
557373
554877
525933
529398
532278
542364
571308
571020
560934
563430
564234
562452
570432
570720
575328
573942
566102
544526
540726
576276
582420
579970
582420
583806
581233
545683
548256
543648
547448
551044
558884
552740
551144
553640
554084
545284
544708
544597
545173
543997
543193
542703
543879
540771
559419
556923
557727
565707
568157
570233
578213
578825
581321
577373
574493
571613
570491
597425
596369
599249
600849
596360
594760
591904
594784
597640
598696
599818
586054
584458
572988
570234
569298
567973
561829
566437
568887
575031
539481
542054
555159
548295
544495
545881
541273
538700
536250
544090
547890
544294
536454
535068
532188
530858
534290
517316
516465
517269
514609
514369
513619
512815
510319
512979
513729
513969
503883
506379
506667
535611
506667
506379
503523
506379
502353
508497
518583
516672
517868
530558
517868
515228
508118
510029
507149
509789
545339
548219
547023
542534
569468
572348
569468
570590
571646
554470
555646
554590
553468
550714
563214
557454
557499
557943
560603
564199
564775
561179
557379
549539
555683
548573
546123
543550
537406
572956
568348
570921
573371
594947
596333
594947
602787
606587
611195
614267
625737
623952
637716
639501
628031
614267
609659
608537
607481
608603
611483
612539
609659
636593
609659
574109
567965
575805
578378
582178
577570
599146
600532
605140
607590
613734
649284
646711
638871
637485
615909
613459
609659
610835
620921
624036
625986
624810
622860
619745
616383
613887
616383
606297
577353
577065
577353
578157
607101
606297
603182
611678
576128
586214
604603
609301
617797
621017
624410
626906
627194
626582
640346
640922
638262
640922
640877
641321
662897
662321
658725
658281
658326
650346
623412
620532
621588
622710
621588
624468
651402
652662
651606
630030
622190
620804
616196
613623
611173
607373
571823
565679
573659
576299
578477
577901
578477
580927
583423
592223
591779
592223
600203
591403
588907
570259
569083
568279
586927
584477
576497
577673
572093
573149
567437
566381
564041
560609
562949
568661
569837
568661
572093
571805
542861
532775
530279
551951
551147
552203
549323
576257
579137
580259
553325
552269
551147
551102
550658
553318
553762
553186
531610
528950
550526
551102
551147
553643
545147
548367
529978
533371
533659
530439
538935
557324
552626
552338
549842
546449
544107
545163
545208
561696
560500
557620
554980
542290
540379
504829
509389
518664
527631
530746
552322
587872
589258
614926
615666
613026
615204
623184
625824
623646
615666
615954
621666
623391
626233
627049
600115
597235
598291
618501
621381
622503
621381
620325
622110
624475
627485
609738
611338
612460
612571
613411
613596
635172
635376
636762
641322
619746
645414
654689
653949
654689
690239
688853
663185
653910
650795
672371
636821
639936
630969
626409
635376
638256
640706
638046
616470
616515
615939
616515
616959
619619
641195
640751
640706
652176
660016
660061
663181
676945
678565
691065
699795
702910
701224
701964
707844
707004
708126
711136
711580
710458
708858
704160
703975
705575
705464
702454
666904
664048
661168
656608
657664
656064
660624
663504
664890
669379
704929
730597
704929
706254
727830
727090
727830
736797
735741
736863
733983
729494
728372
719097
697521
694406
697521
688554
687168
697254
698070
698115
698691
717339
721947
724803
705163
705607
697111
715500
715788
720486
722982
726375
729595
711206
707986
704593
702097
701809
697111
705607
707785
712483
715123
723103
715123
712483
713605
714345
714789
717799
719399
717221
712523
718403
717281
716541
716097
713087
707207
705607
706993
681325
680000
676885
655309
664276
668836
667450
703000
703740
706855
728431
754099
749539
758814
749847
742737
741997
743047
741136
744568
763216
763261
766117
774917
776702
774337
755689
746889
742281
739425
738981
738405
738360
737544
742152
742728
740943
741759
744124
744568
741688
743413
741813
770757
769701
768579
764090
762490
761750
761306
755426
756166
755044
752034
753156
754756
759454
759898
762908
763748
759050
760436
757321
735745
710077
714637
713897
704622
730172
730912
734027
755603
764878
790546
785986
784600
775633
740083
749050
748234
748189
751045
755653
746473
765121
765565
765610
766426
763570
758962
750162
749718
750294
749718
731070
749718
750894
758874
759678
760122
741474
742050
733250
730800
729204
728400
727224
726780
724284
723708
726204
735004
737454
737214
736770
734820
744906
746082
746658
746703
744043
743467
740352
740307
740751
762327
764987
761625
760449
762399
765514
743938
742816
741976
747856
755048
766518
793452
795052
807484
813364
826132
826872
827994
831004
829404
828960
828220
828664
825654
830352
825654
807006
806961
798161
802769
802325
801749
802565
799709
795101
795677
796121
814769
805589
804773
807629
807674
803114
823886
827001
827741
829066
833626
835012
843979
879529
901105
897990
888715
867139
866399
830849
821882
820496
794828
791713
797857
795679
797839
800017
802657
794677
792037
803507
794540
792940
795820
804787
817287
818887
820063
807563
796093
795373
796189
795373
795328
794152
793708
793132
795988
800596
809396
809840
828488
828533
819733
816877
812269
793621
794197
768529
767473
764353
754267
764353
767473
793141
794197
791187
786489
786933
788055
787611
786871
791431
789831
792404
798284
801294
802034
806732
808332
802452
804237
803115
805293
779625
782740
784126
793093
794878
792513
794878
795618
793833
792508
789393
788653
753103
744136
758026
760577
786245
784859
780299
784859
820409
798833
802226
805446
787057
778561
778849
776353
771655
774151
770758
767538
785927
794423
799121
798833
801948
801132
801087
800511
800067
781419
784539
785115
780507
777651
778467
778512
769712
770156
782656
794126
801966
810696
819496
824104
824149
825769
844417
830653
829033
825913
813413
801943
793213
785373
799137
796022
795977
798833
796079
808847
811187
814043
810971
812093
815103
816703
816259
816703
821401
819801
820541
817531
811651
789091
787969
783271
782531
756863
749753
728177
725062
724322
719762
718376
717095
707820
707532
710374
709558
708742
710467
710755
716467
717283
714441
712716
731364
712716
708108
710964
715572
724372
715572
716148
715572
715128
715083
711487
710911
708055
708010
705350
704534
704090
704906
704951
705395
704951
701941
696061
691363
689763
688641
687901
691333
678833
660185
659369
658793
658748
663356
660500
661316
661361
661937
659793
678441
681297
676689
667889
667445
667889
670067
678047
675869
667889
665249
667889
665524
667889
669674
672894
670934
673384
671599
670783
670339
670915
670960
679760
679184
683792
686648
687092
687908
685052
680444
671644
652996
671644
671599
667651
664795
664351
659743
659167
640519
631719
631674
630858
630570
627350
624854
620156
611660
593271
589878
612558
615008
616184
618938
624818
626603
629723
620379
607947
605497
604321
599785
593905
586713
583593
581808
575928
573978
575928
573174
580366
591836
564902
570782
576490
580979
568211
580979
569509
567749
564893
566618
579118
587848
599318
607158
610273
610228
615704
617324
617369
614254
606414
609534
597034
595414
581650
578530
569800
558330
560695
562480
560115
557937
549957
548172
545532
564180
545532
546336
548786
557586
565566
564990
562494
553694
553250
555746
553296
553740
554916
553740
552936
544956
545532
543354
537642
534177
535353
543333
539901
537328
534353
542193
544104
566784
569124
566484
563369
564545
563369
565319
575405
572043
570093
573208
575573
573208
571423
573208
567496
566680
569522
571247
571535
571247
576959
574117
572392
573208
572038
575110
572450
569475
568671
577946
579068
597716
594601
597994
600874
597759
586289
578449
575329
561565
559945
551215
551170
538670
535814
533154
532914
533154
536010
538670
537920
538670
557318
548043
529395
528273
537548
538670
541526
542377
545131
551451
553816
566506
568846
569662
572777
569867
582635
578491
589885
601355
613787
609298
594045
594531
581763
570293
564413
557221
559586
557221
559006
557221
566496
547848
538573
539695
558343
557221
557266
578938
597586
588311
569663
568541
577816
578938
576488
576044
572936
564956
556156
555352
554176
553600
551104
548608
546823
535353
521589
522645
524985
530697
534129
533073
529641
528465
522753
523929
521589
502941
501819
492544
493666
512314
521589
523374
521009
523374
521589
513609
507465
516740
515618
534266
524991
526113
507465
508215
509031
509877
538059
546859
548539
549661
568309
549661
540386
539264
548539
546814
541102
540286
537444
540286
540574
540286
541102
542827
548539
529891
529279
529234
526869
525084
527940
515250
512394
513245
515999
522319
524684
537374
535009
537349
535009
534193
527873
525119
524268
525084
523962
514687
496039
487072
485472
482592
471122
469946
457446
452957
479891
491361
478593
467123
474315
487083
477070
471190
469392
456960
454552
456892
475540
474736
484011
491655
492591
497151
494036
495986
506072
504896
494810
492860
495975
497151
494651
495467
494621
466439
465689
466535
494717
495467
494651
517331
525171
522831
500151
498240
500151
492311
494651
493391
493679
521861
527621
524189
521117
519521
521141
519965
526285
512521
486853
483733
482677
472591
474211
477067
476863
477709
480463
478738
479589
482704
494174
496085
498658
499780
501380
500630
472448
471632
470786
469935
470751
473607
474458
477212
474872
474056
461366
459001
452681
449927
452292
464982
462126
464466
470786
469736
483500
454556
450960
451504
445624
442782
441966
436254
437070
432581
434181
433330
431419
444187
447302
474236
471663
460193
457078
458803
454659
457501
468971
456203
462083
469275
459262
452070
450948
451236
449511
452084
463554
452084
451796
457508
455908
457030
458941
459792
473556
502500
496356
496800
497376
500232
504840
504885
523533
524349
522574
519694
522914
511444
512566
511444
508871
506960
506109
504509
507624
519094
521667
523578
524429
521314
522914
523730
523154
514354
513538
513982
513538
494890
490282
499082
499127
499703
496847
496802
499658
504266
522914
514418
516038
517208
526483
527869
535513
538978
540598
538998
537087
534514
533663
532541
535114
536236
539351
536236
524766
536236
537836
539747
540598
541414
546022
564670
567526
564670
557930
558374
558950
554342
553898
545098
545053
544237
544282
525634
525058
522718
520894
522280
529924
526459
518815
517429
526704
525534
527154
530619
521344
522514
520894
521874
519424
510624
511200
510756
510180
505572
502716
499608
499653
491809
494917
503717
508325
511181
511997
511952
511136
512258
513109
515020
526490
529605
528483
531056
529145
526030
525179
522606
511136
512736
511136
514256
515432
512678
506798
505013
501893
504343
506293
503843
526523
524573
533373
524573
523397
525182
531062
533816
529280
525815
524645
533920
532534
530914
523270
524890
526276
527446
530911
521636
529280
530180
549716
540916
541732
540916
540472
537364
534508
529900
529945
529900
530476
530920
549568
558368
561224
565832
565256
563345
564945
561830
562681
564592
553122
550549
551671
550820
549698
561168
564283
566856
565256
562806
541134
539958
536843
534893
524807
532451
528986
527366
526196
516921
526196
530804
539604
540990
533346
536202
534816
534240
537705
538281
556929
552321
543521
543077
543893
525245
524429
521573
521618
523238
523682
524852
524807
525658
527569
530142
541612
540012
537439
536588
525118
523207
520092
521692
520570
523426
524548
527302
526486
529601
527261
525146
531466
532282
534622
536987
536136
533382
527062
524697
525548
520094
517238
517283
516467
516422
513566
514382
514958
514514
523314
527922
530778
521978
503330
502754
498146
498590
517238
516068
523712
522326
513051
505407
503787
500322
501708
510983
512153
515618
517238
515060
513884
512828
508268
503779
510971
498203
486733
482589
476709
489477
516411
527881
520689
526569
516556
513441
512319
500849
498276
496365
495514
493914
494490
494445
475797
475353
475398
474582
465782
466598
463742
466598
471206
470630
489278
489722
493626
489018
479743
478573
476953
484597
481132
479746
472102
481377
482547
484167
487632
489018
486678
484767
476927
472391
472679
479871
475263
475218
474642
455994
456810
456366
456411
456987
457431
476079
474304
478912
476056
467256
466440
469296
482064
485496
493140
498852
499140
501982
501694
503419
502603
500878
498036
492324
493140
494310
497775
499395
508670
505205
512849
505205
503585
502199
492924
491754
493140
489778
486558
483702
474902
456254
455810
455234
455189
454373
449765
441785
442961
452236
442961
439496
437876
439046
437660
439046
431402
430232
437876
439496
442961
439529
440651
437579
428304
424839
423219
421833
420663
413019
411234
408661
421429
429073
425641
417997
421429
408661
405805
411949
411098
417418
411098
408983
408167
405827
408683
409534
412288
424978
427318
424462
425278
427643
424889
422524
422479
423865
452809
454769
480437
482348
483248
486002
493982
493232
492992
490332
487476
478201
487476
495120
499680
492036
487476
488412
487476
496443
493011
485367
498135
501567
488799
496443
483675
479186
480242
479066
476726
473294
479006
480182
482522
485954
480074
472882
460450
448980
448164
447108
455604
491154
469482
471102
467670
454902
447258
452970
450128
448403
449219
448931
443219
446061
446349
448074
447258
455238
457188
465988
467770
469390
472822
501004
512784
525474
544122
546782
547226
547802
547847
561473
560657
557801
556950
554196
551831
539141
536801
530481
536361
549129
550729
549004
570676
570388
574188
582988
587596
606244
606820
606865
607681
610537
610981
617125
618061
621071
629871
639957
643177
644299
650011
658978
660100
658480
653872
656728
656152
653296
652852
634204
625404
626220
635020
635596
636040
654688
653872
653827
653872
658480
636904
658480
655820
655244
654800
657460
657415
657991
658435
658480
649680
645072
642216
643032
645888
646464
651072
654478
673126
673171
672727
654079
653503
653458
652642
653086
650332
642352
641452
639541
613873
584929
586840
612508
641452
643412
644312
647066
645106
648499
620317
632749
640729
641545
641590
644446
641590
640774
636166
627366
608718
608274
607698
607653
626301
635101
639709
640285
640729
637336
646136
641528
641573
640757
640712
640136
639692
630892
631336
628480
629296
629872
648520
644336
648944
630296
630008
630824
630008
632850
634575
634863
629151
626309
632021
630296
632936
636884
665828
667508
668704
647128
646552
646108
648768
649344
649299
649743
647083
647128
668704
687352
668704
664096
672896
672080
672035
671459
669699
674307
677163
674307
674751
675567
675612
676188
675744
674898
675510
672630
669515
663755
672555
675411
694059
694503
694548
691692
687084
678284
678860
678416
677840
677795
676979
677795
659147
663755
654955
653335
655675
660235
662685
664635
668067
667251
658451
639803
640247
639671
639626
635018
632162
632978
633023
651671
660471
663327
663903
668511
668067
669003
677803
676681
682825
683947
680937
680001
673857
676867
686953
676867
668067
671287
668067
669263
650615
655223
673871
674447
674492
675308
672452
667844
659044
640396
639820
639775
642631
630041
629225
629669
629225
629180
628604
628160
606584
607160
604500
607160
607604
607649
629225
648643
660423
662919
665929
673909
678517
684661
690373
716041
717991
716815
719569
713689
710935
733615
731165
708485
710270
713390
711440
717320
715535
712415
703615
712415
713591
716041
716617
714937
721257
712457
709601
704993
704549
703973
703928
703112
684464
683920
681064
682975
683911
705583
707948
719728
705964
709357
712017
712461
712506
690930
690354
687694
688270
688225
687781
709357
680413
676465
680413
683053
680413
709357
715117
734535
740679
734535
739095
746739
756014
748370
749306
747981
743421
742485
739989
745701
771369
763389
757677
769457
777437
774427
762647
736979
739989
735381
737877
744021
724603
729211
748629
742485
736773
736485
733643
731918
731102
731714
734468
735368
739928
740744
721326
729306
730206
728295
731049
723069
724980
750648
747894
771798
767520
766620
768580
739636
737676
735336
735780
736716
739936
742946
753032
754154
745354
739210
735990
732980
732044
716724
722868
712782
711660
714635
708315
708270
707694
686118
685674
683014
683756
682136
683522
663986
662810
660056
679592
687572
668154
656374
662518
668230
672838
675334
687114
712782
715792
710080
703936
700926
692946
688338
685842
660174
679592
680768
681619
652675
655335
649623
648447
649503
650679
649623
653055
658767
655335
652995
655335
654723
655659
654759
652848
653664
650910
639130
634570
635182
637936
657892
658792
663352
662416
640744
638379
650159
652070
654435
653619
639927
652695
638931
639987
668931
639987
637347
633399
636039
639987
639087
635867
635579
636425
639645
649731
658531
659467
662477
656333
657455
660675
666819
665697
662687
659467
649381
648445
639645
651425
677093
681701
687413
689909
696053
704033
723451
717307
712699
715709
690041
678261
675765
672755
667043
659063
639645
642285
645039
645975
646791
648411
644227
652957
653501
666269
665147
664167
651399
654241
656995
654241
618691
617305
609325
607414
608314
610274
639218
641129
639169
664837
639169
634345
633445
641425
644179
641425
640609
636049
636661
639415
640315
639703
638803
639619
644179
647251
645453
639741
637245
611577
606969
600825
589045
591541
594551
575133
558957
570737
577829
575857
580465
572485
569475
558975
564687
556191
557241
549261
545313
547953
551901
549261
520317
549261
561041
559130
561495
558399
546619
544254
546165
549261
550197
549261
550383
547373
550593
540507
539385
542395
548539
557339
558275
568361
559561
558625
555405
549261
552376
543409
556099
554479
555675
563319
575099
580811
586955
591563
610981
603001
598393
606373
603599
599321
593177
587465
590475
578695
582973
579963
577467
579963
575403
576219
580779
581391
580779
578025
578925
578025
577209
579963
581748
583348
583192
585532
608212
610123
617963
608996
610721
611525
606965
597690
596754
589110
586770
606188
600044
600488
600533
622109
622685
625345
613565
605585
601307
581889
589869
594477
600621
596013
598509
604221
601725
613505
639173
633029
636039
633029
627317
646735
644095
647105
647921
648465
657265
660485
654341
651121
642321
645441
654241
651231
628551
626101
624925
622171
621331
619546
616426
614476
604390
613120
615760
614638
605838
606774
598044
595188
596808
595188
594644
591890
590954
592076
602162
608306
609242
608426
611282
614036
613100
615854
618304
620254
626134
648814
649990
651775
654415
653293
655933
643243
672187
668239
639295
636655
640603
639703
637743
635832
610164
607410
599430
570486
575046
574206
561438
549658
547978
548554
549370
549415
552271
556879
565679
584327
584771
585671
584735
584123
588683
584123
584939
582185
581285
579374
580310
599540
601905
604659
605271
607182
595402
607182
606366
604001
600905
600329
599133
594573
592123
592168
600968
603824
622472
627080
608432
608876
609452
606596
597796
597352
596776
596731
595915
591307
592123
590523
587130
584034
582318
582762
582807
585467
584891
563315
560655
560211
560166
581742
582318
582363
582939
582123
563475
560619
579267
583875
565341
556541
556496
556052
555476
545700
546516
546960
542352
523704
523944
543362
547970
528552
531562
528552
526056
531768
519988
515710
521854
529834
524122
517978
543646
546142
557922
549942
545334
536534
545334
548190
543582
543138
542562
541746
546354
527706
528150
528726
547374
544518
544473
544518
545334
532902
541869
543651
544467
525819
525774
521166
520350
517494
517050
517095
517671
518115
536763
527963
527387
530243
534851
528111
535303
538313
537701
545681
536881
533773
535533
554181
557037
556221
556176
555600
575136
579744
576351
573495
568887
569703
569748
570324
570768
573218
591607
585895
587677
587233
587188
589848
589404
589980
590025
611601
611025
611469
589893
587233
581089
582025
590825
600911
602033
598813
595803
594867
586067
592211
582125
581003
584013
587233
583433
582691
582247
581671
600319
609119
613727
613283
613328
613772
612956
610100
610055
605447
606427
620469
621045
623901
624717
615917
597269
596657
599411
600227
601127
601739
600839
600023
595463
592709
597269
601217
597269
568325
570965
568325
597269
600389
601235
600255
586213
587193
601235
601280
598424
593816
585016
566368
565924
565348
564532
567388
567964
568408
587056
593408
598016
597971
598787
592643
580863
555195
549483
530065
525457
517477
514981
511971
509631
495589
494609
496949
519629
521540
529380
530360
531416
529505
521665
522787
525667
542026
519346
533388
542188
545044
563692
564136
564712
564757
565573
565165
564349
563773
563329
544681
544636
549244
540444
535836
548526
550476
573156
581956
582936
581956
595998
581956
603532
603577
606237
605661
606237
584661
582001
581956
581512
581956
579616
583048
581992
581416
582592
576880
575704
575260
556612
562324
562279
561463
552663
548055
549111
551451
548019
545163
547528
569200
580980
579069
567289
564924
561828
560892
562803
563739
562888
561502
559552
545510
544530
558572
559552
558430
555550
528616
555550
554494
557374
558496
559552
568827
576667
580587
586467
593277
597975
599151
588795
593493
596503
597625
598367
599967
600411
601151
615193
616173
602131
601151
594831
591856
590876
576834
590876
591856
590256
593266
592526
586646
586202
585080
580382
577372
583252
583992
588690
590290
591412
591856
593476
594292
594836
597476
596540
587810
584954
583334
582518
591248
592184
591640
594496
597250
594496
591856
587296
586480
585580
584968
582214
581158
579962
578906
577784
578840
592882
578840
581720
582842
609776
582842
579962
580942
579962
583182
593268
599412
577836
569036
570158
560072
559136
552992
549772
546762
546717
546273
543613
552413
551837
551882
552326
554986
569838
570414
571350
574360
573238
572498
570898
570454
567444
561564
564574
565018
566618
571316
577196
577936
579058
577936
573238
571456
567430
565810
564050
562100
558668
560846
559866
573908
559866
560846
568686
567510
566768
572648
581923
576037
589801
590977
595675
582985
583727
574452
568572
563874
550110
542270
542846
530078
544120
545100
531058
530078
531678
532122
535132
522868
521746
520146
515448
514708
514264
511254
505374
500648
501770
502510
499870
495922
498562
502510
531454
526630
527752
554686
555742
554620
551740
550684
553564
526630
512588
511608
505728
511608
514618
515358
514236
518934
520056
519316
518872
515862
517462
512764
511164
511608
505848
502628
499968
499524
499479
498903
477327
504261
505317
504195
501315
474381
473325
474447
477327
478449
473751
472151
471029
476909
471029
470585
473595
474335
479033
480633
481077
478067
477327
490017
481245
482570
473295
474471
488235
480395
467705
468447
467271
471969
471227
457463
465303
460605
458163
455321
449441
450611
452522
455532
461412
455532
454410
452810
448112
447372
452070
451134
452256
451812
453412
455777
452681
450316
451056
449145
446789
443779
446875
447811
459591
460035
460839
464232
467074
479764
485644
488619
501309
500187
501243
510033
512913
514035
487101
486045
483165
483981
502629
503205
503649
506505
511113
511158
519958
514078
512956
511356
506658
505918
502908
502464
503520
500860
514624
511262
502462
499242
508042
507106
504096
497952
500962
511048
517192
518128
521348
520226
521348
521393
522209
519353
514745
517601
536249
536693
537269
518621
509821
509377
508801
508756
507940
510090
514698
519258
523956
524698
523373
522631
516751
515575
516751
508911
521601
535365
541245
550520
537830
533132
519368
517768
520648
528488
528533
526193
529049
502115
501059
499937
497977
495097
493186
493630
498238
507038
525686
526742
553676
544876
540268
535732
517084
516640
516064
516019
515203
515779
516901
517717
520597
517741
523501
530693
531629
535577
557153
569585
568409
587057
584201
588809
584201
575401
583409
564761
565577
565622
566198
566642
566198
565382
564806
567662
567617
570257
567617
596561
592613
596561
567617
548081
556811
555995
556571
558331
557755
558571
558616
554008
572656
573100
577708
577663
577219
564535
545887
537087
534231
533109
532053
533109
530229
533109
534231
507297
534231
535617
541537
560185
560629
561205
561250
564106
561250
559490
556382
555938
555362
555317
550709
549893
554501
555317
564592
572432
570647
565763
566505
560625
565323
554967
556143
568833
555069
547229
534539
529841
527771
526595
525853
516578
517748
516578
515762
515717
512861
515717
520325
538973
539549
539594
540410
549210
544602
535802
517154
516710
516134
516578
539258
541708
542884
545638
551518
553303
556423
550543
548783
545663
543878
539342
536892
534138
536088
534138
532962
533506
536362
537982
546782
549422
552176
543446
540590
541406
540590
540046
537406
538342
547072
546136
543382
541762
554194
527260
526204
523324
522202
517594
516778
498130
495274
486474
486918
486474
488392
493000
492424
492379
495235
495280
495856
514504
515320
512100
510978
504834
503898
493812
485012
482002
484452
512634
513450
514200
515046
543228
541317
529537
526441
528352
540132
542497
541561
563233
560868
561804
561000
561804
565197
568039
564646
561804
564660
565104
564288
568896
550248
568896
568452
565596
565020
573150
573105
564305
559697
560273
560318
561134
573902
577334
584978
581030
580184
577430
574550
567358
554926
555862
554926
562118
583694
589454
593402
571826
584258
587373
613041
614427
618987
627954
637229
637969
652129
673705
672889
654241
649633
649588
649144
646288
637488
636912
632352
629237
658181
679853
666089
664913
663588
657708
649868
637178
632480
631738
630352
625792
616825
626100
629215
629955
625677
634644
599094
598354
595239
573663
578223
579609
570334
596002
617578
645178
625760
618116
618920
615848
611900
609260
608210
603386
606818
594050
601694
614462
606818
603386
602000
627668
618701
623261
620146
618821
597245
632795
628235
637202
636462
610794
612180
633756
636871
637611
625496
589946
589812
598612
597766
598612
599362
600178
628360
627610
626794
598612
607887
633555
638115
639501
648468
684018
684758
663182
627632
618665
621780
618665
617925
613647
604372
625948
624562
620002
616992
615822
616992
615210
614014
616587
619341
617955
582405
573130
551554
550814
559781
555221
580889
555221
564496
565236
562121
553154
554540
559100
562215
583791
601197
597765
601197
608841
621609
608841
601197
613629
635205
613629
607869
600677
599741
595793
583361
584297
591489
597249
601197
592230
591384
589998
568422
565307
560747
551472
552212
573788
582755
585870
590430
591816
627366
636641
635901
600351
591384
617052
591384
593295
596515
595765
567583
566767
565921
565681
585099
577907
586403
589518
611094
589518
553968
545001
544261
541146
550421
541146
545706
547092
556059
591609
592349
590963
586403
594091
568423
564991
566047
571759
574099
577531
576475
570763
569587
567247
568423
569359
581139
583504
561832
550052
548141
547205
544840
546751
544267
541425
540621
537228
529584
526152
513384
514235
512120
476570
473455
447787
438512
437772
436386
427419
422859
419263
441943
439993
447973
450727
449002
444118
445288
444118
441478
440542
437788
437244
436428
427698
424842
423222
423834
424956
425807
428922
430833
433406
435006
446476
443836
436644
435708
414132
401700
397752
391992
401267
419915
421037
420186
419064
416491
405021
401906
413376
411776
414891
417464
419375
417464
418586
419437
421037
420547
411272
412394
431042
440317
421669
420547
423120
424242
426153
427753
430868
442338
443189
440074
438474
427004
425093
422520
421669
420547
417427
425407
424285
405637
396362
415010
424285
425407
426529
408140
410051
411173
409262
410862
413435
411835
410713
409862
412977
410404
398934
410404
411255
408140
408860
390212
389090
379815
398463
389594
390716
387601
376131
373558
371647
372769
371647
372498
374409
376009
375158
373558
376673
388143
390716
391562
394316
386336
394316
391562
389651
387286
375506
397178
399543
401454
379782
380718
392498
391562
410210
411332
392684
391562
400837
391562
390232
389381
390503
392414
394987
393865
396980
395380
392265
380795
378222
376311
387781
388632
390232
389062
390232
377542
364852
356052
333372
332250
313602
304327
305449
314724
333372
332521
343991
347106
347957
346835
343720
332250
333372
331461
328888
327288
329861
331461
333372
334092
338976
336798
337602
345442
368122
370033
372373
375253
377164
389854
408502
389854
390976
389854
399129
434679
425404
426600
429240
427640
424525
413055
410482
409631
408509
406598
419366
431866
434981
438101
445941
445986
454716
466186
464410
466030
473870
476985
475203
474081
470973
461698
462754
459779
459824
461444
454562
467062
469240
477220
479860
482614
490594
487840
479860
482980
484765
490645
493399
495849
518529
517329
511449
509499
507714
506538
503784
501334
492534
489414
484878
486054
488004
486834
488004
501768
498888
496438
498349
500714
479042
476677
474766
473830
474766
496438
508218
496438
490558
504322
501202
502018
502063
502639
490139
476375
479231
477611
477656
480771
488611
489055
507703
516503
521111
533611
545081
546701
549821
549776
546661
538821
530091
518621
527351
518621
521261
523439
521261
513281
521261
518621
523229
522413
525269
524693
533493
533448
552096
547488
547533
548349
548925
530277
527421
526977
518177
518621
546803
546227
547078
549418
562108
564473
567227
573547
576403
577219
572659
571463
584153
581273
582469
579829
567139
565228
567868
570748
572659
608209
572659
568051
567235
567190
566614
566170
547522
548338
545482
545527
546103
546547
565195
573995
578603
569803
572659
543715
543139
542323
542278
523630
523186
531986
529130
531986
527378
531986
532802
524002
524446
524491
543139
543715
543760
544336
544780
547440
551036
550991
550175
550991
550415
552175
552220
547612
544756
535956
535512
536088
536532
541140
541548
522900
526008
533988
539748
527058
524880
516900
514260
516438
519078
521832
529812
521832
519078
518814
497142
493116
495870
514518
511410
510966
511011
509251
504643
505087
505663
507423
506607
506562
507378
506970
509826
514434
513858
515028
513858
505058
503672
517436
520556
519980
519935
506171
494701
482201
483821
475091
467251
464136
461016
460200
458580
471080
474195
482925
474125
478733
479549
479594
480170
480614
499262
508062
489414
492270
489414
488970
488925
488970
496810
508280
503672
480992
482903
475063
477403
500083
497743
495832
503672
509552
528200
528644
529220
533828
533012
533057
533873
531017
526409
517609
498961
498916
498472
497896
478256
481112
492582
518250
518295
517719
518295
517851
517806
522738
525398
522738
523182
519586
511606
509428
517408
520048
522226
519586
521536
516928
517744
517168
516724
498076
498520
495664
495709
486909
486093
504741
502597
507205
510061
510016
510592
511768
508336
502624
501448
499108
498052
501484
507196
508252
510592
508681
506316
484644
483708
471928
475148
487838
490178
490994
491845
494210
500530
503284
506140
505289
502433
496113
493748
481058
480242
477902
475148
456500
455684
455639
455195
452339
451763
447155
438355
435782
448282
451162
452358
454536
455352
457077
463221
471201
472801
485301
489999
491259
503691
539241
532131
534042
536682
535486
532846
520156
518245
519441
532131
535011
532131
531555
509979
510024
510468
513128
534704
535280
535235
534791
532131
532419
551837
554477
552299
544319
541679
549659
545123
547301
544547
552527
544547
547301
545681
545636
531872
519372
507902
504782
496052
488212
485097
483927
471495
470644
471386
472556
470645
471625
463129
462325
440749
441193
441238
443898
444474
441814
441238
441193
462769
462325
454345
457225
470989
472111
469471
467293
468013
467401
468577
474897
475748
488438
491192
492008
494348
491492
485172
482418
481567
480751
483116
485972
483607
470917
468577
481077
483255
491235
479765
454097
465567
491235
490515
496835
496880
494220
472644
473088
494664
494088
496748
497324
496880
496835
494081
496923
488943
486189
485019
486189
485385
477405
475494
452814
444974
442634
429944
428033
425393
422513
421317
385767
377787
365287
363109
371089
383589
385767
407439
406863
385287
382627
382183
382138
390634
382794
380020
378196
381171
378806
366116
366932
369297
375617
373277
376031
376882
376066
388756
387905
390245
387389
384635
378315
381171
377951
379631
374747
352067
350307
347187
349137
347352
341472
338718
337542
335592
338712
347512
349297
355177
357931
359107
356657
359107
381787
380731
383951
409619
398149
372481
383951
385337
388769
385654
384484
386662
399162
391182
399162
396984
384484
386084
387344
373580
345398
344276
345332
343712
352512
355368
358122
360487
357631
356815
369505
356815
359155
352835
353651
352800
359120
359971
357631
355266
352512
353056
355396
352896
365396
373376
375554
367574
365396
352896
352050
354756
354036
328368
316898
318623
319799
318743
331243
340043
342683
345693
343353
344409
347841
346665
340953
337521
343233
343521
344097
346437
352149
353205
350325
342345
329845
337825
340003
352503
350325
368714
365858
365007
362253
355933
353568
352752
340062
337722
345562
347902
370582
372493
391399
392203
390943
390898
391798
414478
416078
417200
418051
419962
422535
434005
437120
449620
457600
459778
457600
449620
437120
441680
438565
437714
435803
438918
450388
452961
454872
455723
457323
454750
443280
442158
440558
441680
429180
428004
415572
418965
413085
409970
398500
399622
400473
397900
395989
395138
396738
395138
398253
409723
412296
414207
413085
426849
426894
427470
427914
446562
455362
458218
462826
463642
460527
457954
469424
471024
471875
474448
477563
475963
474841
463371
464493
466404
464493
463642
466617
467061
448413
447969
447393
447348
446532
447108
447924
447969
466617
475417
466617
469473
474081
471225
466617
468982
468694
465814
477284
478135
479257
480857
483972
482850
481250
469780
467207
465296
464445
467018
463903
465814
484462
496962
504942
502764
490264
482284
482239
481663
463015
463459
466315
470923
472683
468075
465219
466035
466080
466656
465840
465396
467574
458774
465966
467226
486644
487820
490700
488750
491323
502793
504704
505555
506677
508277
505162
504040
507155
505244
502671
491201
489601
488750
497550
495790
494974
495790
495745
498601
498646
495790
500398
481750
481306
480730
476122
476698
477142
495790
493036
505468
502694
496934
492326
492371
492947
493391
512039
520839
520395
521211
520635
520590
519774
522630
503982
501126
492326
496934
496192
496768
495917
494795
493195
496310
497910
509380
511953
513864
514715
515837
513926
511353
508238
496768
499624
504232
522880
523324
526730
526775
523919
519311
510511
491863
492439
491995
492811
492235
491419
491374
495934
496750
502630
516394
515272
512157
500687
498114
496203
495352
493752
498360
479712
475104
483904
486760
487336
487381
486937
487753
478953
476097
476541
495189
495144
494328
495524
494948
497398
499348
502102
503278
525958
524173
518293
515539
514363
511913
503113
499993
492153
493938
471258
468918
476758
499438
501349
503689
506809
484129
482179
488059
486148
484948
483968
480748
477892
477448
477403
458755
459571
458995
450195
450240
449424
449868
468516
477316
480172
475564
476140
480748
478570
466070
458090
455115
433443
434639
436259
437879
436199
439055
439010
438566
419918
411118
406510
403654
403699
422347
423163
427771
418427
417611
418055
418631
418055
422615
430595
433815
434715
436675
432439
433159
430279
431455
430279
449697
452577
433159
445591
445546
442690
441874
433074
428466
428022
409374
408798
409614
410514
413268
417828
418440
420040
419224
417499
409519
407341
406145
401447
407591
395091
407591
401447
406145
407341
408941
411119
419099
417499
419224
420040
420940
425500
433480
436700
437420
438224
436264
438224
437504
436700
435800
427820
424600
420040
433804
433084
431484
444174
445224
449922
452287
453409
462209
463189
449425
468843
490419
490464
493124
493700
494144
494864
495764
498984
506964
492006
496566
492006
488786
490746
488786
487886
487082
486362
478382
469886
472382
471260
471872
469376
469820
470942
473307
460617
465315
466295
475095
476145
488835
486470
485490
476690
475568
474518
469820
470996
471716
463736
464636
465440
468660
476640
478600
483160
478600
475380
474576
473676
471716
470996
469820
466940
486358
489238
490414
470996
471847
474297
465497
462655
456335
475871
497447
496871
496826
494166
494610
497270
497846
497402
475826
475871
475259
479819
477065
476165
475349
470789
471401
474155
475055
475871
476771
472211
480191
483411
484131
484935
484035
485995
490555
482575
480615
479895
479091
475871
476993
472295
459605
460655
459605
450805
449825
448703
461393
463758
468456
477256
478236
475871
473165
467453
470885
473225
478937
480113
476681
475505
473165
474221
473165
472445
477005
484985
488205
489009
488109
488829
486869
486065
478085
474865
470305
472265
473165
502109
502913
505409
505697
515783
513443
532979
540959
540383
540827
540383
540959
541004
519428
516768
516723
538299
540959
542009
550809
551789
552911
555276
542586
540221
535523
534473
525673
524693
529391
542081
540959
540415
539359
537399
529559
532779
524799
532779
532059
532779
533583
534483
539043
541003
536443
535543
533203
528667
526756
525952
522732
523020
520010
514298
514010
511510
514520
517160
525960
526536
539036
544748
542108
541532
532732
535612
538366
539302
552070
559714
556834
560266
540848
539672
540848
543602
563020
559800
558984
556230
555618
551058
551670
554424
558984
559800
560700
559800
568600
559800
560850
548160
547110
559800
555102
554366
555488
557853
562551
560186
559206
558084
558372
555876
555588
545502
574446
576942
547998
558084
558218
557414
560634
559914
560634
558674
557774
562334
570314
571118
572018
573978
569418
561438
558218
557414
535838
535793
535349
535394
535970
535394
532734
554310
556970
557414
557459
556199
568699
567895
575539
562771
559339
551695
564463
567895
564463
559903
559183
557223
556323
555519
547539
544319
546279
547179
547983
548703
551923
559903
564463
562098
557400
558522
557542
548742
551107
563797
554617
555597
542907
541857
546555
545433
546483
545097
545901
544176
544042
541546
541258
512314
502228
503032
505528
505816
515902
539950
540394
538434
537534
536730
536010
528030
523470
523425
522981
520321
517101
516525
538101
538677
538722
541382
541826
538230
530586
531762
512344
515224
534642
531762
518994
522426
530070
542838
541662
538230
515550
537222
546022
547144
548124
549174
540374
542739
555429
553064
557762
556712
555732
554610
549912
537222
534468
535080
534468
539028
539844
542598
538038
537222
536322
537222
537798
538614
547414
566062
568918
568963
569407
574015
572239
571795
571750
570934
571378
571954
571999
571423
576031
576847
595495
604295
601439
596831
588031
584923
587779
585283
595369
624313
626809
620573
591629
591341
590537
590825
580739
573095
569663
556895
559905
556512
556068
556023
534447
531787
531211
540011
540056
540632
541076
559724
564332
545684
546500
546455
546011
545435
544619
535819
538675
534067
531211
529451
530431
539231
551921
547223
544858
545980
548345
553043
551921
550941
551991
550941
538251
535395
538251
542859
551659
552475
552919
544119
544164
543348
543303
542727
542283
523635
519027
537675
538251
539301
520653
521229
521673
526281
529137
524529
523713
523758
523314
522738
522693
523509
514709
511853
513613
532261
560443
557563
576981
579861
560443
559267
560443
551643
560443
559393
558413
545723
543358
556048
557098
552400
553522
558220
560585
561565
560443
550357
551161
553657
553945
582889
582085
579589
579301
550357
560443
538771
553403
552827
553403
552587
552542
552098
549242
549686
558486
559302
559347
540699
545307
548163
543555
541795
560443
561259
565819
561259
560647
557893
556993
556177
556789
559543
560443
562228
563404
586084
588034
590788
596668
594218
603018
605468
596668
599788
598003
592123
589003
587827
565147
563197
560443
559387
554827
541063
538436
537620
534764
543564
524916
525360
525936
525981
530589
530544
529968
529524
532380
523580
518972
519788
538436
537240
518592
517776
517731
517155
520011
515403
512547
513363
513408
513984
532632
536392
541000
541444
541000
532200
544890
543130
530440
529318
530368
535066
537431
538553
547353
546303
547283
546303
543938
539240
537620
538471
502921
502021
502565
499590
500034
499590
498774
499350
500166
518814
523422
522846
525702
525657
507009
498209
498254
495398
490790
475434
476604
484584
485564
488444
489704
498979
507946
525352
547024
546736
536650
507706
505210
504406
505252
491488
490292
471644
471200
470624
470579
467723
463115
454315
453499
455410
458875
461053
469033
481533
483898
482100
486708
472944
460254
459274
454576
453526
452404
450039
441239
440063
437183
440063
459481
440063
441239
444095
445695
448551
451431
429759
451431
450591
451437
454191
449631
450243
451143
450327
449427
450243
449631
454191
451437
450177
450927
451743
452493
480675
481521
482501
482789
483769
475789
454117
418567
417587
408620
407360
408620
407450
408620
417587
439259
436379
427104
462654
471929
474809
482789
481938
469506
491082
489462
489750
487385
490227
492177
490577
478145
506327
504611
503795
509507
508331
509507
511847
512903
510563
509507
512939
514115
516995
497577
496401
515819
512939
520583
522203
523373
526838
536113
537499
540341
539729
511547
489875
489029
497009
497553
496737
497487
496737
497583
525765
526581
529241
530437
527683
527071
526171
525355
520795
519409
521029
517564
521029
522199
520579
528223
529609
521965
520795
511520
520795
499123
498143
507110
499130
520802
519542
520712
528692
529672
532552
541827
543087
533812
567202
566032
557065
521515
518635
509360
508190
506570
503105
510749
512135
515600
517220
509576
518851
520021
518635
518059
520237
507737
505372
501907
499996
503461
515961
518326
526306
518326
516148
518059
525703
527089
536364
537534
534069
526425
525255
515980
514594
512974
516439
518059
521174
521914
549778
530305
539580
553470
561158
565718
567104
559124
567104
567648
564988
564444
563248
564444
567104
562544
565386
564216
573491
581135
577670
576050
568406
567020
570485
561210
562596
563766
565386
566126
546590
548210
569882
569066
570977
568223
580991
582377
609977
613092
614373
623648
649316
644756
643370
617702
639278
635682
626407
623292
622552
627112
620002
618721
617905
589723
588973
588127
595771
597157
606432
608882
610052
606587
598943
597323
596153
594828
593442
595062
598527
595887
592877
593165
592877
584077
596577
605377
608017
613729
601229
601805
601229
604239
598527
601407
581989
583165
580285
599703
598527
624195
633470
607802
610917
611657
630563
639530
644090
608540
607800
606519
605133
602018
580442
580628
582014
572739
568179
566983
564533
565919
567115
567659
564999
557019
556475
559135
567115
574759
578224
576838
575218
571753
573139
565495
574770
575940
577560
576390
567115
576390
575220
567240
587274
622824
623841
622861
613894
578344
556672
555412
554131
544856
544136
552116
553286
556166
560726
569693
552097
577647
580762
602338
611613
607335
598060
594945
620613
616053
614667
613927
615313
616053
617313
595737
560187
540769
554533
557389
555789
552933
550053
551653
554533
562177
560557
557092
558478
557308
549664
550834
554299
555919
554533
563808
554533
557287
556843
558039
560535
586203
590763
565095
569043
571885
573145
574825
565550
562435
540859
562435
561049
556489
565764
601314
600574
601314
604429
606154
597187
598969
599986
564436
565822
562357
561187
553543
544268
542648
541262
538762
519226
516776
517622
514962
506982
514962
513766
514310
515506
518166
517622
553172
554558
559118
559858
524308
527423
518456
517070
516330
511770
521045
546713
555680
552565
530989
529664
551240
525572
525527
519383
506883
504705
500007
498407
496682
488702
487886
486690
487440
486636
491196
526746
527486
530601
552177
561452
560712
525162
499494
496379
522047
513080
511694
492221
493607
484332
462756
458196
485130
488010
489132
490188
489012
486132
483358
512302
511366
514246
523521
532488
525378
516411
517391
516005
515265
516525
494949
491834
490509
485949
484969
483799
480919
445369
419701
410426
402446
410426
411596
402629
399533
414165
412905
441805
449785
450329
451525
454185
451525
450981
443001
441805
444877
441867
433887
435798
433887
431709
444209
452189
448724
436224
439689
442054
439689
441867
440691
439635
412701
411579
412635
439569
440691
437811
440691
440247
437493
438689
440177
469121
469665
477645
480305
479761
478565
475905
467925
469047
471927
470805
497739
498795
497739
470805
467925
476725
474275
473099
470345
467225
462689
485369
487819
490573
496453
498238
489438
492558
490608
488823
489999
491949
491109
489779
492894
479130
487110
477835
476575
473695
472525
487315
496282
487315
488485
475315
476575
488005
488035
452485
451505
443525
446405
447385
425713
424591
425713
422833
418344
417288
444222
445278
448158
449354
441374
440178
442838
443382
442838
450818
448158
444210
445470
442628
441368
443864
445646
447371
445646
448488
452436
454116
452436
450654
448158
447108
452988
452142
464642
467396
475892
495310
503150
504272
504716
507572
512180
512996
513041
513617
522417
541065
541911
540855
567789
568845
565965
539031
541911
540789
541911
541467
540891
540846
532046
536654
539510
520862
520046
520490
521066
523494
518886
519702
538350
535494
535539
530931
531171
537315
534435
531579
529979
531579
534435
537315
536771
534111
532915
535575
543555
544099
545295
537315
532707
529851
530667
530091
532947
535097
539705
558353
557537
558113
558557
549757
531109
530665
530620
530665
533419
536851
539707
539263
538687
538642
519994
519178
519994
520570
520615
539263
548063
539263
534655
539263
536407
536851
535521
526554
535521
534196
532936
530056
529076
527906
534038
535298
513626
478076
480956
482545
483525
484695
492675
528225
525369
522489
523545
550479
551459
552581
566623
569503
568447
541513
540391
532411
530233
527868
524403
511903
509992
513457
515822
517733
525713
527891
540391
540679
536071
535627
540235
539659
536551
527751
530607
532757
551405
551360
550544
547688
547976
548021
548597
549041
549857
550837
536795
550837
549857
549902
552562
558598
559174
559618
559074
559618
559074
567054
569714
583478
580818
572838
574034
572838
569982
574590
593238
593682
593727
594303
595119
586319
595119
597975
597159
583117
583072
582496
582052
583032
579924
593966
592986
588378
561444
562566
561444
558564
557508
558564
585498
588378
588090
610770
613842
614822
628864
614822
613842
613887
611031
611847
611031
606423
606999
611607
612051
593403
596259
605059
604615
604570
603994
622642
613842
611718
614472
626972
646390
643636
635796
623296
622174
630670
631792
612374
620214
621939
617913
618849
617869
631911
632891
618849
614241
613797
614613
633261
630405
630450
631026
633882
638490
629690
611042
610226
610181
609605
610049
600273
599097
600153
601329
607041
610473
607041
604701
598989
597933
600273
603705
605487
607107
609057
595412
623594
626474
612432
611376
608496
609552
605063
606043
620085
647019
645897
644917
646039
644843
642183
634203
633659
624859
624814
624238
624814
606166
601558
598702
599518
599563
600007
618655
627455
632063
631247
630803
633659
633614
633170
611594
608934
609510
612170
612614
612659
612083
633659
611987
611007
608127
572577
571317
562042
560761
559591
551611
550760
572432
571452
557410
558390
572432
568484
570266
567424
568684
571180
566572
568297
565441
556641
537993
537549
535869
535053
535008
534432
533172
531390
528894
530574
533416
531691
535639
540247
542820
544770
547890
548790
549030
561798
580187
605855
606835
620877
619897
605855
604733
577799
576743
573863
559821
560801
574843
573863
571913
569071
571913
573863
573575
574835
577715
591757
592737
591757
577715
580830
581952
583552
585463
588036
599506
600357
600801
600357
597697
576121
575545
575590
578250
578826
578781
600357
586315
585335
582762
581162
582284
583884
586457
588368
599838
598716
597865
595954
599069
587599
584484
585335
589943
590794
591916
611334
610212
612966
625466
616970
597552
589712
577212
585052
582298
590794
603294
601116
599786
601964
598499
585999
589464
587553
589918
587553
595533
597444
596593
599166
596051
584581
582008
580097
582008
582859
581259
584374
585974
587096
598566
597444
620124
622464
624375
632215
633940
636820
635220
632340
635196
636796
633940
633985
634429
637089
658665
659241
656581
656137
655561
633985
633940
635062
635913
624443
623321
624921
621806
624921
623321
620748
618837
617986
619897
622470
633940
632215
629373
629085
626445
624685
618973
606473
605897
602887
606002
594532
596132
594532
595654
592539
593390
595301
597874
609344
608222
606311
603738
602887
596005
595732
604532
623180
623996
624041
624617
629225
629669
632525
633647
632796
629681
618211
615638
613727
614578
613456
611856
614971
626441
628041
630614
632525
629429
628583
627833
619033
621889
626497
635297
635741
636317
636362
637178
632570
631754
631709
631133
630689
612041
609185
627833
629615
632111
632066
632111
632555
635215
656791
652843
652267
651823
653548
655228
656488
660436
658756
656260
654478
652753
651493
648651
649227
627651
630493
627833
624991
624011
627126
628726
629848
632421
634332
645802
643891
644742
641627
640027
638905
638054
626584
624011
624056
624872
625316
629924
625316
624500
624455
623879
623435
624011
642659
639803
642659
624011
615211
608471
605717
608471
607349
598853
586353
598853
607349
626767
634607
626767
607349
608471
580289
577174
575574
575130
572022
571977
563177
558569
555713
554897
543427
543472
542896
543472
541561
542005
560653
569453
574061
576917
577733
575160
574309
573187
551611
522667
521851
526459
529315
513959
514535
533183
533627
533672
533228
534044
533999
529391
510743
501943
499087
498511
476935
476890
476446
473786
473210
472634
463834
445186
445141
444697
440089
440134
440710
445318
447078
444222
462870
463686
462870
465726
466170
463098
460648
459472
482152
484602
485778
488532
465852
463902
472702
475822
480430
482380
491180
491624
490808
490763
490187
508835
490187
489743
489788
486932
492812
488204
479404
473524
474100
475885
472765
471005
473861
472076
472892
470138
476282
470138
468314
466694
464329
456349
454438
441938
439760
443225
439760
442125
444036
452016
454194
466694
462086
480734
480689
480113
480929
480113
480158
479714
461066
452266
449410
452266
456874
457450
457894
448550
448994
430346
434954
437810
456458
462186
463002
463578
463623
460767
456159
447359
446543
445967
445523
445478
436678
418030
413422
410566
409750
409705
409261
408685
417181
409341
406587
405465
392965
384469
387223
367805
387223
399723
400845
408685
431365
433276
441116
438776
416096
418436
416525
408685
407489
406103
403349
401749
398893
396013
393171
390675
392355
388407
387147
388929
387204
389700
388020
389280
393228
391446
394288
396013
393259
392413
391663
393574
394770
397650
415056
427746
430386
465936
491604
511140
517020
522780
525534
528288
534608
547298
556573
557695
576343
576103
584599
604017
605139
602385
621033
619911
600493
591218
592340
584500
592340
579840
571344
552696
561971
574471
577225
576103
575257
574969
566989
564811
566989
574969
576880
573415
560915
563280
561369
564834
577334
574969
576025
572593
566881
564541
563485
569197
570373
569197
572629
574969
573847
574969
593617
584342
565694
574969
584244
574969
556321
555199
556321
574969
566989
565867
547219
537944
556592
565867
566989
562165
568045
569645
574343
575083
575527
578537
579659
580781
571506
552858
551736
561011
579659
577877
576197
579039
580299
582024
580299
577803
574961
577457
579239
583187
584867
583607
579659
577934
564170
561098
555218
554096
554540
557550
563430
565030
569728
569284
570406
564526
561516
560776
561516
556818
555218
554022
518472
506040
503400
504522
517212
519852
555402
564677
583325
585236
575961
557313
560193
561389
559478
546788
543908
542786
547346
550100
547346
534846
535968
528128
527006
539506
547346
566764
575260
555842
547346
524666
521551
515671
510973
510529
509789
506779
507901
506779
508379
513077
513817
516827
515227
515671
521551
512276
493628
492506
484666
482755
480415
475879
472869
477567
478689
480289
479845
478723
479463
479907
482917
478219
476619
470739
469999
475879
473929
471087
472209
473809
473069
478949
477827
473129
472685
469675
463795
468493
466893
467633
468077
471087
468722
470900
458400
454935
453024
445044
442866
455366
458831
461196
463107
471087
467655
467211
473091
471969
472413
467715
466975
467715
464705
467715
468837
470437
475135
473535
467655
466804
467926
466326
467926
463228
462784
462044
456164
455042
459740
460480
460924
463934
469814
466804
460660
457780
466276
485694
482940
484062
491902
472484
484984
487738
486616
478120
470280
457780
456520
453510
451910
447212
446472
445350
444906
439026
438738
425970
425034
423123
424319
426815
439505
442385
461291
463931
465842
461894
449204
446564
443684
442488
444168
445950
444690
409140
407460
405735
403953
401457
398615
399875
402717
406665
408390
411510
402710
425390
427340
421460
423910
425086
427840
429625
438425
435671
431135
428685
427509
433389
431604
428484
426534
408145
372595
375349
369029
404579
410899
416779
422539
419785
422539
416779
410899
391363
365695
378385
365695
385231
382477
408145
386473
360805
359683
351843
339343
336589
328093
325319
321854
319489
317578
309598
307420
294920
290312
287672
252122
249242
247331
234641
233445
230603
232283
234065
235790
238632
242580
240900
238404
236622
234897
233637
229689
230949
233445
230013
224301
223245
220905
219729
216297
214677
212895
204095
202145
198119
194171
192911
191186
189404
186908
185228
186488
190436
193278
194958
192116
194612
196394
198119
200873
165323
178013
203681
223217
229097
234857
237611
231291
266841
260961
258207
252447
249693
230157
204489
191799
198119
197219
194099
192149
191909
190373
187800
183240
181290
158610
156160
154984
152230
146350
144565
141445
132645
130965
128123
126341
124616
120668
119408
116912
97376
84686
49136
46382
43628
37868
31988
6320
12200
47750
50504
53258
59018
78554
99182
111872
105552
111872
99182
96428
90108
54558
48798
47958
28422
25668
0
