8.481
45.75
83.019
93.548
128.856
170.856
133.587
125.106
162.375
170.856
135.548
93.548
56.279
45.75
56.279
93.548
128.856
170.856
172.933
188.856
198.817
268.971
233.663
225.183
214.654
177.385
140.115
98.115
106.596
143.865
179.173
221.173
258.442
268.971
302.048
375.433
389.163
398.106
506.337
516.865
708.884
674.277
635.277
625.5
592.714
602.491
637.098
676.098
708.884
674.277
666.402
701.009
708.884
674.277
664.5
631.714
592.714
625.5
660.107
699.107
708.884
729.509
730.009
760.009
845.017
812.717
776.317
745.717
736.592
768.892
778.017
808.617
845.017
837.667
805.367
796.242
763.942
727.542
696.942
744.275
758.075
971.75
979.5
1051.367
1062.3
1093.55
1053.891
1382.016
1398.969
1346.324
1389.147
1395.169
1416.272
1488.331
1493.272
1475.063
1492.063
1535.951
1460.914
1461.98
1508.48
1534.813
1533.8
1528.288
1562.224
1535.951
1518.951
1475.063
1492.063
1535.951
1542.076
1591.16
1592.285
1615.592
1574.013
1572.947
1567.145
1520.645
1492.063
1475.063
1588.125
1637.208
1638.333
1682.222
1599.487
1615.592
1551.118
1545.73
1541.309
1522.428
1566.563
1501.813
1521.743
1408.681
1449.125
1405.236
1469.986
1468.861
1474.549
1468.424
1455.612
1460.033
1524.146
1475.063
1588.125
1589.25
1638.333
1557.908
1599.487
1615.592
1569.092
1552.987
1445.875
1444.809
1439.007
1475.063
1492.063
1498.188
1542.076
1591.16
1592.285
1615.592
1677.347
1662.278
1370.611
1385.681
1677.347
1615.592
1672.329
1722.539
1737.737
1811.106
1795.806
1790.294
1789.281
1745.106
1795.375
1688.263
1694.066
1719.566
1713.763
1688.263
1713.763
1633.588
1629.388
1650.671
1612.355
1593.474
1532.132
1526.743
1532.132
1570.447
1574.868
1639.342
1615.65
1633.588
1609.363
1688.263
1713.763
1719.566
1736.539
1738.257
1775.625
1782.829
1777.026
1751.526
1757.329
1782.829
1782.461
1767.263
1752.382
1729.049
1752.382
1865.444
1865.833
1881.875
1854.958
1848.833
1795.833
1779.792
1719.903
1632.537
1688.654
1877.191
1894.176
1957.588
1962.551
1998.438
1706.771
1691.701
1761.566
1791.213
1983.368
1998.438
2051.438
2095.326
2145.993
2266.306
2261.007
2317.743
2319.461
2274.488
2275.838
2294.963
2301.806
2322.806
2328.056
2323.856
2287.456
2226.206
2337.987
2319.105
2257.763
2263.151
2282.033
2343.375
2287.456
2323.856
2328.056
2262.435
2285.506
2320.006
2337.089
2382.518
2389.036
2426.655
2416.977
2417.295
2421
2493.587
2499.217
2503.783
2541.989
2611.495
2630.147
2524.141
2530.974
2553.724
2500.575
2606.322
2616.755
2617.764
2626.014
2659.995
2713.072
2741.072
2802.558
2820.212
2830.644
2838.26
2845.125
2759.972
2840.181
2900.181
2959.389
2964.574
2965.782
2917.719
2835.263
2838.228
2869.677
2873.297
2876.711
2966.659
2923.421
2943.429
2879.351
2899.044
2934.286
2957.77
2967.504
2972.02
3075.411
2982.75
3005.391
3046.682
3075.591
3096.258
3163.341
3167.583
3172.553
3107.184
3122.669
3049.136
2990.938
3021.285
3066.285
3090.694
3091.444
3092.174
3097.205
3110.226
3110.955
3119.455
3158.538
3164.094
3176.01
3181.51
3190.469
3217.052
3262.052
3284.552
3289.583
3309.932
3317.264
3352.595
3378.905
3337.026
3281.346
3316.346
3324.038
3342.615
3353
3354.583
3388.103
3390.266
3432.199
3499.083
3435.356
3457.444
3468.919
3472.419
3490.531
3494.031
3534.916
3539.453
3566.766
3493.162
3510.479
3430.467
3468.53
3499.655
3502.155
3520.155
3522.164
3533.699
3536.199
3568.512
3616.967
3626.61
3628.61
3661.467
3663.476
3673.476
3683.476
3624.919
3662.593
3601.477
3623.602
3548.494
3565.294
3498.321
3498.761
3500.913
3512.359
3515.174
3518.149
3466.231
3472.614
3489.423
3509.287
3513.085
3513.234
3447.698
3456.135
3458.323
3475.198
3481.214
3547.987
3560.706
3539.11
3572.485
3571.949
3573.969
3602.684
3622.153
3571.27
3572.99
3576.62
3603.92
3621.59
3632.57
3659.713
3663.283
3663.883
3631.91
3638.36
3592.652
3593.049
3598.368
3601.309
3603.471
3576.745
3544.639
3548.62
3550.236
3548.582
3531.043
3466.5
3452.764
3430.774
3407.66
3405.729
3398.96
3397.375
3356.044
3317.298
3318.825
3320.686
3327.209
3340.445
3341.645
3327.282
3323.682
3307.618
3290.345
3297.3
3302.55
3305.039
3307.393
3323.37
3324.493
3361.495
3370.305
3377.259
3382.509
3394.295
3413.545
3413.92
3414.502
3398.502
3422.311
3384.318
3385.476
3361.265
3346.459
3343.381
3343.731
3361.091
3328.74
3351.49
3370.915
3376.29
3392.24
3394.973
3396.373
3381.727
3379.394
3404.059
3391.109
3406.748
3415.379
3415.809
3428.76
3381.587
3355.802
3368.867
3368.431
3378.113
3385.927
3392.315
3387.379
3385.171
3399.881
3406.05
3407.438
3410.776
3433.034
3406.905
3413.679
3404.873
3412.688
3412.161
3427.333
3401.619
3409.976
3411.726
3412.774
3413.25
3417.833
3418.351
3424.046
3426.927
3436.454
3458.359
3469.859
3481.129
3496.319
3463.877
3476.92
3478.467
3459.01
3462.76
3410.691
3419.009
3423.581
3402.066
3403.566
3414.324
3416.085
3383.273
3391.545
3393.045
3432.568
3430.447
3410.64
3394.307
3345.744
3331.29
3378.098
3394.683
3399.125
3394.483
3391.614
3406.068
3385.386
3367.727
3362.841
3341.326
3340.053
3324.238
3321.715
3358.664
3374.192
3379.154
3393.877
3363.97
3331.157
3332.41
3334.858
3355.231
3355.336
3352.134
3343.985
3344.287
3346.377
3353.608
3339.429
3339.534
3337.444
3313.035
3317.603
3288.772
3365.978
3368.642
3373.079
3359.006
3354.594
3346.52
3360.836
3354.66
3368.689
3374.314
3358.248
3343.932
3322.861
3325.237
3327.824
3330.411
3319.911
3339.694
3340.917
3341.351
3343.982
3356.08
3402.531
3393.683
3392.46
3398.692
3436.496
3448.594
3439.895
3477.699
3445.518
3438.961
3452.046
3465.525
3471.229
3478.053
3488.306
3484.486
3477.387
3403.444
3363.174
3389.021
3392.736
3370.837
3376.077
3379.793
3344.06
3348.17
3364.135
3379.101
3364.135
3379.101
3377.95
3408.276
3409.454
3414.693
3392.502
3377.735
3364.721
3323.329
3321.113
3320.708
3323.155
3320.939
3335.703
3351.453
3370.466
3366.108
3350.358
3331.169
3318.236
3317.101
3258.074
3255.858
3237.412
3241.77
3214.087
3232.287
3251.22
3253.407
3268.072
3238.058
3239.149
3250.623
3254.146
3255.476
3267.865
3276.722
3284.518
3305.557
3373.739
3341.239
3312.489
3270.864
3272.149
3254.524
3275.415
3292.814
3326.256
3343.756
3344.103
3363.595
3351.272
3349.54
3366.718
3367.131
3365.802
3372.714
3377.84
3379.136
3373.706
3374.794
3380.927
3393.266
3405.299
3394.392
3401.133
3398.897
3394.915
3374.915
3363.1
3353.1
3350.656
3348.42
3352.401
3354.637
3364.637
3335.276
3355.032
3357.447
3355.008
3340.794
3345.276
3361.218
3362.267
3347.328
3347.008
3342.343
3336.434
3342.855
3352.489
3352.242
3355.974
3357.553
3340.907
3353.282
3356.968
3366.727
3374.083
3392.058
3396.433
3344.433
3345.975
3346.975
3344.51
3339.689
3338.51
3313.646
3331.906
3350.494
3368.121
3374.431
3399.323
3400.659
3401.866
3394.849
3378.987
3378.022
3369.654
3365.53
3352.134
3350.957
3336.876
3312.878
3288.75
3296.93
3298.08
3299.024
3303.055
3339.067
3337.612
3313.279
3313.574
3333.659
3333.292
3332.053
3321.806
3320.351
3309.632
3309.396
3316.256
3371.132
3379.272
3406.798
3393.554
3377.418
3361.906
3312.27
3348.457
3344.75
3382.666
3383.856
3397.408
3374.68
3378.904
3379.869
3390.869
3394.576
3396.461
3407.501
3423.013
3423.243
3412.402
3379.723
3369.004
3364.285
3356.145
3362.279
3354.139
3351.4
3343.737
3332.799
3341.9
3343.051
3337.607
3373.619
3314.631
3315.597
3318.007
3327.386
3319.206
3317.633
3323.549
3331.729
3333.954
3338.504
3349.178
3347.999
3329.624
3335.067
3340.511
3312.393
3307.126
3306.178
3314.673
3313.135
3318.579
3282.931
3267.851
3264.838
3273.238
3294.96
3286.652
3283.479
3291.441
3283.441
3279.499
3291.345
3291.122
3306.584
3311.199
3320.1
3320.023
3337.826
3341.122
3340.826
3337.51
3324.702
3328.905
3321.103
3315.779
3322.488
3321.56
3321.89
3316.104
3334.451
3358.777
3359.008
3361.365
3366.409
3364.415
3363.69
3374.206
3375.133
3382.628
3377.913
3354.512
3338.765
3332.31
3330.391
3322.601
3327.224
3334.794
3291.327
3292.456
3312.778
3311.015
3264.047
3260.579
3245.31
3265.749
3264.836
3290.196
3277.389
3287.905
3300.713
3302.515
3282.053
3285.558
3300.395
3301.308
3312.778
3322.278
3323.343
3289.161
3274.433
3264.391
3269.325
3269.049
3267.943
3268.22
3268.496
3278.57
3267.07
3239.612
3294.875
3328.613
3329.976
3330.189
3315.904
3337.326
3345.853
3368.649
3362.87
3381.686
3404.988
3383.566
3383.353
3383.009
3373.759
3376.917
3362.549
3363.199
3362.504
3345.676
3354.463
3368.749
3375.067
3392.641
3397.472
3391.93
3394.109
3396.964
3389.007
3383.464
3356.007
3351.48
3350.575
3345.475
3342.62
3356.905
3380.208
3385.308
3384.266
3380.239
3370.197
3365.776
3364.871
3353.371
3349.108
3319.471
3316.464
3314.604
3313.042
3302.901
3310.484
3315.969
3308.422
3335.594
3316.974
3315.087
3315.775
3324.978
3311.361
3306.314
3315.009
3334.697
3339.579
3336.22
3290.72
3276.501
3275.626
3263.486
3282.891
3272.817
3271.091
3274.486
3284.559
3262.486
3263.361
3277.579
3288.821
3269.751
3271.425
3272.853
3280.282
3278.885
3299.652
3312.991
3304.726
3303.297
3286.261
3302.574
3269.869
3266.208
3251.851
3252.895
3252.563
3246.96
3202.389
3211.916
3215.957
3223.385
3229.615
3215.258
3237.847
3237.579
3240.87
3250.397
3240.662
3218.073
3225.787
3184.537
3197.876
3206.892
3210.932
3210.657
3207.534
3206.348
3223.384
3214.369
3213.297
3223.231
3220.463
3247.08
3245.407
3251.636
3259.351
3209.514
3202.269
3202.001
3175.384
3175.455
3148.838
3162.767
3158.864
3159.494
3132.876
3135.065
3135.333
3139.466
3140.51
3139.88
3139.25
3117.136
3109.965
3096.177
3097.98
3084.775
3095.811
3092.763
3094.763
3089.247
3085.157
3084.891
3084.039
3078.524
3086.706
3094.024
3085.592
3084.479
3086.941
3068.885
3063.37
3037.021
3046.688
3057.723
3054.807
3043.918
3034.282
3001.907
3004.823
3015.712
3025.348
3057.723
3064.895
3056.463
3056.736
3051.842
3084.217
3085.278
3076.846
3063.138
3070.249
3058.476
3057.442
3050.088
3037.715
3036.866
3033.242
3019.455
3016.197
3014.54
3004.874
2990.53
2978.758
2934.636
2963.724
2945.561
2930.305
2944.54
2946.163
2949.356
2962.871
2963.703
2973.178
2989.218
2971.338
2972.68
2975.68
2976.684
2976.037
2972.434
2972.502
2974.11
2977.069
2977.716
2982.877
2983.907
2968.025
2966.995
2964.605
2972.547
2985.786
2984.4
2941.152
2939.87
2938.89
2947.92
2943.375
2918.598
2911.39
2910.558
2932
2931.8
2936.441
2937.094
2954.792
2955
2951.97
2951.119
2945.906
2947.703
2964.233
2942.314
2944.082
2952.782
2957.579
2958.861
2964.074
2973.318
2982.348
2968.911
2958.238
2959.089
2961.139
2959.345
2956.152
2954.192
2944.717
2936.697
2920.657
2930.132
2946.172
2949.365
2957.385
2959.178
2961.139
2940.989
2927.325
2943.855
2934.38
2920.717
2915.281
2913.514
2910.655
2878.921
2875.134
2883.881
2867.842
2876.871
2877.851
2872.639
2876.649
2884.668
2880.881
2879.842
2879.006
2877.993
2876.196
2871.399
2867.478
2868.089
2869.882
2867.197
2862.4
2864.813
2863.962
2876.905
2881.063
2890.509
2902.637
2913.813
2895.283
2893.342
2896.859
2891.697
2891.491
2878.186
2870.775
2867.025
2892.598
2895.632
2897.089
2903.016
2852.045
2847.152
2844.518
2847.152
2824.621
2847.72
2846.158
2832.635
2791.035
2790.235
2813.963
2800.838
2791.636
2780.429
2789.631
2800.838
2801.645
2815.299
2816.876
2831.649
2834.72
2847.72
2840.006
2798.406
2774.573
2774.287
2766.573
2759.673
2773.638
2769.744
2772.645
2771.636
2773.377
2798.294
2818.349
2843.43
2846.038
2847.284
2842.625
2839.849
2839.781
2836.248
2839.024
2830.575
2812.401
2824.971
2815.769
2814.709
2813.591
2803.226
2799.188
2786.063
2775.697
2766.524
2752.995
2751.25
2777
2776.165
2769.097
2761.233
2757.301
2762.602
2748.942
2742.32
2739.687
2738.231
2725.539
2725.342
2750.98
2729.277
2726.115
2714.105
2717.267
2714.326
2706.581
2702.831
2695.086
2720.678
2712.658
2728.486
2726.363
2714.234
2707.026
2708.118
2724.647
2740.839
2741.671
2746.468
2746.208
2741.411
2763.785
2762.761
2756.656
2774.531
2758.545
2706.045
2692.474
2673.574
2672.914
2679.019
2692.59
2724.641
2726.621
2728.261
2724.436
2724.763
2740.749
2731.629
2733.629
2735.629
2734.769
2760.854
2740.503
2734.5
2738.46
2740.271
2737.046
2735.406
2725.836
2682.156
2670.501
2683.688
2682.84
2668.496
2674.042
2700.39
2702.41
2703.926
2697.862
2648.529
2653.62
2655.787
2669.999
2669.696
2669.961
2671.961
2655.813
2633.452
2638.187
2636.354
2644.535
2638.369
2630.187
2630.258
2630.924
2631.924
2620.152
2570.818
2548.457
2545.995
2501.874
2518.021
2506.986
2503.274
2483.281
2532.121
2531.131
2538.691
2534.491
2534.561
2556.699
2565.324
2562.306
2560.236
2559.91
2562.348
2560.536
2559.241
2554.554
2554.484
2547.384
2557.119
2565.466
2560.426
2511.586
2508.526
2476.475
2490.046
2482.801
2479.741
2483.701
2459.456
2466.774
2468.794
2483.006
2484.067
2472.294
2472.961
2477.294
2481.638
2491.471
2535.592
2537.395
2484.365
2494.032
2493.163
2513.72
2527.659
2503.615
2515.508
2532.543
2537.916
2538.122
2528.357
2532.26
2533.689
2480.117
2475.173
2483.974
2484.281
2495.339
2514.625
2509.842
2493.311
2498.255
2489.99
2488.945
2484.261
2493.277
2494.287
2494.917
2450.346
2452.458
2462.392
2469.784
2464.642
2445.356
2457.856
2448.841
2457.807
2471.147
2479.208
2491.708
2500.675
2502.523
2530.275
2535.01
2539.745
2546.917
2550.54
2559.465
2561.294
2567.357
2593.706
2577.269
2570.024
2553.984
2540.547
2531.141
2525.928
2526.76
2527.8
2518.324
2509.08
2515.904
2506.751
2498.81
2497.781
2502.531
2496.545
2487.884
2440.001
2429.29
2429.548
2425.577
2403.874
2417.668
2410.256
2405.506
2402.565
2403.938
2400.055
2400.254
2396.283
2395.456
2377.931
2377.088
2378.43
2362.063
2378.096
2383.98
2399.653
2398.65
2399.679
2379.727
2386.688
2388.648
2431.472
2431.54
2433.501
2436.663
2433.705
2437.675
2439.455
2439.523
2490.994
2496.944
2498.036
2501.066
2508.887
2529.037
2529.238
2537.985
2526.446
2578.426
2578.356
2577.376
2571.941
2523.584
2508.157
2522.078
2523.082
2527.832
2559.255
2561.005
2574.387
2573.782
2560.966
2574.348
2573.525
2575.627
2579.833
2582.792
2582.498
2566.13
2568.159
2566.89
2577.6
2570.463
2572.404
2565.502
2556.841
2550.855
2550.787
2530.835
2528.004
2523.886
2543.838
2546.669
2546.738
2550.855
2570.808
2567.205
2560.303
2561.442
2570.596
2574.566
2574.635
2574.833
2576.304
2575.48
2586.049
2611.913
2613.041
2614.4
2593.375
2594.504
2593.433
2597.598
2622.924
2624.516
2629.067
2642.319
2645.249
2642.118
2645.686
2639.758
2632.089
2631.018
2630.822
2611.063
2608.092
2599.515
2608.092
2611.063
2618.733
2619.803
2639.562
2639.758
2648.613
2696.03
2697.288
2704.356
2713.21
2718.511
2717.55
2725.924
2730.38
2728.788
2728.533
2730.455
2729.126
2746.481
2788.888
2790.811
2789.791
2784.68
2763.187
2787.483
2800.175
2813.961
2782.843
2781.251
2812.369
2799.677
2794.566
2795.385
2797.143
2810.803
2814.517
2813.061
2796.852
2781.331
2785.788
2773.096
2772.076
2770.318
2762.454
2746.726
2744.803
2735.512
2732.381
2701.263
2692.001
2689.198
2678.732
2687.994
2690.797
2721.915
2732.381
2731.311
2734.114
2734.755
2726.65
2735.228
2709.903
2712.269
2686.944
2708.437
2704.262
2706.629
2715.693
2720.994
2721.256
2728.149
2728.346
2723.045
2721.103
2722.865
2729.899
2751.913
2751.714
2750.634
2741.972
2738.972
2731.227
2711.275
2711.473
2720.135
2727.88
2747.832
2748.913
2751.913
2746.531
2751.884
2760.067
2759.064
2759.27
2783.451
2787.019
2790.502
2781.648
2777.097
2781.648
2820.896
2837.104
2852.982
2851.725
2890.972
2910.136
2907.234
2907.04
2913.867
2910.417
2918.71
2920.633
2929.806
2916.537
2909.268
2922.537
2939.725
2932.725
2920.694
2927.456
2938.556
2938.813
2939.006
2949.416
2949.724
2953.545
2933.114
2927.963
2928.162
2931.546
2919.989
2924.56
2894.323
2891.493
2886.922
2884.899
2869.149
2855.875
2857.559
2849.684
2841.08
2828.277
2817.282
2818.248
2815.689
2853.825
2854.448
2855.739
2856.551
2856.749
2855.758
2862.89
2850.013
2842.371
2852.596
2848.86
2852.596
2850.296
2847.996
2847.805
2828.606
2821.153
2818.267
2817.226
2808.892
2809.932
2817.384
2836.584
2836.775
2845.11
2847.996
2839.706
2838.772
2831.938
2828.202
2827.619
2857.856
2874.719
2876.432
2868.295
2885.158
2888.542
2886.858
2886.276
2885.653
2887.677
2892.248
2851.04
2847.219
2848.903
2849.101
2850.81
2820.573
2825.54
2824.748
2826.039
2817.011
2816.388
2813.664
2832.863
2832.797
2836.182
2856.612
2854.725
2832.756
2808.377
2810.655
2830.895
2829.044
2827.11
2826.857
2829.136
2831.956
2830.259
2822.199
2821.953
2820.551
2823.25
2827.778
2826.797
2822.507
2825.521
2823.516
2816.451
2811.741
2832.43
2836.131
2835.174
2826.296
2835.021
2854.634
2858.965
2854.542
2864.767
2856.432
2841.35
2843.303
2834.968
2827.515
2827.324
2824.438
2805.238
2804.198
2811.651
2814.538
2815.578
2823.913
2843.112
2843.303
2840.744
2821.545
2772.017
2783.89
2771.673
2778.252
2762.65
2757.939
2755.404
2774.424
2772.419
2756.817
2759.352
2808.417
2813.127
2816.48
2820.499
2818.648
2820.181
2803.475
2792.027
2794.305
2786.048
2786.665
2786.861
2787.947
2778.849
2767.401
2767.335
2782.276
2787.379
2800.276
2798.967
2798.902
2802.255
2806.965
2844.745
2852.547
2828.168
2813.228
2792.988
2793.773
2784.675
2782.982
2783.768
2783.571
2759.193
2774.796
2765.88
2765.814
2765.197
2762.377
2764.074
2784.313
2781.453
2799.358
2798.318
2790.866
2790.675
2771.475
2770.893
2757.619
2749.744
2753.353
2741.02
2732.109
2730.239
2725.759
2717.156
2724.024
2732.358
2730.472
2729.18
2679.652
2672.199
2675.808
2676.39
2684.994
2689.749
2691.636
2703.968
2709.147
2707.279
2705.412
2708.796
2700.192
2699.938
2697.985
2696.763
2717.204
2715.896
2717.765
2716.679
2718.613
2725.679
2734.623
2749.563
2758.086
2756.418
2746.208
2742.283
2729.526
2716.842
2706.632
2702.342
2702.146
2713.595
2698.654
2698.935
2697.724
2700.584
2703.388
2716.537
2718.206
2719.514
2726.579
2729.593
2735.299
2730.024
2754.177
2755.83
2763.559
2762.263
2765.249
2788.045
2788.286
2808.154
2809.438
2805.774
2802.788
2786.237
2787.626
2788.703
2818.38
2831.528
2848.079
2863.221
2867.707
2878.485
2886.852
2881.251
2888.909
2887.721
2881.208
2866.204
2870.649
2873.94
2875.908
2878.867
2885.381
2893.443
2900.69
2898.856
2854.048
2865.287
2862.638
2854.725
2858.578
2871.029
2858.001
2881.932
2880.116
2878.454
2915.541
2907.174
2905.339
2897.427
2910.335
2897.812
2911.177
2911.777
2912.677
2875.927
2875.027
2899.742
2914.604
2895.933
2894.994
2900.003
2902.24
2920.256
2903.074
2907.86
2922.727
2931.4
2925.85
2924.032
2920.555
2915.973
2930.506
2931.436
2949.027
2932.923
2934.856
2930.113
2941.149
2936.784
2932.919
2928
2937.764
2942.304
2940.372
2947.669
2951.236
2950.345
2958.561
2961.872
2976.605
2973.037
2977.956
2987.798
2980.501
2973.974
2982.19
2983.184
2983.12
2978.756
2979.53
2978.483
2965.807
2957.396
2953.173
2962.885
2957.477
2948.856
2957.45
2955.842
2959.153
2962.385
2933.51
2897.091
2882.358
2835.061
2798.642
2798.459
2792.063
2781.563
2781.32
2791.427
2791.131
2787.449
2802.626
2802.923
2839.673
2839.857
2840.102
2843.784
2854.38
2860.834
2873.625
2857.375
2857.191
2855.541
2847.053
2831.876
2832.476
2841.149
2861.274
2867.474
2867.283
2863.383
2867.788
2859.3
2867.788
2882.965
2879.283
2877.067
2883.653
2885.535
2886.097
2885.497
2888.122
2867.997
2883.174
2880.242
2843.492
2849.692
2849.453
2841.422
2837.74
2850.649
2873.399
2849.685
2847.469
2843.56
2844.46
2858.993
2851.005
2847.743
2844.482
2849.268
2839.416
2840.907
2837.975
2834.498
2832.851
2828.447
2826.956
2847.081
2842.819
2859.969
2860.21
2855.38
2848.866
2846.63
2868.478
2869.535
2882.326
2902.014
2902.781
2907.772
2922.949
2922.167
2923.531
2923.234
2924.411
2939.278
2947.119
2947.719
2946.073
2941.491
2949.782
2945.609
2944.552
2949.543
2966.971
2955.194
2955.75
2963.52
2973.284
2990.311
2980.547
2977.946
2969.351
2959.64
2957.408
2962.194
2978.132
2980.781
2989.148
2997.515
3006.267
3016.157
3045.562
3046.351
3044.534
3047.826
3049.202
3047.537
3043.601
3042.662
3044.898
3052.146
3051.372
3042.44
3042.626
3042.433
3045.202
3030.198
3017.538
3024.052
3022.414
3021.808
3017.508
3034.476
3035.967
3027.676
2979.949
2978.326
2975.583
2995.27
2991.93
3021.067
3022.244
3022.308
3030.34
3031.122
3038.303
3057.991
3060.923
3065.095
3073.901
3077.212
3085.128
3072.453
3076.818
3076.628
3047.753
3091.753
3069.208
3075.352
3051.852
3051.582
3051.4
3043.483
3040.765
3032.17
3030.909
3012.574
3012.392
3010.59
3009.644
3006.412
2990.309
2981.687
2979.822
2973.295
2973.106
2933.755
2924.043
2923.98
2887.561
2885.628
2880.682
2885.047
2860.272
2813.397
2803.643
2795.161
2756.161
2749.821
2747.089
2734.902
2733.281
2729.096
2728.058
2721.558
2720.969
2684.875
2704.144
2699.225
2692.414
2692.178
2652.827
2652.232
2639.439
2637.574
2608.699
2596.024
2594.392
2550.392
2529.177
2528.175
2523.77
2520.509
2505.976
2497.34
2495.39
2488.517
2478.665
2500.393
2495.948
2496.96
2501.405
2487.135
2483.469
2476.724
2480.89
2501.018
2500.199
2484.299
2484.049
2481.465
2476.665
2426.665
2429.249
2427.277
2427.085
2477.085
2481.885
2479.027
2475.956
2460.056
2452.106
2436.881
2439.489
2435.681
2432.004
2418.35
2409.581
2385.557
2381.382
2370.86
2369.404
2360.55
2367.659
2386.111
2387.835
2366.179
2389.231
2373.083
2362.048
2372.302
2367.358
2345.26
2350.204
2354.888
2360.459
2361.856
2359.667
2309.83
2309.902
2335.438
2332.95
2329.29
2319.983
2319.651
2319.375
2307.482
2266.232
2289.387
2309.016
2301.62
2284.229
2284.569
2291.965
2292.176
2292.457
2334.566
2351.957
2364.098
2368.316
2363.27
2364.843
2347.27
2337.228
2335.864
2334.424
2353.657
2338.689
2336.561
2329.008
2323.199
2318.045
2316.872
2318.045
2323.199
2267.348
2211.497
2227.449
2226.546
2207.325
2203.468
2224.28
2222.497
2218.598
2213.12
2212.826
2207.837
2201.902
2200.414
2219.271
2224.595
2226.099
2232.099
2237.143
2219.172
2194.845
2187.109
2171.944
2166.62
2159.125
2150.224
2139.74
2154.738
2150.338
2145.671
2140.288
2132.71
2097.097
2092.319
2090.799
2080.199
2078.215
2076.924
2084.451
2100.26
2105.091
2106.629
2108.635
2109.941
2145.954
2156.673
2179.625
2173.42
2167.915
2162.699
2168.205
2154.284
2144.798
2132.483
2137.699
2143.903
2145.459
2140.243
2125.388
2124.411
2146.027
2139.976
2138.402
2132.609
2131.471
2125.902
2149.34
2154.974
2143.881
2145.163
2134.558
2158.944
2154.444
2165.509
2164.125
2145.094
2143.427
2141.266
2140.909
2138.784
2129.379
2118.862
2118.778
2092.997
2117.178
2141.418
2137.485
2113.966
2134.653
2140.391
2150.266
2150.353
2151.972
2202.503
2229.573
2233.605
2234.68
2245.723
2239.986
2233.161
2231.45
2225.394
2227.105
2233.93
2239.986
2245.723
2223.38
2218.895
2212.07
2233.407
2222.84
2248.684
2256.649
2262.822
2220.65
2219.12
2207.12
2200.745
2211.155
2186.407
2205.596
2229.752
2273.064
2274.635
2250.767
2262.927
2316.827
2307.86
2285.893
2274.91
2235.242
2223.462
2251.481
2281.42
2278.08
2268.738
2196.82
2195.418
2216.438
2212.67
2200.399
2208.574
2231.55
2250.065
2249.17
2243.844
2229.708
2222.583
2214.553
2207.803
2205.79
2213.82
2215.833
2222.583
2229.708
2228.8
2169.351
2156.667
2124.82
2123.199
2116.074
2114.833
2110.09
2140.106
2126.494
2125.902
2125.504
2123.019
2129.996
2113.197
2108.686
2091.842
2109.903
2114.486
2165.361
2180.504
2197.615
2195.99
2222.603
2220.395
2211.589
2203.774
2196.371
2205.177
2212.992
2220.395
2222.603
2187.673
2172.964
2165.824
2142.758
2099.996
2098.902
2086.302
2083.969
2073.794
2068.419
2065.444
2068.419
2078.594
2114.688
2138.138
2140.471
2183.946
2196.546
2201.921
2195.942
2225.733
2233.808
2237.871
2244.471
2262.438
2282.854
2309.498
2313.073
2286.073
2273.998
2266.348
2257.248
2249.173
2246.892
2246.554
2240.575
2159.175
2156.442
2136.025
2135.575
2116.15
2048.775
2036.942
2009.117
2008.573
2001.823
2001.485
2013.319
2013.769
2081.144
2100.569
2101.113
2128.938
2135.688
2136.025
2168.097
2177.282
2162.131
2181.151
2214.944
2245.234
2241.47
2152.67
2112.42
2129.002
2145.977
2147.982
2145.255
2178.176
2087.731
2070.442
2053.553
2065.752
2104.209
2010.286
2046.762
2037.262
2077.868
2069.202
2067.855
2067.997
2119.069
2107.865
2091.742
2074.14
2023.069
2016.911
1909.768
1899.482
1893.946
1904.232
1909.768
2016.911
1974.711
1972.919
1963.357
1986.332
1940.255
1933.394
1972.609
1955.435
1998.733
1956.733
1985.068
1976.716
1976.557
1969.994
2006.041
2005.348
2012.223
1975.195
2022.523
2022.686
1928.674
1928.203
1918.785
1918.157
1917.398
1900.887
1862.061
1834.956
1831.196
1923.071
1923.685
1932.889
1949.026
1975.514
1976.256
1976.716
1952.216
1941.563
1925.426
1920.722
1918.08
1845.236
1877.474
1873.66
1877.474
1888.375
1891.078
1901.753
1976.291
2001.36
2006.174
2022.686
1994.533
1971.818
1993.619
1986.576
2064.75
2088.018
2114.311
2121.354
2108.512
2087.079
2083.921
2061.149
2049.332
2044.979
2048.137
2060.979
2065.332
2077.149
2098.582
2121.354
2022.756
1988.122
1965.878
1934.897
1942.577
1896.744
1943.599
1983.034
2069.659
2178.916
2192.01
2240.321
2264.97
2309.169
2285.77
2288.829
2294.092
2315.408
2323.461
2327.776
2348.566
2390.635
2398.234
2332.378
2332.194
2332.378
2398.234
2391.095
2377.832
2239.674
2246.813
2260.076
2336.74
2317.356
2313.766
2369.957
2363.51
2325.483
2381.122
2431.711
2369.836
2387.279
2381.122
2453.58
2457.469
2429.078
2433.902
2442.618
2463.051
2462.321
2451.375
2342.118
2296.997
2277.807
2308.705
2307.799
2307.236
2354.135
2373.324
2354.803
2355.513
2386.184
2387.043
2397.701
2398.234
2369.865
2369.681
2345.112
2340.414
2332.52
2374.209
2399.443
2399.632
2407.74
2412.564
2433.916
2463.051
2468.402
2490.294
2493.274
2506.368
2514.524
2516.193
2521.99
2524.97
2539.807
2542.088
2542.655
2543.385
2547.439
2544.459
2531.365
2467.651
2480.401
2452.033
2426.928
2419.329
2334.984
2363.352
2447.697
2455.296
2416.801
2413.974
2464.75
2477.5
2416.801
2352.635
2352.455
2352.635
2416.801
2373.994
2373.157
2372.465
2404.227
2393.569
2287.188
2268.503
2329.267
2329.997
2349.186
2360.132
2405.253
2405.801
2406.682
2449.73
2416.801
2374.869
2362.446
2258.792
2176.609
2130.776
2127.795
2104.41
2122.421
2159.789
2186.593
2199.016
2201.997
2247.83
2271.215
2315.497
2356.381
2413.974
2401.551
2404.378
2416.801
2432.192
2473.731
2543.138
2535.104
2584.741
2628.338
2651.607
2658.966
2711.943
2690.229
2687.604
2730.384
2753.155
2775.399
2711.943
2700.408
2697.783
2685.783
2679.324
2554.324
2553.548
2536.643
2533.384
2525.705
2526.482
2529.741
2537.42
2554.324
2557.408
2567.408
2621.282
2621.892
2547.355
2522.285
2515.57
2493.384
2492.756
2455.857
2416.107
2415.33
2414.848
2405.205
2435.442
2418.125
2428.003
2428.497
2429.293
2470.012
2487.329
2524.357
2552.107
2552.75
2549.417
2531.417
2527.167
2573.915
2521.095
2518.909
2510.847
2475.672
2494.572
2498.072
2506.134
2508.631
2561.451
2595.768
2610.659
2552.75
2552.583
2493
2481.464
2442.527
2366.214
2269.964
2267.196
2233.387
2265.616
2277.569
2280.475
2321.359
2333.472
2368.972
2449.1
2550.163
2572.963
2553.805
2561.268
2582.817
2632.454
2651.723
2652.216
2591.693
2582.051
2485.801
2468.896
2468.119
2440.369
2499.232
2498.738
2458.018
2458.512
2486.939
2487.735
2488.393
2505.71
2542.301
2551.943
2591.693
2596.006
2600.72
2620.006
2658.577
2681.363
2689.042
2636.333
2622.042
2646.482
2596.845
2468.796
2485.828
2525.106
2583.615
2455.089
2480.194
2551.215
2592.753
2638.587
2694.722
2745.6
2760.606
2768.15
2754.628
2735.36
2734.866
2685.229
2677.765
2656.216
2653.527
2660.991
2682.54
2685.229
2669.75
2670.232
2689.042
2688.875
2678.875
2672
2687.534
2737.171
2747.415
2747.585
2754.628
2754.134
2704.497
2697.034
2744.709
2722.622
2719.866
2770.744
2792.831
2793.338
2800.988
2735.36
2754.628
2719.994
2666
2663.585
2643.226
2633
2635.357
2607.093
2626.506
2589.328
2583.66
2555.172
2513.602
2488.532
2477.265
2526.818
2521.711
2547.378
2556.807
2561.914
2573.449
2579.253
2560.84
2598.017
2566.813
2559.858
2541.903
2495.651
2475.571
2530.578
2530.108
2532.672
2539.788
2558.16
2520.099
2520.56
2566.813
2548.858
2570.956
2563.84
2559.189
2540.352
2536.538
2529.823
2536.538
2573.715
2577.529
2595.901
2600.552
2619.39
2626.506
2625.895
2616.128
2562.131
2559.048
2510.592
2503.307
2502.824
2542.32
2539.631
2520.363
2539.631
2540.125
2561.674
2549.137
2556.423
2499.535
2478.988
2431.66
2413.288
2468.122
2467.64
2520.363
2519.704
2519.21
2518.415
2508.537
2470.188
2452.438
2423.3
2381.563
2399.313
2381.512
2409.939
2448.81
2458.452
2458.935
2459.711
2460.354
2438.64
2475.348
2472.659
2416.411
2438.64
2460.354
2464.259
2465.83
2503.893
2520.655
2503.605
2495.923
2467.681
2476.181
2480.625
2444.625
2440.6
2433.433
2412.167
2394.167
2389.767
2411.033
2447.033
2451.058
2469.058
2473.458
2480.625
2532.946
2483.727
2451.75
2448.568
2389.284
2430.651
2413.07
2405.57
2438.593
2455.442
2457.884
2446.616
2372.078
2278.067
2245.044
2207.012
2204.308
2214.232
2192.518
2235.077
2216.122
2237.331
2248.599
2270.338
2309.719
2346.061
2348.644
2399.08
2379.108
2430.285
2475.613
2524.177
2501.405
2505.759
2517.576
2540.348
2543.506
2556.348
2577.78
2567.902
2439.854
2411.427
2429.975
2379.097
2338.597
2314.747
2307.203
2251.859
2129.759
2129.253
2128.578
2027.516
2064.112
2045.907
2098.888
2051.849
2067.645
2125.901
2123.574
2148.035
2216.434
2290.424
2297.784
2285.634
2324.205
2343.491
2363.366
2397.176
2417.051
2433.813
2471.224
2529.422
2554.491
2535.654
2497.98
2493.767
2471.512
2466.907
2459.407
2497.081
2504.581
2523.419
2545.674
2550.279
2554.491
2550.677
2522.189
2520.654
2504.282
2453.919
2412.349
2460.679
2422.616
2476.826
2469.417
2507.479
2477.654
2482.305
2498.677
2500.212
2484.014
2487.741
2496.435
2474.844
2511.852
2507.64
2499.297
2544.512
2527.607
2465.5
2474.042
2536.149
2499.262
2515.773
2536.32
2540.532
2554.491
2543.224
2449.212
2374.674
2341.651
2320.442
2282.41
2240.84
2238.137
2260.114
2241.444
2277.786
2280.369
2300.636
2338.503
2326.779
2337.088
2343.949
2364.311
2366.098
2396.311
2489.247
2518.29
2521.779
2546.577
2542.364
2535.503
2518.269
2514.415
2479.947
2459.585
2366.649
2346.287
2344.5
2319.702
2290.66
2260.447
2253.585
2250.096
2280.309
2373.245
2352.24
2376.521
2396.458
2399.875
2401.625
2408.344
2436.617
2438.914
2449.008
2415.258
2395.383
2389.096
2396.628
2383.856
2329.505
2341.55
2292.356
2225.136
2220.914
2278.807
2342.024
2362.322
2396.79
2403.21
2390.383
2436.503
2449.008
2447.633
2439.664
2435.497
2402.193
2407.226
2392.247
2354.215
2378.764
2427.981
2414.057
2388.758
2422.771
2424.176
2439.154
2442.644
2436.872
2441.039
2449.008
2420.57
2418.82
2389.237
2385.82
2361.539
2270.539
2311.987
2291.625
2334.883
2341.602
2361.539
2363.289
2392.872
2417.154
2445.591
2449.008
2438.914
2436.617
2438.914
2449.008
2446.711
2427.711
2459.5
2478.904
2498.769
2501.114
2494.971
2486.035
2442.734
2442.585
2439.096
2410.053
2385.255
2378.394
2358.032
2314.337
2283.467
2281.641
2311.315
2355.074
2375.436
2400.234
2407.096
2437.309
2440.798
2442.585
2436.074
2419.266
2415.777
2398.543
2415.932
2463.203
2458.758
2465.175
2471.975
2476.419
2493.975
2511.975
2515.619
2551.144
2548.694
2537.928
2540.378
2551.144
2454.078
2428.178
2396.622
2447.364
2425.614
2394.591
2387.261
2385.352
2353.611
2383.944
2415.5
2417.367
2424.533
2466.783
2439.096
2442.585
2440.239
2429.931
2381.604
2391.698
2371.76
2329.287
2299.074
2292.213
2267.415
2313.141
2283.467
2332.344
2358.244
2389.8
2391.667
2434.63
2441.641
2462.446
2492.12
2495.685
2497.837
2500.063
2536.356
2540.66
2542.53
2542.97
2578.522
2587.848
2644.554
2675.141
2690.576
2644.053
2633.745
2688.603
2691.418
2637.346
2656.043
2671.149
2695.947
2698.053
2700.287
2708.426
2710.255
2712.085
2720.223
2726.644
2696.431
2678.67
2708.883
2726.644
2736.41
2766.622
2746.224
2753.88
2762.63
2795.935
2850.279
2865.07
2867.258
2867.404
2896.154
2901.232
2908.888
2920.326
2960.401
2962.773
2963.439
2982.492
3001.962
3003.717
3007.413
3011.368
3011.508
2975.758
2894.908
2866.508
2848.268
2784.165
2831.097
2828.724
2853.586
2872.586
2875.008
2885.102
2951.875
2985.945
3007.508
2975.758
2952.458
2967.282
2978.047
2946.875
2924.462
2897.154
2870.904
2852.5
2768.5
2766.885
2763.731
2811.598
2834.451
2863.942
2867.096
2868.712
2841.377
2867.132
2885.189
2891.274
2891.406
2900.915
2918.531
2920.399
2950.965
2952.587
2960.682
3009.899
3030.512
3049.252
3070.836
3087.109
3102.567
3122.637
3138.91
3159.141
3166.225
3168.623
3171.928
3188.201
3139.398
3141.511
3144
3152.523
3156.123
3157.65
3122.076
3145.42
3154.071
3157.313
3161.665
3162.027
3198.368
3144.191
3160.191
3167.735
3170.191
3142.145
3120.654
3113.943
3110.434
3098.083
3114.734
3111.806
3135.884
3134.684
3110.627
3077.546
3084.257
3087.134
3088.292
3091.8
3075.832
3087.97
3115.532
3112.705
3092.61
3087.05
3070.55
3069.101
3046.314
3021.401
3050.98
3052.48
3058.239
3029.498
3046.287
3070.235
3073.112
3095.438
3115.532
3132.317
3135.886
3137.787
3173.587
3181.799
3190.722
3191.275
3191.733
3154.488
3154.838
3177.588
3186.738
3209.356
3246.252
3247.352
3249.058
3262.066
3263.449
3268.465
3279.645
3255.579
3253.371
3246.435
3244.56
3221.867
3206.48
3154.784
3151.905
3154.113
3154.923
3161.748
3184.081
3186.915
3202.058
3203.903
3205.653
3205.764
3210.883
3228.085
3240.625
3244.931
3262.479
3273.135
3224.475
3202.703
3211.953
3211.851
3212.153
3226.392
3206.739
3200.43
3201.936
3222.23
3223.686
3231.759
3244.443
3268.267
3271.421
3290.645
3266.596
3280.007
3300.301
3301.537
3307.36
3311.86
3316.298
3317.268
3325.342
3329.842
3288.888
3287.404
3325.208
3327.382
3334.034
3328.491
3337.19
3291.091
3293.046
3253.764
3228.295
3217.323
3217.226
3214.747
3199.774
3195.608
3182.641
3195.307
3206.28
3206.696
3209.675
3213.842
3216.321
3231.293
3244.26
3244.358
3183.691
3182.524
3162.802
3149.51
3130.552
3126.073
3109.885
3107.608
3109.885
3114.052
3126.257
3126.674
3103.295
3137.575
3150.685
3114.919
3125.135
3147.027
3148.777
3156.155
3162.358
3163.52
3185.412
3182.965
3184.856
3183.694
3191.073
3212.676
3212.949
3227.595
3191.28
3193.007
3174.912
3193.007
3204.507
3216.955
3227.755
3244.088
3242.362
3218.528
3214.505
3186.998
3178.887
3165.995
3144.103
3116.601
3050.601
3062.065
3024.764
3090.764
3112.655
3098.288
3126.6
3150.12
3162.673
3191.801
3199.699
3175.769
3186.289
3157.708
3151.824
3167.218
3172.06
3178.193
3185.104
3186.837
3198.951
3201.457
3221.693
3212.706
3223.889
3217.756
3215.041
3201.396
3181.16
3176.147
3153.521
3138.014
3175.12
3178.245
3180.995
3196.7
3217.196
3240.112
3245.189
3259.01
3265.221
3267.548
3270.202
3275.106
3271.981
3282.109
3230.282
3241.548
3230.846
3220.462
3190.263
3200.516
3209.149
3210.212
3219.427
3207.351
3208.187
3210.446
3237.859
3240.391
3254.036
3266.15
3255.027
3256.422
3257.818
3278.054
3274.234
3253.101
3267.038
3268.35
3278.225
3280.489
3281.802
3282.852
3294.522
3314.772
3334.145
3334.907
3384.815
3378.833
3374.296
3362.77
3370.181
3374.61
3342.406
3343.841
3358.23
3326.026
3342.878
3344.174
3343.924
3350.702
3345.98
3348.989
3318.328
3331.544
3329.965
3347.123
3341.892
3357.834
3360.806
3366.038
3336.128
3333.742
3335.008
3339.616
3342.553
3343.297
3350.529
3354.008
3347.935
3359.429
3359.036
3369.623
3361.407
3345.618
3316.078
3321.125
3320.887
3310.549
3262.99
3261.343
3268.525
3244.763
3254.469
3279.651
3275.047
3290.827
3296.461
3296.84
3298.747
3282.701
3269.997
3269.683
3268.401
3269.382
3260.196
3261.702
3270.167
3270.481
3264.359
3267.917
3252.717
3257.164
3260.653
3267.036
3265.408
3276.501
3278.408
3289.265
3297.689
3281.908
3282.214
3285.368
3286.344
3299.897
3298.545
3303.429
3302.208
3295.109
3297.219
3309.821
3317.751
3312.868
3318.501
3316.91
3322.544
3311.224
3314.581
3319.465
3310.047
3312.541
3309.706
3311.613
3310.613
3313.448
3315.192
3306.936
3305.785
3285
3283.256
3308.438
3307.67
3317.089
3342.27
3364.198
3354.098
3355.707
3352.239
3349.94
3334.078
3336.879
3337.121
3335.853
3354.651
3350.427
3336.346
3333.881
3320.484
3312.645
3311.309
3292.934
3288.537
3299.537
3301.619
3303.918
3267.078
3248.457
3247.319
3246.974
3211.781
3211.702
3212.072
3204.004
3169.243
3168.093
3180.205
3183.449
3183.744
3167.789
3153.101
3159.846
3178.221
3179.164
3163.701
3160.118
3182.731
3227.647
3215.606
3195.744
3199.328
3183.55
3182.111
3192.928
3197.694
3216.244
3187.261
3169.499
3124.582
3111.632
3116.732
3122.832
3123.769
3113.953
3095.338
3080.338
3071.165
3079.473
3084.516
3087.813
3084.451
3086.445
3070.984
3085.897
3053.985
3040.67
3038.887
3038.17
3034.012
3026.36
3002.821
3000.647
2983.27
2963.841
2964.558
2981.935
2989.587
2976.661
2978.812
2960.154
2961.899
2953.517
2957.543
2958.767
2957.326
2961.853
2979.426
2962.374
2961.468
2968.879
2976.353
2966.525
2971.459
2972.537
2986.905
2985.682
2998.428
2988.726
2971.328
2956.222
2913.217
2879.12
2873.965
2875.202
2892.6
2897.754
2907.456
2922.563
2965.568
2984.584
3018.681
3012.84
3034.491
3034.778
3042.331
3029.932
3044.37
3051.625
3075.176
3081.016
3079.963
3028.005
3047.542
3051.568
3052.457
3052.383
3046.604
3044.725
3035.568
3054.188
3046.313
3044.604
3058.979
3058.76
3041.885
3040.792
3048.188
3048.26
3047.573
3056.01
3065.214
3066.109
3073.443
3068.193
3075.776
3066.792
3068.948
3073.831
3070.643
3058.503
3062.628
3064.19
3038.122
3037.029
3046.966
3046.893
3037.393
3018.773
3022.992
3008.855
3005.668
3013.251
3012.355
3000.975
2995.288
2986.592
2988.452
2985.913
2976.188
2973.362
2972.214
2971.065
2973.478
2964.872
2955.813
2946.754
2948.594
2939.192
2938.055
2928.43
2938.055
2947.457
2918.506
2909.2
2917.466
2917.798
2918.676
2868.839
2877.855
2872.253
2886.101
2886.407
2882.504
2884.356
2902.596
2906.499
2915.3
2916.371
2925.898
2921.995
2920.598
2894.145
2888.6
2883.706
2874.83
2873.521
2868.203
2866.4
2856.97
2861.864
2871.294
2876.612
2877.92
2877.052
2876.052
2875.203
2881.266
2890.143
2899.779
2892.143
2865.006
2857.106
2841.12
2842.11
2867.135
2858.348
2858.618
2878.671
2856.752
2847.723
2848.558
2837.828
2857.581
2879.238
2879.44
2878.58
2881.64
2877.05
2868.95
2865.125
2851.554
2860.674
2851.338
2858.378
2856.978
2855.875
2856.493
2855.198
2850.158
2852.303
2872.654
2880.554
2887.654
2909.31
2913.135
2903.595
2902.571
2902.898
2898.698
2906.598
2892.798
2933.223
2905.948
2909.587
2898.856
2884.358
2868.475
2866.696
2865.088
2855.706
2854.625
2858.831
2898.463
2899.493
2899.424
2899.167
2908.52
2910.461
2917.598
2915.657
2912.716
2916.833
2914.002
2916.833
2891.26
2930.892
2926.142
2921.201
2930.554
2930.623
2925.873
2913.056
2907.703
2915.115
2909.733
2919.115
2937.645
2928.292
2929.295
2938.678
2937.854
2937.648
2916.417
2914.809
2921.711
2921.512
2915.527
2918.358
2916.578
2909.892
2909.069
2908.241
2906.138
2909.656
2910.685
2906.089
2910.685
2913.685
2906.582
2892.661
2891.631
2898.734
2912.656
2913.685
2909.469
2909.205
2907.263
2916.808
2917.065
2932.947
2911.716
2925.021
2905.069
2901.319
2898.319
2899.926
2903.088
2906.691
2907.011
2906.188
2902.07
2905.587
2903.484
2904.311
2902.536
2916.457
2903.152
2916.946
2921.887
2922.968
2918.027
2904.105
2895.922
2909.843
2910.67
2918.854
2924.207
2922.737
2920.707
2932.717
2909.774
2896.259
2898.239
2903.452
2912.199
2896.16
2896.42
2881.945
2895.739
2893.989
2895.95
2894.946
2894.626
2885.244
2874.675
2888.597
2880.852
2899.381
2897.911
2897.083
2896.478
2891.096
2890.015
2889.809
2887.706
2887.441
2884.483
2885.31
2887.413
2888.018
2889.099
2894.482
2897.44
2897.646
2897.911
2899.381
2898.241
2893.741
2894.006
2892.536
2885.575
2854.152
2852.123
2847.527
2873.671
2892.384
2890.76
2880.087
2877.116
2879.166
2886.196
2887.819
2892.364
2924.098
2925.249
2929.89
2940.563
2935.573
2935.373
2935.075
2934.422
2954.196
2905.356
2861.676
2859.861
2854.371
2822.32
2819.153
2805.094
2806.891
2763.644
2785.085
2780.288
2789.318
2778.588
2776.175
2773.761
2772.67
2768.422
2763.877
2771.699
2773.493
2754.78
2740.849
2735.413
2735.673
2751.676
2748.159
2743.218
2733.865
2717.983
2715.025
2695.072
2643.602
2626.077
2603.722
2607.621
2627.898
2627.968
2618.332
2612.269
2605.097
2630.555
2635.499
2658.211
2660.211
2661.08
2664.337
2663.485
2665
2648.481
2654.544
2680.893
2682.696
2682.968
2686.016
2665.46
2651.751
2650.691
2653.431
2647.367
2648.216
2692.337
2687.701
2705.756
2708.496
2709.496
2700.066
2699.217
2748.551
2732.403
2741.327
2735.264
2728.153
2729.956
2720.289
2736.653
2718.786
2678.361
2682.651
2689.896
2679.116
2680.485
2680.159
2686.161
2707.922
2711.115
2719.38
2722.35
2728.293
2760.027
2754.621
2749.824
2754.465
2711.218
2702.47
2703.621
2711.443
2712.725
2717.27
2709.005
2709.658
2715.094
2746.828
2730.636
2732.022
2714.551
2730.434
2728.963
2732.48
2684.598
2671.293
2685.214
2677.273
2682.656
2682.05
2675.089
2674.484
2667.582
2672.178
2663.516
2667.398
2670.339
2664.957
2666.565
2672.55
2665.413
2690.987
2699.648
2700.729
2680.777
2689.439
2688.299
2690.328
2697.289
2697.936
2711.466
2709.363
2708.757
2710.365
2734.9
2737.841
2748.551
2753.051
2754.393
2753.57
2784.993
2775.64
2775.897
2757.368
2755.588
2748.902
2735.597
2744.538
2741.707
2735.021
2745.646
2746.473
2737.12
2727.738
2724.738
2728.944
2715.561
2716.642
2713.983
2713.718
2725.728
2716.184
2713.353
2692.121
2685.219
2684.19
2682.582
2662.63
2661.022
2658.191
2655.191
2647.446
2645.485
2637.544
2621.871
2629.813
2631.42
2633.381
2636.381
2652.054
2654.885
2662.63
2662.31
2660.534
2653.574
2653.893
2661.305
2646.783
2655.314
2649.487
2648.073
2652.487
2653.314
2651.737
2649.814
2646.136
2659.933
2638.908
2638.267
2620.913
2614.078
2598.557
2614.078
2614.718
2635.744
2637.336
2654.691
2658.404
2644.621
2646.544
2653.314
2644.141
2648.035
2643.996
2642.419
2644.343
2647.444
2640.477
2631.117
2632.433
2641.202
2642.644
2646.683
2648.745
2647.736
2672.519
2673.626
2667.91
2667.976
2677.062
2673.205
2673.398
2672.398
2672.087
2671.087
2680.135
2678.459
2679.425
2672.557
2659.028
2656.329
2639.624
2641.317
2643.321
2642.111
2628.961
2626.683
2630.609
2622.396
2614.335
2623.251
2624.036
2631.419
2619.971
2599.731
2600.762
2649.827
2650.857
2640.729
2640.449
2602.668
2605.203
2609.493
2602.11
2614.793
2632.457
2631.668
2611.429
2581.474
2579.806
2575.797
2575.008
2573.922
2575.324
2575.258
2561.987
2551.095
2553.099
2549.09
2545.655
2563.319
2562.338
2562.272
2570.485
2590.724
2590.479
2587.659
2588.236
2584.535
2593.633
2606.783
2614.353
2613.568
2600.884
2600.579
2598.71
2602.145
2622.834
2607.231
2602.703
2604.396
2605.353
2600.972
2622.125
2635.431
2632.574
2631.77
2642.037
2637.237
2634.915
2633.187
2644.287
2644.037
2645.27
2646.97
2645.863
2648.737
2647.687
2632.258
2640.673
2637.799
2630.865
2623.342
2622.523
2605.499
2566.999
2536.474
2535.367
2530.752
2517.229
2525.708
2516.939
2512.28
2510.964
2460.483
2456.805
2447.671
2455.267
2461.137
2460.885
2473.454
2470.353
2463.084
2472.286
2483.493
2462.669
2458.544
2451.544
2443.756
2439.343
2419.774
2434.689
2441.524
2445.369
2452.262
2438.476
2436.466
2437.485
2441.33
2440.369
2448.743
2442.915
2450.255
2458.786
2459.078
2462.922
2465.835
2505.083
2496.228
2503.898
2523.657
2528.36
2526.904
2525.448
2527.21
2530.013
2511.664
2513.422
2516.352
2514.993
2520.92
2504.711
2514.163
2513.343
2519.271
2517.538
2526.392
2530.848
2544.508
2542.916
2556.703
2560.186
2557.055
2556.22
2559.351
2562.154
2537.858
2542.314
2545.797
2536.506
2515.481
2519.194
2523.369
2526.34
2525.269
2503.777
2501.835
2514.527
2520.354
2513.286
2534.779
2532.769
2525.876
2565.124
2580.852
2579.119
2596.473
2587.619
2586.163
2617.28
2630.533
2681.504
2678.591
2675.678
2674.684
2665.62
2668.751
2665.62
2661.775
2670.149
2669.887
2674.999
2670.448
2649.617
2642.79
2644.035
2630.986
2617.716
2602.139
2571.321
2582.528
2586.941
2582.806
2577.528
2578.645
2570.15
2577.15
2573.472
2548.391
2549.4
2546.792
2535.013
2527.744
2514.215
2506.946
2499.157
2496.215
2500.874
2499.922
2515.499
2516.306
2501.489
2499.567
2512.258
2530.608
2529.479
2534.78
2538.494
2536.411
2497.164
2449.746
2454.858
2457.788
2457.591
2448.3
2400.882
2401.698
2412.164
2404.494
2412.868
2412.936
2411.013
2412.606
2412.538
2395.183
2404.248
2379.936
2393.241
2397.447
2397.705
2402.455
2402.197
2388.276
2395.379
2413.908
2414.114
2425.54
2421.57
2390.147
2414.359
2423.424
2422.783
2453.9
2462.478
2454.808
2462.148
2463.604
2463.536
2464.352
2468.903
2485.112
2479.782
2465.072
2466.082
2504.952
2501.502
2502.454
2512.959
2510.897
2502.401
2499.3
2448.82
2447.76
2449.106
2448.471
2450.394
2451.346
2449.904
2436.25
2449.779
2455.55
2463.147
2465.137
2423.137
2425.913
2416.74
2421.154
2425.813
2416.611
2418.356
2401.168
2417.646
2410.612
2401.388
2397.223
2396.404
2391.853
2398.921
2402.635
2399.067
2407.441
2394.042
2389.586
2385.508
2383.746
2359.45
2390.568
2379.252
2394.773
2373.748
2384.269
2384.007
2382.249
2383.068
2381.612
2403.104
2407.998
2410.801
2405.5
2418.752
2420.112
2424.816
2433.88
2430.166
2421.312
2378.904
2379.195
2381.278
2386.39
2384.448
2379.118
2377.525
2384.865
2376.288
2357.938
2353.482
2350.678
2347.766
2334.59
2313.097
2311.364
2300.842
2301.442
2310.893
2327.102
2326.785
2340.445
2343.079
2337.967
2337.65
2286.68
2294.544
2285.966
2282.483
2294.376
2304.842
2313.374
2337.67
2328.379
2329.019
2342.272
2341.278
2342.607
2311.489
2287.193
2273.407
2265.737
2266.552
2267.546
2258.284
2259.613
2257.851
2257.016
2243.229
2238.678
2247.97
2242.142
2251.593
2237.807
2234.239
2231.108
2228.475
2236.144
2244.249
2223.223
2221.631
2214.796
2197.442
2195.5
2194.859
2179.339
2188.695
2184.945
2200.618
2212.627
2233.859
2240.761
2258.286
2262.036
2263.996
2264.643
2266.251
2281.924
2266.042
2279.424
2266.608
2265.338
2266.368
2282.25
2286.456
2283.294
2276.333
2274.991
2297.193
2302.629
2305.616
2316.347
2313.359
2314.45
2336.493
2358.149
2356.338
2360.298
2371.223
2376.263
2379.85
2387.41
2389.05
2387.265
2405.14
2406.19
2428.328
2409.428
2408.059
2407.441
2402.851
2404.014
2405.038
2401.078
2392.978
2406.05
2408.488
2414.49
2426.74
2418.393
2410.045
2417.145
2413.92
2422.268
2430.368
2429.073
2439.853
2433.748
2434.91
2444.03
2435.243
2427.143
2428.511
2429.614
2425.414
2426.074
2418.174
2422.474
2418.886
2467.726
2453.656
2427.571
2418.451
2421.451
2381.026
2381.686
2381.896
2407.981
2421.781
2396.756
2397.019
2429.07
2429.273
2449.624
2444.779
2446.59
2427.356
2428.337
2429.692
2419.019
2414.771
2415.068
2436.986
2453.178
2471.951
2454.426
2454.169
2453.904
2452.154
2451.311
2446.811
2460.116
2456.234
2462.119
2457.619
2460.619
2467.305
2470.263
2464.379
2463.555
2415.673
2403.663
2405.442
2394.016
2410.049
2400.696
2405.196
2409.402
2398.691
2394.941
2381.147
2376.647
2375.305
2382.266
2372.952
2372.746
2371.665
2371.467
2370.386
2361.445
2352.292
2353.373
2362.526
2371.467
2379.212
2363.33
2368.271
2373.021
2370.063
2374.658
2373.286
2369.403
2378.018
2367.45
2364.509
2404.141
2413.494
2420.396
2424.991
2420.396
2411.734
2411.803
2416.553
2423.656
2444.887
2393.417
2391.314
2388.152
2390.542
2359.119
2375.001
2384.457
2376.192
2384.457
2398.516
2405.689
2421.881
2408.938
2404.297
2402.5
2383.787
2359.01
2375.202
2369.157
2367.177
2371.187
2371.256
2371.457
2367.199
2376.229
2419.476
2426.684
2448.603
2443.806
2427.276
2436.915
2446.36
2443.501
2452.976
2451.825
2453.593
2452.613
2460.434
2460.702
2460.442
2457.756
2460.744
2477.274
2476.26
2476.329
2475.29
2477.27
2498.712
2502.499
2491.769
2485.724
2534.08
2516.382
2515.547
2516.639
2518.599
2517.764
2515.97
2519.891
2525.834
2516.196
2500.841
2492.385
2493.355
2495.105
2504.65
2495.105
2512.78
2496.25
2498.017
2499.403
2492.433
2544.413
2553.889
2557.527
2557.85
2548.606
2547.626
2542.22
2540.427
2531.887
2545.551
2541.006
2554.67
2571.199
2602.933
2599.946
2604.49
2606.257
2610.045
2607.995
2589.282
2593.923
2602.953
2602.121
2601.082
2626.908
2628.059
2596.325
2597.608
2584.093
2584.39
2587.42
2565.978
2566.991
2580.506
2580.803
2571.774
2573.397
2569.15
2553.276
2552.67
2544.055
2545.805
2545.511
2526.982
2519.844
2499.892
2499.824
2491.208
2486.267
2484.998
2474.287
2464.743
2439.169
2434.228
2429.478
2428.105
2426.498
2419.086
2415.569
2399.896
2390.743
2381.801
2389.344
2410.35
2401.563
2389.908
2386.908
2379.008
2371.908
2364.008
2376.114
2374.939
2369.621
2363.558
2358.664
2336.789
2331.895
2326.804
2310.657
2309
2307.939
2294.231
2286.595
2308.531
2285.941
2276.926
2273.023
2263.089
2261.964
2247.607
2206.357
2201.969
2200.898
2184.21
2178.838
2177.828
2192.135
2189.924
2185.501
2164.521
2161.366
2158.57
2156.508
2167.742
2158.589
2152.229
2152.018
2118.632
2117.206
2108.221
2107.346
2101.628
2056.128
2049.875
2044.625
2031.008
2016.789
2013.781
2002.401
1993.964
1977.311
1975.603
1974.915
1952.357
1945.023
1932.263
1913.643
1911.56
1907.576
1908.263
1915.596
1917.305
1921.289
1939.909
1956.561
1979.12
1981.203
1993.964
1984.238
1981.051
1955.925
1947.138
1944.099
1943.021
1962.235
1954.193
1950.983
1942.94
1937.339
1934.746
1911.195
1893.961
1886.254
1885.137
1897.579
1896.87
1896.644
1890.19
1882.399
1877.464
1867.249
1859.421
1857.657
1872.371
1871.654
1880.312
1851.647
1807.224
1826.371
1824.354
1819.254
1818.921
1794.858
1782.881
1782.829
1780.419
1762.456
1757.013
1772.479
1758.558
1755.788
1761.294
1764.064
1768.564
1782.484
1784.922
1803.088
1815.338
1835.651
1834.398
1814.085
1800.841
1799.678
1774.521
1758.839
1743.984
1743.03
1741.325
1732.348
1726.815
1722.418
1718.95
1728.908
1723.275
1697.533
1687.827
1690.978
1709.93
1726.835
1753.189
1754.368
1764.305
1758.725
1760.396
1758.245
1757.053
1761.322
1766.215
1765.881
1748.844
1744.415
1738.434
1759.756
1746.281
1730.969
1730.594
1690.53
1659.248
1642.186
1637.236
1645.638
1624.937
1612.823
1605.225
1593.68
1592.384
1590.913
1588.407
1600.027
1613.011
1549.583
1545.609
1529.7
1527.347
1506.109
1506.018
1495.758
1489.797
1480.388
1475.42
1425.755
1420.919
1419.215
1401.058
1419.468
1437.758
1433.681
1420.748
1430.485
1430.074
1420.43
1437.679
1457.558
1408.609
1406.059
1412.611
1408.176
1403.991
1401.614
1389.875
1378.426
1355.257
1352.359
1356.793
1360.978
1363.877
1375.326
1398.495
1400.871
1412.611
1392.942
1369.241
1375.406
1373.785
1387.293
1404.619
1420.137
1418.031
1433.859
1426.535
1442.369
1442.258
1439.083
1412.583
1435.254
1456.488
1454.582
1438.893
1426.781
1413.443
1382.552
1312.853
1296.405
1289.81
1290.947
1288.07
1279.152
1301.209
1261.834
1249.034
1268.461
1262.231
1285.344
1286.59
1293.807
1297.58
1331.307
1372.167
1375.262
1405.425
1418.708
1400.34
1423.837
1433.873
1426.373
1393.637
1402.51
1384.935
1409.556
1399.668
1380.615
1369.87
1397.784
1395.086
1366.648
1376.742
1379.44
1383.159
1401.466
1412.435
1431.885
1428.167
1410.776
1410.58
1440.793
1458.553
1405.309
1382.372
1324.543
1309.239
1288.943
1286.546
1266.72
1286.546
1288.943
1309.239
1304.935
1315.933
1327.432
1308.46
1327.432
1345.841
1329.375
1297.102
1294.716
1311.182
1343.455
1345.841
1309.509
1281.668
1307.66
1287.232
1282.47
1239.911
1223.149
1243.652
1273.094
1264.125
1304.091
1313.653
1331.253
1375.941
1380.041
1399.201
1400.811
1396.625
1379.72
1357.101
1294.994
1311.939
1316.817
1345.209
1323.122
1340.872
1406.084
1415.053
1437.141
1441.669
1456.675
1444.317
1475.963
1456.213
1465.91
1458.218
1472.023
1471.839
1492.628
1520.997
1545.566
1550.263
1550.447
1558.342
1526.105
1507.579
1542.919
1532.581
1474.051
1430.845
1426.412
1464.201
1414.549
1375.104
1351.917
1375.104
1376.318
1368.514
1346.622
1325.27
1319.865
1276.659
1268.389
1263.956
1269.361
1277.166
1299.057
1342.264
1350.534
1371.885
1376.318
1373.338
1348.105
1323.456
1311.834
1225.209
1199.426
1229.514
1260.732
1256.43
1289.095
1293.242
1296.765
1309.795
1315.205
1412.33
1398.849
1440.232
1451.208
1436.527
1382.36
1375.86
1338.739
1326.739
1318.242
1310.625
1318.242
1310.962
1348.083
1355.452
1361.761
1376.011
1428.585
1440.232
1416.408
1391.857
1416.408
1440.232
1439.614
1423.467
1420.224
1462.443
1503.457
1496.754
1494.117
1540.323
1530.589
1484.782
1506.45
1553.783
1581.608
1577.292
1625.526
1593.332
1563.03
1601.549
1582.746
1616.089
1566.517
1570.983
1589.138
1605.845
1636.147
1690.429
1683.036
1705.444
1753.01
1694.925
1735.964
1729.13
1710.005
1676.255
1643.339
1636.505
1623.755
1611.724
1545.115
1536.781
1548.813
1582.563
1649.172
1656.005
1668.755
1677.089
1710.005
1679.818
1620.651
1616.276
1675.443
1679.818
1710.005
1675.224
1616.057
1650.839
1710.005
1675.224
1641.474
1708.083
1678.7
1693.4
1758.815
1814.015
1975.715
2019.065
1988.524
2003.236
2057.851
2064.832
2072.793
2091.428
2109.457
2113.928
2125.697
2137.236
2155.87
2115.949
2143.949
2161.31
2183.921
2216.644
2251.222
2273.454
2277.759
2313.815
2394.023
2425.968
2451.227
2456.782
2459.069
2405.174
2439.246
2456.549
2505.835
2508.848
2514.705
2522.366
2529.759
2534.647
2476.03
2533.599
2550.306
2563.496
2563.737
2564.461
2517.829
2531.329
2535.004
2537.817
2538.492
2554.117
2629.274
2632.468
2566.656
2578.141
2528.924
2532.106
2537.606
2538.22
2542.462
2545.985
2567.318
2596.318
2620.864
2582.228
2594.875
2620.86
2739.757
2752.404
2761.404
2783.64
2825.022
2850.868
2790.214
2790.964
2794.964
2821.021
2867.746
2812.045
2842.149
2857.399
2861.566
2891.913
2821.909
2838.132
2893.135
2893.682
2882.98
2877.182
2844.074
2814.939
2801.845
2753.534
2710.328
2703.74
2736.848
2742.645
2753.348
2727.931
2734.345
2762.714
2732.865
2745.288
2756.058
2756.75
2788.894
2793.844
2849.188
2854.363
2899.05
2921.85
2931.75
2938.531
2962.381
2966.919
2970.669
2975.206
2988.856
3029.741
3063.669
3066.575
3069.134
3096.228
3098.378
3026.466
3044.223
3048.64
3059.128
3037.854
3080.414
3080.914
3031.451
3033.451
3000.427
2948.945
2929.532
2927.23
2936.997
2944.497
2952.84
2985.003
2996.969
3010.844
3021.276
3029.628
2983.414
2995.114
3031.456
3062.722
3073.139
3031.668
2991.963
2958.068
2976.474
3013.714
3007.464
3003.745
2987.286
2967.836
2945.378
2945.232
2967.69
2967.836
2971.555
2977.805
2997.255
3013.714
3028.505
3038.599
3009.849
3012.766
3058.423
3033.005
3010.593
2979.248
2981.306
2992.071
2994.755
2998.255
3006.49
2972.231
2978.433
3028.596
3034.365
3019.827
2988.455
2957.599
2905.606
2910.63
2911.005
2924.486
2880.477
2901.228
2925.603
2940.509
2957.598
2958.777
2965.607
2990.732
3015.107
3011.866
3013.366
2993.658
3002.158
2982.983
2983.5
2987.703
3026.047
3026.555
3036.903
3047.076
3054.347
3059.462
3053.233
3004.846
3003.196
3004.602
3003.196
3004.596
3013.371
3013.033
3016.333
3028.167
3033.542
3013.115
3009.598
2993.639
2997.156
3009.549
3062.092
3076.576
3083.215
3098.855
3116.764
3119.059
3120.781
3097.373
3092.438
3144.133
3159.569
3173.819
3174.883
3192.363
3215.266
3242.194
3226.806
3227.133
3248.218
3233.159
3233.583
3275.655
3273.78
3288.03
3288.514
3282.345
3276.175
3283.095
3233.815
3222.99
3229.657
3246.859
3255.573
3233.669
3231.446
3231.78
3232.256
3238.685
3250.685
3202.682
3193.143
3196.951
3174.764
3161.721
3164.551
3190.637
3215.615
3216.025
3216.342
3185.706
3151.831
3164.479
3171.82
3179.797
3175.225
3206.192
3215.151
3210.674
3212.409
3233.006
3238.491
3225.304
3226.563
3234.086
3221.213
3232.496
3198.93
3185.518
3218.074
3225.199
3248.708
3250.417
3217.179
3222.723
3212.52
3214.897
3216.114
3204.016
3209.216
3210.699
3209.453
3202.431
3207.105
3191.272
3132.685
3144.783
3131.482
3154.32
3162.895
3160.752
3173.78
3170.823
3190.211
3201.011
3230.084
3231.584
3243.905
3256.934
3266.677
3286.777
3288.191
3272.709
3259.08
3269.48
3288.155
3295.077
3262.048
3279.301
3284.688
3298.125
3254.401
3226.135
3207.979
3218.042
3215.563
3198.549
3209.521
3229.243
3206.53
3225.696
3224.082
3225.696
3193.611
3180.598
3190.241
3196.878
3196.033
3183.019
3176.382
3187.204
3197.176
3202.211
3237.943
3212.527
3239.693
3233.96
3239.06
3238.7
3237.335
3231.085
3237.335
3243.068
3237.335
3235.51
3210.794
3211.14
3232.456
3232.179
3237.837
3222.502
3209.949
3207.975
3218.633
3211.41
3216.442
3230.627
3231.056
3235.299
3235.729
3233.38
3226.452
3220.077
3208.515
3196.23
3194.526
3202.559
3214.122
3208.464
3222.724
3224.697
3215.318
3202.675
3207.334
3212.107
3217.679
3206.205
3207.534
3228.573
3230.391
3241.593
3242.016
3221.255
3219.125
3208.606
3204.856
3202.258
3198.284
3188.024
3191.774
3194.372
3198.346
3200.476
3210.995
3221.255
3200.452
3195.375
3189.49
3192.615
3193.928
3181.659
3180.168
3178.245
3155.329
3152.675
3151.598
3128.681
3076.854
3144.162
3143.902
3120.986
3109.928
3109.668
3127.067
3121.683
3115.673
3116.465
3117.311
3089.546
3095.046
3087.22
3081.72
3074.024
3076.351
3083.389
3104.159
3036.851
3034.197
3031.87
3031.486
3041.87
3042.947
3105.563
3097.867
3076.901
3074.574
3092.266
3101.01
3096.298
3096.635
3125.016
3134.349
3175.441
3170.729
3175.806
3167.283
3153.565
3149.767
3143.634
3143.378
3119.398
3118.086
3131.561
3119.686
3131.648
3133.267
3093.203
3120.875
3119
3109.9
3108.845
3117.945
3123.683
3130.545
3135.92
3168.527
3157.127
3148.252
3170.595
3188.183
3198.308
3174.683
3178.508
3181.555
3143.637
3151.048
3161.353
3156.168
3159.872
3158.83
3176.361
3180.139
3163.287
3161.435
3139.367
3139.043
3138.002
3145.412
3149.137
3159.443
3172.931
3159.622
3199.191
3216.043
3219.821
3215.099
3212.654
3207.654
3180.324
3166.944
3171.667
3198.997
3178.386
3171.645
3165.858
3148.327
3152.309
3150.873
3140.225
3134.244
3132.809
3138.596
3132.096
3136.633
3130.133
3131.194
3134.204
3160.006
3159.201
3156.229
3150.32
3148.613
3139.393
3137.393
3137.649
3140.174
3080.613
3086.521
3095.357
3089.448
3083.732
3034.433
3051.591
3059.037
3069.811
3064.872
3084.367
3075.148
3063.514
3054.636
3053.355
3052.075
3042.855
3038.48
3038.736
3031.291
3027.611
3017.733
3014.002
3019.123
3020.148
3021.727
3029.047
3022.901
3021.652
3000.006
3022.435
3006.006
3012.542
3013.277
3061.402
3050.009
3063.884
3050.009
3056.545
3059.446
3069.964
3062.818
3068.399
3070.351
3044.57
3046.695
3014.401
3015.769
3041.749
3035.626
3033.52
3057.185
3040.824
3045.813
3055.519
3044.914
3053.1
3048.217
3078.548
3069.362
3067.256
3075.186
3044.855
3060.063
3061.399
3061.701
3080.891
3074.839
3064.739
3054.256
3039.23
3043.454
3043.695
3021.971
3006.372
3010.596
3006.889
3015.05
3030.912
3029.947
3034.774
3024.619
3015.93
3006.335
2996.234
3008.625
2989.435
2983.902
2988.078
2984.996
3003.967
3003.669
3002.348
2993.757
3015.234
3013.982
3013.902
2998.48
2980.744
2968.567
2967.624
2978.343
2965.247
2983.449
2973.522
2970.784
2988.986
2988.244
2983.947
2988.244
2952.232
2951.865
2941.146
2946.303
2954.281
2935.906
2922.142
2921.914
2926.364
2918.184
2944.093
2945.031
2960.664
2952.575
2948.325
2937.692
2928.914
2929.6
2928.433
2910.671
2910.338
2895.171
2898.504
2904.571
2909.954
2920.554
2905.475
2894.919
2893.964
2894.901
2894.168
2898.251
2898.026
2920.639
2872.106
2874.118
2863.485
2860.471
2860.108
2858.442
2862.428
2833.444
2843.261
2844.817
2873.8
2858.022
2854.439
2851.731
2850.175
2814.563
2806.474
2781.876
2777.793
2762.714
2756.614
2752.531
2745.861
2735.261
2750.34
2750.107
2751.929
2732.068
2727.668
2717.113
2735.663
2733.646
2741.224
2729.085
2727.068
2725.085
2749.682
2761.821
2760.265
2762.249
2770.649
2780.465
2782.021
2783.46
2788.843
2787.743
2797.326
2752.41
2760.499
2758.832
2759.769
2759.407
2761.424
2757.84
2778.84
2788.115
2786.594
2788.15
2776.172
2751.203
2746.478
2738.516
2732.978
2717.516
2741.315
2751.574
2756.725
2758.148
2758.507
2767.408
2751.946
2759.908
2756.364
2763.073
2762.15
2753.249
2718.027
2708.319
2711.492
2721.514
2721.802
2706.802
2722.264
2726.615
2738.525
2714.198
2742.863
2747.066
2743.75
2728.75
2737.651
2679.959
2680.886
2691.37
2689.012
2673.551
2666.955
2668.378
2665.015
2687.379
2658.714
2640.912
2625.999
2627.537
2625.999
2661.22
2651.511
2661.995
2659.316
2653.53
2648.206
2666.008
2645.239
2665.356
2665.022
2669.789
2656.178
2655.944
2643.967
2645.133
2640.367
2645.75
2642.417
2641.125
2625.492
2567.158
2562.492
2566.992
2566.058
2568.358
2597.342
2600.742
2608.831
2610.122
2620.678
2608.636
2618.219
2633.553
2637.539
2643.606
2645.272
2646.372
2617.389
2609.396
2613.338
2625.184
2630.723
2622.723
2622.393
2637.306
2622.141
2617.938
2595.574
2547.574
2557.881
2556.656
2552.572
2551.435
2547.449
2549.671
2543.001
2543.957
2536.068
2507.085
2496.529
2489.86
2501.838
2497.851
2495.839
2489.739
2497.317
2438.983
2456.461
2437.702
2423.014
2433.504
2421.327
2413.35
2403.659
2432.968
2457.841
2448.462
2451.833
2438.201
2428.385
2428.093
2443.26
2441.06
2453.199
2435.199
2439.449
2444.215
2439.965
2441.521
2443.042
2443.997
2443.06
2436.39
2416.529
2411.321
2395.543
2387.493
2366.493
2364.671
2344.224
2345.169
2341.227
2353.136
2308.713
2327.059
2322.345
2307.18
2282.853
2295.661
2297.165
2292.714
2293.393
2301.113
2291.296
2287.943
2272.864
2272.178
2270.886
2270.594
2273.303
2274.858
2264.258
2205.925
2199.142
2244.058
2242.619
2237.236
2237.003
2252.336
2254.558
2253.603
2246.025
2230.247
2236.917
2272.529
2278.596
2273.213
2268.546
2210.213
2210.29
2213.624
2217.707
2241.769
2252.586
2237.253
2212.656
2199.044
2204.428
2215.244
2222.028
2221.794
2224.808
2215.808
2213.825
2223.958
2225.096
2226.617
2236.75
2244.572
2293.106
2297.606
2301.006
2278.393
2267.793
2264.21
2270.892
2275.19
2279.487
2277.802
2276.347
2272.976
2279.111
2281.336
2279.301
2281.143
2267.379
2259.199
2260.438
2261.382
2263.421
2263.055
2267.184
2272.004
2243.886
2268.219
2240.101
2254.789
2249.969
2253.017
2240.742
2242.777
2183.788
2191.765
2203.942
2221.904
2215.736
2208.073
2212.904
2228.242
2242.688
2187.188
2182.841
2164.675
2163.973
2145.564
2156.439
2161.212
2161.51
2165.686
2171.192
2185.112
2184.411
2187.18
2188.158
2212.767
2207.44
2237.082
2247.692
2250.774
2252.837
2254.308
2262.899
2258.013
2266.081
2261.905
2272.78
2282.766
2270.351
2264.845
2257.095
2261.172
2316.672
2315.351
2305.311
2306.27
2305.972
2300.756
2284.767
2274.727
2275.068
2219.568
2222.338
2232.324
2202.682
2210.955
2219.227
2214.352
2208.148
2219.023
2227.295
2235.045
2232.693
2203.051
2204.244
2194.759
2197.111
2200.193
2190.989
2191.359
2195.859
2200.632
2216.314
2222.518
2245.645
2240.759
2232.759
2232.838
2242.324
2242.026
2241.787
2242.95
2241.787
2228.543
2219.057
2220.378
2239.349
2210.912
2211.151
2200.355
2191.151
2186.974
2208.452
2204.375
2203.416
2191.101
2193.159
2212.799
2217.023
2219.825
2218.216
2213.284
2191.56
2201.661
2206.057
2182.665
2193.855
2191.803
2186.415
2187.989
2182.42
2186.816
2192.204
2131.859
2121.128
2114.818
2089.372
2070.182
2081.102
2044.261
2050.313
2054.02
2067.417
2079.874
2079.572
2085.141
2088.848
2094.124
2099.693
2100.662
2101.869
2105.386
2079.941
2080.286
2079.297
2090.772
2096.222
2107.315
2119.917
2118.936
2106.334
2111.323
2104.224
2108.497
2104.939
2108.448
2108.797
2104.523
2117.058
2122.058
2107.814
2111.172
2112.323
2124.858
2120.584
2073.578
2073.823
2075.567
2074.061
2043.73
2051.916
2053.544
2052.038
2113.084
2123.358
2129.706
2120.916
2116.642
2140.307
2137.472
2163.111
2156.093
2159.611
2190.57
2193.652
2195.714
2211.703
2212.074
2208.409
2231.536
2247.217
2248.195
2243.592
2238.82
2228.456
2218.655
2215.178
2230.859
2238.859
2234.513
2228.274
2236.547
2233.07
2231.479
2232.456
2236.121
2228.053
2224.771
2234.257
2236.53
2234.257
2228.053
2226.497
2232.736
2225.915
2221.415
2219.165
2220.486
2214.759
2189.602
2173.466
2165.233
2188.914
2190.121
2206.443
2214.77
2223.851
2212.885
2201.695
2220.07
2217.269
2222.838
2232.938
2228.007
2221.697
2199.973
2208.3
2198.705
2187.705
2188.05
2197.645
2195.559
2193.986
2177.813
2176.089
2170.813
2169.606
2153.284
2168.974
2170.151
2165.927
2167.065
2156.065
2154.013
2129.121
2140.121
2144.948
2148.066
2141.79
2142.756
2140.871
2166.316
2136.333
2137.601
2155.976
2147.648
2147.568
2160.964
2163.343
2133.361
2114.986
2124.066
2119.67
2115.273
2116.997
2163.463
2173.618
2168.963
2149.773
2144.385
2144.618
2144.851
2160.45
2164.157
2173.467
2165.375
2173.536
2179.588
2189.501
2195.07
2213.445
2202.48
2200.595
2201.56
2214.118
2219.394
2220.73
2196.747
2200.923
2207.162
2197.957
2184.037
2128.537
2146.946
2134.696
2133.141
2131.669
2121.305
2096.696
2078.287
2078.207
2041.786
2031.176
2041.786
2022.814
2022.893
2020.621
2031.683
2028.601
2013.179
2012.477
2037.087
2056.984
2061.208
2045.609
2052.626
2044.534
2034.94
2038.408
2040.017
2040.319
2029.588
2029.829
2031.096
2007.704
1999.865
1997.063
2010.46
2003.56
2023.108
2053.439
2061.625
2051.407
2056.116
2056.198
2066.471
2070.744
2079
2073.549
2072.568
2080.754
2069.626
2075.749
2079.307
2080.528
2086.876
2067.464
2065.353
2061.08
2055.446
2074.859
2070.411
2075.121
2064.847
2056.382
2055.401
2041.849
2043.924
2046.227
2083.496
2070.894
2062.429
2071.219
2070.029
2067.919
2069.826
2067.419
2061.07
2079.388
2077.865
2078.876
2080.487
2084.987
2117.533
2101.661
2091.057
2090.708
2112.685
2122.958
2114.702
2111.868
2127.74
2134.719
2121.167
2119.539
2124.144
2133.85
2133.606
2132.254
2135.813
2139.984
2137.878
2136.878
2134.044
2132.416
2127.416
2121.782
2125.532
2172.538
2153.949
2162.737
2151.284
2149.916
2144.975
2151.169
2146.51
2156.657
2148.093
2144.493
2138.793
2131.61
2131.363
2132.731
2122.584
2128.099
2141.81
2137.487
2140.354
2150.693
2156.393
2143.643
2118.165
2144.209
2139.268
2147.791
2153.191
2164.45
2145.391
2143.781
2147.31
2142.263
2142.99
2165.225
2166.237
2108.778
2120.037
2115.816
2105.478
2092.796
2091.149
2127.879
2111.519
2112.496
2111.496
2168.286
2169.568
2184.769
2165.356
2175.385
2170.938
2179.728
2176.574
2168.644
2179.249
2166.714
2169.548
2178.013
2192.257
2204.792
2209.397
2217.583
2211.722
2214.217
2212.996
2209.487
2214.824
2228.376
2253.558
2247.924
2261.477
2260.477
2261.195
2308.201
2292.154
2290.526
2265.344
2271.205
2270.856
2282.176
2284.282
2279.282
2316.551
2313.063
2307.612
2313.246
2335.222
2324.176
2305.587
2306.587
2302.314
2302.549
2294.294
2295.294
2292.887
2294.108
2300.456
2319.472
2272.467
2272.781
2277.228
2276.077
2263.475
2265.801
2264.824
2280.605
2301.241
2270.553
2274.103
2273.091
2276.621
2257.813
2254.622
2306.01
2324.818
2330.518
2326.297
2330.518
2349.262
2343.798
2344.802
2360.958
2356.688
2386.479
2379.943
2392.845
2405.048
2403.361
2403
2422.518
2415.94
2442.032
2438.764
2464.855
2477.913
2489.642
2509.345
2510.357
2506.878
2512.526
2501.032
2499.839
2499.446
2518.706
2518.959
2508.902
2500.685
2512.215
2510.408
2457.782
2447.194
2443.926
2449.095
2512.348
2508.462
2516.944
2500.318
2501.718
2495.375
2502.73
2503.092
2513.483
2522.592
2521.556
2523.742
2526.152
2517.381
2508.827
2517.044
2519.23
2524.399
2533.917
2528.08
2511.453
2521.845
2523.532
2521.724
2505.974
2503.48
2494.998
2504.758
2500.33
2511.824
2495.378
2514.896
2545.047
2556.541
2556.785
2557.797
2537.682
2524.52
2524.435
2573.14
2571.812
2571.896
2561.309
2580.827
2603.598
2605.78
2602.093
2584.991
2584.908
2597.81
2602.185
2600.232
2575.571
2599.513
2650.901
2645.201
2649.701
2637.019
2633.49
2638.149
2651.86
2662.007
2656.96
2660.754
2656.254
2652.46
2626.416
2610.181
2619.075
2628.369
2675.928
2692.634
2690.281
2698.08
2700.438
2689.045
2678.527
2678.777
2676.621
2681.728
2705.955
2722.112
2720.159
2710.754
2707.112
2688.08
2685.699
2676.057
2672.619
2675
2694.031
2703.674
2705.626
2709.269
2718.674
2722.112
2711.844
2715.281
2715.365
2717.031
2708.365
2734.719
2735.938
2735.625
2748.631
2757.083
2757.869
2762.244
2772.762
2763.119
2761.452
2760.14
2759.14
2775.568
2796.848
2793.619
2797.89
2784.015
2788.836
2790.22
2812.72
2815.185
2810.631
2809.412
2810.147
2787.647
2774.814
2750.586
2749.582
2752.135
2751.894
2763.287
2779.537
2785.805
2774.216
2805.269
2815.787
2807.406
2802.692
2791.103
2789.79
2793.433
2793.192
2787.728
2787.415
2818.469
2808.531
2846.688
2844.531
2831.698
2825.93
2856.984
2842.4
2836.632
2835.249
2859.89
2840.372
2846.95
2863.396
2864.408
2866.794
2844.023
2844.339
2852.556
2836.205
2834.018
2817.572
2820.509
2814.979
2827.967
2821.352
2822.617
2822.364
2830.919
2837.497
2844.111
2855.642
2860.81
2841.55
2813.722
2812.092
2817.092
2821.363
2824.801
2776.676
2749.938
2750.95
2765.968
2775.387
2764.259
2759.985
2753.863
2754.212
2758.66
2755.826
2771.026
2799.52
2801.819
2778.427
2757.649
2756.328
2745.487
2743.459
2707.037
2691.048
2689.493
2715.464
2716.602
2735.792
2735.082
2735.384
2737.47
2707.487
2706.31
2656.103
2672.425
2671.218
2673.305
2671.029
2664.753
2663.787
2655.695
2666.695
2661.126
2647.046
2642.494
2639.693
2621.318
2600.772
2618.478
2615.984
2620.589
2641.374
2645.821
2639.472
2659.341
2677.716
2683.284
2703.83
2706.296
2714.986
2713.779
2726.17
2719.8
2733.72
2732.399
2735.828
2720.317
2714.334
2717.104
2718.229
2696.751
2717.064
2657.405
2611.467
2603.399
2604.149
2610.97
2618.72
2619.697
2615.621
2612.851
2621.442
2623.692
2625.163
2628.246
2629.801
2629.571
2630.764
2606.155
2606.234
2581.078
2586.294
2592.499
2587.624
2595.692
2595.922
2601.428
2591.388
2591.047
2592.172
2587.996
2564.58
2555.201
2550.65
2558.313
2558.68
2551.82
2552.187
2572.271
2584.448
2590.583
2598.56
2604.476
2601.737
2606.569
2598.591
2600.277
2600.355
2592.215
2594.221
2621.263
2611.223
2612.544
2603.953
2608.726
2624.148
2623.446
2623.075
2615.075
2599.653
2601.903
2595.699
2618.825
2648.467
2592.967
2603.577
2601.518
2600.393
2585.538
2596.413
2596.643
2598.199
2599.903
2618.07
2609.092
2604.32
2596.32
2605.297
2601.632
2605.297
2605.638
2607.696
2609.754
2635.628
2627.26
2608.885
2597.885
2596.678
2567.914
2556.948
2565.276
2587
2563.608
2562.642
2581.44
2583.819
2560.185
2552.185
2561.162
2561.533
2566.408
2567.158
2565.905
2576.746
2571.24
2570.933
2566.587
2565.609
2566.803
2577.643
2559.234
2584.391
2608.303
2608.605
2606.226
2600.838
2620.919
2617.442
2617.783
2621.192
2621.499
2617.834
2594.707
2617.834
2614.169
2608.663
2614.169
2604.129
2603.891
2629.047
2620.814
2616.212
2612.036
2607.536
2602.933
2603.304
2596.483
2612.472
2614.824
2634.522
2632.949
2646.713
2637.837
2636.531
2661.503
2632.519
2650.519
2650.294
2626.709
2617.052
2620.225
2632.231
2634.407
2624.147
2677.817
2681.856
2682.944
2698.405
2700.054
2700.732
2699.521
2707.257
2707.488
2704.125
2700.952
2748.952
2760.957
2749.048
2763.962
2751.154
2752.279
2754.273
2749.922
2757.883
2755.889
2755.966
2756.324
2751
2754.316
2759.64
2768.321
2760.321
2795.543
2806.24
2804.438
2803.511
2791.505
2792.184
2791.896
2747.473
2753.473
2762.154
2738.356
2739.279
2757.625
2748.452
2747.327
2760.135
2762.332
2772.816
2745.316
2710.095
2708.817
2704.779
2706.769
2700.06
2671.396
2671.066
2671.297
2680.953
2677.637
2672.486
2680.486
2669.788
2672.962
2682.618
2655.399
2637.624
2641.618
2645.613
2592.526
2589.265
2585.985
2591.08
2596.558
2579.182
2585.117
2591.753
2534.688
2487.209
2472.209
2489.354
2487.179
2463.38
2460.018
2462.999
2468.323
2463.609
2453.125
2459.158
2471.163
2463.669
2478.669
2486.977
2502.581
2505.897
2516.38
2518.556
2508.848
2506.169
2518.078
2530.886
2531.813
2530.725
2495.504
2501.29
2443.598
2427.993
2423.279
2441.081
2437.784
2435.587
2437.784
2448.224
2439.323
2431.521
2449.492
2448.547
2449.635
2436.827
2419.025
2395.227
2407.073
2404.092
2401.894
2389.087
2388.141
2387.196
2402.11
2400.148
2402.827
2402.497
2402.72
2389.912
2341.912
2347.236
2375.901
2371.698
2372.423
2376.626
2375.538
2393.885
2395.065
2371.526
2314.461
2315.132
2301.817
2303.224
2295.811
2306.181
2307.115
2351.056
2340.908
2350.511
2351.428
2352.145
2353.633
2343.231
2322.688
2310.019
2309.664
2312.925
2314.894
2305.519
2293.739
2284.364
2278.429
2263.678
2270.202
2265.898
2266.974
2284.75
2274.348
2298.41
2345.889
2347.03
2345.061
2348.322
2350.474
2358.692
2358.365
2363.461
2361.488
2371.857
2372.086
2399.287
2409.656
2399.287
2401.439
2405.338
2409.496
2408.232
2388.803
2384.808
2390.075
2388.999
2393.303
2394.567
2383.985
2340.045
2322.269
2331.821
2330.908
2329.766
2327.614
2333.582
2334.723
2339.989
2335
2342.717
2344.69
2346.842
2348.811
2347.898
2349.096
2354.086
2353.857
2345.27
2344.985
2349.387
2341.17
2349.974
2341.757
2341.402
2339.429
2340.342
2347.755
2343.082
2337.147
2337.071
2337.364
2341.522
2326.685
2331.25
2311.821
2312.041
2292.611
2295.261
2291.103
2301.473
2299.5
2298.565
2289.19
2306.567
2308.507
2284.444
2275.069
2273.662
2273.307
2273.079
2305.089
2302.863
2304.815
2293.161
2295.312
2293.84
2275.888
2271.276
2269.147
2216.63
2209.297
2207.378
2189.426
2181.792
2176.372
2158.788
2173.626
2175.546
2166.046
2165.82
2165.602
2172.167
2171.457
2163.823
2158.161
2173.29
2183.329
2173.039
2187.632
2189.858
2200.325
2200.043
2202.664
2199.419
2211.011
2221.226
2215.323
2218.239
2219.852
2223.965
2227.917
2231.142
2233.094
2228.981
2182.013
2183.142
2177.272
2169.481
2164.062
2166.288
2166.578
2175.291
2170.024
2166.519
2168.488
2173.754
2180.279
2185.374
2172.705
2168.042
2157.673
2172.51
2148.447
2143.181
2147.746
2132.995
2115.386
2121.109
2118.16
2119.273
2138.702
2186.181
2194.398
2182.618
2168.409
2169.326
2160.739
2155.473
2168.72
2162.934
2154.626
2155.751
2178.115
2186.115
2163.751
2159.713
2178.059
2189.905
2154.684
2153.146
2157.497
2150.901
2154.445
2169.445
2179.154
2175.981
2147.316
2155.316
2149.283
2140.975
2136.36
2128.052
2127.975
2126.698
2126.986
2128.525
2133.25
2143.272
2148.81
2149.041
2101.041
2087.58
2104.708
2107.008
2106.322
2109.336
2101.758
2107.825
2115.403
2095.542
2047.008
2046.783
2046.861
2037.278
2031.894
2032.828
2033.119
2032.164
2011.164
2016.547
1971.631
1953.631
1961.681
1967.064
1966.839
1969.222
1958.622
1960.922
1955.322
1963.411
1962.456
1973.272
1975.094
1979.861
1978.194
1972.594
1927.678
1928.903
1938.463
1939.412
1935.114
1916.912
1914.501
1893.265
1896.313
1894.628
1943.706
1918.833
1902.878
1903.114
1905.44
1915.687
1912.948
1915.358
1914.617
1914.695
1960.117
1984.449
1966.487
1965.746
1965.379
1965.143
1973.053
1972.716
1969.326
1992.361
1998.428
1994.442
2004.575
2004.497
1989.418
1960.435
1945.356
1944.422
1939.756
1935.356
1927.306
1922.097
1920.997
1924.983
1914.35
1906.461
1901.961
1901.024
1872.04
1866.19
1865.89
1870.99
1874.343
1887.293
1886.607
1894.429
1896.251
1896.174
1892.965
1893.043
1900.932
1897.579
1912.913
1911.813
1940.796
1995.063
1984.429
1995.063
2003.113
2005.413
2063.746
2061.524
2025.911
2027.928
2012.294
2015.308
2009.708
2011.147
2010.461
1961.928
1955.144
1972.907
1978.007
1985.829
2002.479
2002.558
2004.597
2019.285
2015.254
2005.381
2025.465
2024.285
2022.06
2026.51
2031.667
2029.628
2028.173
2024.928
2038.024
2048.962
2040.086
2038.906
2068.215
2097.524
2102.074
2120.277
2115.979
2120.277
2133.372
2140.117
2156.436
2158.464
2156.76
2151.033
2149.004
2152.669
2149.899
2162.149
2152.945
2155.217
2160.104
2184.713
2189.599
2184.094
2175.503
2205.935
2210.233
2211.199
2208.461
2209.154
2209.076
2193.267
2211.229
2207.1
2222.605
2230.746
2239.847
2243.878
2244.619
2236.44
2244.619
2232.344
2231.65
2229.403
2219.529
2210.653
2206.355
2204.32
2204.017
2186.055
2177.56
2166.841
2165.662
2184.037
2178.879
2179.174
2189.101
2199.82
2198.282
2204.451
2212.114
2211.372
2209.834
2160.756
2165.205
2143.969
2154.688
2152.649
2153.955
2162.096
2163.669
2148.331
2149.298
2137.185
2138.723
2148.971
2152.594
2134.219
2124.292
2117.548
2138.202
2137.247
2147.287
2148.842
2150.006
2168.415
2156.099
2157.224
2157.531
2155.179
2139.043
2137.879
2139.06
2141.112
2138.733
2143.284
2167.827
2172.275
2168.103
2167.126
2116.336
2130.58
2137.679
2148.535
2143.084
2140.782
2141.026
2137.538
2135.432
2116.68
2125.047
2146.772
2149.07
2147.803
2091.665
2089.614
2089.846
2092.648
2046.182
2050.407
2079.171
2079.546
2075.322
2073.24
2072.033
2078.085
2082.636
2083.625
2102
2095.724
2097.806
2095.507
2084.776
2084.474
2075.394
2078.713
2077.747
2079.471
2116.312
2095.766
2094.43
2093.253
2095.552
2111.874
2106.598
2117.08
2093.688
2080.292
2091.481
2061.499
2053.338
2051.256
2038.698
2033.129
2022.21
2042.756
2029.359
2048.157
2059.076
2033.631
2018.032
2017.062
2021.286
2013.447
2005.286
2023.661
2028.057
2035.897
2029.621
2031.897
2031.138
2039.506
2040.682
2032.315
2019.757
2075.895
2073.619
2078.274
2078.576
2080.3
2064.128
2068.783
2071.082
2079.409
2087.777
2085.726
2074.536
2074.846
2080.898
2082.386
2071.904
2071.984
2077.553
2048.789
2046.409
2047.547
2045.168
2038.892
2020.095
2018.888
2022.336
2019.957
2008.991
2024.017
2023.707
2018.431
2014.983
1999.384
2016.999
2016.763
2035.779
2039.137
2041.212
2030.119
2028.013
2034.362
2032.455
2037.455
1976.408
1981.746
1965.874
2003.142
2013.416
1983.084
1988.422
1972.375
1967.491
1977.198
1993.07
1991.919
1993.27
1990.945
1991.324
1993.4
1984.935
1981.446
1987.568
1988.545
1976.01
2006.342
2011.051
2016.685
2029.286
2022.938
2042.35
2023.762
2025.113
2033.578
2023.36
2004.523
2008.797
2024.669
2022.558
2026.116
2015.023
1999.151
1999.531
2004.531
2015.658
2010.208
2010.289
2018.219
2024.342
1963.295
1964.295
1958.173
1959.917
1948.824
1964.696
1964.615
1977.217
1976.235
1980.509
1961.096
1969.282
1962.898
1958.451
1956.148
1927.049
1915.73
1894.945
1913.782
1903.177
1900.023
1897.721
1888.302
1883.698
1879.25
1895.122
1899.57
1901.676
1909.606
1905.435
1916.563
1911.563
1905.702
1956.493
1972.449
2034.213
2067.35
2089.327
2078.007
2089.135
2114.876
2112.766
2136.43
2132.157
2116.956
2117.724
2127.43
2131.878
2143.006
2162.022
2162.327
2159.92
2195.438
2195.358
2188.341
2192.565
2188.858
2186.582
2182.03
2157.138
2169.529
2165.132
2154.213
2154.445
2170.045
2173.364
2183.846
2178.57
2186.662
2197.628
2216.818
2217.783
2216.606
2217.744
2214.276
2213.287
2215.172
2216.782
2217.083
2215.474
2209.422
2217.75
2216.761
2241.654
2191.447
2201.602
2209.763
2198.763
2199.751
2199.519
2193.95
2198.174
2210.565
2226.254
2224.168
2217.269
2254.109
2257.227
2249.388
2241.06
2230.329
2228.277
2228.197
2219.116
2215.668
2203.277
2226.67
2216.187
2219.635
2217.553
2230.111
2228.934
2242.317
2258.828
2271.363
2266.48
2274.666
2298.33
2302.778
2293.987
2283.941
2299.631
2323.023
2327.954
2374.42
2385.339
2389.046
2401.437
2426.329
2429.447
2439.93
2440.305
2452.169
2452.483
2471.499
2475.67
2488.205
2549.251
2561.786
2557.182
2549.251
2547.507
2551.955
2553.583
2559.033
2572.586
2553.997
2556.108
2551.66
2556.369
2554.741
2552.247
2549.922
2545.474
2556.602
2552.852
2549.494
2541.07
2530.797
2532.302
2538.686
2554.558
2565.414
2559.781
2563.138
2572.844
2572.126
2566.789
2564.295
2552.975
2569.487
2579.516
2581.626
2524.836
2525.215
2517.029
2508.564
2515.663
2512.828
2510.922
2507.767
2509.674
2506.317
2487.728
2478.31
2469.124
2495.819
2487.537
2488.772
2472.537
2477.596
2473.996
2460.284
2465.984
2475.466
2476.47
2478.256
2489.371
2498.037
2501.629
2506.749
2505.119
2503.333
2506.976
2533.33
2537.884
2549.193
2544.818
2546.131
2565.417
2556.75
2568.339
2568.089
2568.33
2594.685
2593.68
2591.555
2617.909
2586.856
2584.695
2526.552
2532.82
2527.052
2488.896
2477.307
2468.682
2471.039
2490.324
2483.789
2489.557
2470.525
2466.686
2463.457
2466.01
2459.743
2474.326
2469.219
2449.344
2451.897
2452.683
2458.147
2453.326
2457.165
2455.379
2425.588
2427.54
2433.121
2449.371
2449.058
2454.826
2429.045
2427.732
2406.452
2401.333
2401.574
2397.021
2419.521
2415.146
2415.881
2414.251
2409.981
2398.866
2394.313
2396.438
2399.339
2399.089
2409.027
2404.205
2407.777
2409.729
2432.229
2434.385
2433.997
2438.997
2432.997
2434.626
2454.095
2454.012
2470.168
2494.396
2505.705
2503.348
2487.192
2500.094
2499.853
2508.519
2508.908
2507.689
2508.046
2506.094
2509.665
2500.022
2508.647
2514.228
2494.942
2500.049
2505.513
2509.888
2510.674
2512.058
2517.826
2517.743
2534.493
2553.524
2551.982
2540.589
2532.208
2551.24
2499.24
2493.775
2474.49
2461.588
2450.231
2449.231
2450.231
2445.112
2445.469
2434.951
2459.86
2463.339
2469.953
2469.158
2464.73
2468.345
2487.605
2488.839
2488.523
2457.095
2473.721
2414.878
2434.396
2439.276
2422.649
2363.806
2346.697
2347.962
2339.233
2275.98
2328.607
2354.699
2371.807
2386.566
2383.936
2386.838
2385.296
2381.653
2381.975
2391.379
2343.254
2354.112
2388.181
2384.99
2394.519
2389.46
2380.937
2374.743
2379.507
2366.654
2364.219
2351.537
2349.89
2359.419
2363.919
2372.201
2371.884
2358.172
2363.872
2363.096
2371.66
2349.425
2349.778
2354.437
2335.629
2331.129
2338.312
2336.944
2332.621
2336.171
2320.112
2317.759
2317.45
2333.509
2320.826
2346.33
2330.768
2349.799
2360.317
2356.746
2340.496
2343.397
2344.71
2337.442
2344.588
2354.525
2359.24
2373.823
2362.513
2362.192
2353.567
2358.388
2349.722
2342.454
2362.329
2361.15
2371.668
2365.168
2351.293
2351.682
2348.452
2354.22
2355.006
2355.327
2357.484
2357.796
2362.618
2352.1
2353.124
2348.302
2356.683
2350.915
2374.646
2350.703
2354.1
2365.276
2360.618
2359.606
2359.359
2354.7
2359.024
2358.035
2370.888
2380.709
2372.144
2372.453
2372.691
2353.451
2342.228
2350.793
2352.924
2376.866
2360.807
2366.737
2358.172
2415.631
2421.146
2415.446
2438.15
2436.406
2422.161
2431.347
2433.65
2431.324
2433.65
2433.27
2437.544
2439.172
2476.44
2478.935
2482.423
2473.958
2476.068
2465.464
2443.487
2439.929
2448.115
2463.895
2455.43
2474.446
2472.371
2480.836
2470.563
2470.942
2451.926
2460.182
2507.188
2526.203
2547.374
2565.749
2582.07
2581.769
2595.165
2596.501
2595.532
2591.825
2591.592
2593.477
2604.477
2604.175
2590.719
2586.642
2589.724
2575.804
2567.571
2566.378
2550.241
2558.474
2574.611
2575.804
2581.31
2556.153
2548.403
2548.774
2558.814
2550.814
2548.751
2553.098
2571.264
2576.139
2575.768
2539.347
2557.513
2577.825
2578.055
2577.976
2575.538
2550.929
2552.401
2550.372
2551.331
2550.96
2560.446
2566.173
2565.048
2563.344
2575.659
2582.48
2566.969
2567.928
2564.646
2561.237
2564.902
2564.595
2574.581
2569.979
2571.172
2566.286
2580.206
2589.411
2581.342
2578.061
2583.788
2573.425
2576.706
2587.315
2582.099
2591.077
2578.761
2560.178
2596.599
2595.009
2584.213
2590.452
2591.923
2596.526
2606.011
2610.784
2639.222
2641.085
2642.04
2654.355
2656.413
2657.607
2634.48
2584.844
2583.866
2581.594
2582.847
2583.805
2568.124
2598.257
2616.219
2624.129
2625.096
2634.787
2624.034
2631.697
2628.326
2620.663
2610.416
2587.549
2589.588
2581.448
2576.897
2586.771
2573.108
2574.931
2559.297
2563.547
2565.769
2555.136
2579.199
2597.749
2596.793
2598.776
2594.693
2591.485
2627.097
2611.931
2640.92
2625.92
2624.497
2603.728
2605.926
2614.827
2611.846
2629.817
2625.103
2629.306
2644.471
2659.933
2654.889
2668.35
2650.379
2640.901
2618.537
2617.449
2593.651
2600.247
2602.604
2602.835
2638.056
2656.027
2640.423
2630.163
2629.438
2624.114
2612.268
2618.301
2628.784
2639.301
2615.503
2604.986
2594.547
2599.871
2584.871
2573.025
2573.952
2573.029
2566.996
2567.227
2565.949
2573.911
2575.559
2583.521
2601.088
2601.011
2565.79
2569.152
2563.367
2505.674
2504.463
2493.979
2503.688
2502.411
2497.696
2502.422
2502.063
2500.786
2523.906
2527.892
2522.792
2526.144
2529.544
2527.722
2512.643
2503.368
2512.643
2494.472
2478.694
2485.364
2483.542
2467.764
2452.597
2450.397
2441.122
2451.256
2459.078
2448.522
2446.506
2458.547
2435.935
2440.701
2445.101
2445.326
2444.964
2455.781
2455.418
2458.771
2449.771
2457.593
2462.976
2465.685
2475.501
2463.524
2466.232
2468.94
2517.474
2521.724
2503.961
2496.139
2496.472
2505.747
2501.247
2504.261
2486.09
2489.424
2471.661
2474.044
2462.067
2458.483
2440.483
2442.306
2439.597
2429.224
2447.224
2439.646
2444.146
2439.896
2449.479
2454.146
2464.701
2468.054
2463.554
2459.304
2459.604
2459.271
2447.293
2453.393
2436.872
2418.526
2414.323
2393.558
2382.977
2358.914
2349.001
2347.514
2342.247
2351.799
2333.652
2338.747
2340.235
2338.266
2325.598
2343.207
2332.804
2331.663
2384.75
2389.152
2390.371
2396.032
2396.383
2399.628
2426.536
2425.407
2368.956
2358.665
2363.02
2357.98
2362.093
2367.754
2368.657
2380.31
2384.262
2391.832
2386.792
2369.602
2363.699
2369.602
2364.392
2361.167
2351.667
2347.054
2344.903
2342.956
2325.766
2305.444
2305.226
2296.516
2288.946
2273.677
2264.702
2254.895
2248.992
2241.164
2237.938
2228.438
2226.132
2245.234
2244.035
2242.253
2240.284
2192.806
2216.606
2208.606
2205.433
2197.696
2190.988
2185.449
2176.276
2175.122
2198.557
2189.282
2183.432
2159.369
2101.036
2096.953
2094.569
2090.169
2087.461
2090.831
2072.869
2059.105
2046.993
2064.749
2082.915
2103.227
2105.997
2110.497
2112.935
2118.44
2108.402
2120.514
2120.287
2119.545
2109.055
2090.853
2090.515
2068.334
2066.305
2089.754
2081.427
2079.128
2063.266
2055.174
2029.728
2026.28
2022.812
2020.73
2018.644
1993.751
1984.157
1979.501
1973.932
1968.364
1963.421
1962.455
1953.375
1950.573
1948.688
1943.746
1962.176
1905.385
1899.751
1883.24
1872.967
1822.176
1784.907
1784.663
1782.169
1776.535
1775.817
1774.465
1753.68
1751.574
1746.586
1741.981
1741
1711.901
1700.808
1699.808
1674.067
1650.403
1650.167
1649.788
1645.078
1642.244
1633.058
1614.563
1600.151
1614.647
1562.647
1552.71
1548.335
1528.866
1509.835
1519.544
1511.062
1507.426
1497.667
1491.595
1476.836
1462.077
1447.318
1456.09
1436.146
1433.174
1416.015
1412.357
1407.235
1405.021
1393.899
1390.927
1389.678
1388.649
1375.433
1373.726
1372.697
1383.856
1377.634
1391.245
1397.672
1392.831
1372.324
1348.827
1344.115
1341.365
1340.947
1344.287
1323.248
1311.774
1320.061
1319.706
1336.182
1314.377
1302.66
1307.426
1306.637
1323.326
1322.155
1321.738
1299.535
1277.332
1295.037
1303.138
1275.572
1291.419
1280.978
1294.388
1270.528
1263.532
1254.573
1250.006
1246.804
1249.275
1251.821
1247.379
1264.307
1283.958
1282.778
1297.783
1293.787
1293.252
1288.305
1287.158
1308.466
1301.754
1321.371
1325.386
1323.877
1304.864
1317.446
1288.243
1272.467
1266.708
1287.734
1272.557
1286.789
1295.318
1304.651
1282.238
1291.89
1273.125
1217.738
1214.458
1200.378
1222.232
1213.661
1204.885
1187.283
1207.852
1225.125
1233.008
1229.747
1251.047
1245.019
1270.205
1290.326
1313.762
1342.646
1366.088
1359.577
1385.289
1397.054
1435.278
1465.357
1453.786
1438.1
1475.147
1320.735
1309.485
1327.833
1317.156
1340.282
1366.658
1383.483
1202.448
1181.75
1198.813
1207.157
1225.721
1207.087
1191.425
1234.234
1217.359
1233.995
1220.875
1262.653
1261.426
1307.125
1074.554
909.881
883.556
856.106
730.981
743.954
732.507
683.688
654.438
515.41
475.16
496.934
413.404
400.787
328.728
234.691
137.641
120.417
52.018
18.75
0
