6.125
33.042
59.958
67.563
93.063
123.396
96.479
90.354
117.271
123.396
115.792
88.875
58.542
33.042
58.542
88.875
115.792
123.396
124.896
136.396
143.59
194.257
167.34
140.424
110.09
103.965
78.465
70.861
97.778
128.111
135.715
161.215
188.132
194.257
201.861
280.028
458.09
468.007
521.007
527.465
551.354
524.438
494.104
486.5
461
487.917
513.417
521.021
551.354
524.438
518.313
545.229
551.354
521.021
495.521
487.917
461
487.917
518.25
543.75
551.354
574.688
634.846
635.205
650.013
625.167
597.167
573.628
566.609
590.147
618.147
625.167
650.013
644.359
619.513
591.513
567.974
560.955
536.109
559.647
583.686
592.096
647.378
653.34
689.75
854.115
864.731
1133.962
1147.872
1089.881
1093.881
1152.214
1207.714
1224.798
1259.464
1264.339
1265.304
1307.375
1310.667
1315.567
1350.678
1364.278
1329.167
1315.567
1225.117
1185.85
1184.95
1264.339
1270.5
1309.767
1310.667
1345.778
1350.678
1364.278
1325.011
1234.561
1233.661
1198.55
1193.65
1264.339
1361.25
1362.214
1404.286
1418.857
1329.167
1364.278
1309.833
1305.283
1301.55
1285.606
1253.25
1201.45
1111
1143.356
1108.244
1160.044
1159.144
1175.089
1179.639
1166.039
1126.772
1107.391
1110.891
1180.05
1270.5
1271.4
1310.667
1233.344
1266.26
1279.01
1194.214
1193.37
1156.557
1143.807
1139.214
1180.05
1180.95
1220.217
1310.667
1315.567
1329.167
1364.278
1437.726
1424.81
1174.81
1118.889
1130.944
1279.01
1291.042
1424.589
1464.339
1509.255
1496.505
1491.911
1491.068
1454.255
1421.339
1336.542
1341.135
1361.323
1356.729
1336.542
1262.245
1281.245
1267.176
1221.471
1217.456
1188.907
1212.172
1208.672
1212.938
1243.271
1246.771
1297.813
1346.375
1361.323
1356.729
1425.644
1447.178
1452.078
1466.411
1467.861
1499.417
1505.5
1500.6
1479.067
1483.967
1505.5
1415.05
1396.383
1396.072
1482.042
1482.375
1496.125
1593.036
1613.036
1589.964
1584.714
1570.964
1519.631
1367.006
1321.577
1335.327
1380.756
1533.381
1584.714
1588.732
1441.712
1427.801
1518.785
1546.785
1697.032
1710.942
1691.857
1735.286
1780.714
1782
1783.554
1790.071
1810.071
1792.988
1758.321
1754.321
1749.446
1691.113
1761.429
1766.679
1785.077
1713.071
1771.405
1806.071
1810.071
1731.622
1753.156
1788.267
1794.35
1836.75
1855.817
1859.639
1865.394
1877.45
1916.717
1887.156
1898.458
1965.958
1857.314
1920.005
1938.005
1958.652
1962.025
1997.789
2001.907
2005.789
2011.279
2113.574
2179.044
2183.368
2188.858
2314.549
2351.961
2383.074
2409.907
2415.093
2440.352
2522.343
2528.417
2568.88
2588.38
2485.482
2516.316
2532.763
2582.132
2592.868
2599.224
2606.241
2639.82
2646.175
2674.596
2681.544
2738.386
2749.702
2746.967
2790.542
2799.583
2823.733
2833.733
2893.317
2932.167
2934.225
2947.725
2950.538
2979.988
3066.938
3121.45
3145.6
3150.267
3186.683
3052.365
3058.127
3080.667
2945.182
2993.625
3033.239
3036.42
3051.102
3054.284
3077.193
2982.739
2985.174
3025.174
2955.656
2958
2969.25
2996.292
3007.958
3052.958
3085.333
3106.333
2988.58
3014.54
3015.08
3017.72
3031.76
3036.52
3061.417
3082.483
3082.67
3111.417
3119.417
3130.217
3133.017
3176.627
3192.907
3105.103
3107.308
3143.385
3145.923
3170.385
3175.038
3202.679
3225.333
3226.103
3120.173
3128.136
3019.042
3022.613
3029.071
3029.554
3082.262
3113.387
3118.315
3096.601
3094.554
3066.804
3058.262
3056.262
3038.929
3036.491
3118.707
3036.491
3038.491
3040.929
3058.262
3086.012
3094.554
3071.935
3050.899
3071.821
3075.08
3076.551
3079.634
3086.509
3087.009
3087.786
3038.839
3063.621
3017.111
3018.578
3014.611
3015.061
3022.228
3048.128
3051.772
3073.039
3103.372
3105.239
3035.608
3129.543
3126.532
3109.543
3108.962
3126.382
3092.003
3085.422
3082.478
3092.898
3112.511
3114.36
3144.038
3153.07
3163.489
3167.941
3167.239
3132.401
3125.513
3127.81
3138.779
3146.253
3158.758
3159.383
3160.758
3166.773
3186.711
3134.866
3163.553
3180.417
3182.417
3099.581
3105.498
3063.034
3076.956
3087.662
3089.941
3091.882
3143.029
3140.284
3114.652
3051.806
3033.1
3011.963
3006.301
3025.007
3087.853
3093.515
3114.652
3108.328
3080.485
3053.721
3052.074
2966.426
2963.211
2940.358
2921.593
2940.358
2963.211
2969.534
2971.181
2974.397
2972.614
2999.662
3025.662
3025.795
3007.7
3016.929
3019.595
3019.729
3020.114
3014.4
3114.4
3120.148
3138.69
3130.69
3148.862
3156.148
3135.338
3138.738
3142.138
3128.338
3129.945
3058.461
3106.766
3114.729
3045.588
3048.858
3047.338
3039.068
3061.14
3108.14
3186.842
3177.761
3083.167
3078.279
3083.167
3010.873
3023.415
3029.953
3035.081
3039.718
3038.282
3056.957
2999.958
3006.333
3005.833
3008.852
3006.119
3025.544
3048.994
3043.619
3040.885
2968.085
2966.685
2950.735
2927.985
2908.56
2958.865
2957.694
2960.427
2984.094
2985.494
3008.244
2953.823
2959.067
2974.628
2985.717
3071.083
3085.449
3089.86
3091.524
3107.037
3116.797
3143.138
3144.748
3092.632
3114.827
3157.242
3141.413
3144.141
3141.968
3142.486
3143.851
3165.393
3174.06
3180.488
3174.244
3160.547
3157.738
3152.153
3137.653
3134.653
3110.108
3105.222
3092.949
3090.205
3114.75
3059.711
3062.644
3065.328
3077.328
3082.106
3079.143
3061.876
3067.32
3069.239
3068.939
3070.213
3074.746
3079.28
3075.643
3076.861
3073.861
3067.991
3069.868
3068.433
3005.129
3022.882
3046.051
3037.203
3017.203
3025.159
3026.681
3025.197
3008.306
3003.107
3001.889
2984.136
2973.585
2990.476
3008.23
3018.781
3023.98
3025.464
3026.681
3073.132
3071.255
3039.87
3038.272
3025.054
3035.554
3021.728
3019.851
3019.547
3028.395
3099.178
3096.801
3033.496
3013.714
3009.04
3054.87
3037.604
3036.359
3090.867
3112.383
3126.883
3131.769
3134.254
3129.315
3149.537
3149.837
3135.704
3152.97
3154.215
3140.081
3152.081
3153.598
3139.176
3129.072
3125.461
3114.728
3122.817
3135.183
3138.361
3139.635
3132.457
3130.383
3136.383
3139.317
3150.102
3157.902
3156.652
3149.707
3156.885
3132.657
3112.552
3110.524
3117.702
3128.902
3130.535
3126.517
3142.487
3131.287
3139.303
3139.009
3162.487
3168.031
3151.139
3140.85
3136.476
3139.585
3136.955
3169.038
3169.342
3175.995
3168.973
3161.342
3175.212
3168.995
3170.217
3171.739
3181.942
3188.174
3185.587
3180.913
3160.333
3140.551
3126.681
3109.79
3046.486
3044.109
3042.891
3056.761
3057.978
3077.761
3074.234
3094.376
3098.95
3101.277
3117.809
3079.104
3017.765
3019.112
3019.469
3019.827
3091.255
3091.531
3056.041
3069.061
3054.197
3052.769
3063.789
3091.478
3091.202
3120.667
3113.197
3137.517
3167.636
3168.476
3172.558
3172.114
3171.216
3159.26
3162.077
3140.327
3163.041
3155.878
3159.568
3149.282
3142.119
3138.429
3132.578
3131.408
3124.816
3089.327
3095.918
3090.714
3089.544
3088.197
3082.483
3089.34
3083.83
3068.966
3055.721
3053.68
3060.844
3061.741
3059.277
3034.957
3070.447
3060.59
3066.968
3078.325
3077.182
3061.325
3042.005
2982.577
2969.556
2967.325
3024.665
3005.707
3010.186
3012.464
3028.651
2979.862
2998.434
3057.862
3015.638
3016.758
2994.498
2992.632
2981.832
2999.262
2994.478
2995.843
2977.083
2985.223
2997.672
2939.432
2932.112
2913.352
2925.132
2954.648
2959.928
2977.358
2973.278
2983.358
2953.842
2941.122
2953.57
2899.67
2887.89
2884.273
2882.873
2891.013
2903.993
2922.193
2887.413
2887.507
2852.727
2817.947
2820.807
2811.34
2793.14
2792.317
2749.984
2751.322
2751.665
2756.959
2756.152
2739.064
2733.77
2726.632
2719.495
2718.392
2707.48
2716.951
2720.137
2686.039
2671.948
2668.173
2655.703
2613.806
2604.631
2616.862
2630.683
2634.385
2643.487
2632.785
2634.131
2627.92
2617.218
2607.885
2603.285
2601.973
2586.268
2571.325
2570.248
2569.171
2551.671
2533.466
2477.466
2473.332
2458.389
2494.083
2491.94
2456.287
2473.787
2475.889
2480.024
2481.101
2496.043
2503.892
2521.753
2523.816
2527.665
2526.835
2530.631
2531.461
2532.781
2539.404
2519.027
2517.706
2497.135
2507.324
2499.542
2497.747
2465.663
2493.428
2494.274
2500.284
2500.024
2493.274
2464.893
2463.79
2459.867
2471.837
2478.587
2480.247
2491.513
2493.801
2500.013
2486.192
2487.295
2484.756
2480.622
2468.353
2466.03
2503.796
2482.619
2495.129
2497.717
2518.894
2523.109
2533.698
2536.065
2528.889
2540.438
2522.399
2534.32
2556.144
2543.634
2522.458
2495.855
2493.521
2489.747
2495.041
2505.629
2499.296
2494.296
2492.923
2491.82
2494.188
2487.855
2486.73
2539.574
2545.064
2557.534
2553.989
2557.175
2554.587
2529.881
2519.998
2502.258
2501.984
2495.101
2499.791
2494.791
2496.752
2428.124
2421.536
2417.99
2421.536
2381.429
2402.535
2384.673
2372.635
2317.692
2315.629
2311.572
2294.403
2293.346
2278.686
2333.629
2351.491
2368.66
2370.723
2374.78
2375.836
2390.497
2402.535
2392.346
2337.403
2305.925
2304.604
2306.882
2304.278
2365.712
2359.618
2348.564
2352.197
2347.574
2343.942
2343.854
2338.571
2326.533
2312.973
2311.511
2310.124
2298.124
2296.879
2279.709
2266.149
2265.068
2247.369
2245.086
2239.992
2246.86
2242.803
2214.958
2198.514
2197.127
2195.241
2194.986
2233.72
2223.335
2207.63
2249.475
2239.959
2261.783
2258.979
2242.966
2242.623
2221.725
2222.824
2229.157
2250.534
2249.672
2181.044
2183.632
2225.529
2227.673
2222.673
2223.1
2243.997
2232.075
2266.173
2268.788
2271.402
2276.578
2278.946
2297.39
2296.27
2278.07
2262.53
2204.29
2185.357
2172.597
2170.41
2166.11
2168.97
2146.786
2138.619
2145.476
2148.197
2155.667
2174.81
2174.401
2174.759
2144.639
2151.017
2148.548
2140.241
2140.337
2141.684
2142.582
2126.724
2123.408
2063.98
2085.73
2084.383
2150.832
2157.689
2157.784
2187.903
2187.459
2184.643
2180.537
2178.776
2182.092
2172.432
2185.677
2185.582
2196.939
2215.403
2205.546
2198.689
2194.526
2150.918
2127.896
2130.674
2150.215
2210.882
2212.34
2196.153
2224.418
2226.898
2225.703
2238.995
2212.165
2137.697
2137.984
2143.41
2136.761
2149.293
2142.782
2169.59
2176.463
2164.973
2163.521
2166.457
2180.266
2118.309
2105.777
2116.053
2128.518
2131.087
2137.736
2212.204
2229.58
2236.229
2273.229
2283.3
2291.814
2294.383
2306.915
2312.004
2277.031
2243.486
2233.629
2221.609
2213.303
2219.895
2218.466
2207.446
2194.743
2238.35
2225.33
2212.628
2182.509
2201.651
2202.009
2196.498
2191.111
2191.386
2185.876
2184.728
2180.646
2156.327
2155.156
2132.442
2191.871
2190.478
2193.199
2202.859
2202.954
2205.423
2210.934
2212.434
2224.454
2224.73
2252.418
2263.167
2267.33
2267.235
2259.765
2258.418
2191.969
2211.289
2229.861
2228.718
2230.111
2233.029
2231.267
2221.689
2224.505
2239.369
2231.063
2203.374
2203.279
2199.35
2193.636
2197.565
2203.279
2230.968
2231.063
2231.338
2231.434
2236.944
2238.526
2251.228
2265.895
2264.752
2266.793
2268.374
2270.279
2271.861
2296.423
2298.61
2316.81
2320.833
2327.083
2323.003
2311.223
2284.088
2283.818
2273.285
2271.815
2273.285
2255.314
2255.578
2265.905
2277.454
2281.454
2293.376
2357.219
2358.912
2368.428
2374.428
2372.284
2371.941
2395.307
2428.02
2445.108
2438.225
2436.853
2434.709
2476.606
2459.518
2452.636
2455.003
2425.997
2430.901
2429.554
2412.795
2418.679
2398.184
2395.862
2391.728
2379.458
2376.92
2356.151
2345.766
2331.946
2328.244
2316.013
2319.528
2361.425
2365.199
2377.67
2391.761
2392.624
2381.712
2393.261
2397.036
2400.222
2412.426
2406.806
2405.364
2371.266
2374.453
2371.838
2378.975
2371.838
2372.103
2381.384
2381.737
2375.404
2365.077
2361.077
2349.528
2322.925
2321.484
2321.219
2322.66
2304.085
2314.213
2314.473
2325.8
2329.723
2340.425
2347.425
2340.386
2340.655
2392.482
2398.492
2419.896
2413.886
2413.627
2457.008
2472.373
2524.2
2541.893
2564.809
2573.912
2569.313
2580.37
2582.934
2583.353
2583.612
2583.958
2589.151
2591.148
2605.808
2626.808
2635.739
2608.498
2601.631
2601.895
2584.197
2580.423
2574.329
2571.631
2572.461
2623.31
2619.898
2621.186
2634.818
2631.752
2628.686
2628.95
2627.629
2637.138
2619.969
2594.369
2584.432
2584.178
2573.064
2569.215
2567.829
2568.083
2579.197
2580.583
2584.432
2610.031
2619.969
2618.723
2617.947
2622.459
2644.943
2644.113
2646.811
2652.906
2653.17
2598.226
2600.472
2595.377
2622.618
2627.131
2627.042
2624.527
2650.126
2646.494
2645.664
2645.333
2648.399
2645.701
2636.192
2629.852
2633.484
2661.33
2659.443
2671.187
2669.899
2675.673
2714.949
2708.939
2697.612
2711.506
2685.415
2684.002
2672.675
2668.752
2668.492
2658.364
2658.623
2668.752
2672.675
2674.088
2685.415
2711.506
2737.598
2670.29
2648.886
2646.136
2642.659
2616.567
2625.593
2619.131
2686.439
2689.917
2696.378
2698.481
2703.994
2708.593
2709.439
2696.958
2698.449
2698.718
2654.138
2704.987
2704.899
2677.659
2657.55
2645.305
2643.027
2644.083
2632.083
2599.272
2620.272
2622.555
2649.796
2648.965
2673.816
2663.688
2704.368
2702.926
2702.662
2698.662
2686.74
2668.348
2657.436
2662.436
2645.348
2617.393
2614.829
2624.162
2621.598
2622.389
2628.851
2626.313
2628.877
2635.915
2652.675
2651.014
2648.361
2648.014
2636.322
2638.886
2641.54
2651.232
2649.742
2662.011
2673.219
2656.148
2676.256
2670.973
2665.2
2669.049
2668.785
2671.03
2672.791
2682.3
2686.357
2694.036
2726.847
2703.086
2720.457
2718.728
2729.034
2793.849
2754.279
2756.131
2760.113
2760.437
2787.173
2798.432
2848.34
2854.321
2874.511
2875.946
2862.506
2879.718
2901.385
2899.815
2909.933
2918.539
2924.412
2927.012
2931.361
2922.755
2932.33
2873.13
2869.63
2880.282
2911.9
2928.35
2911.138
2916.229
2914.033
2931.088
2920.633
2918.209
2901.664
2852.664
2853.723
2903.414
2902.173
2908.555
2920.118
2923.073
2982.273
2959.364
2956.939
2950.83
2970.208
2965.571
2968.171
2973.311
2974.53
2953.25
2947.482
2944.929
2950.929
2961.786
2966.161
2985.629
2984.451
2979.737
2986.237
2997.094
2998.118
2989.493
3002.326
3002.243
2985.493
2979.912
2978.528
2967.414
2965.289
2969.664
2958.271
2938.802
2900.646
2880.771
2866.896
2862.074
2813.949
2813.708
2856.261
2855.933
2855.538
2818.421
2818.81
2838.685
2847.137
2851.958
2852.28
2852.521
2900.646
2900.405
2911.762
2912.548
2892.673
2881.558
2889.677
2887.516
2889.981
2885.159
2874.045
2885.159
2890.927
2888.025
2887.775
2907.65
2881.296
2882.031
2833.906
2833.121
2841.24
2840.927
2857.832
2853.01
2850.109
2839.591
2835.32
2824.859
2822.702
2818.149
2812.381
2806.801
2804.848
2867.348
2864.446
2855.994
2857.536
2877.004
2887.272
2885.116
2904.991
2905.777
2856.553
2881.882
2881.5
2938.623
2937.263
2931.895
2932.617
2919.942
2942.047
2954.722
2964.81
2953.652
2950.275
2937.667
2900.18
2912.788
2923.946
2961.433
2962.439
2973.105
2976.482
2962.155
2972.822
2975.673
2974.475
2976.23
2964.844
2968.373
2952.232
2951.987
2952.224
2957.461
2952.073
2891.728
2938.931
2936.844
2911.101
2912.089
2913.578
2960.043
2963.75
2988.642
2997.723
3002.999
3013.154
3013.234
3018.803
2990.039
2997.878
2997.636
2987.536
2987.303
2985.004
2961.612
2961.379
2961.138
2958.759
2947.759
2927.213
2880.747
2874.437
2824.23
2824.149
2811.759
2809.293
2810.56
2816.129
2755.784
2743.227
2732.307
2728.79
2720.629
2704.94
2699.552
2698.216
2689.848
2689.089
2642.624
2636.348
2627.658
2577.451
2577.149
2574.77
2558.448
2557.69
2541.517
2485.379
2429.241
2410.866
2408.401
2399.711
2398.444
2392.875
2398.444
2399.711
2353.246
2316.405
2293.013
2292.711
2273.522
2272.533
2266.74
2263.622
2203.277
2209.07
2230.951
2269.182
2272.3
2262.705
2243.516
2239.809
2223.487
2219.091
2208.608
2183.716
2164.904
2163.149
2150.474
2145.444
2126.317
2120.423
2109.756
2121.076
2143.191
2137.318
2111.068
2116.941
2122.505
2129.123
2130.782
2071.582
2068.982
2099.315
2099.4
2133.849
2113.238
2104.472
2104.139
2089.75
2039.843
2039.593
2039.19
2072.571
2077.665
2092.325
2101.256
2122.256
2173.105
2173.516
2173.855
2174.11
2168.016
2147.016
2144.5
2173.51
2171.849
2162.747
2198.016
2196.575
2190.242
2196.575
2198.016
2196.918
2187.402
2118.775
2095.408
2091.634
2131.28
2126.497
2119.777
2119.417
2113.297
2111.472
2104.192
2097.732
2103.852
2110.312
2117.592
2119.417
2153.092
2143.813
2177.503
2171.67
2164.941
2155.469
2153.568
2140.318
2138.703
2136.224
2130.252
2110.71
2110.156
2130.113
2136.213
2149.745
2151.686
2153.335
2198.798
2201.33
2199.388
2191.644
2184.771
2178.261
2166.42
2151.048
2157.559
2164.431
2172.176
2174.117
2166.649
2165.429
2205.851
2186.906
2183.373
2176.069
2169.047
2215.615
2201.481
2208.659
2210.293
2209.378
2185.694
2183.006
2176.206
2164.502
2151.413
2151.309
2119.226
2117.952
2116.033
2111.256
2097.989
2102.875
2135.688
2137.65
2149.619
2150.922
2212.172
2212.278
2225.665
2232.619
2224.347
2222.273
2215.318
2207.977
2210.051
2217.006
2225.278
2232.619
2229.483
2202.4
2153.837
2152.076
2138.258
2116.742
2109.402
2095.783
2117.31
2091.351
2142.226
2144.071
2151.762
2166.238
2178.535
2203.89
2231.603
2202.4
2122.854
2110.206
2156.955
2146.382
2114.153
2099.01
2140.445
2129.356
2103.014
2101.35
2086.984
2082.573
2081.569
2075.593
2068.13
2059.252
2057.026
2049.148
2058.026
2060.252
2067.715
2075.593
2074.589
2039.376
2025.352
2023.559
2066.073
2038.248
2074.921
2091.531
2072.618
2055.882
2050.816
2048.493
2053.696
2111.446
2128.635
2148.059
2138.221
2136.376
2128.106
2119.376
2109.538
2107.072
2109.538
2119.376
2127.646
2136.376
2178.831
2138.727
2150.148
2123.348
2117.205
2105.576
2102.91
2099.51
2085.11
2043.86
1994.174
2008.574
2014.717
2017.383
2020.783
2070.469
2097.269
2138.519
2150.148
2143.314
2147.4
2170.733
2191.267
2221.717
2226.36
2260.407
2267.95
2277.179
2266.779
2257.55
2254.943
2246.2
2245.814
2245.3
2168.3
2160.586
2147.062
2115.262
2114.876
2092.676
2092.055
2055.525
2068.674
2143.535
2144.035
2144.639
2175.556
2183.056
2183.431
2153.146
2210.021
2189.488
2096.46
2092.517
2094.617
2091.76
2109.131
2126.914
2033.886
2016.102
2068.194
2050.311
2047.37
2010.745
2072.206
2062.112
2060.737
2073.395
2142.353
2142.508
2198.119
2178.953
2172.247
2166.219
2155.019
2108.641
2114.876
2126.463
2172.247
2169.369
2162.203
2114.078
2096.522
2076.889
1987.056
1976.856
1976.7
2042.885
1999.437
1992.799
1983.144
1936.359
2005.348
2005.515
2015.515
2063.97
2070.845
1974.595
1964.952
1964.31
1963.827
1936.077
1896.327
1879.423
1948.225
1948.892
1966.423
1935.943
1945.586
1946.068
2042.318
2070.068
2070.845
1994.533
1990.628
1985.699
1974.539
1957.634
1954.866
1943.938
1918.271
1922.176
1924.943
1950.61
1961.771
2038.083
2054.988
2059.917
2070.845
2048.131
2022.464
2015.589
1939.277
1946.152
1968.866
2045.179
2070.845
2059.31
2055.06
2042.524
2020.295
2017.211
1996.289
2008.824
2013.074
2024.61
2045.533
2048.616
2070.845
2031.908
1989.348
1963.213
1940.694
1978.926
1896.744
1893.763
1881.34
1917.75
1959.683
1962.663
2008.497
2020.92
2045.886
2068.404
2147.543
2167.049
2174.179
2178.228
2185.784
2205.784
2210.722
2250.194
2250.022
2188.231
2250.022
2250.194
2202.125
2195.17
2182.247
2189.202
2202.125
2336.74
2372.46
2368.727
2363.967
2294.407
2274.247
2265.647
2320.965
2304.007
2325.007
2341.965
2306.037
2375.597
2379.33
2416.85
2421.61
2430.21
2419.41
2400.477
2355.957
2248.157
2247.437
2246.897
2215.817
2307.236
2326.958
2264.96
2309.48
2324.308
2325.144
2325.837
2326.356
2336.74
2309.099
2308.92
2284.981
2280.404
2272.712
2342.553
2342.74
2350.74
2355.5
2380.397
2409.143
2430.21
2435.49
2457.09
2365.413
2377.837
2391.913
2393.497
2398.997
2401.824
2409.561
2411.724
2326.105
2326.623
2327.29
2324.568
2401.551
2404.378
2416.801
2389.16
2364.699
2357.295
2275.112
2302.753
2310.157
2334.619
2416.801
2404.378
2401.551
2413.974
2416.801
2352.635
2352.455
2352.635
2327.29
2326.485
2325.985
2297.207
2296.54
2342.061
2331.676
2313.471
2298.21
2313.471
2314.308
2314.827
2344.712
2355.096
2373.301
2373.994
2327.29
2248.151
2204.015
2192.052
2151.673
2051.858
2048.988
2104.41
2068
2026.469
2038.432
2117.571
2140.09
2142.96
2162.676
2201.613
2244.173
2241.548
2230.012
2241.548
2244.173
2266.887
2229.81
2276.595
2309.242
2315.947
2365.142
2481.808
2517.808
2531.147
2510.4
2507.95
2487.683
2507.95
2510.4
2531.147
2520.381
2517.931
2506.731
2500.703
2384.036
2380.994
2373.828
2358.05
2357.325
2358.05
2361.092
2368.258
2384.036
2393.369
2421.196
2421.761
2424.546
2404.03
2397.82
2374.637
2305.71
2290.441
2281.731
2281.296
2256.231
2294.339
2293.739
2203.906
2279.152
2279.902
2289.213
2327.592
2328.213
2328.678
2421.609
2448.402
2464.724
2447.345
2439.931
2379.966
2330.181
2297.836
2293.733
2361.116
2357.783
2391.283
2395.533
2362.713
2422.678
2436.713
2444.126
2447.345
2464.724
2493.167
2493
2450.44
2416.631
2394.917
2298.667
2295.899
2219.586
2208.051
2169.113
2265.363
2307.923
2302.02
2322.986
2334.124
2287.875
2324.217
2326.8
2344.356
2344.806
2271.538
2315.304
2334.304
2340.884
2253.949
2245.239
2229.97
2229.269
2204.204
2203.624
2203.188
2167.285
2254.22
2269.489
2305.392
2314.102
2314.683
2315.384
2315.82
2267.732
2274.451
2294.388
2298.161
2315.036
2319.161
2352.911
2408.296
2295.392
2256.952
2151.919
2108.153
2142.425
2202.503
2151.612
2221.271
2243.985
2207.698
2244.94
2365.629
2412.414
2440.533
2447.239
2460.578
2509.772
2492.217
2485.417
2465.783
2463.333
2418.108
2417.658
2418.108
2463.333
2465.783
2483.339
2490.139
2509.772
2509.617
2500.283
2493.867
2448.642
2457.975
2458.131
2464.547
2509.772
2502.972
2485.417
2465.783
2465.333
2420.108
2417.658
2437.292
2437.742
2444.542
2446.992
2464.547
2509.772
2507.572
2476.017
2426.822
2408.272
2439.828
2442.028
2460.578
2509.772
2470.05
2446.094
2441.328
2516.408
2577.113
2571.31
2559.774
2521.711
2531.14
2536.247
2565.414
2576.949
2582.753
2608.42
2559.566
2596.316
2589.282
2571.121
2524.336
2504.026
2501.491
2501.026
2501.491
2548.276
2566.437
2573.471
2576.006
2596.316
2592.546
2574.385
2537.635
2530.601
2523.963
2519.365
2500.744
2507.779
2526.399
2530.997
2549.158
2555.796
2559.566
2596.316
2586.661
2474.385
2473.782
2559.048
2510.592
2510.11
2502.824
2481.789
2479.164
2460.354
2479.164
2527.619
2548.655
2551.28
2558.565
2559.048
2558.565
2551.28
2532.47
2529.845
2508.81
2460.354
2443.449
2403.699
2394.057
2297.807
2297.164
2296.387
2352.66
2352.16
2380.938
2390.938
2345.298
2345.94
2346.423
2347.199
2364.104
2375.514
2372.98
2351.517
2330.552
2352.014
2354.549
2375.514
2412.264
2413.782
2429.966
2433.736
2438.333
2384.278
2432.403
2472.125
2480.625
2476.225
2469.058
2447.792
2443.767
2425.767
2389.767
2394.167
2415.433
2422.6
2440.6
2444.625
2480.625
2477.514
2473.547
2415.581
2384.314
2370.747
2322.622
2305.822
2377.92
2410.563
2427.218
2429.632
2418.494
2415.822
2374.73
2353.764
2316.17
2283.526
2190.595
2116.914
2137.879
2170.523
2211.615
2209.119
2219.886
2309.719
2312.303
2348.644
2345.767
2326.239
2322.272
2310.572
2379.109
2357.647
2368.784
2390.247
2314.539
2317.417
2336.944
2348.644
2231.978
2282.149
2241.057
2202.678
2155.894
2118.652
2096.721
2089.784
2154.777
2113.991
2113.185
2137.699
2137.179
2136.487
2114.147
2098.14
2165.84
2138.24
2192.51
2217.95
2233.957
2282.651
2290.388
2415.619
2370.287
2410.287
2430.898
2450.898
2471.509
2417.051
2391.233
2416.014
2508.945
2525.129
2520.578
2498.578
2491.164
2453.922
2435.302
2431.138
2435.69
2375.767
2379.792
2397.792
2404.958
2440.958
2405.433
2396.933
2348.808
2309.086
2304.642
2288.997
2285.353
2283.886
2256.664
2260.308
2300.031
2301.497
2317.142
2325.642
2330.086
2281.266
2315.645
2362.218
2382.992
2369.653
2353.875
2349.85
2328.739
2309.106
2301.133
2305.158
2324.792
2338.131
2283.137
2290.852
2346.949
2362.218
2342.605
2332.185
2293.745
2258.575
2256.075
2225.538
2156.61
2069.675
2138.602
2101.354
2135.424
2137.846
2156.846
2166.94
2251.159
2288.398
2317.982
2337.919
2339.669
2346.388
2370.669
2374.086
2465.086
2493.523
2486.805
2469.93
2466.156
2432.406
2412.469
2408.344
2379.906
2355.625
2264.625
2235.042
2228.323
2224.906
2223.156
2203.219
2294.219
2318.5
2346.938
2376.521
2383.24
2403.177
2404.927
2408.344
2436.617
2438.914
2449.008
2442.721
2396.602
2359.362
2316.964
2297.089
2358.28
2253.247
2211.689
2250.713
2264.511
2315.402
2277.944
2323.169
2359.169
2365.875
2402.46
2507.492
2528.008
2489.567
2474.427
2448.083
2413.704
2409.403
2407.984
2404.457
2436.481
2427.981
2376.003
2410.382
2411.801
2450.242
2453.769
2422.206
2426.372
2434.341
2449.008
2442.289
2351.289
2327.008
2307.07
2277.487
2249.049
2247.299
2243.883
2263.82
2354.82
2356.57
2363.289
2387.57
2416.008
2371.482
2374.795
2365.008
2362.78
2365.008
2374.795
2355.934
2337.51
2335.283
2354.144
2356.371
2374.795
2368.962
2368.821
2360.336
2319.222
2315.909
2288.333
2264.788
2258.273
2238.939
2150.697
2188.323
2186.573
2210.854
2212.604
2233.798
2237.111
2265.798
2272.313
2299.889
2319.222
2315.182
2309.348
2277.053
2260.689
2257.376
2241.417
2305.086
2309.253
2315.628
2332.503
2338.518
2354.977
2358.393
2391.698
2389.401
2379.307
2381.604
2391.698
2367.417
2276.417
2256.479
2226.896
2223.479
2221.729
2193.292
2257.108
2277.688
2279.495
2308.849
2266.281
2269.698
2360.698
2312.707
2319.222
2316.995
2307.207
2241.51
2251.01
2232.245
2146.598
2118.755
2095.902
2094.255
2151.202
2215.01
2186.573
2215.01
2234.948
2238.365
2258.778
2260.475
2266.99
2228.157
2251.01
2283.745
2285.752
2289.635
2291.321
2291.718
2323.784
2325.725
2335.608
2363.196
2371.608
2385.529
2436.676
2434.515
2425.015
2447.868
2465.098
2467.637
2469.696
2477.196
2479.137
2485.054
2486.74
2533.409
2516.545
2533.409
2486.74
2495.74
2523.583
2531.819
2563.164
2590.223
2592.282
2592.419
2603.184
2621.49
2623.77
2624.409
2720.174
2738.88
2742.431
2744.118
2806.963
2797.463
2734.618
2716.735
2714.456
2686.613
2654.547
2653.321
2617.21
2698.876
2731.914
2768.025
2832.775
2842.563
2786.801
2804.684
2806.963
2803.748
2775.904
2774.257
2767.934
2682.287
2663.522
2636.757
2613.904
2632.669
2659.434
2610.498
2632.698
2634.298
2637.421
2645.049
2651.021
2651.15
2668.44
2688.671
2696.616
2718.199
2766.505
2786.574
2802.847
2818.306
2820.704
2836.977
2845.657
2848.192
2872.4
2873.956
2895.539
2899.206
2899.581
2857.883
2859.869
2862.392
2823.372
2819.768
2812.876
2811.687
2782.883
2750.676
2747.721
2801.361
2788.324
2751.984
2758.876
2762.48
2763.669
2776.354
2779.309
2727.66
2755.706
2787.066
2766.618
2763.741
2758.083
2741.294
2739.82
2735.167
2784.847
2759.569
2762.606
2784.19
2809.468
2890.356
2891.912
2897.884
2845.149
2862.392
2879.171
2896.25
2899.882
2900.355
2909.987
2910.559
2911.717
2950.555
2955.923
2957.404
2969.368
2961.825
2959.423
2957.384
2932.7
2915.963
2859.732
2856.601
2858.64
2840.13
2843.182
2845.521
2861.829
2869.179
2893.231
2911.756
2917.269
2917.389
2927.825
2928.171
2944.479
2943.667
2948.188
3001.606
3003.256
2960.738
2953.762
2955.427
2964.354
2978.378
3004.72
3008.207
3023.037
2996.445
3017.701
3022.677
3027.583
3028.657
3026.992
3036.752
3044.947
3087.362
3089.587
3024.026
3009.206
3009.095
3006.262
2993.722
2976.611
2971.849
2984.389
2987.794
2988.27
3002.746
3007.508
3022.327
3039.438
3039.55
2971.63
2970.328
2948.312
2880.591
2859.428
2844.591
2839.591
2821.521
2818.979
2857.777
2879.793
2880.258
2895.095
2906.816
2931.932
2932.246
2890.15
2892.271
2889.527
2888.223
2896.496
2912.917
2920.553
2899.991
2920.553
2932.826
2951.386
2949.424
2918.589
2894.044
2879.589
2870.494
2843.411
2769.411
2735.869
2794.816
2778.026
2793.169
2809.607
2837.32
2862.436
2896.758
2901.436
2909.494
2918.589
2949.424
2963.924
2956.97
2955.97
2963.148
2971.237
2974.17
2997.854
2990.676
2987.065
2983.887
2967.917
2944.233
2938.367
2911.885
2893.737
2909.707
2915.574
2939.257
2965.739
2972.917
2991.065
2994.243
2997.854
3003.52
3006.587
2994.22
2982.22
2994.22
3006.587
3007.565
3017.669
3003.535
3014.32
3009.85
3033.533
3008.8
3073.511
3085.215
3020.77
3022.292
3027.264
3028.456
3033.544
3020.301
2983.301
2999.833
3019.195
2963.92
2958.608
2960.066
2959.785
2953.826
2973.368
2991.524
2989.726
3004.778
3016.372
3013.622
3014.479
3019.792
3023.802
3023.349
3034.943
3063.208
3053.736
3065.941
3053.736
3053.455
3059.413
3013.643
3021.949
3020.044
3038.509
3040.74
3025.876
3007.1
3006.733
3016.638
3017.005
2999.219
3003.383
3010.852
3014.934
3027.636
3032.84
3035.071
3048.051
3046.146
3056.003
3061.718
3060.136
3058.707
3050.401
3052.871
3051.009
3057.6
3051.886
3061.165
3067.757
3071.685
3060.665
3047.42
3049.461
3039.801
3038.454
3049.474
3048.577
3120.005
3108.049
3103.944
3087.277
3084.359
3068.502
3059.223
3061.944
3064.408
3077.429
3033.821
3032.474
3010.434
3010.026
3008.633
3023.299
3024.799
3005.48
3005.837
3009.765
2991.98
2977.235
3001.554
2997.167
3024.855
2989.366
2967.616
2951.759
2971.078
2959.721
2940.578
2943.048
2938.884
2942.966
2913.502
2903.923
2898.719
2897.821
2895.1
2878.434
2856.684
2832.364
2830.133
2835.337
2864.801
2865.699
2867.93
2826.905
2850.738
2872.053
2874.72
2884.107
2889.84
2912.1
2890.5
2889.353
2895.603
2896.968
2854.233
2832.428
2778.528
2759.595
2753.135
2740.975
2717.142
2715.592
2758.327
2782.16
2783.71
2790.17
2802.33
2856.23
2878.035
2896.968
2924.103
2908.563
2917.657
2947.173
2939.853
2939.76
2940.885
2875.765
2874.365
2873.485
2885.265
2896.065
2889.345
2898.732
2904.982
2917.702
2916.302
2919.062
2903.522
2908.802
2910.802
2877.435
2865.275
2870.675
2870.582
2869.435
2879.142
2875.062
2863.932
2860.315
2848.598
2850.978
2849.508
2892.243
2890.773
2878.613
2866.165
2878.613
2890.773
2892.243
2827.123
2814.963
2825.763
2826.198
2827.345
2822.245
2824.665
2826.065
2824.24
2835.74
2840.84
2833.52
2827.06
2824.68
2812.232
2800.515
2798.788
2791.768
2798.228
2810.677
2800.597
2807.617
2806.497
2818.213
2816.893
2763.993
2765.686
2773.533
2752.279
2731.784
2733.053
2722.925
2694.543
2757.159
2757.505
2785.269
2785.529
2771.635
2760.577
2755.673
2743.704
2752.729
2735.33
2747.022
2749.772
2775.864
2785.992
2790.896
2765.478
2753.478
2753.888
2748.605
2734.973
2739.596
2741.841
2747.237
2745.851
2745.763
2743.7
2752.857
2750.366
2717.555
2713.923
2725.961
2737.961
2731.055
2724.961
2708.517
2701.649
2725.423
2713.423
2714.711
2707.031
2705.97
2705.715
2699.819
2701.14
2704.989
2710.885
2709.564
2700.451
2682.59
2691.703
2693.024
2710.885
2710.546
2708.055
2720.3
2720.631
2737.701
2712.102
2707.291
2703.442
2705.505
2702.807
2703.868
2697.528
2695.25
2699.763
2717.624
2707.124
2689.263
2686.659
2702.068
2708.936
2719.436
2737.297
2671.259
2677.882
2657.505
2657.835
2626.147
2628.616
2628.213
2626.949
2650.282
2667.813
2665.961
2664.92
2664.157
2657.38
2656.019
2655.759
2653.111
2652.778
2649.052
2650.094
2650.353
2603.502
2605.32
2607.92
2608.668
2608.995
2615.65
2619.308
2619.635
2642.544
2629.477
2628.068
2622.505
2620.517
2616.88
2614.371
2605.765
2566.915
2564.406
2558.724
2571.791
2577.473
2579.461
2585.024
2587.533
2626.383
2634.989
2636.398
2678.998
2678.748
2678.378
2677.563
2665.748
2626.179
2608.648
2601.87
2599.63
2545.704
2547.944
2559.204
2585.94
2532.014
2538.923
2539.241
2522.186
2531.762
2508.853
2502.198
2496.089
2498.285
2493.936
2490.279
2465.611
2458.335
2431.502
2416.233
2394.165
2329.35
2317.573
2297.573
2297.659
2290.248
2294.23
2296.082
2297.144
2299.588
2306.998
2307.332
2309.535
2341.739
2316.614
2299.86
2288.333
2310.401
2311.623
2371.92
2352.184
2363.091
2395.64
2363.005
2368.301
2388.301
2392.282
2402.588
2409.998
2396.69
2402.477
2409.887
2403.147
2397.165
2400.869
2346.943
2348.542
2349.356
2356.134
2365.887
2355.582
2324.268
2343.905
2345.602
2349.95
2356.605
2297.405
2287.586
2279.053
2283.853
2283.105
2290.505
2281.68
2285.317
2287.305
2298.014
2299.35
2310.059
2285.391
2287.9
2288.7
2286.1
2302.827
2316.07
2319.706
2321.365
2320.347
2320.665
2297.756
2286.192
2277.926
2275.726
2267.459
2280.595
2285.795
2269.25
2270.586
2267.086
2240.836
2232.303
2231.03
2229.042
2204.374
2200.874
2198.886
2195.177
2185.602
2166.224
2156.406
2153.982
2163.8
2165.788
2168.212
2171.921
2191.298
2194.798
2204.374
2218.502
2216.306
2225.47
2225.074
2215.132
2207.987
2218.448
2223.912
2215.531
2196.5
2194.548
2192.167
2177.583
2151.802
2151.016
2146.463
2125.183
2133.564
2148.147
2152.701
2173.981
2175.933
2163.088
2163.86
2182.557
2184.896
2182.978
2171.592
2163.118
2166.89
2171.803
2174.311
2173.083
2234.487
2245.154
2246.513
2248.268
2259.425
2259.507
2254.77
2253.542
2253.779
2245.265
2224.358
2220.981
2196.769
2207.734
2197.82
2222.051
2251.269
2252.269
2253.582
2244.177
2231.275
2236.74
2252.896
2247.789
2245.664
2207.507
2209.293
2192.388
2192.305
2187.198
2189.751
2185.376
2211.158
2210.845
2227.595
2239.185
2248.827
2244.113
2241.732
2246.107
2240.339
2242.496
2243.714
2238.134
2234.563
2219.979
2200.693
2202.818
2204.36
2204.048
2201.887
2215.762
2207.095
2246.182
2236.606
2247.315
2198.315
2181.103
2179.694
2140.844
2129.789
2123.917
2102.25
2082.427
2077.791
2066.276
2002.639
2010.039
2006.13
2005.812
2015.388
2031.233
2021.415
2033.015
2024.191
2013.482
2018.282
1993.614
2002.147
2027.965
2032.853
2031.631
2029.076
2033.965
2016.434
2017.73
2028.378
2053.503
2046.093
2044.241
2042.389
2048.37
2025.037
2028.602
2032.327
2011.716
2023.735
2022.006
2020.965
2018.761
2036.292
2053.662
2058.091
2069.35
2075.017
2082.69
2078.634
2051.393
2057.167
2061.679
2049.642
2048.255
2020.409
2024.258
2021.742
2038.186
2045.736
2043.849
2071.695
2069.091
2067.803
2064.03
2060.256
2126.294
2137.143
2132.162
2131.822
2138.445
2132.549
2134.178
2157.821
2152.308
2158.192
2167.526
2156.199
2157.689
2178.458
2168.766
2158.381
2154.458
2160.67
2159.401
2176.16
2200.391
2198.901
2203.804
2204.881
2208.75
2208.49
2215.24
2152.625
2140.356
2130.228
2142.197
2142.287
2139.748
2145.248
2145.585
2162.984
2163.253
2178.196
2177.859
2202
2226.706
2238.91
2238.047
2239.42
2232.243
2201.495
2203.418
2209.428
2210.505
2210.415
2262.242
2257.643
2258.912
2272.918
2270.168
2288.207
2287.361
2288.63
2286.707
2219.399
2215.264
2222.96
2225.524
2227.319
2237.447
2240.101
2226.926
2230.701
2218.23
2217.127
2211.52
2206.716
2217.99
2222.99
2232.507
2226.379
2208.34
2229.237
2200.928
2195.438
2193.065
2210.908
2203.771
2217.938
2215.977
2244.915
2251.503
2251.15
2254.925
2267.129
2262.129
2250.208
2257.09
2249.913
2225.208
2213.658
2223.541
2205.801
2203.657
2216.382
2217.19
2203.023
2221.415
2214.533
2202.984
2213.572
2213.145
2208.456
2224.469
2238.56
2250.047
2282.76
2315.655
2333.855
2332.49
2333.61
2320.89
2322.715
2324.08
2352.19
2345.813
2326.493
2318.327
2331.571
2321.993
2319.272
2314.068
2297.401
2275.651
2273.42
2243.956
2243.058
2218.738
2219.636
2222.357
2224.588
2241.255
2246.459
2270.779
2254.238
2263.625
2284.94
2303.14
2285.71
2264.11
2262.383
2268.103
2267.668
2258.202
2253.902
2252.077
2280.952
2326.002
2323.537
2319.432
2334.177
2344.463
2349.344
2356.201
2371.065
2372.493
2370.065
2371.646
2373.039
2366.794
2361.406
2399.009
2387.415
2376.165
2384.502
2402.658
2406.043
2417.293
2428.887
2430.502
2443.168
2441.37
2456.342
2447.863
2453.835
2455.366
2450.384
2451.3
2453.201
2441.951
2429.747
2418.774
2422.941
2403.399
2367.17
2367.462
2354.795
2391.024
2406.401
2406.773
2407.06
2452.523
2455.092
2456.496
2479.693
2473.608
2448.254
2450.195
2449.823
2511.78
2510.56
2564.746
2558.094
2555.507
2548.855
2557.554
2551.815
2550.598
2541.899
2546.272
2552.489
2559.141
2597.863
2600.552
2583.285
2607.513
2593.38
2637.926
2621.373
2615.578
2613.504
2606.549
2585.231
2584.924
2583.254
2582.936
2581.265
2567.447
2553.301
2567.447
2569.117
2582.936
2590.277
2540.181
2551.885
2546.019
2541.574
2534.63
2534.733
2521.644
2443.867
2475.95
2486.683
2483.506
2490.683
2514.683
2493.646
2481.28
2493.646
2514.683
2525.417
2549.644
2530.278
2502.278
2526.506
2526.806
2540.317
2573.113
2565.935
2564.213
2575.917
2578.561
2577.094
2577.494
2577.106
2580.069
2612.152
2617.819
2601.763
2592.719
2579.941
2565.519
2566.985
2524.949
2527.819
2541.928
2527.819
2517.616
2593.703
2595.732
2601.058
2601.531
2588
2586.565
2583.94
2577.288
2597.288
2584.788
2604.788
2600.415
2603.002
2608.545
2615.197
2612.197
2618.991
2619.426
2618.208
2598.426
2598.861
2618.643
2587.257
2588.741
2547.137
2541.051
2540.176
2542.502
2529.566
2502.757
2492.431
2490.594
2483.445
2483.346
2476.473
2460.977
2447.168
2410.168
2408.183
2403.094
2390.158
2376.915
2372.819
2356.287
2343.823
2339.567
2328.362
2320.894
2312.379
2310.73
2288.055
2257.337
2255.848
2245.124
2225.874
2194.473
2188.374
2174.566
2154.608
2131.411
2129.848
2128.358
2120.89
2119.486
2108.28
2102.195
2073.328
2070.491
2055.2
2054.913
1992.956
1991.014
1972.472
2008.047
2003.862
1988.029
1976.29
1973.391
1967.848
1944.679
1943.723
1941.346
1909.96
1899.757
1923.826
1897.344
1923.826
1934.256
1957.939
1990.022
1995.689
1998.652
2001.081
2019.23
2020.207
2015.674
2001.843
1997.565
1996.048
1994.02
1982.82
1950.024
1942.224
1938.613
1914.613
1903.88
1902.324
1902.013
1895.213
1886.32
1914.797
1913.797
1902.767
1900.282
1892.646
1876.225
1814.975
1813.703
1810.953
1778.14
1753.919
1735.358
1732.108
1705.025
1688.691
1682.691
1675.35
1671.657
1690.218
1697.559
1703.559
1707.252
1710.502
1737.585
1753.919
1778.14
1760.481
1758.93
1756.657
1736.85
1735.578
1722.509
1717.938
1712.142
1704.801
1703.301
1720.897
1686.576
1713.482
1736.022
1771.161
1784.411
1785.982
1783.149
1781.577
1759.244
1733.53
1711.863
1711.435
1689.53
1724.904
1717.026
1699.498
1698.967
1676.772
1676.983
1623.565
1596.308
1580.083
1570.079
1568.373
1566.435
1563.135
1547.935
1537.931
1517.515
1514.496
1501.329
1474.073
1466.423
1414.28
1401.895
1395.357
1389.075
1365.485
1365.139
1364.626
1361.575
1361.126
1356.19
1350.959
1323.632
1320.214
1317.41
1303.564
1290.06
1295.291
1300.226
1303.645
1317.15
1344.476
1347.28
1361.126
1333.171
1351.588
1385.651
1416.197
1447.731
1443.921
1441.255
1441.121
1440.1
1397.637
1396.343
1353.88
1349.958
1346.743
1362.806
1355.078
1340.856
1345.518
1312.214
1357.331
1361.497
1387.018
1424.258
1438.924
1472.229
1475.646
1477.021
1484.99
1477.021
1504.237
1493.817
1491.032
1521.206
1500.458
1496.492
1484.792
1454.458
1453.792
1456.669
1477.417
1488.183
1499.883
1519.411
1523.378
1543.264
1524.075
1543.264
1575.908
1518.379
1476.357
1459.595
1433.929
1411.699
1409.074
1387.36
1389.985
1412.214
1433.929
1414.643
1409.929
1390.643
1370.768
1390.643
1409.929
1392.679
1409.198
1406.605
1424.494
1427.086
1462.148
1444.765
1439.827
1400.355
1370.108
1368.478
1364.429
1354.985
1310.849
1257.377
1252.904
1257.843
1243.022
1234.164
1273.636
1250.179
1185.772
1168.241
1146.426
1148.056
1178.302
1231.775
1235.824
1234.247
1251.009
1260.116
1322.223
1330.765
1347.67
1368.705
1343.348
1357.147
1361.31
1354.414
1329.632
1311.471
1336.08
1385.392
1380.985
1381.157
1388.565
1411.617
1416.025
1435.531
1462.148
1458.099
1456.469
1402.997
1358.861
1349.417
1383.266
1342.276
1337.147
1305.737
1269.327
1247.923
1269.327
1257.377
1249.821
1210.349
1206.299
1186.793
1227.311
1206.542
1247.103
1252.437
1260.137
1281.737
1324.367
1332.527
1353.593
1357.967
1355.027
1330.13
1360.219
1348.274
1343.316
1254.285
1227.785
1224.556
1273.83
1289.095
1294.504
1298.652
1302.174
1315.205
1357.841
1454.966
1483.875
1515.647
1500.266
1493.456
1436.71
1424.139
1389.917
1451.288
1398
1457.583
1464.733
1518.021
1558.854
1575.004
1588.204
1596.329
1632.263
1605.263
1577.438
1605.263
1632.263
1613.963
1608.963
1605.288
1604.388
1603.688
1677.504
1675.338
1760.468
1757.343
1704.75
1673.833
1726.426
1757.343
1752.546
1734.602
1815.99
1779.377
1744.917
1737.917
1774.529
1793.529
1798.608
1833.069
1840.069
1860.716
1818.441
1912.563
1893.438
1884.813
1877.979
1744.432
1739.589
1710.005
1701.672
1667.922
1635.005
1628.172
1615.422
1603.391
1536.781
1603.391
1637.141
1643.974
1676.891
1685.224
1697.974
1710.005
1679.818
1620.651
1616.276
1620.651
1679.818
1710.005
1675.224
1616.057
1650.839
1710.005
1675.224
1641.474
1708.083
1748.646
1807.813
1823.75
1874.792
1919.948
1977.448
1997.635
2006.26
2011.104
2030.635
2043.135
2063.323
2108.24
2139.74
2159.271
2184.708
2225.271
2262.083
2287.094
2325.995
2332.245
2334.818
2355.005
2412.505
2416.021
2422.854
2288.451
2296.863
2329.598
2330.422
2330.696
2334.005
2208.421
2209.171
2244.505
2258.116
2157.741
2161.215
2185.917
2189.996
2196.364
2338.206
2250.746
2265.079
2294.371
2341.271
2351.471
2376.671
2377.546
2407.946
2427.954
2321.917
2386.524
2294.682
2299.227
2332.333
2295.212
2288.712
2240.269
2225.587
2192.92
2180.92
2173.534
2119.367
2126.754
2141.436
2174.102
2115.083
2166.895
2213.232
2219.449
2230.928
2348.101
2360.275
2366.014
2417.826
2481.993
2489.855
2423.809
2427.976
2443.142
2445.531
2395.377
2400.207
2411.673
2431.087
2456.527
2457.087
2459.38
2400.347
2378.087
2340.22
2337.58
2454.06
2466.3
2475.867
2394.141
2418.5
2453.5
2465.519
2507.452
2520.952
2566.785
2542.846
2522.59
2522.41
2517.833
2610.547
2581.8
2610.547
2610.733
2615.493
2623.493
2648.39
2669.457
2688.39
2701.31
2732.029
2735.619
2700.234
2702.926
2661.936
2666.513
2632.16
2640.123
2647.531
2657.901
2639.235
2672.744
2676.448
2694.423
2715.034
2748.738
2848.552
2758.818
2792.318
2815.104
2761.48
2763.411
2774.549
2817.997
2840.731
2841.397
2854.964
2846.797
2850.131
2847.931
2849.797
2847.922
2855.089
2871.889
2850.256
2845.489
2885.211
2889.978
2893.089
2895.422
2904.422
2928.7
2921.9
2959
2980.267
3051.492
3075.575
3076.025
3105.075
3105.742
3103.158
3094.658
3095.242
3074.494
3078.461
3087.994
3057.328
2970.511
2979.22
2979.866
2891.823
2862.24
2844.849
2848.622
2835.904
2836.326
2869.63
2895.151
2895.698
2906.667
2916.76
2910.474
2912.896
2906.646
2888.24
2898.74
2830.091
2839.879
2823.015
2830.263
2816.04
2835.374
2843.101
2833.313
2839.828
2838.091
2816.02
2734.354
2749.626
2745.444
2762.308
2780.732
2777.702
2791.48
2793.601
2751.341
2769.223
2783.498
2792.998
2771.748
2753.042
2771.669
2779.169
2723.098
2684.333
2687.19
2683.79
2635.537
2612.852
2615.005
2612.852
2638.407
2608.123
2622.752
2631.725
2614.132
2612.988
2627.618
2618.646
2632.127
2680.433
2705.565
2802.787
2794.824
2819.956
2744.214
2751.962
2781.151
2780.773
2786.583
2793.475
2812.899
2803.007
2810.755
2802.025
2792.538
2776.705
2774.372
2771.155
2754.333
2770.167
2762.419
2769.041
2751.5
2759.23
2761.074
2790.264
2774.345
2776.867
2773.912
2759.678
2745.083
2741.48
2735.966
2707.162
2701.959
2704.914
2719.509
2748.313
2762.547
2766.151
2771.354
2776.867
2774.164
2765.894
2748.651
2716.444
2684.236
2682.723
2678.993
2678.628
2703.081
2695.514
2687.068
2688.18
2655.973
2659.243
2669.135
2698.324
2603.73
2600.459
2589.459
2590.973
2608.474
2597.943
2612.154
2636.364
2636.825
2693.055
2705.827
2700.564
2719.476
2717.634
2717.279
2724.226
2675.314
2667.032
2683.391
2680.827
2668.382
2666.94
2679.385
2687.231
2632.442
2641.827
2626.237
2614.1
2638.152
2668.707
2673.835
2688.105
2698.365
2679.938
2698.613
2698.165
2712.434
2709.87
2686.536
2691.767
2716.041
2712.656
2706.118
2681.844
2653.306
2643.972
2635.959
2641.472
2679.314
2699.831
2691.056
2697.181
2688.406
2689.84
2693.902
2685.827
2686.177
2683.444
2670.844
2674.294
2666.481
2658.406
2666.481
2599.106
2611.181
2637.825
2631.075
2641.25
2628.65
2622.671
2610.538
2610.888
2609.138
2616.138
2617.538
2619.696
2629.7
2621.3
2622.329
2631.479
2608.479
2627.904
2642.629
2645.363
2653.175
2643.171
2710.546
2714.608
2657.325
2659.215
2664.122
2649.293
2662.866
2659.921
2637.043
2630.213
2701.238
2743.652
2730.807
2727.862
2738.951
2696.537
2702.512
2687.683
2688.11
2673.821
2652.565
2644.004
2613.272
2608.028
2625.557
2624.191
2609.902
2596.329
2603.159
2602.732
2600.841
2588.549
2615.695
2611.285
2579.111
2601.651
2599.901
2615.044
2593.502
2593.391
2619.105
2644.819
2629.677
2636.962
2657.033
2663.172
2664.481
2686.295
2680.364
2669.078
2656.829
2641.992
2640.364
2641.322
2640.857
2616.072
2614.738
2600.01
2578.969
2511.248
2516.946
2502.109
2501.795
2533.347
2483.655
2481.484
2477.705
2472.705
2450.69
2429.649
2418.362
2412.665
2378.343
2372.203
2382.777
2365.839
2363.025
2418.954
2440.496
2425.417
2428.02
2399.647
2396.813
2394.591
2429.73
2447.071
2460.762
2462.817
2470.508
2472.73
2408.563
2420.119
2417.738
2430.988
2425.869
2428.091
2410.98
2404.155
2356.058
2370.533
2362.719
2369.986
2370.492
2383.05
2385.058
2399.198
2408.663
2419.895
2398.733
2397.43
2403.57
2444.012
2362.616
2375.174
2371.849
2350.035
2340.729
2342.736
2344.907
2323.866
2321.696
2296.579
2311.37
2282.068
2278.289
2270.126
2262.614
2262.289
2243.297
2226.583
2226.118
2232.769
2226.118
2233.63
2228.979
2232.188
2272.63
2277.374
2276.072
2287.359
2289.161
2294.723
2303.188
2319.901
2321.436
2280.994
2288.808
2277.521
2306.824
2327.864
2327.399
2302.283
2270.731
2265.169
2197.448
2188.141
2173.413
2132.971
2121.963
2123.297
2126.397
2120.835
2118.027
2109.516
2120.089
2087.234
2123.776
2138.957
2121.335
2163.75
2168.628
2155.055
2177.25
2197.169
2214.933
2214.506
2188.165
2195.14
2197.366
2191.146
2197.366
2168.301
2166.929
2168.327
2156.547
2125.815
2143.437
2151.632
2153.03
2146.445
2080.713
2082.939
2101.89
2079.823
2074.917
2073.913
2072.022
2073.026
2076.99
2079.266
2063.754
2063.327
2061.929
2038.839
2061.278
2053.4
2053.059
2056.311
2048.433
2057.311
2109.427
2115.402
2108.573
2124.402
2088.407
2096.285
2112.114
2147.327
2124.888
2134.815
2114.896
2116.561
2118.787
2133.616
2148.445
2143.201
2140.762
2138.657
2147.535
2150.754
2152.12
2153.913
2142.075
2175.21
2178.235
2177.692
2183.817
2174.667
2163.3
2156.15
2167.983
2189.771
2102.271
2084.063
2087.081
2086.052
2004.652
1988.702
1961.702
1977.652
1978.09
1985.09
2021.183
2027.308
2035.383
2034.354
2026.542
2029.567
2034.088
2049.648
2064.294
2057.127
2045.76
2027.552
2019.477
2025.456
2023.519
2023.081
2037.727
2030.077
2006.627
1991.902
2004.035
2010.831
2012.626
2025.071
2036.729
2033.19
1988.6
1995.78
1981.511
1986.147
1972.301
1995.891
2030.679
2040.013
2054.282
2056.269
2042
2042.359
2022.436
2050.974
2049.224
2042.942
2075.25
2061.404
2065.571
2057.288
2072.31
2064.976
2071.515
2069.122
2059.737
2066.276
2050.316
2052.656
2044.374
2006.068
2014.292
2031.371
2050.384
2049.923
2058.423
2059.904
2061.746
2042.579
2041.07
2060.083
2049.373
2055.82
2063.346
2044.333
2051.877
2045.43
1999.667
2012.018
2027.518
2119.623
2119.991
2122.623
2120.351
2118.079
2120.535
2114.088
2123.667
2159.371
2148.66
2168.233
2172.87
2199.948
2200.492
2223.942
2218.567
2252.485
2245.485
2230.285
2231.719
2226.619
2249.619
2240.469
2252.202
2245.827
2251.202
2246.102
2243.769
2245.202
2257.335
2266.485
2256.481
2270.394
2267.06
2257.96
2255.679
2257.617
2251.017
2214.121
2205.721
2202.421
2178.754
2166.679
2164.929
2177.004
2200.671
2202.421
2215.588
2199.688
2195.625
2179.4
2202.974
2215.359
2201.09
2184.731
2185.244
2175.859
2168.013
2143.739
2119.688
2117.348
2114.246
2107.964
2131.297
2094.278
2098.915
2106.094
2143.936
2134.603
2136.038
2133.235
2135.12
2162.447
2150.062
2153.6
2167.105
2169.669
2142.342
2097.752
2069.214
2061.201
2061.547
2061.893
2076.996
2074.192
2082.474
2109.801
2111.237
2129.912
2116.066
2123.912
2125.797
2127.784
2155.476
2137.049
2134.709
2113.769
2098.179
2070.487
2067.068
2012.28
1996.321
1995.265
1972.066
1948.868
1955.15
1955.598
1941.329
1951.765
1935.806
1936.165
1924.506
1889.718
1874.697
1881.62
1893.654
1938.244
1940.038
1932.026
1944.162
1944.282
1953.282
1959.564
1988.103
1995.026
1988.744
1985.641
1989.026
2043.814
2023.891
2011.447
2007.908
2010.248
2023.171
2067.57
2065.298
2066.807
2065.011
2055.432
2042.66
2075.818
2051.871
2035.871
2042.581
2040.542
2040.173
2046.467
2043.289
2057.934
2064.882
2062.425
2053.925
2052.417
2048.14
2096.36
2169.198
2178.685
2171.117
2153.577
2151.482
2167.023
2153.905
2145.176
2129.635
2129.257
2131.351
2120.351
2085
2093.224
2074.211
2113.048
2128.465
2141.175
2149.228
2141.702
2134.333
2131.932
2116.515
2030.831
2024.537
2041.327
2016.643
2014.186
2052.284
2050.814
2134.301
2127.763
2099.224
2094.588
2082.929
2098.519
2080.092
2093.015
2113.955
2160.743
2179.656
2186.603
2190.366
2188.524
2200.875
2221.322
2219.814
2219.287
2228.129
2190.136
2187.68
2163.469
2158.206
2214.436
2206.893
2210.07
2203.623
2175.577
2185.156
2186.998
2215.689
2196.675
2220.485
2218.748
2217.274
2220.783
2219.274
2214.515
2291.147
2319.193
2325.487
2326.967
2350.776
2344.482
2334.851
2372.844
2368.086
2396.507
2434.5
2424.921
2442
2443.474
2428.829
2429.197
2482.563
2477.676
2485.405
2498.09
2495.387
2506.387
2496.901
2498.995
2514.536
2522.266
2525.536
2537.824
2525.032
2511.914
2515.518
2518.788
2521.311
2535.545
2532.842
2509.288
2524.829
2499.964
2491.234
2487.505
2480.883
2498.072
2485.387
2499.982
2545.072
2562.261
2562.626
2532.545
2512.86
2512.734
2517.531
2515.596
2544.018
2577.175
2561.759
2580.772
2587.219
2594.167
2614.614
2562.316
2554.983
2560.496
2522.654
2536.158
2512.568
2581.671
2585.056
2550.267
2585.056
2592.389
2615.588
2615.947
2600.844
2595.613
2582.109
2577.173
2563.327
2559.908
2532.581
2529.778
2543.282
2548.513
2551.316
2556.252
2570.098
2597.425
2600.844
2601.972
2543.048
2561.256
2566.069
2566.185
2565.748
2564.348
2570.327
2571.356
2602.856
2596.481
2599.931
2568.431
2568.094
2571.669
2570.263
2536.344
2579.819
2568.085
2582.81
2591.585
2614.335
2613.998
2606.348
2590.123
2589.685
2587.848
2573.935
2617.41
2670.829
2662.754
2659.735
2641.769
2639.831
2662.581
2649.415
2622.415
2622.852
2591.352
2594.652
2596.052
2595.702
2604.852
2613.952
2625.785
2629.848
2607.229
2599.579
2617.546
2615.265
2623.665
2597.021
2604.171
2556.215
2560.911
2626.642
2632.862
2633.35
2627.374
2659.14
2662.473
2612.982
2597.47
2594.567
2542.451
2519.573
2517.683
2510.691
2571.177
2574.202
2575.852
2532.377
2523.277
2519.977
2508.244
2506.494
2433.694
2457.36
2473.31
2469.735
2449.319
2422.675
2418.613
2412.013
2394.046
2385.971
2416.594
2453.613
2466.536
2470.203
2500.759
2509.041
2527.468
2494.073
2498.135
2524.779
2483.118
2481.228
2426.94
2405.274
2411.56
2403.202
2401.536
2390.266
2306.933
2242.766
2252.294
2252.405
2253.452
2264.278
2268.583
2270.639
2273.782
2285.782
2281.913
2276.218
2277.583
2284.869
2278.06
2242.921
2250.611
2250.933
2262.202
2252.512
2253.03
2247.196
2240.768
2257.97
2266.637
2274.994
2286.264
2274.764
2274.875
2277.256
2279.101
2275.696
2263.696
2249.673
2238.498
2260.04
2259.522
2250.855
2283.159
2324.563
2327.706
2329.879
2330.2
2323.534
2312.359
2324.899
2319.78
2320.256
2307.716
2310.591
2304.897
2265.175
2263.508
2251.952
2250.619
2276.577
2299.012
2283.5
2295.28
2326.012
2338.858
2339.931
2348.126
2348.657
2355.632
2371.144
2369.352
2343.01
2358.522
2350.327
2342.705
2339.339
2375.335
2375.762
2380.64
2393.292
2425.595
2420.476
2408.976
2444.115
2443.782
2447.067
2447.585
2525.109
2518.681
2516.835
2510.55
2498.01
2517.454
2503.506
2508.089
2507.768
2525.109
2530.942
2538.942
2542.085
2543.065
2545.446
2547.018
2569.351
2569.685
2565.101
2567.982
2589.524
2601.024
2601.135
2598.254
2591.968
2609.31
2610.935
2611.452
2603.762
2616.302
2621.091
2628.782
2629.762
2612.421
2611.081
2626.534
2592.159
2578.909
2578.492
2514.325
2522.992
2535.532
2554.032
2569.175
2527.77
2518.079
2520.954
2515.121
2513.276
2462.401
2466.984
2480.933
2483.766
2483.29
2467.837
2390.313
2396.147
2401.98
2376.605
2342.23
2346.536
2332.06
2341.75
2338.607
2269.274
2262.464
2247.321
2256.036
2273.377
2281.067
2296.21
2317.877
2307.052
2325.552
2274.677
2273.105
2274.444
2291.647
2287.778
2313.492
2321.849
2238.516
2235.341
2228.532
2217.262
2220.437
2235.516
2222.659
2219.484
2236.595
2210.881
2192.381
2173.881
2139.506
2190.291
2185.88
2193.758
2187.539
2193.758
2182.931
2209.431
2198.605
2200.661
2181.216
2182.196
2183.562
2184.609
2199.752
2263.919
2250.228
2233.026
2235.901
2240.663
2240.145
2241.716
2238.841
2240.508
2218.966
2203.776
2238.915
2308.248
2301.962
2306.724
2309.867
2321.867
2321.391
2336.534
2336.867
2333.986
2349.129
2333.986
2337.129
2343.2
2348.895
2320.522
2314.688
2320.974
2322.819
2319.677
2293.718
2307.667
2306.333
2242.167
2245.048
2253.762
2255.429
2257.179
2244.639
2244.222
2243.889
2245.222
2258.079
2246.079
2245.562
2242.681
2248.752
2249.181
2249.069
2227.403
2234.069
2259.444
2245.754
2242.873
2207.734
2194.044
2193.526
2223.909
2221.901
2221.576
2218.366
2215.297
2208.645
2197.638
2200.405
2221.8
2196.446
2196.132
2195.109
2204.574
2193.566
2185.403
2171.705
2186.18
2171.343
2177.041
2182.971
2185.297
2188.11
2183.432
2174.921
2191.634
2195.839
2210.568
2202.103
2190.87
2235.034
2238.319
2238.748
2241.623
2249.063
2227.397
2223.091
2201.55
2209.907
2231.573
2223.883
2208.74
2190.24
2183.431
2190.097
2191.722
2220.095
2236.186
2237.494
2220.692
2205.963
2198.452
2190.289
2178.568
2210.12
2221.407
2189.855
2177.607
2198.769
2196.599
2222.483
2228.622
2233.622
2247.32
2238.014
2232.316
2227.839
2219.328
2178.886
2190.172
2192.343
2190.541
2190.948
2195.153
2194.196
2194.521
2197.731
2189.266
2221.946
2229.946
2160.613
2130.613
2116.923
2115.558
2115.974
2117.308
2109.617
2045.45
2048.855
2048.534
2051.819
2036.677
2048.232
2046.867
2062.319
2069.129
2066.748
2060.677
2043.565
2035.565
2037.315
1973.149
1970.768
1945.054
1941.649
1945.954
1915.954
1930.431
1929.383
1952.234
1955.444
1921.122
1899.107
1899.432
1902.758
1901.734
1964.409
1964.083
1974.998
1974.89
1989.029
1983.467
1962.426
1921.984
1900.944
1889.711
1883.572
1868.734
1867.432
1826.99
1825.682
1817.519
1817.101
1824.217
1828.895
1846.965
1846.008
1856.922
1859.465
1854.988
1854.88
1895.322
1893.787
1915.182
1910.504
1921.736
1918.636
1922.841
1873.149
1875.963
1854.149
1878.934
1877.977
1888.891
1879.426
1886.543
1892.682
1889.612
1909.88
1902.066
1929.779
1928.151
1926.143
1921.667
1928.783
1946.853
1987.295
2027.736
2034.016
2052.085
2039.837
2033.907
2036.674
2041.674
2058.388
2055.62
2043.899
2050.566
2036.775
2029.434
2029.328
2030.263
2041.241
2053.513
2047.945
2068.854
2079.884
2063.331
2062.396
2059.366
2060.366
2048.396
2042.6
2029.286
2005.064
1993.61
1979.155
1992.542
2000.86
1993.905
2008.36
2006.286
2023.641
2022.618
2019.804
1998.562
2013.704
1992.038
1997.157
2011.633
2013.806
2012.472
2007.71
2021.734
2047.448
2030.246
2024.552
2027.385
2026.867
1994.563
1972.187
1967.309
1977.236
1975.87
1972.65
1984.488
1982.695
1950.863
1982.363
1985.696
1918.321
1922.383
1919.365
1913.24
1919.84
1946.483
1947.917
1932.356
1937.169
1936.731
1923.565
1926.898
1929.398
1927.692
1925.754
1895.963
1919.629
1885.71
1866.285
1822.81
1819.792
1801.583
1764.688
1794.479
1778.646
1759.221
1786.477
1802.31
1808.435
1814.81
1826.177
1817.077
1843.721
1825.513
1813.379
1815.085
1827.219
1829.719
1830.169
1813.944
1810.969
1823.102
1829.852
1841.927
1845.26
1847.419
1849.069
1845.619
1842.169
1838.719
1836.969
1836.519
1828.869
1823.869
1832.969
1840.135
1837.117
1749.617
1803.035
1780.285
1777.552
1785.202
1769.302
1746.302
1739.302
1753.215
1709.74
1708.09
1711.065
1698.931
1700.331
1682.365
1725.84
1732.59
1740.665
1763.415
1769.54
1771.477
1756.831
1740.931
1718.181
1718.725
1710.913
1718.079
1720.579
1711.804
1713.238
1697.338
1669.513
1702.936
1730.628
1700.073
1684.483
1691.021
1686.385
1683
1676.462
1699.795
1693.026
1679.179
1670.564
1745.231
1783.073
1779.97
1796.329
1831.118
1824.835
1802.489
1830.444
1830.893
1820.457
1862.446
1858.996
1855.696
1878.315
1896.281
1890.906
1891.244
1923.498
1916.959
1921.895
1938.203
1950.237
1942.391
1957.981
1952.823
1951.353
1953.045
1954.481
1969.583
1944.783
1946.292
1984.285
1996.741
2020.689
2039.601
2046.048
2033.338
2089.568
2089.445
2073.066
2069.934
2056.075
2037.162
2086.815
2067.392
2065.547
2049.115
2056.007
2048.439
2085.108
2109.703
2079.096
2091.447
2108.114
2115.64
2121.298
2157.002
2227.923
2203.011
2203.485
2232.175
2225.228
2222.596
2225.053
2233.276
2205.23
2202.774
2209.879
2204.814
2201.05
2195.393
2179.893
2182.164
2191.796
2183.743
2198.875
2181.796
2206.708
2202.945
2201.862
2216.507
2221.572
2208.8
2196.45
2207.16
2207.732
2204.855
2200.579
2195.82
2203.364
2179.154
2180.996
2168.645
2148.197
2142.829
2145.706
2140.64
2112.594
2098.384
2084.524
2081.015
2051.726
2060.226
2065.594
2062.963
2075.735
2092.114
2099.658
2097.257
2113.923
2101.151
2129.572
2131.507
2148.586
2147.105
2147.461
2147.092
2101.329
2098.197
2137.035
2175.873
2172.689
2167.031
2157.399
2129.353
2124.594
2128.357
2129.515
2133.279
2125.752
2118.647
2124.305
2132.357
2135.235
2132.603
2132.143
2140.366
2166.007
2174.736
2172.75
2133.73
2134.095
2127.203
2161.257
2176.297
2179.514
2179.135
2171.838
2175.101
2209.155
2216.723
2241.176
2277.845
2277.48
2297.007
2272.554
2273.142
2290.259
2275.664
2276.205
2289.259
2287.414
2288.604
2296.874
2267.685
2275.414
2273.081
2194.378
2223.182
2210.498
2181.309
2173.038
2178.241
2170.493
2163.872
2165.385
2163.872
2146.682
2148.527
2177.331
2187.223
2140.223
2114.637
2143.827
2118.962
2126.259
2128.151
2206.854
2112.259
2151.279
2190.3
2194.691
2216.764
2242.349
2256.583
2257.07
2249.322
2256.619
2251.732
2346.327
2362.759
2377.354
2364.3
2344.876
2342.354
2341.164
2320.164
2328.894
2339.894
2333.002
2304.198
2311.333
2304.712
2310.149
2285.554
2281.95
2310.755
2321.57
2310.57
2312.556
2316.948
2292.354
2275.236
2262.182
2261.696
2291.777
2280.777
2259.777
2268.507
2269.696
2272.959
2273.446
2263.608
2279.527
2286.824
2270.905
2263.608
2226.939
2305.642
2298.507
2303.709
2320.827
2333.944
2370.613
2353.423
2340.306
2340.671
2341.144
2344.408
2359.448
2379.133
2377.619
2364.502
2387.963
2379.463
2376.831
2383.279
2379.77
2382.226
2385.7
2389.463
2413.272
2400.5
2412.851
2416.035
2400.035
2394.667
2361.509
2346.009
2342.877
2371.568
2384.34
2371.568
2396.48
2408.936
2437.627
2442.386
2436.728
2436.373
2439.25
2456.039
2455.579
2453.737
2494.468
2481.414
2494.468
2453.737
2455.579
2416.741
2404.776
2413.276
2441.322
2385.092
2384.52
2415.879
2423.406
2411.055
2439.101
2445.811
2448.083
2449.564
2446.432
2442.669
2453.2
2462.042
2456.976
2471.621
2471.048
2469.311
2484.728
2490.386
2492.228
2491.754
2500.596
2514.807
2509.741
2497.285
2518.776
2511.232
2503.18
2519.559
2533.419
2504.728
2560.958
2568.064
2582.708
2584.98
2568.314
2571.191
2578.559
2580.039
2576.531
2575.022
2498.39
2462.686
2464.529
2466.037
2478.388
2506.434
2531.91
2519.526
2512.603
2515.705
2522.244
2520.774
2514.491
2487.723
2490.698
2518.523
2571.942
2569.783
2562.633
2531.133
2534.467
2547.967
2533.592
2506.335
2526.752
2492.833
2491.733
2490.083
2453.99
2463.994
2467.569
2459.494
2443.66
2427.71
2391.617
2407.567
2389.6
2397.675
2374.925
2390.825
2372.858
2373.208
2371.808
2362.658
2364.065
2310.646
2294.746
2292.908
2290.971
2305.696
2298.696
2247.537
2253.37
2245.907
2250.882
2243.907
2217.315
2194.226
2203.986
2201.319
2179.124
2209.935
2187.317
2173.404
2185.138
2200.338
2184.504
2191.104
2196.133
2162.215
2161.671
2177.896
2192.621
2196.683
2200.746
2208.821
2220.554
2293.354
2286.604
2287.104
2260.46
2274.373
2280.748
2285.748
2280.373
2253.373
2249.31
2233.75
2227.375
2227.825
2243.658
2243.158
2252.308
2224.483
2187.588
2172.388
2156.163
2170.808
2178.621
2180.902
2207.124
2205.417
2213.978
2254.669
2169.303
2167.596
2152.035
2158.62
2150.998
2157.217
2149.339
2158.266
2149.339
2123.346
2129.321
2114.955
2107.98
2096.533
2117.446
2103.946
2080.279
2065.079
2051.167
2049.329
2045.754
2037.942
2035.208
2032.19
2020.056
2019.606
2009.431
1995.519
1993.769
1992.669
1956.575
1938.608
1930.533
1926.958
1920.358
1916.296
1886.504
1907.549
1936.257
1940.533
1947.48
1951.243
1931.767
1952.707
1971.135
1998.462
2006.744
2006.397
2005.269
1989.31
1920.207
1917.156
1967.147
1963.969
1960.785
1922.792
1908.147
1899.647
1891.147
1928.025
1920.277
1912.98
1905.232
1898.768
1882.849
1874.119
1835.734
1754.845
1750.873
1691.519
1658.417
1655.063
1647.729
1646.167
1628.5
1667.314
1625.148
1586.383
1571.336
1566.693
1559.693
1543.793
1513.343
1551.936
1538.132
1524.328
1514.446
1498.564
1474.544
1450.525
1426.505
1394.439
1389.659
1426.846
1408.422
1404.755
1402.687
1396.626
1374.732
1373.028
1371.323
1368.495
1361.071
1328.343
1263.593
1255.866
1238.018
1232.184
1231.639
1213.886
1232.029
1229.841
1196.536
1163.232
1162.81
1184.664
1180.406
1165.137
1195.475
1159.95
1149.533
1175.374
1168.339
1163.408
1156.77
1153
1121.802
1114.865
1153.967
1150.063
1190.534
1163.559
1148.738
1150.987
1128.333
1120.064
1142.607
1167.715
1144.528
1179.681
1211.97
1208.045
1179.045
1166.318
1160.258
1148.258
1140.038
1189.98
1245.163
1296.487
1295.75
1282.329
1338.569
1331.958
1137.514
1117.181
1103.014
1076.94
1074.819
1051.279
1027.74
989.564
1031.224
1018.651
1085.361
868.294
674.161
649.761
538.539
553.935
508.696
466.851
441.78
402.942
365.788
360.404
349.404
286.583
204.603
112.936
92.628
37.346
26.917
0
