15.522
19.957
20.201
23.332
25.745
127.092
174.918
199.962
195.527
195.283
192.152
189.739
141.913
40.565
45
29.478
29.723
45.245
70.288
45.245
146.592
149.005
152.136
199.962
184.44
184.196
181.065
178.652
77.304
29.478
4.435
0
4.435
4.679
20.201
121.549
169.375
171.788
174.918
199.962
98.614
114.136
139.179
187.005
161.962
164.375
167.505
268.853
265.723
265.967
270.402
254.88
250.446
250.201
247.788
199.962
184.44
180.005
179.761
176.63
174.217
126.391
101.348
0
4.435
7.565
9.978
111.326
159.152
184.196
199.717
199.962
174.918
170.484
170.239
167.109
164.696
63.348
15.522
18.652
3.13
5.543
106.891
154.717
170.239
195.283
199.717
199.962
174.918
170.484
170.239
167.109
164.696
63.348
15.522
0
4.435
7.565
9.978
111.326
159.152
184.196
199.717
199.962
215.484
211.049
210.804
207.674
106.326
103.913
128.957
129.201
113.679
88.636
93.071
45.245
48.375
50.788
152.136
161.701
196.049
201.136
204.266
213.641
230.337
353.598
493.098
593.038
609.864
626.821
636.386
649.701
656.092
680.745
685.31
695.908
705.609
720.576
619.228
644.272
639.837
639.592
655.114
651.984
649.571
640.005
643.136
627.614
632.049
632.293
733.641
781.467
783.88
758.837
743.315
738.88
738.636
736.223
688.397
663.353
660.223
558.875
583.658
740.962
745.332
800.147
801.712
815.277
882.842
921.929
953.886
978.283
1047.674
1110.011
1114.446
1118.522
1271.685
1276.283
1176.342
1141.995
1145.125
1150.212
1166.908
1043.647
904.147
887.321
870.625
865.538
874.913
865.538
904.655
936.255
1028.2
1156.54
1179.22
1176.34
1163.86
1165.3
1177.78
1181.8
1131.37
1129.93
1125.91
1176.34
1321.06
1176.34
1184.34
1190.22
1235.055
1292.405
1306.805
1369.305
1365.555
1361.325
1220.415
1216.335
1220.415
1361.325
1365.555
1369.305
1386.465
1415.025
1420.905
1432.605
1437.885
1453.485
1458.165
1492.575
1494.615
1495.635
1425.588
1440.495
1453.829
1458.718
1583.412
1588.606
1541.912
1407.912
1419.468
1420.801
1443.134
1489.829
1486.106
1474.551
1473.218
1473.838
1501.06
1521.843
1574.944
1608.241
1549.13
1568.315
1515.213
1457.657
1424.361
1397.139
1405.583
1384.801
1390.634
1394.412
1513.245
1521.509
1534.843
1529.648
1516.315
1391.62
1395.046
1409.491
1534.185
1539.074
1553.495
1558.69
1580.023
1575.134
1589.468
1603.69
1574.431
1578.764
1478.431
1481.097
1395.963
1416.963
1424.949
1437.111
1466.37
1445.37
1432.66
1424.035
1408.675
1405.795
1401.115
1422.505
1486.345
1494.925
1514.035
1523.59
1529.2
1537.2
1550.065
1607.415
1622.99
1627.245
1626.575
1614.095
1612.655
1562.225
1450.227
1584.227
1595.782
1597.116
1643.81
1621.477
1618.005
1614.088
1610.31
1479.838
1355.144
1350.255
1336.921
1331.727
1336.616
1461.31
1474.644
1479.838
1467.926
1475.333
1480.528
1473.12
1477.06
1485.907
1497.819
1493.88
1440.778
1493.88
1508.301
1503.106
1494.259
1479.838
1480.046
1493.269
1497.046
1499.713
1586.046
1626.787
1648.12
1650.176
1661.125
1719.875
1723.815
1737.037
1766.296
1777.13
1780.907
1793.657
1846.759
1850.699
1865.12
1873.968
1885.88
1893.287
1898.481
1893.287
1889.347
1880.5
1868.588
1815.486
1801.065
1793.657
1775.963
1835.074
1850.963
1843.019
1783.907
1819.296
1840.63
1840.838
1927.171
1929.838
1943.06
1951.208
1953.264
1940.042
1937.986
1851.653
1847.875
1847.667
1845
1804.259
1782.926
1786.704
1781.509
1776.62
1777.843
1764.509
1777.843
1653.148
1655.233
1660.069
1616.595
1491.836
1495.302
1491.836
1535.31
1556.103
1557.345
1568.103
1557.345
1671.37
1683.282
1687.222
1675.31
1682.718
1735.819
1741.014
1755.435
1751.657
1746.463
1742.523
1728.102
1675
1666.153
1658.745
1671.968
1671.759
1669.093
1690.426
1699.273
1785.606
1787.662
1790.329
1790.537
1704.983
1692.672
1672.81
1665.224
1584.845
1582.931
1586.448
1599.897
1619.759
1620.793
1624.672
1633.078
1644.168
1644.362
1651.948
1649.466
1651.379
1647.862
1650.345
1650.151
1653.668
1673.53
1671.616
1685.013
1604.634
1682.755
1661.421
1648.199
1650.088
1658.935
1651.528
1647.588
1638.741
1626.829
1573.727
1559.306
1554.111
1607.213
1619.125
1623.065
1628.259
1635.667
1650.088
1636.755
1631.56
1630.338
1633.671
1634.894
1638.237
1522.142
1535.116
1539.953
1566.435
1617.211
1637.073
1720.772
1745.392
1756.151
1790.547
1778.528
1760.427
1700.826
1671.871
1700.826
1713.826
1762.189
1864.212
1907.659
1885.386
1892.197
1940.561
1927.561
1920.652
1872.288
1828.841
1813.144
1785.902
1789.083
1791.265
1791.436
1802.254
1819.708
1747.154
1813.754
1815.339
1813.754
1813.593
1812.136
1795.679
1789.393
1778.293
1776.236
1779.15
1776.236
1765.179
1759.018
1756.961
1837.961
1848.932
1859.989
1843.789
1847.132
1836.161
1927.832
1924.489
1990.164
1996.325
1981.046
1971.664
1949.093
1951.15
1962.436
1953.246
1942.121
1938.114
1897.15
1891.436
1932.4
1938.114
1941.154
1947.979
1957.168
1954.129
1965.254
1958.429
1962.436
1972.586
1984.704
1987.575
1985.518
2052.118
2049.204
2065.661
2075.861
2077.446
2108.875
2108.714
2108.875
2077.446
2010.846
1994.389
1984.189
1987.104
1989.161
2108.034
2098.58
2095.534
2057.33
2039.057
2169.448
2166.544
2171.069
2182.681
2181.617
2177.093
2147.17
2151.17
2049.148
2044.898
2038.837
2048.583
2092.03
2098.091
2094.867
2106.667
2109.89
2114.14
2104.394
2060.947
2053.708
2060.947
2181.351
2051.33
2062.148
2079.602
2112.936
2183.572
2185.254
2185.424
2188.515
2177.697
2160.242
2126.909
2123.818
2123.648
2121.466
2119.784
2049.148
2020.193
2007.193
1958.83
1888.193
1905.648
1916.466
1916.295
1922.962
1993.598
1990.508
1988.326
1970.871
1971.042
1974.133
1963.314
1961.633
2052.706
2055.028
2055.476
2047.77
2037.395
1991.145
1978.585
1972.133
1967.609
1964.177
1954.641
1966.157
1969.589
1944.105
1892.935
1889.645
1880.21
1869.105
1857.589
1867.024
1870.315
1921.484
1931.02
1956.504
1967.609
1964.177
1996.355
2021.129
2044.161
2034.097
1986.597
2005.177
2009.702
2037.664
2121.362
2172.138
2190.578
2170.716
2173.405
2139.009
2151.983
2127.362
2043.664
2030.69
2043.103
2038.552
2154.647
2128.164
2115.75
2153.681
2141.371
2121.509
2113.922
2115.681
2115.875
2118.358
2120.272
2039.892
2043.409
2040.927
2040.733
2037.216
2057.078
2070.474
2065.638
2070.19
1954.095
1953.616
1967.065
1953.616
1950.427
1930.565
1917.138
1933.517
1930
2023
2015.306
2018.496
2013.065
2032.927
2052.789
2058.22
1947.582
1965.278
1977.839
2002.613
2012.492
2022.867
2028.456
2060.069
2067.266
2170.766
2174.056
2146.306
2144.661
2157.242
2164.339
2166.806
2179.79
2181.435
2168.855
2165.081
2129.597
2128.774
2261.707
2265.741
2295.405
2291.888
2289.405
2289.211
2251.28
2231.418
2229.659
2227.746
2378.375
2383.569
2396.903
2401.792
2396.597
2391.708
2267.014
2391.708
2378.375
2372.931
2381.958
2360.958
2352.81
2338.366
2330.102
2326.213
2313.463
2304.435
2315.778
2323.926
2338.37
2346.634
2350.523
2363.273
2368.718
2357.375
2378.375
2367.032
2345.699
2245.81
2239.394
2074.81
2046.366
2034.454
2158.01
2181.05
2358.8
2371.665
2387.025
2393.955
2406.205
2416.005
2420.755
2341.329
2323.736
2352.995
2406.097
2463.653
2496.949
2524.171
2465.06
2461.171
2403.616
2395.292
2480.426
2580.759
2601.542
2476.847
2581.847
2514.427
2521.862
2525.897
2580.931
2567.31
2488.047
2377.409
2364.065
2486.079
2500.301
2495.968
2493.301
2495.968
2487.981
2382.981
2368.759
2340.315
2313.87
2327.806
2339.361
2359.167
2396.111
2433.056
2447.278
2473.722
2436.778
2447.685
2426.352
2439.194
2419.389
2414.194
2400.259
2275.565
2270.676
2267.787
2177.889
2187.972
2200.194
2221.528
2166.991
2153.657
2189.954
2196.37
2217.704
2053.12
2041.208
2029.866
2015.644
2033.236
2011.903
2002.829
2055.175
2050.425
2062.675
2075.54
2106.26
2214.14
2207.21
2242.76
2259.725
2245.515
2259.725
2263.745
2246.78
2242.76
2236.88
2281.715
2289.715
2352.215
2409.565
2415.445
2370.61
2362.61
2300.11
2242.76
2228.36
2242.76
2179.31
2165.03
2160.775
2164.855
2151.085
2119.485
2107.66
2119.36
2123.615
2134.19
2146.015
2177.615
2191.385
2179.685
2181.725
2177.645
2291.045
2294.645
2298.395
2285.53
2254.81
2272.79
2260.54
2299.74
2306.67
2329.71
2341.96
2372.68
2361.509
2340.176
2352.088
2345.671
2309.375
2276.458
2258.866
2276.458
2176.569
2262.903
2268.097
2311.037
2321.12
2358.065
2345.843
2335.759
2347.981
2311.037
2191.634
2201.72
2235.513
2333.272
2341.509
2354.905
2359.741
2279.362
2169.706
2165.181
2127.782
2159.96
2150.46
2173.492
2150.46
2138.323
2121.073
2109.887
2099.823
2067.645
2055.258
2036.677
2048.815
2058.879
2106.379
2123.629
2201.927
2220.508
2232.895
2235.218
2181.477
2181.648
2191.723
2193.405
2194.314
2216.133
2225.413
2242.867
2272.564
2219.761
2197.818
2184.246
2171.404
2180.593
2171.404
2168.345
2303.004
2285.549
2299.943
2294.693
2317.966
2308.686
2313.936
2284.239
2289.011
2306.284
2309.375
2312.784
2323.216
2325.534
2329.784
2442.694
2430.161
2425.637
2430.98
2506.173
2436.375
2442.909
2454.545
2540.455
2564.394
2557.86
2574.064
2576.246
2564.61
2561.064
2558.883
2476.792
2546.447
2460.538
2464.083
2366.856
2297.201
2273.261
2229.814
2212.811
2235.083
2207.841
2254.932
2298.379
2400.402
2448.765
2426.492
2378.129
2331.038
2337.848
2332.83
2344.602
2340.352
2269.716
2270.424
2275.443
2283.693
2273.693
2243.466
2253.466
2245.216
2250.254
2262.053
2136.971
2150.543
2167
2195
2167
2244.057
2117.093
2125.843
2135.032
2139.726
2131.034
2058.142
2053.459
2037.892
2029.615
2008.858
2013.541
2034.297
2136.971
2127.471
2129.529
2127.943
2127.782
2050.725
2060.225
2060.386
2061.971
2139.029
2136.971
2140.471
2217.871
2226.229
2237.371
2240.014
2251.139
2255.639
2258.554
2264.929
2281.386
2276.886
2260.429
2249.304
2246.389
2235.246
2228.871
2261.996
2328.596
2332.604
2327.871
2288.757
2286.257
2275.757
2275.125
2188.409
2184.436
2172.841
2153.544
2145.639
2149.611
2153.179
2149.611
2161.206
2180.503
2188.409
2179.976
2190.145
2198.578
2214.145
2234.902
2220.449
2154.848
2139.28
2112.321
2139.28
2119.983
2109.605
2099.436
2059.639
2099.436
2186.152
2251.753
2271.051
2275.003
2253.652
2245.662
2252.807
2255.564
2246.26
2256.936
2254.061
2263.365
2266.24
2267.618
2259.713
2196.713
2193.956
2190.166
2253.166
2256.956
2225.622
2218.476
2226.466
2234.372
2232.993
2264.328
2273.02
2200.128
2220.885
2212.193
2207.51
2181.024
2193.861
2181.024
2060.922
2069.199
2084.767
2108.787
2113.47
2139.956
2152.105
2253.139
2244.389
2227.932
2211.646
2221.846
2232.132
2237.846
2266.346
2256.196
2244.079
2241.207
2290.364
2292.55
2291.093
2288.907
2282.621
2279.279
2268.136
2271.479
2302.907
2313.107
2324.607
2335.75
2311.171
2299.671
2328.171
2320.393
2315.643
2323.421
2332.85
2323.421
2334.521
2330.514
2263.914
2230.789
2234.796
2239.529
2243.279
2246.193
2262.479
2272.314
2262.479
2260.293
2262.479
2246.193
2243.279
2246.493
2243.279
2244.864
2245.025
2167.968
2158.468
2158.307
2156.721
2158.779
2235.836
2233.779
2243.279
2251.057
2256.007
2272.464
2274.214
2172.041
2180.733
2300.834
2285.267
2273.118
2268.436
2244.416
2235.723
2214.966
2206.689
2180.203
2193.041
2180.203
2253.095
2279.581
2275.791
2271.314
2260.814
2266.834
2190.213
2276.929
2339.054
2354.378
2375.73
2381.557
2392.017
2395.179
2405.557
2384.206
2373.828
2370.666
2372.611
2310.486
2304.659
2231.443
2216.99
2341.618
2362.018
2270.346
2339.696
2354.975
2363.389
2372.304
2383.275
2362.875
2379.332
2390.082
2348.011
2353.711
2342.961
2273.611
2257.154
2228.654
2206.711
2197.796
2199.382
2240.346
2199.382
2178.382
2274.575
2320.175
2341.175
2295.575
2199.382
2154.982
2199.382
2225.068
2218.646
2230.904
2245.282
2153.645
2160.233
2165.706
2171.726
2156.159
2183.118
2192.422
2171.666
2162.973
2161.318
2148.48
2028.378
1955.486
2039.229
2034.279
2024.85
2034.279
2062.779
2070.557
2042.057
2034.279
1990.318
1957.712
1959.135
1959.279
1961.125
2020.894
1949.143
1963.192
1971.899
1974.387
1972.631
1964.521
1898.741
1898.878
1900.232
1908.341
1908.204
1909.96
1908.607
1974.387
2033.588
2036.076
2036.213
2037.97
1968.762
2022.971
2014.669
2012.994
2021.297
1967.087
1965.797
1965.666
1963.294
1976.689
1951.108
2032.235
2033.588
2056.893
2085.171
2099.073
2101.927
2093.53
2102.238
2109.372
2111.86
2110.616
2108.021
2100.811
2091.177
2088.689
2127.378
2134.588
2153.857
2162.253
2164.848
2158.399
2151.265
2076.788
2076.919
2131.128
2105.547
2103.872
2105.163
2102.791
2105.163
2113.465
2113.334
2059.125
2050.823
2037.427
2039.102
2137.216
2151.265
2160.335
2169.701
2178.098
2180.585
2178.098
2192
2194.744
2195.366
2186.97
2184.226
2170.323
2168.457
2099.311
2075.409
2069.582
2076.716
2100.619
2169.765
2175.591
2168.457
2177.634
2132.797
2119.401
2194.017
2228.262
2235.517
2258.715
2254.076
2255.366
2257.041
2257.172
2259.544
2247.108
2233.712
2208.131
2153.922
2152.631
2096.183
2094.509
2087.66
2085.288
2077.613
2070.358
2047.16
2040.828
2040.698
2031.948
2086.157
2077.227
2060.622
2074.017
2065.715
2083.576
2100.18
2108.483
2121.878
2147.459
2155.192
2158.855
2164.523
2227.244
2201.663
2147.453
2148.744
2150.419
2148.744
2148.613
2147.323
2133.927
2125.625
2127.997
2128.128
2135.86
2144.163
2142.872
2135.14
2189.349
2189.218
2187.544
2200.939
2202.613
2139.892
2137.52
2138.811
2143.927
2144.058
2146.779
2160.174
2169.23
2194.608
2203.677
2208.387
2241.73
2261.735
2284.526
2284.657
2320.994
2319.32
2324.334
2326.009
2328.73
2310.358
2319.288
2316.567
2303.381
2294.451
2285.451
2280.436
2333.892
2301.464
2364.464
2382.019
2330.939
2259.639
2268.239
2270.294
2262.361
2270.294
2283.094
2307.539
2359.339
2360.572
2362.172
2362.297
2361.064
2363.331
2350.531
2345.642
2293.842
2292.242
2292.117
2294.45
2292.183
2283.517
2212.217
2199.417
2190.764
2187.264
2185.208
2180.25
2177.983
2181.833
2183.433
2148.16
2155.755
2168.011
2101.969
2149.541
2149.656
2094.37
2071.921
2024.349
2023.217
2021.135
2009.38
2002.094
2004.176
2004.061
2087.809
2088.989
2058.484
2042.846
2023.718
1990.654
1919.021
1885.064
1892.388
1913.612
1892.388
1885.064
1900.255
1901.787
1900.606
1901.787
1951.383
1963.638
1971.234
1994.638
1987.043
1963.638
1914.043
1916.213
1916.332
1914.801
1914.681
1997.511
1984.711
1997.511
2013.378
2025.261
2042.328
2064.494
2048.628
1994.689
2003.05
2009.983
2016.528
1945.228
1932.428
1925.494
1917.133
1894.967
1877.9
1845.178
1852.883
1851.283
1791.35
1783.961
1782.728
1782.603
1842.536
1846.981
1838.981
1863.889
1867.156
1901.878
1933.739
1899.017
1874.108
1870.842
1838.981
1846.981
1842.536
1842.661
1844.261
1845.494
1790.367
1778.112
1780.282
1829.878
1806.473
1806.354
1756.758
1755.577
1754.045
1751.875
1744.279
1751.875
1764.13
1759.875
1752.279
1759.939
1767.535
1759.875
1764.13
1776.386
1780.641
1800.971
1808.295
1809.923
1797.795
1795.625
1797.795
1795.402
1807.529
1806.987
1809.38
1802.056
1795.832
1789.543
1781.947
1779.684
1772.359
1770.189
1736.439
1719.63
1696.226
1696.106
1694.926
1682.67
1680.5
1678.968
1671.372
1693.856
1706.522
1711.481
1714.414
1717.136
1756.142
1753.542
1762.208
1737.764
1729.097
1767.331
1775.264
1767.331
1769.031
1777.975
1780.575
1728.21
1691.604
1683.04
1681.412
1676.665
1673.537
1666.213
1657.915
1653.234
1659.75
1675.388
1678.516
1672
1659.936
1654.75
1659.431
1667.729
1672.476
1677.662
1684.987
1682.753
1694.816
1716.04
1718.646
1716.04
1753.386
1716.04
1752.646
1760.944
1776.582
1776.702
1784.987
1805.838
1829.056
1832.04
1836.295
1838.263
1839.444
1847.449
1859.944
1893.189
1923.694
1905.391
1901.082
1867.838
1837.332
1829.035
1808.184
1799.899
1799.779
1804.088
1780.87
1783.12
1745.774
1743.168
1780.513
1783.12
1787.707
1727.388
1795.654
1855.973
1864.207
1865.739
1868.229
1876.399
1868.165
1819.258
1802.449
1734.184
1783.09
1778.503
1795.311
1792.822
1791.29
1783.12
1798.758
1806.992
1827.103
1840.153
1831.792
1833.847
1842.208
1846.653
1847.886
1834.836
1831.719
1815.386
1810.942
1809.708
1807.653
1810.769
1802.408
1786.542
1769.475
1756.675
1748.969
1737.086
1730.542
1723.608
1701.442
1710.094
1738.111
1777.117
1738.111
1740.833
1738.111
1740.833
1741.633
1702.628
1699.906
1738.911
1734.467
1742.828
1745.944
1748
1731.667
1744.717
1742.661
1743.894
1746.228
1733.178
1731.944
1736.389
1733.272
1724.911
1732.561
1754.728
1747.078
1724.911
1763.917
1765.278
1762.556
1723.55
1724.783
1727.9
1725.844
1717.483
1704.433
1699.989
1696.872
1699.206
1707.567
1708.081
1712.525
1710.192
1649.912
1648.731
1660.859
1663.253
1665.423
1663.795
1665.423
1663.253
1655.928
1643.801
1641.407
1648.731
1650.699
1649.396
1652.003
1614.657
1616.625
1653.971
1655.503
1652.519
1653.822
1656.056
1660.311
1594.431
1595.564
1603.242
1574.787
1570.865
1582.38
1579.978
1545.561
1534.047
1533.593
1536.343
1535.255
1527.877
1525.819
1532.819
1544.113
1506.599
1550.58
1550.686
1552.045
1553.969
1555.017
1550.509
1544.991
1491.5
1473.009
1480.356
1450.875
1469.366
1462.007
1494.469
1521.521
1525.342
1554.823
1527.771
1507.182
1488.691
1481.344
1481.45
1448.988
1448.882
1456.241
1452.42
1473.009
1475.321
1498.76
1497.559
1503.355
1506.105
1526.929
1574.811
1609.228
1610.316
1617.694
1619.507
1622.257
1619.507
1633.919
1645.434
1643.375
1631.86
1624.483
1622.669
1687.768
1691.849
1687.768
1689.849
1667.401
1667.515
1668.985
1667.852
1675.781
1631.632
1624.632
1635.926
1637.015
1625.721
1580.015
1579.904
1577.904
1584.904
1583.493
1581.091
1583.493
1549.076
1580.179
1614.596
1607.007
1652.713
1631.145
1623.527
1622.439
1621.027
1620.917
1622.005
1620.005
1622.005
1643.574
1651.89
1658.89
1647.596
1649.007
1649.118
1670.686
1677.686
1708.789
1771.25
1783.005
1780.143
1776.061
1764.077
1762.189
1766.27
1758.592
1743.592
1758.592
1757.459
1758.592
1760.48
1772.464
1775.327
1783.005
1780.505
1813.077
1814.913
1821.648
1785.827
1738.916
1736.528
1735.059
1730.658
1722.821
1714.923
1657.066
1640.944
1575.464
1568.179
1570.26
1568.179
1568.293
1569.763
1570.895
1593.344
1581.589
1629.161
1636.446
1613.997
1566.426
1564.957
1564.842
1563.709
1575.464
1594.964
1593.128
1581.143
1578.281
1563.281
1562.148
1560.26
1556.179
1548.5
1560.255
1552.969
1600.541
1598.459
1598.344
1596.875
1595.742
1548.171
1525.722
1513.967
1516.048
1516.163
1523.449
1524.918
1526.051
1548.5
1550.393
1582.281
1584.577
1583.015
1575.99
1587.622
1585.541
1573.908
1575.469
1582.495
1584.577
1582.281
1596.852
1599.852
1597.158
1594.158
1588.189
1596.944
1588.189
1573.617
1579.587
1582.281
1602.638
1609.663
1602.638
1582.281
1629.852
1627.77
1635.056
1646.811
1651.301
1652.434
1652.319
1654.401
1647.115
1635.36
1612.911
1565.339
1564.207
1562.737
1562.852
1564.321
1567.184
1569.684
1587.24
1607.597
1613.449
1616.829
1619.217
1626.242
1630.324
1622.977
1615.691
1611.61
1618.957
1626.242
1633.145
1609.485
1618.14
1610.194
1590.694
1602.327
1590.694
1589.561
1591.031
1579.276
1581.357
1581.242
1579.161
1579.276
1602.936
1561.645
1563.939
1575.233
1570.919
1568.625
1522.919
1541.654
1540.243
1547.243
1548.331
1594.037
1587.037
1579.39
1551.277
1529.88
1522.245
1522.135
1518.164
1484.429
1453.792
1434.576
1465.047
1535.988
1533.988
1545.282
1552.282
1556.596
1602.301
1603.39
1602.301
1603.713
1605.713
1594.419
1572.85
1572.74
1527.034
1525.623
1525.733
1580.722
1566.028
1595.288
1547.717
1548.849
1544.36
1532.605
1544.36
1566.809
1614.38
1607.094
1608.564
1610.645
1609.513
1608.043
1607.929
1605.847
1605.962
1613.247
1648.36
1640.145
1647.431
1645.043
1637.758
1602.645
1580.196
1582.584
1574.625
1573.064
1581.023
1582.584
1590.798
1595.288
1615.288
1612.304
1635.179
1700.658
1724.319
1723.186
1715.901
1715.786
1701.382
1699.971
1707.605
1696.311
1783.444
1786.583
1789.98
1801.157
1755.451
1753.451
1755.265
1733.696
1751.324
1781.794
1783.765
1786.515
1792.821
1771.243
1769.498
1790.646
1739.759
1655.915
1652.646
1641.892
1640.523
1661.602
1654.523
1661.602
1650.616
1594.327
1649.391
1628.311
1631.461
1712.257
1722.62
1724.302
1722.448
1716.189
1714.798
1712.752
1702.389
1709.468
1735.536
1739.88
1741.814
1744.364
1748
1753.848
1748.53
1704.13
1705.984
1625.189
1626.87
1606.491
1557.455
1550.375
1548.693
1545.543
1535.18
1538.33
1558.709
1581.978
1561.638
1571.638
1618.954
1639.294
1638.106
1644.706
1590.324
1644.706
1666.074
1672.684
1674.922
1669.087
1652.18
1669.087
1674.922
1672.252
1687.489
1693.998
1695.57
1675.919
1630.004
1627.513
1624.123
1627.513
1603.212
1597.11
1595.307
1591.258
1588.881
1592.93
1617.231
1623.831
1620.441
1625.892
1676.11
1650.956
1645.314
1647.18
1619.768
1600.103
1602.564
1595.732
1616.958
1619.894
1600.896
1600.779
1580.439
1533.123
1531.5
1587.789
1584.75
1586.373
1593.204
1584.909
1604.559
1594.898
1597.612
1522.294
1531.956
1533.252
1535.235
1487.184
1497.532
1495.729
1499.119
1492.519
1468.218
1462.767
1458.718
1456.341
1452.951
1459.551
1483.852
1489.303
1493.352
1495.155
1497.532
1491.896
1498.273
1451.158
1463.748
1503.539
1502.023
1492.678
1440.08
1437.24
1434.615
1361.766
1355.383
1356.9
1337.893
1410.742
1429.117
1431.957
1441.301
1447.684
1452.655
1471.058
1467.287
1471.058
1469.569
1485.403
1490.264
1492.597
1493.478
1464.448
1465.994
1467.102
1465.217
1470.017
1467.998
1503.86
1509.85
1514.798
1513.162
1510.085
1513.76
1515.396
1511.721
1533.779
1536.856
1531.908
1509.85
1503.86
1501.702
1503.86
1486.023
1436.662
1395.169
1396.592
1395.169
1326.804
1309.56
1303.569
1294.8
1300.79
1303.338
1312.108
1314.773
1312.108
1320.828
1387.153
1363.19
1402.277
1403.636
1399.69
1402.815
1397.426
1398.967
1404.611
1401.712
1399.679
1398.138
1394.676
1389.033
1368.254
1372.915
1376.377
1378.409
1399.188
1394.527
1397.426
1395.025
1378.781
1417.868
1434.112
1498.514
1502.993
1505.578
1514.086
1515.466
1521.278
1473.39
1407.065
1404.479
1409.405
1410.42
1409.039
1411.511
1405.7
1397.192
1403.194
1408.368
1402.221
1386.279
1402.221
1379.232
1374.058
1397.047
1403.194
1402.389
1401.955
1405.188
1403.156
1407.817
1411.279
1390.5
1392.042
1386.399
1407.178
1409.21
1407.668
1413.312
1409.85
1405.188
1402.29
1405.188
1399.545
1360.458
1352.197
1344.674
1342.201
1340.821
1274.496
1257.767
1255.181
1214.927
1212.576
1203.979
1201.394
1222.793
1224.886
1219.075
1197.675
1192.875
1191.287
1194.272
1191.287
1187.722
1189.31
1192.875
1190.782
1196.593
1201.394
1196.256
1181.368
1176.039
1181.412
1186.741
1189.726
1186.741
1181.368
1183.326
1202.144
1165.916
1144.517
1139.716
1136.731
1134.638
1131.073
1129.485
1123.674
1129.224
1118.567
1123.896
1127.534
1133.354
1136.92
1141.845
1144.076
1149.45
1215.774
1239.45
1233.629
1237.267
1243.088
1259.506
1256.222
1247.759
1243.188
1232.218
1227.08
1229.274
1233.845
1237.175
1248.146
1253.284
1261.746
1259.552
1256.222
1252.584
1260.959
1257.634
1259.157
1256.172
1253.989
1252.019
1250.272
1265.16
1256.563
1256.116
1254.437
1249.636
1245.998
1240.177
1234.17
1228.841
1225.558
1219.737
1217.991
1216.849
1191.17
1227.618
1212.729
1223.476
1208.588
1210.334
1207.862
1213
1234.399
1251.703
1247.424
1234.584
1229.446
1227.7
1253.379
1268.267
1263.61
1265.11
1264.282
1265.11
1269.767
1270.841
1285.729
1289.013
1254.222
1252.722
1237.834
1233.263
1216.845
1253.179
1255.44
1292.962
1293.935
1300.101
1301.958
1300.28
1291.232
1276.065
1319.065
1322.857
1346.23
1350.923
1352.611
1349.069
1347.927
1353.391
1333.379
1327.284
1332.145
1325.964
1316.821
1316.25
1318.107
1309.06
1293.893
1275.49
1273.633
1282.681
1297.847
1316.25
1321.714
1337.548
1341.339
1349.827
1363.956
1367.725
1369.456
1384.533
1400.871
1424.779
1448.817
1450.975
1456.31
1461.606
1460.183
1466.846
1463.096
1425.527
1428.642
1388.179
1394.644
1397.229
1414.534
1428.795
1433.366
1438.504
1436.272
1430.899
1425.974
1407.163
1409.33
1411.025
1424.054
1463.141
1467.924
1490.913
1467.924
1532.326
1535.788
1541.005
1551.44
1558.592
1494.19
1490.728
1488.217
1494.495
1480.647
1483.582
1500.384
1483.582
1480.647
1483.158
1481.038
1518.784
1533.045
1535.228
1570.019
1578.526
1597.343
1595.776
1596.313
1582.052
1579.466
1562.162
1559.979
1556.957
1559.14
1573.401
1575.987
1593.291
1596.313
1602.778
1596.313
1585.657
1579.254
1581.224
1583.418
1587.784
1547.978
1546.065
1541.826
1539.696
1550.043
1527.054
1521.88
1505.938
1528.928
1534.101
1550.043
1543.897
1550.043
1572.565
1567.783
1570.293
1572.413
1586.261
1569.458
1563.181
1560.246
1546.399
1543.888
1541.768
1544.703
1561.505
1567.783
1564.884
1559.667
1554.493
1550.208
1549.165
1543.534
1559.476
1563.915
1578.371
1563.915
1564.958
1560.437
1556.975
1572.79
1587.246
1581.1
1558.455
1579.795
1577.665
1576.861
1575.973
1578.103
1576.408
1573.219
1576.681
1580.966
1586.574
1588.27
1566.929
1565.473
1599.255
1600.06
1604.582
1606.038
1566.777
1589.908
1596.125
1609.973
1626.775
1640.623
1637.688
1631.411
1633.531
1631.411
1614.609
1612.098
1614.609
1600.761
1607.038
1609.973
1608.632
1609.618
1595.161
1617.806
1633.197
1635.23
1649.433
1634.042
1629.016
1664.194
1669.183
1646.538
1641.549
1639.516
1625.313
1642.116
1635.839
1638.35
1640.469
1637.534
1635.415
1618.612
1632.46
1618.612
1624.889
1622.379
1625.313
1635.661
1613.139
1620.292
1642.813
1632.379
1630.683
1669.77
1630.683
1632.379
1609.857
1602.705
1589.676
1602.705
1613.139
1611.799
1618.076
1615.565
1598.763
1596.643
1593.708
1607.556
1649.078
1652.101
1654.687
1671.991
1674.174
1659.912
1636.091
1629.688
1636.091
1659.912
1674.174
1659.912
1648.45
1659.912
1645.024
1631.606
1673.92
1692.737
1694.92
1688.455
1674.194
1680.659
1663.354
1661.172
1664.194
1681.498
1684.084
1698.345
1695.323
1692.737
1689.715
1683.312
1679.987
1676.349
1659.931
1652.42
1654.166
1630.345
1636.81
1642.425
1648.433
1659.896
1663.179
1671.687
1673.78
1679.082
1682.3
1682.838
1684.36
1695.017
1713.834
1707.369
1704.347
1702.164
1684.86
1682.274
1668.013
1652.162
1650.819
1636.558
1628.576
1632.142
1655.817
1653.586
1649.929
1644.556
1639.631
1585.631
1582.065
1515.741
1510.603
1508.924
1512.58
1514.259
1519.185
1524.323
1572.211
1575.776
1581.149
1566.261
1568.493
1564.927
1541.252
1556.14
1622.465
1631.465
1583.576
1564.759
1570.58
1572.55
1591.368
1639.256
1637.285
1631.465
1637.868
1614.047
1607.644
1593.382
1617.203
1631.465
1629.371
1627.543
1626.401
1630.767
1629.244
1635.252
1639.618
1644.03
1622.631
1688.955
1739.205
1740.549
1763.869
1740.549
1725.922
1741.772
1736.634
1720.784
1718.69
1682.463
1697.09
1699.183
1704.321
1740.549
1741.377
1762.776
1786.597
1791.899
1797.907
1806.282
1804.535
1787.231
1765.832
1760.694
1735.015
1720.127
1712.761
1699.343
1739.597
1750.343
1710.09
1723.507
1700.313
1702.06
1709.425
1698.679
1721.873
1720.127
1720.211
1721.039
1726.368
1734.965
1751.382
1786.174
1787.696
1788.771
1787.942
1791.272
1774.543
1773.159
1768.746
1765.181
1743.203
1777.994
1765.719
1788.364
1792.649
1794.105
1815.446
1817.141
1818.185
1813.9
1808.292
1809.096
1813.618
1809.179
1794.723
1793.266
1791.136
1789.44
1773.498
1772.455
1738.672
1754.614
1758.076
1772.533
1774.663
1770.141
1774.426
1778.864
1772.647
1758.799
1735.668
1740.842
1740.038
1755.98
1789.763
1789.844
1788.801
1788.719
1790.197
1785.024
1776.676
1760.734
1759.255
1725.473
1733.821
1734.864
1735.668
1740.842
1741.277
1742.636
1747.455
1741.889
1742.694
1743.737
1735.389
1733.911
1732.868
1699.085
1683.143
1677.969
1679.447
1679.529
1678.725
1712.507
1712.426
1720.774
1725.947
1729.136
1720.288
1702.016
1704.049
1700.861
1695.027
1692.995
1698.447
1704.281
1715.411
1717.107
1733.049
1751.321
1740.19
1738.495
1733.042
1733.781
1730.592
1696.81
1696.728
1695.25
1686.902
1687.707
1696.054
1697.533
1697.614
1698.658
1666.301
1661.273
1694.104
1693.322
1727.717
1725.741
1703.4
1702.386
1707.389
1754.808
1777.287
1797.481
1792.477
1786.808
1778.905
1779.687
1757.208
1737.014
1736.232
1741.901
1737.137
1742.806
1742.025
1709.194
1742.793
1734.446
1733.707
1732.663
1734.141
1734.223
1734.141
1732.663
1733.467
1767.25
1783.192
1791.54
1796.714
1797.757
1796.772
1796.25
1797.728
1792.58
1782.232
1780.754
1783.879
1789.027
1799.375
1796.25
1801.399
1795.946
1781.743
1780.047
1780.569
1788.917
1788.112
1788.194
1788.998
1822.781
1838.723
1822.781
1817.607
1816.129
1816.047
1815.004
1816.047
1782.264
1783.743
1775.395
1780.569
1786.716
1789.904
1784.73
1789.904
1783.757
1767.815
1744.826
1748.658
1745.533
1743.837
1730.808
1666.406
1661.188
1638.199
1636.033
1625.598
1620.815
1617.353
1610.201
1587.679
1548.592
1547.114
1547.033
1545.989
1540.815
1540.011
1541.489
1533.141
1517.199
1522.373
1530.721
1546.663
1580.446
1581.25
1582.293
1582.375
1548.592
1546.56
1548.592
1563.984
1599.161
1613.364
1578.187
1583.176
1578.187
1555.542
1578.187
1562.795
1548.592
1561.621
1566.143
1571.317
1574.868
1561.02
1559.324
1551.063
1534.261
1528.609
1526.478
1528.609
1533.047
1574.134
1577.667
1569.449
1565.011
1570
1565.011
1561.777
1558.245
1574.187
1558.245
1563.897
1567.13
1577.783
1567.13
1572.696
1571.351
1566.178
1567.656
1572.83
1606.612
1606.694
1605.216
1605.134
1621.076
1621.88
1620.837
1612.489
1611.685
1577.902
1586.25
1587.293
1571.351
1576.5
1570.667
1619.46
1625.293
1626.098
1602.967
1597.819
1597.014
1576.236
1599.366
1620.145
1571.351
1558.322
1556.547
1556.982
1548.85
1549.654
1550.697
1549.219
1583.002
1583.083
1574.736
1558.793
1525.011
1524.207
1523.163
1526.351
1534.699
1529.525
1534.699
1536.178
1536.096
1541.085
1537.534
1535.904
1530.915
1484.415
1498.871
1502.333
1548.833
1556.162
1542.113
1538.748
1530.255
1533.706
1535.29
1535.798
1538.835
1544.243
1493.285
1496.736
1478.979
1446.148
1445.366
1443.93
1443.85
1442.836
1437.808
1429.695
1426.597
1423.232
1424.88
1420.717
1382.562
1361.822
1399.977
1403.342
1404.757
1425.496
1426.278
1430.673
1463.504
1461.856
1466.019
1468.09
1469.104
1483.153
1469.104
1467.688
1476.287
1460.794
1456.481
1442.431
1446.745
1444.674
1443.893
1439.498
1438.484
1405.653
1382.211
1380.834
1379.377
1377.455
1380.469
1382.072
1392.592
1375.322
1369.808
1371.729
1366.575
1356.055
1340.986
1339.384
1356.654
1361.808
1367.322
1365.524
1367.538
1378.058
1356.771
1352.25
1396.202
1398
1399.808
1405.322
1359.202
1358.442
1336.579
1331.065
1311.425
1333.288
1333.478
1338.344
1333.478
1337.406
1346.632
1350.792
1354.058
1349.298
1337.312
1334.045
1338.805
1350.792
1346.632
1348.592
1316.032
1314.162
1300.002
1314.162
1309.572
1288.738
1275.672
1243.308
1275.672
1296.505
1309.572
1311.442
1320.962
1316.878
1321.468
1334.535
1337.72
1341.62
1379.42
1376.445
1377.352
1386.952
1408.232
1398.712
1403.448
1413.048
1412.568
1407.832
1404.957
1406.317
1415.837
1416.317
1414.957
1417.832
1412.873
1412.688
1407.322
1426.438
1421.702
1442.982
1447.718
1448.458
1442.022
1420.159
1416.231
1421.745
1467.865
1469.673
1465.478
1432.228
1430.943
1426.053
1429.132
1433.406
1429.132
1425.776
1426.474
1414.159
1417.515
1432.584
1443.104
1460.375
1465.889
1460.735
1450.214
1455.368
1453.447
1436.176
1433.163
1431.56
1433.163
1427.649
1429.57
1423.693
1413.913
1411.899
1407.892
1406.084
1411.961
1413.769
1417.776
1419.789
1429.57
1449.211
1447.813
1441.88
1431.36
1442.182
1443.113
1439.063
1434.173
1433.413
1429.217
1424.943
1404.772
1406.375
1443.485
1406.375
1409.647
1406.375
1426.546
1425.17
1424.183
1410.519
1408.916
1412.966
1444.897
1459.966
1428.034
1432.229
1445.894
1447.271
1445.257
1430.188
1430.949
1435.223
1436.209
1438.223
1457.863
1411.743
1406.877
1387.236
1386.476
1391.342
1437.462
1415.599
1437.462
1438.223
1443.736
1438.223
1433.507
1434.955
1413.668
1457.62
1460.976
1462.517
1467.233
1463.961
1450.296
1463.961
1459.245
1508.807
1464.854
1468.127
1464.771
1463.229
1413.668
1380.418
1378.497
1365.072
1343.668
1338.952
1340.873
1354.298
1368.846
1390.25
1423.5
1428.216
1413.668
1416.94
1407.077
1399.269
1394.553
1395.601
1398.615
1395.601
1390.711
1387.089
1381.279
1403.009
1407.899
1413.709
1415.086
1420.896
1425.762
1420.42
1399.132
1394.858
1399.748
1396.67
1400.943
1413.259
1416.615
1415.916
1412.56
1409.221
1409.298
1408.805
1423.873
1425.795
1427.027
1434.714
1435.166
1430.3
1449.94
1454.807
1460.32
1440.68
1418.817
1413.303
1412.543
1434.406
1435.166
1389.046
1435.166
1434.673
1439.539
1429.759
1424.892
1423.495
1424.892
1425.385
1435.166
1432.212
1435.166
1433.245
1438.759
1440.361
1455.43
1472.7
1474.622
1485.142
1470.074
1468.471
1457.95
1452.437
1447.283
1430.012
1435.166
1433.358
1428.015
1410.745
1366.793
1371.724
1373.646
1373.193
1365.507
1364.274
1362.353
1364.161
1371.848
1395.416
1397.43
1398.7
1412.125
1422.193
1438.075
1446.12
1467.849
1472.404
1473.675
1479.608
1475.334
1470.443
1473.8
1486.115
1490.389
1495.279
1491.923
1479.608
1486.933
1469.663
1479.443
1458.039
1459.961
1464.711
1431.461
1435.098
1421.673
1407.125
1411.841
1433.245
1431.324
1426.608
1440.033
1418.17
1398.529
1352.409
1347.543
1342.029
1341.269
1344.541
1357.966
1365.733
1326.897
1322.89
1319.618
1306.193
1310.2
1312.009
1307.077
1353.197
1351.276
1343.589
1345.51
1350.442
1348.634
1347.257
1345.243
1331.579
1335.628
1320.56
1323.832
1303.661
1299.466
1298.479
1266.548
1286.719
1285.959
1287.562
1285.959
1248.849
1254.151
1249.877
1245.827
1242.555
1247.271
1255.079
1256.476
1257.524
1259.065
1282.634
1269.209
1259.14
1237.411
1259.14
1275.022
1283.067
1267.185
1259.14
1261.154
1237.323
1238.56
1237.323
1235.363
1212.423
1225.49
1194.41
1199.61
1200.95
1203.26
1208.98
1214.7
1233.817
1278.707
1283.507
1285.267
1283.397
1278.597
1233.707
1231.947
1233.817
1229.08
1227.74
1232.477
1238.132
1232.477
1233.817
1196.017
1194.517
1191.332
1148.552
1143.962
1140.695
1092.455
1079.155
1068.915
1073.932
1090.742
1092.612
1097.978
1092.962
1087.595
1072.928
1056.118
1054.248
1068.915
1067.355
1077.595
1079.155
1081.115
1085.915
1118.278
1123.038
1127.472
1127.872
1126.622
1127.872
1123.438
1118.678
1118.278
1123.038
1127.198
1123.932
1111.945
1107.785
1103.025
1106.292
1118.278
1120.038
1164.928
1169.728
1167.968
1163.168
1161.298
1163.168
1118.278
1118.758
1109.238
1104.502
1107.377
1116.897
1118.257
1116.897
1121.633
1121.153
1104.343
1109.302
1108.395
1105.52
1092.453
1082.653
1090.483
1088.523
1103.982
1084.852
1105.453
1118.18
1110.554
1088.209
1073.153
1100.533
1123.473
1125.433
1126.67
1105.52
1106.26
1137.34
1138.7
1146.38
1147.34
1147.415
1152.175
1166.842
1173.175
1160.108
1139.275
1153.435
1166.502
1187.335
1219.698
1217.828
1214.288
1209.698
1205.075
1209.665
1211.535
1212.895
1213.635
1214.595
1219.355
1214.595
1214.67
1214.595
1245.675
1214.595
1213.855
1212.895
1211.535
1196.868
1189.188
1196.868
1211.535
1215.618
1213.658
1218.248
1221.498
1259.298
1244.632
1241.657
1231.857
1227.267
1222.067
1184.267
1181.017
1195.683
1200.883
1203.858
1213.658
1215.618
1211.535
1210.175
1195.625
1231.585
1232.492
1232.972
1212.138
1208.238
1203.648
1202.628
1210.228
1211.588
1213.088
1217.678
1218.698
1211.098
1234.502
1233.002
1223.482
1225.242
1180.352
1175.552
1173.682
1178.482
1223.372
1221.612
1223.482
1218.722
1217.362
1232.028
1224.348
1255.428
1256.388
1256.463
1264.143
1233.063
1232.988
1232.028
1231.288
1232.648
1217.982
1218.722
1223.482
1225.352
1221.41
1200.26
1201.62
1206.38
1214.06
1228.727
1259.807
1260.547
1261.507
1261.582
1267.237
1281.903
1303.053
1307.813
1304.88
1300.12
1295.36
1294.62
1286.94
1286.865
1285.905
1284.545
1269.878
1238.798
1233.143
1264.223
1266.093
1260.727
1268.557
1278.357
1299.507
1312.573
1291.423
1306.882
1305.645
1306.882
1283.942
1276.112
1274.152
1261.085
1251.285
1253.245
1237.787
1260.727
1258.857
1303.747
1308.547
1306.787
1261.897
1263.767
1265.527
1260.727
1265.487
1269.647
1281.633
1276.873
1272.713
1260.727
1257.46
1260.727
1261.467
1262.427
1262.502
1263.862
1262.502
1257.742
1262.502
1259.527
1258.327
1253.59
1245.99
1277.07
1269.39
1272.323
1272.248
1273.808
1272.848
1272.108
1241.028
1226.362
1231.122
1234.307
1229.147
1225.962
1262.082
1266.023
1246.39
1244.83
1264.463
1260.522
1268.202
1235.838
1268.202
1273.002
1274.962
1270.162
1268.202
1263.082
1266.712
1207.462
1208.698
1213.098
1226.398
1269.178
1269.918
1271.278
1271.353
1270.393
1278.073
1276.713
1307.793
1307.718
1322.385
1314.705
1311.772
1311.032
1311.992
1280.912
1285.672
1280.912
1285.928
1287.798
1289.358
1274.692
1280.058
1290.298
1304.965
1303.095
1298.078
1292.712
1282.472
1280.912
1297.722
1280.912
1284.812
1286.212
1287.972
1243.082
1238.282
1236.412
1241.212
1248.693
1250.563
1248.803
1234.137
1248.803
1244.043
1248.803
1248.878
1249.838
1250.578
1281.658
1283.018
1275.338
1275.263
1273.903
1281.583
1280.843
1279.883
1248.803
1247.463
1241.808
1243.802
1244.708
1258.008
1262.442
1292.163
1291.67
1307.551
1310.608
1304.675
1306.678
1307.438
1302.548
1294.658
1279.589
1247.658
1246.897
1245.911
1247.308
1247.385
1248.372
1280.303
1295.372
1295.295
1303.185
1308.075
1306.678
1322.56
1314.515
1290.947
1269.217
1282.642
1272.574
1256.692
1257.962
1259.976
1268.021
1289.75
1299.818
1286.394
1309.962
1307.949
1306.678
1314.486
1313.438
1305.63
1310.346
1311.887
1307.171
1308.568
1309.616
1308.219
1306.678
1302.628
1300.707
1286.159
1252.909
1231.505
1226.789
1213.365
1207.851
1194.426
1191.154
1187.147
1179.38
1184.312
1189.202
1191.942
1196.832
1196.909
1197.67
1196.272
1211.341
1211.264
1212.25
1220.14
1221.538
1216.647
1215.887
1247.818
1239.928
1238.942
1207.01
1191.942
1190.021
1185.089
1177.402
1175.594
1175.101
1172.147
1177.014
1172.147
1172.64
1182.421
1183.818
1186.772
1191.293
1195.022
1185.241
1189.875
1203.539
1205.913
1204.515
1200.786
1187.122
1182.601
1193.122
1197.396
1194.039
1181.724
1177.45
1182.341
1177.45
1180.807
1193.122
1193.045
1192.284
1160.353
1145.284
1137.394
1135.997
1135.01
1130.12
1163.37
1173.89
1177.512
1131.392
1126.132
1122.125
1135.789
1136.721
1138.769
1137.837
1135.789
1140.344
1126.68
1122.125
1146.17
1142.813
1147.745
1114.495
1112.481
1107.55
1140.8
1142.813
1134.769
1111.2
1130.841
1120.772
1118.759
1097.029
1099.769
1101.69
1103.147
1108.481
1112.887
1099.462
1098.192
1082.31
1085.582
1085.171
1086.979
1077.199
1075.185
1071.178
1069.37
1075.247
1085.027
1087.041
1091.048
1085.171
1146.045
1147.421
1148.182
1152.736
1189.682
1190.668
1190.745
1187.473
1190.212
1192.134
1195.406
1215.046
1210.64
1207.901
1205.979
1211.313
1212.771
1193.13
1197.536
1196.079
1190.745
1186.224
1172.56
1176.289
1189.954
1194.474
1199.108
1165.656
1161.926
1176.995
1161.926
1156.772
1146.252
1128.981
1127.06
1132.214
1137.728
1148.248
1149.851
1164.92
1182.19
1176.676
1178.598
1176.995
1181.55
1176.995
1190.659
1189.728
1187.68
1189.728
1190.659
1176.995
1181.045
1182.647
1162.476
1159.204
1179.375
1142.265
1145.538
1150.839
1149.236
1159.099
1155.05
1174.69
1169.974
1173.247
1172.199
1167.793
1164.521
1172.329
1173.87
1175.267
1179.983
1184.389
1185.437
1165.796
1168.536
1170.457
1169
1161.192
1159.271
1160.728
1157.988
1163.322
1161.925
1160.384
1155.05
1150.776
1147.822
1139.459
1128.637
1123.747
1111.432
1108.075
1120.39
1124.664
1129.555
1132.911
1130.99
1127.717
1108.077
1111.349
1106.015
1101.61
1103.531
1104.988
1109.394
1129.034
1134.368
1131.628
1130.171
1132.911
1154.64
1157.697
1162.791
1165.565
1186.969
1189.846
1191.113
1191.873
1197.134
1197.545
1205.805
1210.211
1212.985
1236.553
1241.896
1263.3
1282.94
1296.365
1301.699
1301.776
1316.724
1316.647
1315.887
1311.332
1274.387
1273.401
1273.478
1278.033
1314.978
1315.964
1316.724
1312.17
1313.101
1299.437
1301.485
1299.437
1313.101
1312.17
1316.724
1330.389
1334.909
1338.639
1334.118
1330.389
1319.868
1275.916
1262.252
1260.795
1258.055
1252.721
1233.08
1228.675
1225.402
1223.481
1227.887
1231.159
1232.616
1234.538
1237.277
1256.918
1262.252
1257.32
1255.307
1260.238
1293.488
1260.238
1262.252
1242.611
1209.159
1204.753
1202.832
1200.092
1203.365
1183.724
1185.182
1187.921
1192.327
1211.967
1210.51
1208.589
1213.923
1210.651
1205.317
1200.911
1202.832
1204.229
1214.01
1216.964
1215.166
1236.57
1234.762
1231.808
1236.675
1235.277
1230.411
1220.63
1220.137
1220.63
1205.562
1199.752
1178.022
1173.132
1171.118
1161.255
1160.324
1158.31
1206.567
1212.5
1273.373
1271.452
1276.786
1274.046
1272.589
1252.949
1248.543
1250
1244.666
1264.307
1261.034
1264.307
1268.712
1270.634
1273.373
1275.421
1276.353
1280.908
1278.86
1277.928
1291.592
1287.038
1273.373
1268.483
1265.127
1252.812
1248.538
1249.524
1286.469
1286.546
1285.56
1285.483
1248.538
1243.983
1244.743
1243.983
1248.538
1253.253
1254.795
1250.274
1251.322
1237.658
1233.928
1241.736
1243.134
1256.798
1248.99
1247.592
1242.877
1241.829
1240.288
1244.808
1248.538
1253.632
1254.899
1260.413
1243.142
1244.745
1242.824
1247.978
1232.909
1234.83
1224.31
1234.83
1229.676
1224.163
1241.433
1256.502
1254.899
1252.159
1246.825
1227.185
1222.779
1221.322
1219.401
1216.128
1229.217
1230.666
1240.735
1239.803
1242.577
1263.981
1269.315
1249.675
1249.752
1226.183
1231.526
1255.094
1257.868
1277.509
1272.166
1269.392
1264.058
1277.483
1264.058
1249.11
1249.033
1227.628
1242.577
1239.837
1242.577
1237.687
1232.755
1237.687
1242.577
1228.913
1226.865
1222.31
1224.358
1225.289
1238.954
1243.509
1242.577
1240.974
1242.577
1238.527
1233.226
1229.954
1209.783
1213.055
1217.104
1254.214
1255.611
1275.783
1242.533
1247.464
1249.478
1247.464
1280.714
1275.783
1275.705
1276.692
1281.247
1281.324
1280.337
1243.392
1280.337
1275.783
1276.543
1275.783
1271.262
1257.598
1253.868
1256.925
1278.212
1282.767
1287.861
1292.577
1300.467
1315.822
1339.866
1371.354
1361.491
1364.368
1367.724
1363.17
1359.897
1392.162
1382.106
1385.94
1363.461
1367.296
1365.19
1369.873
1368.915
1369.873
1383.923
1386.028
1371.979
1367.296
1371.415
1377.389
1378.826
1377.748
1372.9
1371.463
1379.491
1381.076
1379.491
1371.463
1372.54
1377.389
1383.431
1375.9
1374.04
1388.998
1389.505
1393.9
1399.873
1408.144
1413.813
1446.188
1447.146
1455.417
1493.403
1488.72
1489.734
1494.417
1493.403
1455.417
1454.636
1454.715
1455.496
1455.417
1458.454
1457.018
1458.454
1448.398
1447.891
1442.222
1440.574
1447.525
1446.447
1428.69
1426.715
1421.415
1410.599
1407.562
1412.565
1407.562
1392.069
1392.576
1402.632
1408.125
1402.641
1402.72
1408.204
1422.007
1437.377
1457.57
1452.077
1438.275
1435.423
1413.415
1393.222
1377.852
1399.859
1402.711
1426.944
1426.864
1402.632
1452.248
1492.178
1486.94
1485.634
1480.951
1483.056
1482.099
1479.993
1494.042
1495
1499.683
1485.634
1477.141
1474.183
1473.761
1470.908
1469.606
1472.563
1481.056
1482.359
1485.211
1490.62
1468.613
1490.62
1495.15
1495.345
1495.768
1494.986
1489.577
1485.048
1483.632
1421.044
1483.632
1485.048
1488.19
1493.039
1508.532
1512.845
1523.197
1512.845
1552.775
1512.845
1516.278
1512.845
1507.352
1512.845
1514.915
1510.067
1494.574
1492.504
1488.19
1485.048
1500.54
1499.051
1499.914
1500.871
1494.771
1496.842
1498.109
1463.923
1458.852
1452.134
1450.12
1460.942
1465.832
1467.289
1472.005
1473.402
1495.132
1499.182
1503.188
1507.743
1507.332
1506.048
1501.158
1506.048
1506.459
1507.743
1503.188
1507.238
1508.916
1510.714
1532.443
1534.365
1542.409
1515.945
1479.985
1475.552
1474.592
1474.517
1473.777
1473.702
1492.818
1497.618
1503.273
1495.443
1494.963
1490.803
1485.437
1479.782
1510.43
1524.59
1532.42
1537.787
1541.947
1511.298
1511.778
1497.618
1496.712
1497.618
1510.918
1508.925
1495.625
1491.192
1493.185
1497.618
1461.498
1457.557
1454.372
1474.005
1477.19
1475.63
1511.75
1513.31
1493.677
1497.618
1496.118
1491.528
1490.168
1489.148
1481.548
1512.628
1513.988
1514.063
1518.823
1526.503
1541.17
1541.91
1542.87
1541
1535.8
1540.2
1538.86
1517.71
1519.343
1521.213
1525.155
1539.822
1538.072
1559.222
1551.392
1559.222
1557.352
1555.718
1583.272
1579.223
1581.021
1565.666
1557.776
1565.666
1534.178
1538.894
1562.938
1536.205
1531.247
1526.657
1503.253
1508.212
1538.86
1539.82
1539.895
1541.255
1536.495
1567.575
1575.255
1575.995
1568.315
1573.075
1558.408
1527.328
1501.943
1501.222
1500.287
1500.214
1498.89
1503.067
1493.794
1504.054
1514.028
1483.755
1483.682
1478.625
1460.005
1439.713
1437.083
1422.911
1417.846
1395.502
1382.774
1384.099
1379.463
1378.138
1408.411
1409.346
1416.826
1421.463
1421.39
1420.455
1412.974
1435.987
1436.062
1450.728
1419.648
1420.388
1419.648
1415.215
1401.915
1401.008
1399.015
1400.648
1401.988
1387.322
1351.362
1396.252
1400.54
1402.04
1370.96
1356.293
1354.933
1354.858
1353.658
1355.018
1347.338
1379.702
1347.338
1352.138
1354.098
1352.138
1351.178
1351.253
1346.493
1347.233
1378.313
1379.273
1393.94
1401.62
1406.38
1405.64
1441.76
1447.415
1451.575
1452.055
1459.885
1490.533
1495.9
1510.06
1505.9
1505.42
1474.772
1469.117
1461.287
1455.92
1441.76
1443.63
1439.688
1437.818
1436.185
1421.518
1419.768
1398.618
1402.143
1394.313
1372.383
1373.974
1381.601
1383.305
1387.144
1382.469
1379.872
1375.235
1377.833
1382.469
1387.144
1386.677
1385.352
1382.552
1377.938
1368.666
1358.692
1357.328
1342.271
1346.742
1344.92
1303.252
1301.927
1297.291
1296.356
1296.282
1281.997
1251.724
1244.244
1245.568
1246.289
1247.224
1277.497
1280.354
1287.834
1288.497
1287.776
1287.849
1300.804
1301.972
1307.2
1314.602
1316.063
1319.245
1320.55
1325.021
1326.403
1331.039
1327.2
1316.94
1327.2
1331.039
1329.714
1309.114
1307.732
1303.096
1306.894
1308.219
1328.82
1324.349
1320.55
1297.755
1299.08
1296.222
1295.502
1295.575
1296.51
1295.847
1294.912
1264.64
1264.567
1294.839
1297.696
1305.177
1309.813
1302.333
1301.008
1301.729
1317.325
1330.625
1343.365
1335.535
1343.365
1342.005
1341.93
1341.19
1340.23
1338.36
1334.835
1333.085
1318.418
1315.485
1284.405
1315.485
1310.725
1312.085
1304.405
1305.365
1309.307
1311.177
1312.81
1327.477
1327.552
1348.702
1350.452
1355.212
1362.892
1365.825
1361.883
1362.623
1398.277
1411.942
1417.455
1420.812
1417.455
1425.264
1426.497
1420.983
1422.524
1423.901
1422.524
1420.983
1407.318
1406.086
1398.277
1395.904
1392.283
1390.279
1389.786
1395.12
1393.723
1393.646
1392.659
1391.899
1359.967
1360.954
1376.022
1407.954
1408.714
1405.7
1400.81
1402.207
1394.317
1402.207
1407.098
1407.175
1416.955
1414.942
1409.065
1414.942
1413.134
1409.127
1399.346
1403.353
1405.161
1407.175
1408.106
1400.062
1399.13
1407.175
1420.264
1387.014
1381.204
1349.716
1357.76
1353.486
1368.034
1359.99
1345.442
1345.935
1345.442
1376.93
1382.443
1388.253
1382.74
1387.014
1388.411
1393.301
1401.192
1416.26
1384.329
1384.252
1383.265
1368.197
1366.8
1367.786
1368.546
1400.478
1392.587
1392.664
1391.904
1387.014
1391.063
1387.707
1386.166
1384.789
1383.557
1378.043
1370.235
1375.748
1379.104
1386.913
1400.577
1386.913
1387.142
1388.683
1391.74
1392.973
1407.921
1409.318
1389.147
1387.545
1350.435
1347.163
1348.611
1355.505
1356.789
1352.74
1354.661
1356.339
1358.137
1336.408
1340.457
1348.502
1340.457
1336.408
1334.61
1332.688
1354.418
1339.349
1337.671
1316.667
1315.707
1315.632
1314.272
1309.512
1301.832
1287.165
1256.085
1255.345
1260.145
1255.345
1287.708
1289.668
1257.305
1255.345
1254.112
1253.927
1233.093
1230.393
1233.093
1232.693
1228.405
1276.645
1279.445
1279.845
1284.133
1284.873
1279.753
1276.953
1282.073
1283.307
1275.267
1296.1
1294.863
1293.957
1288.237
1257.588
1252.63
1248.04
1266.878
1271.973
1279.863
1295.217
1271.173
1295.217
1287.327
1292.043
1323.531
1309.866
1309.637
1331.5
1334.454
1337.81
1339.351
1344.865
1358.529
1357.296
1365.104
1366.337
1358.529
1361.885
1356.372
1353.015
1351.474
1352.851
1358.185
1360.558
1352.514
1337.445
1341.495
1363.224
1365.022
1380.091
1382.012
1383.69
1391.735
1387.685
1385.764
1364.034
1362.236
1360.558
1355.668
1357.065
1361.072
1359.615
1370.437
1359.615
1381.344
1385.394
1389.443
1384.728
1387.784
1383.735
1362.005
1363.462
1368.353
1365.296
1361.247
1365.962
1361.955
1360.558
1354.051
1357.781
1353.147
1345.103
1330.555
1325.041
1324.548
1293.06
1288.786
1282.976
1275.168
1276.401
1284.209
1297.873
1303.387
1289.723
1291.099
1292.64
1295.997
1292.64
1291.099
1289.723
1284.209
1282.976
1343.849
1345.226
1284.353
1282.976
1284.209
1286.582
1288.26
1320.192
1324.908
1334.771
1337.724
1334.668
1330.034
1308.305
1312.86
1361.116
1362.514
1363.798
1362.349
1355.455
1354.058
1355.507
1354.223
1305.966
1296.103
1298.476
1302.526
1287.457
1285.659
1263.93
1265.851
1267.529
1282.598
1284.396
1306.125
1298.08
1294.031
1292.11
1290.432
1298.476
1296.935
1295.702
1292.346
1293.887
1288.373
1296.182
1309.846
1315.36
1316.592
1317.969
1316.592
1319.949
1312.14
1298.476
1237.603
1234.546
1237.603
1241.652
1237.603
1204.353
1206.366
1211.298
1244.548
1239.616
1237.603
1261.647
1263.325
1259.318
1278.959
1300.363
1285.295
1285.705
1284.027
1259.983
1284.027
1285.705
1277.897
1279.438
1276.082
1274.541
1273.164
1276.521
1271.007
1278.815
1280.192
1285.705
1299.37
1298.137
1299.37
1285.705
1280.611
1275.721
1279.995
1258.591
1259.967
1257.594
1242.526
1234.481
1230.432
1232.11
1230.188
1228.51
1226.712
1204.983
1206.781
1221.849
1225.899
1247.628
1255.673
1257.594
1254.854
1249.923
1252.663
1257.594
1252.704
1257.594
1233.55
1257.594
1255.916
1257.594
1256.31
1208.053
1206.656
1205.207
1211.714
1210.036
1185.991
1187.67
1211.714
1210.481
1213.837
1217.887
1218.116
1219.658
1222.714
1218.664
1215.608
1210.094
1223.759
1229.272
1225.916
1224.375
1225.608
1217.8
1216.423
1224.231
1210.567
1221.389
1225.438
1229.445
1227.988
1223.272
1212.45
1208.401
1186.671
1185.274
1181.267
1182.664
1204.394
1215.216
1219.932
1224.822
1219.932
1221.389
1197.344
1221.389
1231.252
1232.485
1264.416
1249.062
1252.015
1253.693
1258.409
1260.783
1250.92
1249.687
1217.755
1214.801
1212.428
1210.75
1206.034
1230.079
1231.757
1236.473
1241.567
1273.055
1280.945
1296.3
1272.255
1267.539
1262.445
1260.767
1229.279
1221.389
1225.795
1215.274
1213.476
1221.521
1199.791
1201.712
1203.39
1199.341
1201.139
1222.868
1214.824
1199.755
1214.824
1218.873
1216.952
1215.274
1191.229
1192.908
1216.952
1215.274
1216.205
1215.274
1207.229
1215.274
1259.226
1265.036
1274.899
1269.089
1245.045
1242.168
1234.36
1234.13
1232.897
1227.384
1213.719
1215.26
1220.774
1234.438
1242.247
1243.479
1241.938
1238.582
1239.959
1243.315
1241.637
1265.682
1267.36
1243.315
1238.384
1236.37
1203.12
1205.493
1210.647
1220.716
1244.76
1243.082
1244.76
1220.716
1217.659
1221.709
1224.765
1220.716
1217.36
1214.303
1209.209
1211.983
1213.25
1214.01
1219.271
1222.147
1221.736
1218.86
1197.455
1247.017
1242.611
1241.851
1236.591
1187.029
1191.435
1191.846
1190.579
1211.983
1209.209
1211.007
1212.685
1214.606
1218.656
1217.279
1209.471
1208.238
1229.967
1238.012
1229.967
1228.17
1226.248
1229.262
1225.212
1219.699
1218.158
1214.801
1193.072
1178.003
1176.325
1162.661
1138.616
1162.661
1160.983
1162.661
1163.421
1195.353
1196.339
1196.416
1201.307
1216.375
1217.772
1225.663
1239.087
1277.923
1293.805
1294.736
1295.969
1329.219
1331.017
1333.791
1333.868
1338.584
1341.635
1343.033
1346.467
1344.789
1345.628
1321.584
1316.241
1313.185
1308.469
1298.401
1259.565
1244.497
1249.839
1264.908
1267.964
1299.368
1309.72
1314.569
1316.639
1320.952
1318.882
1322.315
1362.245
1358.812
1360.248
1368.361
1378.502
1385.192
1390.22
1390.299
1385.271
1418.102
1414.268
1406.155
1390.662
1357.831
1357.049
1356.035
1355.956
1354.519
1355.301
1356.315
1371.808
1380.079
1376.548
1375.685
1415.614
1417.72
1422.724
1424.699
1430.368
1428.931
1425.894
1421.046
1388.215
1398.356
1397.088
1386.947
1388.215
1386.489
1389.526
1394.555
1402.667
1418.16
1418.942
1419.956
1420.035
1411.923
1406.894
1391.401
1358.57
1357.789
1356.775
1356.695
1389.526
1422.357
1420.921
1423.361
1428.21
1429.646
1431.371
1428.931
1425.833
1403.491
1401.766
1399.79
1395.627
1387.356
1385.507
1381.343
1385.507
1388.65
1385.507
1389.342
1367.335
1375.447
1342.616
1358.109
1349.996
1382.827
1383.609
1384.623
1386.06
1381.032
1381.111
1365.618
1364.604
1363.822
1363.743
1362.306
1370.419
1375.447
1353.106
1351.669
1347.549
1352.577
1347.549
1349.048
1337.921
1333.757
1328.908
1333.028
1334.465
1356.806
1360.97
1372.097
1376.945
1375.447
1380.746
1331.13
1334.229
1367.06
1367.842
1368.856
1370.292
1365.264
1364.482
1348.989
1316.158
1315.144
1315.065
1313.629
1318.657
1318.736
1310.623
1318.736
1313.708
1309.025
1307.704
1307.282
1304.139
1326.026
1328.086
1323.058
1324.495
1308.708
1309.722
1342.553
1339.454
1342.553
1350.665
1355.694
1356.475
1323.644
1315.532
1315.611
1314.597
1306.484
1274.109
1273.327
1248.606
1264.393
1259.155
1291.53
1296.768
1301.616
1326.338
1324.901
1324.822
1332.935
1328.086
1321.986
1324.944
1321.801
1324.944
1329.107
1324.944
1321.845
1323.261
1335.778
1351.271
1350.257
1349.475
1316.644
1308.532
1303.504
1304.94
1305.954
1306.736
1312.208
1312.129
1312.847
1311.431
1319.544
1318.107
1255.519
1255.599
1254.109
1249.579
1271.951
1270.321
1293.31
1301.658
1285.716
1280.085
1279.281
1277.803
1276.759
1281.933
1315.716
1315.634
1331.576
1331.658
1332.701
1331.962
1333.44
1325.092
1325.897
1321.951
1311.299
1308.364
1305.466
1300.292
1295.074
1296.118
1294.342
1294.261
1293.217
1292.413
1258.63
1250.283
1245.109
1246.587
1246.668
1245.19
1245.995
1230.053
1245.995
1254.342
1259.516
1249.082
1247.777
1245.266
1279.049
1275.924
1270.935
1237.152
1240.38
1235.391
1212.87
1192.091
1196.873
1199.808
1195.524
1190.35
1193.583
1192.105
1192.024
1188.79
1193.074
1177.132
1143.35
1142.545
1141.502
1133.154
1126.937
1085.85
1081.031
1079.69
1082.918
1088.571
1091.082
1116.016
1115.031
1123.542
1124.527
1116.016
1114.475
1109.486
1098.036
1093.797
1070.808
1069.33
1064.156
1059.871
1059.79
1058.312
1055.083
1056.069
1055.083
1019.906
1018.601
1021.536
1021.618
1023.096
1026.324
1024.422
1025.726
1022.792
1024.694
1029.683
1064.861
1059.871
1076.621
1078.972
1074.606
1072.636
1066.233
1070.599
1081.256
1083.45
1072.793
1070.599
1077.002
1078.972
1081.065
1115.856
1133.16
1136.799
1162.478
1168.209
1165.187
1166.015
1142.694
1139.56
1138.731
1138.284
1133.483
1079.483
1084.284
1084.731
1087.866
1111.187
1105.455
1159.455
1160.836
1163.858
1162.478
1168.209
1164.879
1160.466
1195.257
1160.466
1143.162
1145.256
1162.56
1160.466
1110.216
1109.302
1092.884
1088.519
1105.823
1140.614
1138.521
1103.729
1086.425
1088.519
1114.716
1119.854
1093.657
1088.519
1054.211
1062.808
1054.211
1070.94
1076.491
1110.799
1105.248
1088.519
1087.504
1110.698
1108.869
1110.963
1118.052
1120.146
1118.052
1083.261
1065.957
1100.748
1118.052
1158.485
1163.41
1156.045
1158.138
1175.442
1210.233
1192.929
1190.836
1156.045
1158.228
1153.427
1139.166
1122.879
1119.66
1141.638
1124.334
1122.241
1124.334
1141.638
1176.429
1141.638
1147.011
1141.638
1142.175
1130.384
1133.369
1134.511
1143.019
1160.323
1158.229
1123.438
1125.532
1108.228
1143.019
1145.25
1148.815
1215.14
1220.065
1225.438
1249.114
1254.729
1263.841
1262.341
1261.894
1259.8
1254.662
1218.435
1217.42
1216.076
1212.752
1211.229
1208.207
1206.248
1208.207
1208.291
1211.313
1194.009
1193.925
1195.448
1196.791
1162
1163.015
1199.243
1204.381
1207.705
1202.78
1207.828
1186.429
1188.388
1236.276
1237.657
1240.243
1246.054
1286.308
1303.612
1369.937
1378.444
1380.834
1384.159
1372.696
1374.196
1440.521
1427.256
1425.756
1436.412
1476.666
1482.478
1483.858
1550.183
1483.858
1500.588
1503.174
1511.681
1528.985
1576.873
1575.493
1573.103
1567.291
1527.037
1509.733
1461.845
1459.259
1450.752
1441.987
1443.002
1451.767
1450.752
1445.201
1436.604
1402.297
1397.159
1380.429
1354.231
1313.799
1314.246
1335.646
1334.146
1330.082
1338.59
1341.175
1357.905
1424.229
1425.61
1431.422
1471.675
1423.787
1406.483
1397.976
1381.246
1314.922
1313.541
1307.729
1267.476
1284.78
1332.668
1330.082
1331.828
1317.567
1322.705
1316.894
1322.625
1317.825
1320.847
1320.399
1321.228
1322.608
1345.929
1349.063
1349.511
1358.511
1363.312
1357.58
1356.752
1353.729
1352.349
1329.028
1325.894
1271.894
1269.308
1270.688
1262.181
1310.069
1327.373
1367.627
1319.739
1318.358
1312.547
1329.276
1331.862
1340.369
1274.045
1257.315
1323.64
1283.386
1266.082
1271.894
1274.479
1289.106
1329.36
1333.931
1345.394
1353.991
1420.315
1427.405
1432.205
1434.299
1367.974
1370.56
1379.067
1384.879
1376.371
1359.067
1318.813
1317.433
1383.757
1385.138
1425.392
1419.58
1467.468
1484.198
1481.612
1464.882
1416.994
1434.299
1440.701
1454.963
1478.784
1489.44
1495.056
1471.235
1492.634
1494.728
1500.539
1503.524
1505.112
1508.677
1513.478
1511.284
1517.104
1513.774
1517.412
1500.994
1504.325
1499.187
1495.549
1498.832
1503.403
1497.582
1506.045
1507.612
1512.75
1470.437
1472.631
1468.06
1457.09
1454.504
1520.828
1522.209
1528.021
1461.696
1479
1526.888
1518.381
1520.966
1504.237
1520.966
1473.078
1481.586
1477.728
1476.388
1470.745
1431.658
1414.855
1420.688
1416.167
1410.524
1413.649
1436.779
1477.866
1481.328
1485.567
1499.77
1504.431
1507.893
1514.777
1523.125
1537.328
1539.839
1544.277
1583.364
1606.353
1541.951
1538.489
1515.5
1510.717
1505.5
1510.717
1446.315
1451.098
1448.931
1444.27
1433.139
1428.701
1420.353
1431.484
1433.65
1431.139
1416.937
1377.85
1370.966
1435.368
1499.77
1495.109
1500.752
1521.531
1526.192
1529.654
1531.196
1529.654
1508.875
1505.413
1502.514
1504.547
1498.904
1496.871
1499.77
1504.987
1498.103
1544.603
1552.864
1555.375
1571.62
1525.12
1508.317
1513.088
1507.276
1505.896
1489.166
1480.659
1478.073
1479.453
1485.265
1525.519
1542.823
1476.498
1542.823
1540.591
1529.845
1524.882
1527.076
1479.188
1503.009
1509.412
1485.591
1471.33
1464.927
1479.188
1485
1486.588
1484.494
1482.907
1485.892
1487.985
1491.55
1496.351
1517.75
1511.938
1490.539
1485.739
1482.174
1479.188
1477.229
1480.554
1482.076
1445.849
1444.834
1443.491
1444.506
1445.849
1482.076
1487.215
1483.89
1482.368
1477.229
1479.188
1482.211
1482.295
1482.211
1479.188
1474.388
1462.925
1460.34
1451.832
1458.922
1499.175
1501.761
1510.358
1514.929
1498.2
1509.662
1575.987
1568.897
1528.644
1462.319
1457.748
1449.151
1463.778
1468.578
1467.198
1400.873
1360.619
1343.315
1295.427
1292.841
1278.215
1272.403
1266.787
1263.131
1286.951
1282.151
1280.058
1276.493
1282.304
1260.905
1282.304
1285.869
1287.963
1290.948
1292.535
1297.336
1291.524
1288.539
1283.739
1282.151
1280.058
1277.472
1265.681
1262.547
1258.981
1254.181
1232.782
1227.479
1233.291
1231.703
1227.64
1221.828
1219.735
1224.535
1228.101
1229.688
1232.674
1229.688
1231.782
1236.92
1258.319
1249.722
1256.812
1259.397
1299.651
1314.278
1311.692
1316.263
1327.726
1332.526
1358.304
1351.42
1312.333
1298.13
1293.692
1282.562
1277.9
1213.498
1221.846
1244.976
1231.129
1224.911
1201.781
1207.998
1221.846
1213.335
1214.639
1203.987
1200.525
1203.424
1200.525
1206.168
1209.63
1204.969
1184.19
1178.547
1199.326
1200.868
1202.9
1201.359
1206.02
1203.987
1162.9
1146.098
1143.587
1104.5
1111.384
1097.181
1094.67
1086.322
1090.984
1079.853
1090.984
1026.582
1090.984
1084.1
1123.187
1118.525
1114.087
1118.525
1126.873
1129.384
1143.587
1145.62
1147.161
1150.623
1147.161
1144.263
1149.906
1152.804
1148.143
1146.111
1144.569
1123.79
1151.524
1156.325
1177.724
1184.813
1142.5
1136.493
1137.507
1146.272
1145.257
1136.493
1130.09
1115.828
1092.007
1084.918
1074.172
1052.772
1050.679
1044.868
1041.302
1039.715
1034.914
1031.929
1024.84
1021.515
1018.929
995.254
1035.507
1032.485
1036.05
1050.677
1056.05
1063.14
1086.815
1091.741
1158.065
1091.741
1093.972
1082.509
1091.106
1086.306
1091.106
1086.535
1077.938
1089.401
1129.655
1132.241
1136.812
1134.226
1067.901
1062.976
1039.3
1105.625
1103.394
1099.828
1092.739
1087.366
1047.112
1032.485
1029.351
1028.903
1024.103
1021.08
1015.349
1014.521
1005.521
1010.321
1010.769
1013.903
1037.224
1038.604
1041.627
1042.455
1048.187
1102.187
1078.866
1077.485
1054.291
1051.705
1053.228
1069.646
1104.437
1105.265
1106.34
1106.424
1115.021
1120.349
1122.319
1128.722
1124.356
1122.162
1111.506
1105.103
1109.468
1120.125
1122.319
1120.349
1054.024
1052.524
1055.659
1041.032
1035.211
1036.353
1045.465
1048.683
1046.5
1044.978
1046.5
1011.709
1046.5
1062.918
1061.843
1061.759
1067.088
1075.685
1076.759
1077.588
1061.17
1052.573
1047.244
1047.328
1046.5
1039.41
1024.784
1022.198
1013.601
947.276
954.366
914.112
980.437
983.022
1023.276
1034.739
1049.366
1057.963
1053.392
1048.591
1037.129
1041.929
1046.5
1040.884
1034.554
1040.375
1043.397
1057.659
1060.244
1077.549
1084.013
1086.196
1094.793
1093.718
1093.802
1092.974
1091.451
1096.78
1096.696
1099.979
1091.382
1092.211
1075.793
1070.465
1105.256
1070.465
1071.539
1073.062
1036.834
1073.062
1078.2
1078.284
1081.306
1083.265
1078.127
1076.784
1080.108
1081.631
1080.616
1081.959
1080
1081.015
1080.931
1079.409
1076.084
1073.062
1077.125
1092.013
1096.938
1094.353
1077.049
1062.787
1059.765
1053.3
1067.562
1070.147
1072.33
1070.147
1076.612
1093.916
1096.938
1131.729
1131.813
1132.888
1098.097
1094.813
1111.231
1105.903
1107.425
1106.597
1106.513
1111.841
1110.767
1119.364
1117.841
1118.67
1110.073
1157.961
1163.772
1149.146
1145.58
1137.213
1132.713
1147.79
1151.465
1195.081
1199.581
1187.765
1178.904
1174.192
1181.5
1178.835
1163.758
1156.45
1224.815
1233.677
1245.492
1250.204
1265.281
1306.773
1265.281
1267.946
1262.998
1194.633
1199.581
1184.881
1182.631
1189.294
1182.631
1185.746
1188.412
1206.248
1188.412
1185.296
1199.996
1197.331
1199.581
1208.442
1172.581
1155.658
1146.796
1141.304
1146.796
1148.365
1165.288
1201.15
1202.004
1203.112
1203.198
1202.09
1200.521
1199.667
1199.581
1194.504
1196.535
1196.448
1195.34
1195.427
1178.504
1176.935
1176.081
1140.219
1145.712
1136.85
1131.358
1132.927
1141.788
1158.712
1159.819
1195.681
1196.535
1193.108
1185.8
1191.338
1188.673
1170.837
1168.587
1153.887
1150.771
1165.471
1172.135
1175.25
1177.5
1195.337
1198.002
1191.338
1122.973
1114.112
1099.035
1094.087
1082.271
1074.963
1072.298
1030.806
1026.094
1031.39
1032.96
1068.821
1069.675
1068.567
1068.654
1069.762
1064.269
1063.415
1027.554
1033.046
1032.96
1049.883
1041.021
1024.098
1032.96
1031.39
1046.737
1042.548
1027.202
1032.279
1027.202
1031.39
1049.227
1051.892
1049.227
1034.527
1032.277
1046.977
1043.862
1037.198
1040.313
1042.563
1024.727
1031.39
1029.233
1035.14
1040.929
1049.79
1099.152
1136.494
1148.31
1170.963
1175.763
1186.748
1202.094
1201.24
1201.327
1202.435
1207.927
1199.065
1215.988
1251.85
1252.704
1247.212
1247.125
1246.017
1247.587
1211.725
1194.802
1193.233
1202.094
1207.883
1210.04
1213.117
1222.152
1223.006
1234.313
1235.737
1221.037
1218.787
1212.123
1215.238
1217.904
1214.788
1221.452
1203.615
1200.95
1203.2
1221.037
1235.737
1226.875
1226.962
1210.038
1209.952
1215.444
1216.552
1217.406
1234.329
1243.19
1242.337
1206.475
1242.337
1241.229
1239.66
1241.229
1235.737
1232.062
1226.523
1158.158
1153.081
1128.677
1126.377
1120.588
1126.377
1124.219
1123.365
1124.219
1112.912
1114.335
1116.492
1119.569
1110.535
1119.569
1116.492
1127.8
1126.377
1129.042
1143.742
1129.042
1135.706
1153.542
1146.879
1143.763
1141.513
1123.677
1126.792
1124.127
1126.377
1117.515
1112.438
1106.946
1098.085
1097.998
1096.89
1096.037
1060.175
1058.606
1041.683
1026.983
1049.04
1046.375
1051.49
1053.06
1050.81
1047.733
1051.05
1047.3
1029.463
1047.3
1053.963
1062.998
1063.852
1060.737
1072.044
1069.887
1063.223
1057.435
1056.012
1046.977
1043.9
1043.046
1031.738
1029.488
1035.277
1038.354
1040.604
1043.719
1058.419
1060.577
1062
1064.665
1060.477
1055.4
1040.054
1055.4
1060.477
1064.665
1065.712
1064.665
1055.631
1052.204
1057.152
1058.721
1057.544
1066.579
1048.742
1042.079
1038.963
1036.713
1034.048
1019.348
1028.117
1025.04
1016.006
1018.163
1021.24
1030.275
1036.063
1024.756
1018.967
1019.821
1031.129
1032.552
1030.394
1028.971
1028.117
1039.102
1043.902
1059.248
1065.037
1076.852
1065.037
1059.248
1068.11
1045.456
996.094
958.752
996.094
1045.456
1034.471
1028.563
1031.229
1004.76
1027.413
1021.875
1013.106
1013.192
986.723
977.862
973.062
957.715
969.869
968.446
967.592
978.9
981.977
976.188
964.881
955.846
961.635
959.477
961.635
962.488
963.912
972.946
969.869
975.408
971.981
968.865
968.779
967.21
972.506
1009.848
1013.275
1014.66
1015.706
1017.275
1017.362
1020.477
1022.496
1017.2
979.858
978.812
976.792
975.408
972.292
948.254
946.831
943.6
937.692
936.838
936.377
931.429
875.767
892.69
908.037
909.583
911.844
912.698
913.806
949.667
954.379
959.179
964.717
1016.513
1018.671
1020.702
1018.279
1007.294
1008.717
1019.794
1035.14
1030.063
1014.717
1010.529
1014.717
1019.794
1018.94
1013.152
1001.844
1004.002
1007.079
1016.113
1017.537
1018.39
1024.179
1035.487
1033.329
1030.252
1021.217
1019.794
1018.371
1016.213
1013.137
1004.102
1004.956
1009.456
1008.602
1019.91
1025.206
1030.41
1031.833
1037.621
1064.625
1053.317
1057.865
1058.912
1061.069
1064.146
1073.181
1067.392
1102.756
1127.31
1179.106
1173.567
1171.41
1169.379
1117.583
1119.613
1125.152
1127.31
1104.656
1082.002
1093.817
1104.802
1100.002
1050.64
1073.294
1064.433
1070.221
1075.021
1124.383
1161.725
1170.587
1164.798
1127.456
1142.802
1131.817
1120.002
1104.656
1103.802
1098.013
1088.979
1085.902
1083.744
1072.437
1071.013
1087.937
1085.675
1079.675
1075.925
1072.492
1067.196
1063.812
1059.1
1050.377
1054.127
1060.127
1063.56
1074.867
1080.163
1082.425
1080.81
1085.521
1129.137
1134.213
1128.425
1123.348
1127.537
1142.883
1147.96
1143.771
1128.425
1123.925
1080.31
1076.635
1061.558
1067.096
1118.892
1120.923
1123.081
1120.923
1069.127
1067.096
1061.558
1037.004
1045.865
1049.292
1060.277
1062.162
1038.254
1053.6
1058.896
1053.6
1053.046
1011.369
1016.908
1014.75
1066.546
1061.008
1063.038
1061.008
1009.212
1011.369
1060.731
1067.331
1069.362
1064.158
1052.342
1057.142
1079.796
1030.435
1024.646
1039.992
1050.977
1046.177
1023.523
1029.312
1066.654
1029.312
1013.965
1005.104
994.119
1005.935
1014.796
1009.719
994.373
990.185
1014.223
1031.146
1035.946
1020.6
1015.888
1013.627
1014.481
1029.827
1065.688
1066.796
1069.058
1070.604
1075.315
1039.454
1037.908
1033.108
1032
1031.146
1014.223
962.427
960.396
962.554
968.092
1019.888
1021.919
1019.762
1014.223
1008.685
971.342
969.958
968.912
967.342
967.256
968.825
966.806
972.102
1009.444
1010.49
1011.875
1015.302
1012.187
1006.89
1006.977
1010.092
1012.112
1008.685
1003.388
1002.342
1006.842
1002.342
1007.546
1008.592
1003.388
1030.392
1003.388
998.84
1004.137
1008.685
1002.896
1008.85
1005.533
1006.975
1004.817
1008.244
999.21
998.163
1005.756
1061.417
1066.494
1070.994
1060.01
1065.548
1067.706
1065.675
1013.879
1011.721
1013.752
1065.548
1060.01
1062.167
1037.613
1038.467
1015.813
1026.798
977.437
940.094
931.233
915.887
904.071
915.887
904.902
899.113
894.313
899.113
914.46
923.321
928.656
934.444
957.098
965.325
965.412
971.604
962.212
1016.408
1014.377
1008.838
1010.996
1012.381
1032.41
1034.381
1032.287
982.037
976.899
962.011
967.149
982.037
979.843
977.884
979.407
978.959
981.153
976.787
966.131
963.937
957.534
955.563
961.966
972.623
976.989
978.959
980.101
978.354
1004.552
1007.537
986.138
988.231
986.888
984.795
986.765
992.138
941.888
968.838
1020.635
1014.442
1051.785
1067.131
1075.992
1080.792
1072.565
1067.231
1073.019
1095.673
1089.885
1074.538
1063.554
1040.9
1029.085
1020.223
1069.585
1064.785
1075.769
1087.585
1091.017
1097.017
1112.363
1097.017
1101.729
1084.806
1083.26
1082.152
1077.352
1076.498
1074.237
1110.098
1074.237
1091.16
1093.421
1094.275
1099.075
1100.183
1095.471
1097.017
1091.721
1064.717
1069.265
1074.562
1070.013
1097.017
1091.813
1087.313
1086.267
1091.471
1095.971
1097.017
1091.479
1089.321
1037.525
1035.494
1073.063
1078.556
1070.963
1065.887
1073.479
1129.14
1134.217
1078.556
1079.733
1074.437
1068.437
1065.01
1066.394
1063.279
1061.26
1060.213
1063.329
1058.033
1060.052
1065.348
1065.435
1068.862
1106.204
1107.25
1069.908
1071.477
1070.092
1070.006
1068.437
1091.09
1092.706
1098.66
1100.921
1103.171
1104.598
1140.46
1149.183
1152.952
1149.635
1165.567
1160.429
1165.567
1180.455
1165.567
1164.224
1153.567
1189.795
1167.817
1119.929
1111.332
1096.444
1084.981
1080.325
1085.94
1107.918
1155.806
1119.578
1128.175
1143.063
1154.526
1159.183
1169.84
1164.224
1172.731
1171.59
1224.168
1225.31
1177.422
1179.381
1181.563
1141.31
1193.888
1190.67
1192.192
1194.424
1185.826
1201.677
1205.002
1210.618
1258.506
1294.733
1316.711
1321.368
1299.39
1287.927
1282.312
1292.968
1288.312
1296.909
1311.797
1323.259
1308.371
1297.715
1249.826
1213.599
1209.233
1204.185
1177.987
1176.972
1181.384
1185.75
1190.799
1195.937
1222.134
1217.722
1212.584
1213.599
1210.465
1264.465
1297.833
1290.24
1234.579
1229.502
1237.094
1242.171
1243.717
1260.64
1255.929
1260.729
1261.837
1297.698
1296.152
1280.806
1278.544
1242.683
1247.394
1246.54
1247.394
1242.594
1241.487
1243.748
1226.825
1242.171
1233.448
1269.31
1291.963
1294.213
1295.64
1339.256
1337.006
1339.267
1337.006
1301.144
1278.49
1276.875
1270.921
1276.875
1275.448
1277.063
1279.313
1280.698
1287.298
1281.76
1270.683
1286.029
1280.733
1265.387
1270.683
1248.625
1252.052
1253.621
1258.917
1257.533
1294.875
1295.921
1293.902
1297.329
1295.76
1295.673
1292.558
1291.512
1292.896
1287.6
1289.619
1292.735
1292.821
1289.394
1252.052
1255.129
1260.244
1250.852
1252.871
1241.887
1283.563
1246.221
1223.567
1218.767
1212.979
1204.117
1188.771
1176.956
1127.594
1133.087
1133.173
1134.027
1135.596
1136.704
1172.565
1189.488
1198.35
1200.6
1198.35
1204.35
1200.917
1196.206
1213.129
1215.39
1220.687
1231.994
1235.427
1231.677
1188.062
1231.677
1235.427
1224.119
1218.119
1201.196
1205.908
1203.646
1198.35
1199.777
1198.208
1192.912
1193.765
1210.688
1246.55
1255.412
1256.519
1220.658
1220.744
1219.175
1219.088
1217.981
1201.058
1192.196
1186.704
1188.273
1187.419
1192.912
1205.065
1199.075
1190.213
1190.127
1207.05
1242.912
1248.404
1249.973
1248.404
1248.317
1247.21
1246.356
1255.217
1238.294
1229.433
1223.94
1224.027
1225.135
1225.988
1190.127
1258.492
1256.923
1258.031
1258.885
1258.798
1262.183
1271.044
1270.19
1270.975
1254.052
1245.19
1245.277
1251.254
1215.392
1216.962
1215.854
1210.362
1204.454
1209.75
1200.981
1195.685
1190.481
1185.981
1181.433
1180.387
1184.935
1189.435
1216.438
1221.642
1194.638
1195.685
1194.258
1195.685
1200.8
1198.55
1242.165
1243.273
1284.765
1262.112
1260.496
1254.542
1254.629
1256.879
1259.14
1295.002
1336.679
1334.417
1357.071
1313.456
1277.594
1288.902
1289.756
1286.371
1285.587
1279.61
1278.502
1269.64
1278.502
1277.648
1279.217
1279.131
1282.515
1318.377
1318.59
1318.677
1319.785
1318.215
1323.708
1328.785
1336.377
1392.038
1386.962
1331.3
1323.708
1321.042
1356.904
1357.758
1358.865
1358.952
1360.521
1366.013
1364.906
1363.337
1363.123
1357.631
1321.769
1318.385
1309.523
1309.437
1326.36
1335.221
1350.567
1335.221
1329.925
1335.221
1330.144
1328.113
1343.46
1342.352
1344.613
1380.475
1380.733
1381.587
1386.387
1381.587
1380.733
1381.84
1345.979
1344.433
1329.087
1324.375
1327.76
1310.837
1315.548
1313.287
1318.779
1327.64
1328.748
1328.835
1330.404
1324.912
1341.835
1324.912
1324.058
1315.196
1313.627
1277.765
1276.658
1276.571
1312.433
1313.287
1332.683
1331.26
1337.86
1313.306
1349.167
1367.004
1369.162
1365.735
1392.204
1428.065
1444.988
1445.842
1446.95
1447.037
1448.606
1457.998
1452.506
1443.644
1442.075
1406.213
1405.36
1404.252
1404.165
1413.027
1413.812
1396.888
1398.688
1406.281
1447.773
1458.85
1472.681
1496.588
1498.838
1496.588
1495.735
1496.842
1495.735
1495.948
1501.063
1501.15
1501.063
1459.571
1454.456
1451.293
1453.487
1454.886
1460.024
1460.108
1459.034
1458.205
1423.414
1406.996
1398.399
1397.638
1399.16
1399.076
1400.151
1400.979
1399.457
1415.875
1424.472
1429.8
1464.591
1462.498
1427.707
1410.403
1412.496
1447.287
1464.591
1459.629
1464.429
1459.629
1448.972
1447.002
1412.211
1411.136
1410.308
1401.711
1401.627
1400.104
1383.687
1378.358
1376.836
1374.877
1374.793
1371.468
1366.33
1330.103
1329.088
1326.065
1324.722
1322.629
1305.325
1307.418
1342.209
1359.513
1324.722
1341.009
1338.916
1337.394
1284.815
1273.024
1255.72
1273.024
1307.815
1309.909
1307.815
1273.024
1266.621
1264.427
1268.793
1258.136
1256.166
1262.569
1273.226
1275.42
1271.054
1273.024
1275.207
1277.401
1312.192
1313.576
1312.192
1323.162
1363.416
1368.379
1369.453
1411.767
1412.595
1372.162
1394.14
1351.826
1351.91
1349.728
1314.937
1312.743
1353.175
1331.198
1330.123
1289.869
1289.785
1289.578
1284.616
1273.646
1299.843
1295.431
1291.065
1290.05
1263.853
1258.804
1259.819
1254.681
1259.093
1264.142
1268.507
1273.646
1266.28
1301.071
1296.146
1242.146
1296.146
1303.511
1305.604
1288.3
1253.509
1251.416
1268.72
1273.646
1268.507
1253.619
1306.198
1311.336
1337.534
1338.608
1337.209
1338.955
1321.651
1319.905
1306.487
1341.278
1301.024
1290.278
1301.024
1293.659
1270.465
1293.659
1295.752
1303.118
1316.535
1281.744
1321.998
1319.905
1337.209
1347.866
1344.535
1350.356
1316.049
1321.86
1320.032
1314.256
1313.427
1336.621
1334.438
1336.621
1359.942
1360.479
1361.554
1372.211
1377.826
1382.752
1399.17
1398.341
1396.147
1395.897
1397.397
1392.826
1394.92
1429.711
1447.015
1432.127
1430.034
1425.377
1424.302
1389.511
1372.207
1376.778
1393.196
1389.912
1404.8
1370.009
1404.8
1409.457
1410.285
1412.479
1413.554
1413.638
1412.563
1417.526
1418.354
1417.526
1412.563
1452.817
1412.563
1413.638
1413.554
1426.972
1421.644
1423.144
1426.278
1422.953
1425.147
1430.323
1435.696
1418.392
1416.299
1381.507
1358.187
1360.381
1354.373
1347.97
1369.369
1405.597
1409.66
1412.142
1416.554
1439.875
1446.34
1449.905
1456.235
1461.537
1463.037
1426.59
1437.56
1459.537
1419.284
1418.455
1418.371
1376.058
1378.241
1379.625
1421.938
1422.767
1424.961
1459.752
1458.368
1457.293
1462.256
1440.278
1441.353
1481.606
1470.636
1430.203
1395.412
1393.218
1391.035
1391.119
1431.552
1426.59
1435.052
1443.649
1432.903
1443.649
1483.903
1497.321
1504.687
1506.433
1483.239
1481.493
1468.075
1427.821
1420.455
1443.649
1448.787
1444.422
1448.834
1453.2
1448.787
1447.772
1421.575
1416.437
1411.388
1416.437
1442.634
1444.134
1455.925
1405.675
1406.69
1414.056
1423.056
1427.981
1420.616
1366.616
1361.69
1364.713
1363.19
1386.511
1389.534
1415.213
1421.034
1437.321
1458.72
1473.347
1473.431
1479.243
1476.257
1478.44
1476.257
1467.75
1466.608
1471.571
1470.429
1472.623
1467.448
1472.821
1470.627
1465.254
1501.481
1500.653
1495.69
1455.437
1454.362
1454.278
1452.756
1426.558
1422.192
1462.625
1486.3
1491.603
1489.644
1465.968
1489.289
1487.095
1486.267
1481.61
1480.535
1445.744
1430.856
1426.285
1409.868
1408.368
1414.771
1414.687
1441.877
1440.7
1416.792
1409.2
1398.123
1384.292
1342.8
1341
1343.262
1386.877
1388.304
1390.554
1426.415
1403.762
1392.454
1350.777
1314.915
1312.654
1311.227
1267.612
1290.265
1301.573
1307.527
1305.277
1322.2
1325.627
1379.823
1383.573
1390.173
1393.288
1393.546
1399.012
1392.487
1390.94
1397.465
1392
1376.923
1403.392
1386.604
1386.517
1392.517
1386.527
1410.565
1425.642
1422.527
1444.585
1461.373
1455.373
1461.363
1461.45
1439.392
1412.923
1388.885
1392
1396.548
1411.894
1415.569
1391.531
1395.719
1392.044
1387.496
1380.833
1404.871
1402.313
1398.125
1404.788
1410.779
1432.837
1434.994
1436.631
1440.306
1445.254
1448.331
1451.763
1448.013
1491.629
1495.379
1500.675
1511.983
1517.983
1515.721
1498.798
1515.721
1520.433
1517
1505.692
1507.954
1501.954
1497.242
1453.627
1448.331
1443.127
1444.173
1481.515
1486.015
1481.467
1476.967
1471.671
1473.933
1478.481
1477.435
1504.438
1509.977
1515.181
1520.477
1514.938
1477.596
1475.335
1448.331
1441.731
1453.546
1455.969
1463.562
1519.223
1524.3
1516.708
1507.431
1502.354
1500.104
1502.354
1528.823
1487.146
1488.715
1490.873
1487.796
1509.854
1487.796
1482.848
1481.212
1484.887
1489.835
1495.825
1492.15
1489.992
1493.069
1494.706
1488.715
1434.519
1430.75
1434.5
1456.558
1461.506
1463.142
1465.3
1471.29
1468.213
1466.056
1464.419
1460.744
1455.796
1433.738
1427.748
1430.825
1434.5
1429.552
1427.915
1433.906
1427.915
1449.973
1454.921
1458.596
1460.233
1462.39
1465.467
1461.792
1439.735
1437.577
1434.5
1448.331
1446.312
1392.115
1386.115
1388.273
1391.948
1395.025
1399.973
1422.031
1428.021
1424.944
1422.787
1421.15
1422.787
1419.112
1413.121
1408.173
1386.115
1427.792
1433.769
1435.196
1394.537
1416.515
1427.485
1385.172
1363.194
1405.507
1403.325
1401.131
1366.34
1360.563
1349.593
1348.209
1350.403
1373.724
1379.545
1394.172
1410.459
1431.858
1457.537
1457.453
1460.476
1460.56
1466.371
1440.692
1437.67
1431.849
1410.45
1394.162
1379.535
1356.215
1350.403
1345.44
1342.455
1378.683
1380.877
1375.504
1339.276
1337.082
1342.455
1336.644
1333.078
1330.093
1335.905
1357.304
1362.104
1360.011
1363.576
1365.164
1367.257
1370.243
1368.655
1363.854
1342.455
1396.455
1411.343
1345.019
1356.481
1359.504
1361.687
1404
1402.657
1393.545
1398.47
1400.058
1397.073
1394.979
1393.392
1389.826
1385.026
1363.627
1365.72
1368.705
1372.271
1378.082
1382.882
1377.071
1398.47
1393.168
1386.838
1386.588
1388.771
1386.588
1381.45
1376.401
1371.989
1345.791
1341.425
1350.425
1355.351
1354.336
1361.701
1362.716
1388.914
1394.052
1399.101
1403.466
1407.879
1353.879
1346.513
1341.588
1341.672
1343.056
1339.491
1337.903
1335.81
1332.825
1327.013
1305.614
1300.813
1353.392
1368.019
1356.228
1360.291
1356.228
1341.34
1337.774
1333.362
1337.774
1331.31
1307.989
1314.453
1337.774
1341.34
1356.228
1353.996
1358.362
1347.705
1341.302
1347.705
1358.362
1360.556
1364.922
1366.892
1364.922
1362.728
1358.362
1393.153
1398.481
1414.899
1423.496
1424.571
1424.655
1425.483
1428.701
1430.224
1431.239
1431.776
1408.455
1402.634
1381.235
1378.213
1372.401
1357.774
1341.487
1315.808
1315.724
1312.399
1312.937
1287.257
1285.735
1269.317
1234.526
1229.198
1230.72
1230.804
1222.207
1223.282
1239.7
1274.491
1283.088
1288.416
1288.332
1287.257
1286.429
1287.257
1281.884
1318.112
1315.918
1318.112
1281.884
1287.257
1288.642
1286.448
1280.649
1258.672
1256.489
1245.519
1280.31
1320.743
1280.31
1282.504
1284.687
1327
1337.97
1336.586
1294.272
1316.25
1311.112
1327.53
1362.321
1363.149
1346.731
1352.06
1350.537
1351.612
1350.784
1359.381
1359.297
1353.968
1345.371
1310.58
1310.664
1312.187
1311.112
1308.929
1305.604
1304.22
1303.146
1304.22
1339.011
1339.84
1339.924
1305.132
1305.049
1304.22
1305.743
1300.414
1291.817
1297.146
1305.743
1322.16
1305.743
1304.22
1318.481
1322.138
1327.276
1321.455
1315.644
1313.461
1315.644
1350.435
1351.509
1351.593
1356.922
1356.838
1357.666
1352.338
1351.263
1342.666
1326.248
1327.771
1326.942
1292.151
1308.569
1307.047
1315.644
1330.532
1334.595
1337.181
1342.106
1333.509
1339.308
1340.136
1335.211
1336.285
1344.882
1348.166
1348.25
1347.175
1330.757
1336.086
1301.295
1300.466
1300.382
1298.86
1289.86
1282.494
1284.017
1318.033
1313.485
1308.985
1303.688
1276.685
1275.638
1270.435
1269.327
1272.754
1273.862
1284.846
1279.058
1255.019
1260.512
1266.05
1265.496
1264.388
1267.465
1256.481
1239.558
1245.346
1250.423
1267.346
1291.385
1286.308
1286.862
1286.775
1285.667
1279.69
1276.306
1267.444
1261.952
1263.521
1299.383
1300.49
1301.344
1318.267
1327.129
1325.56
1324.706
1324.792
1330.285
1334.035
1339.756
1344.833
1333.848
1333.935
1334.788
1340.281
1349.142
1366.065
1330.204
1313.281
1311.712
1312.819
1348.681
1339.819
1334.327
1335.896
1335.042
1333.935
1333.848
1336.11
1373.452
1336.11
1330.571
1328.31
1333.848
1328.9
1301.896
1299.635
1293.035
1284.173
1293.035
1292.948
1276.025
1275.171
1280.663
1279.094
1282.479
1288.456
1288.542
1290.112
1289.004
1283.512
1284.619
1248.758
1248.971
1247.529
1271.933
1277.01
1275.463
1273.202
1277.39
1272.313
1268.125
1252.779
1268.125
1273.202
1322.563
1344.621
1348.371
1353.837
1395.513
1406.821
1405.394
1403.144
1400.883
1365.021
1366.448
1402.31
1358.694
1336.04
1324.733
1326.994
1329.244
1372.86
1331.183
1353.837
1380.84
1397.179
1413.967
1415.075
1416.644
1431.99
1437.898
1422.552
1426.74
1442.087
1446.635
1450.31
1474.348
1470.673
1466.125
1459.462
1435.423
1431.235
1437.898
1441.215
1435.919
1416.523
1431.6
1430.031
1446.819
1441.327
1437.942
1431.965
1431.752
1430.644
1421.783
1421.696
1419.446
1375.831
1372.715
1360.9
1404.515
1407.631
1409.881
1421.696
1423.496
1429.688
1456.158
1462.158
1463.335
1468.827
1485.75
1491.471
1489.925
1503.598
1515.752
1513.502
1515.752
1516.213
1474.537
1478.725
1473.648
1488.994
1494.071
1489.883
1474.537
1489.237
1495.837
1520.39
1527.983
1536.752
1542.473
1545.704
1583.273
1588.765
1593.265
1594.835
1595.619
1600.915
1605.463
1609.531
1611.167
1623.321
1627.51
1621.971
1584.629
1599.975
1637.317
1661.356
1659.094
1661.356
1666.894
1668.913
1673.713
1674.567
1680.033
1703.94
1708.488
1726.325
1719.725
1721.61
1748.613
1775.617
1758.829
1755.598
1758.713
1764.01
1765.579
1767.31
1776.079
1777.256
1750.252
1725.698
1740.398
1742.283
1735.683
1733.798
1758.352
1764.952
1791.956
1777.256
1792.602
1799.265
1794.188
1795.365
1800.442
1785.096
1780.908
1785.096
1787.358
1776.05
1773.788
1771.538
1735.677
1734.25
1690.635
1713.288
1754.965
1766.273
1809.888
1812.138
1813.565
1790.912
1749.235
1785.096
1781.663
1785.521
1734.05
1731.856
1748.274
1759.244
1762.882
1805.196
1809.767
1811.961
1817.099
1800.681
1797.043
1786.073
1780.935
1776.364
1770.543
1728.229
1731.56
1737.381
1735.552
1709.354
1733.175
1759.373
1757.022
1760.045
1810.295
1815.095
1820.233
1821.821
1875.992
1902.996
1904.881
1901.023
1863.681
1839.773
1861.831
1812.469
1806.254
1784.854
1791.257
1807.987
1812.399
1835.72
1838.705
1862.381
1863.396
1868.946
1884.797
1900.647
1915.535
1917.058
1911.326
1927.614
1928.688
1912.838
1911.315
1896.427
1895.353
1869.155
1874.886
1901.084
1884.797
1882.968
1856.771
1882.968
1884.797
1882.614
1884.965
1881.326
1828.748
1804.927
1798.524
1784.263
1808.084
1814.487
1828.748
1832.812
1856.132
1871.021
1866.957
1843.636
1828.748
1826.92
1800.722
1826.92
1828.748
1825.614
1832.979
1827.429
1790.981
1785.653
1791.203
1782.696
1785.83
1769.458
1774.632
1767.48
1775.741
1777.197
1764.168
1752.719
1756.665
1752.719
1767.176
1752.719
1757.502
1752.719
1731.94
1717.484
1713.199
1690.554
1684.277
1680.815
1703.46
1699.514
1705.792
1710.076
1713.538
1727.995
1731.94
1767.118
1769.248
1734.071
1739.288
1737.158
1731.94
1726.723
1723.824
1729.042
1734.216
1737.114
1731.94
1757.379
1755.603
1730.165
1731.94
1729.005
1740.455
1745.629
1749.913
1744.924
1746.402
1744.861
1749.1
1745.268
1733.819
1733.08
1728.841
1733.83
1732.351
1733.893
1729.609
1752.598
1750.822
1752.598
1778.036
1752.598
1757.587
1758.696
1760.174
1761.804
1770.065
1768.957
1763.967
1762.337
1754.076
1752.598
1758.25
1792.033
1778.185
1771.967
1748.837
1774.275
1776.051
1774.275
1748.837
1774.275
1776.051
1801.489
1799.714
1774.275
1781.428
1773.21
1768.428
1753.971
1750.025
1744.877
1703.79
1714.92
1717.855
1758.942
1747.812
1749.931
1747.812
1744.877
1703.79
1702.446
1700.326
1698.196
1664.413
1625.152
1614.5
1593.159
1591.384
1565.946
1554.815
1577.804
1581.033
1566.576
1543.931
1566.576
1562.63
1566.576
1581.033
1558.511
1563.033
1563.837
1571.344
1588.147
1590.049
1573.246
1572.442
1567.92
1573.069
1567.92
1566.018
1560.185
1535.25
1530.076
1528.967
1513.025
1511.33
1505.678
1530.612
1535.786
1541.62
1542.728
1545.917
1547.612
1553.264
1548.446
1540.098
1517.453
1512.236
1510.105
1474.928
1477.058
1482.275
1517.453
1540.583
1545.572
1540.79
1539.446
1544.107
1539.446
1588.239
1539.446
1534.457
1511.326
1516.716
1519.759
1555.15
1562.303
1567.476
1559.216
1552.063
1546.674
1511.283
1508.239
1503.065
1511.326
1516.716
1502.513
1508.73
1495.701
1504.049
1519.991
1553.774
1554.578
1555.621
1555.703
1557.181
1562.355
1515.855
1523.605
1544.384
1523.605
1521.475
1525.714
1523.801
1519.562
1509.214
1502.996
1501.888
1503.366
1508.355
1518.703
1519.812
1518.333
1526.594
1524.964
1519.975
1521.605
1523.518
1525.649
1517.388
1523.605
1509.149
1503.583
1487.768
1503.159
1502.116
1486.725
1502.54
1503.583
1502.105
1516.562
1518.04
1543.478
1549.043
1523.605
1527.138
1538.587
1537.109
1538.65
1527.201
1522.212
1520.67
1524.909
1529.899
1552.888
1557.172
1568.621
1570.1
1547.111
1542.826
1538.587
1543.761
1538.587
1539.63
1573.413
1573.495
1574.973
1574.168
1574.973
1569.799
1561.451
1527.668
1511.726
1510.683
1510.601
1509.123
1517.471
1522.645
1495.246
1489.204
1511.546
1508.729
1530.736
1514.949
1520.991
1515.754
1493.412
1496.229
1474.222
1479.46
1495.246
1499.41
1495.246
1480.289
1495.246
1496.204
1495.246
1493.81
1497.174
1497.095
1512.588
1540.489
1539.446
1537.967
1537.163
1570.946
1576.12
1577.163
1585.511
1586.315
1586.397
1587.875
1582.701
1574.353
1540.571
1563.216
1548.759
1526.114
1522.168
1536.625
1540.571
1545.56
1542.098
1537.813
1533.868
1556.513
1562.79
1556.513
1560.458
1574.915
1578.377
1582.661
1568.205
1545.56
1561.502
1560.697
1544.755
1578.538
1544.755
1544.674
1536.326
1531.152
1536.326
1536.408
1537.451
1538.255
1537.212
1535.734
1544.082
1545.56
1584.647
1585.082
1586.125
1556.938
1565.051
1565.833
1565.912
1567.349
1600.18
1592.067
1597.095
1597.016
1591.988
1590.974
1589.537
1556.706
1541.213
1540.431
1516.199
1511.129
1476.942
1474.871
1490.364
1498.477
1503.505
1502.069
1501.055
1485.562
1477.449
1472.421
1473.857
1474.871
1474.792
1441.961
1482.953
1483.757
1483.839
1517.621
1520.746
1542.087
1545.315
1544.33
1549.504
1541.243
1544.286
1551.438
1559.699
1552.547
1547.373
1511.982
1508.938
1503.549
1538.94
1544.33
1542.851
1558.793
1553.62
1519.837
1503.895
1504.699
1505.743
1505.824
1507.303
1498.955
1507.303
1507.221
1512.395
1511.591
1510.547
1544.33
1540.091
1537.58
1539.058
1544.047
1545.156
1536.895
1535.417
1533.786
1528.797
1527.688
1529.319
1537.58
1542.797
1547.971
1550.87
1545.652
1540.478
1537.58
1538.623
1537.145
1531.971
1531.889
1530.846
1536.02
1535.216
1551.158
1559.505
1551.158
1517.375
1551.158
1552.636
1553.44
1553.522
1537.58
1539.112
1541.014
1563.536
1568.685
1585.487
1586.292
1584.389
1567.587
1562.438
1561.634
1554.127
1549.605
1554.127
1557.678
1571.525
1557.678
1554.127
1539.67
1517.025
1531.482
1554.127
1550.181
1554.127
1554.208
1549.034
1544.373
1495.58
1497.058
1545.851
1540.862
1517.732
1522.393
1527.382
1550.513
1549.469
1548.665
1553.839
1545.491
1545.409
1543.931
1544.975
1545.779
1579.562
1587.909
1591.098
1575.156
1541.373
1564.362
1552.913
1548.629
1543.639
1542.098
1536.924
1541.163
1539.685
1541.163
1545.447
1556.897
1561.886
1563.428
1568.601
1545.612
1541.373
1542.178
1542.259
1547.078
1541.484
1542.498
1547.028
1550.393
1551.891
1554.708
1560.192
1562.167
1582.361
1604.368
1638.762
1638.255
1633.227
1625.114
1622.016
1589.185
1589.106
1588.092
1587.31
1585.873
1565.68
1558.148
1552.739
1566.789
1565.352
1570.761
1595.482
1596.496
1571.775
1556.817
1558.254
1573.211
1588.581
1587.567
1572.197
1558.148
1563.447
1578.94
1563.447
1585.454
1595.511
1596.525
1597.032
1575.025
1570.377
1569.363
1574.011
1568.711
1558.655
1565.606
1578.123
1582.972
1582.465
1583.963
1581.988
1583.963
1578.479
1573.949
1570.585
1569.086
1566.269
1571.754
1576.283
1579.648
1582.465
1562.271
1582.465
1598.794
1612.843
1617.914
1577.984
1580.202
1582.262
1583.988
1581.928
1571.111
1568.259
1570.319
1573.171
1583.988
1589.438
1605.225
1622.12
1660.955
1662.764
1658.243
1644.579
1664.219
1666.959
1668.416
1672.822
1678.156
1675.416
1677.337
1675.416
1672.144
1667.738
1648.098
1642.764
1646.036
1644.579
1622.849
1644.253
1658.801
1637.397
1622.849
1616.973
1634.243
1631.289
1634.029
1631.289
1664.539
1614.978
1614.901
1617.64
1639.37
1640.301
1645.396
1660.75
1664.8
1649.445
1644.351
1643.42
1639.37
1645.247
1646.233
1641.678
1641.601
1604.656
1604.733
1605.493
1610.048
1646.993
1646.233
1645.247
1642.37
1608.918
1604.027
1611.836
1614.712
1648.164
1641.404
1636.31
1643.07
1647.961
1640.152
1645.247
1642.233
1618.664
1613.774
1608.26
1606.658
1608.26
1611.274
1612.322
1617.836
1622.726
1617.384
1640.952
1646.295
1645.247
1649.962
1651.01
1652.408
1644.599
1643.202
1642.154
1640.613
1635.897
1643.705
1645.247
1664.887
1669.293
1670.75
1672.671
1670.75
1666.344
1664.887
1661.615
1666.949
1661.615
1641.974
1645.247
1647.986
1645.247
1658.911
1655.182
1658.911
1637.507
1623.842
1645.247
1623.842
1627.572
1641.236
1637.964
1632.031
1636.08
1639.353
1635.303
1621.639
1617.909
1639.313
1645.247
1650.507
1653.247
1656.519
1658.44
1663.307
1659.967
1679.608
1684.014
1687.353
1688.81
1669.17
1664.303
1661.563
1660.106
1654.772
1651.5
1656.834
1652.428
1650.507
1658.87
1610.613
1610.69
1605.596
1619.021
1622.293
1661.128
1665.135
1645.495
1648.235
1650.156
1648.699
1650.156
1647.416
1652.75
1672.39
1676.796
1674.875
1671.603
1667.197
1661.863
1665.135
1726.009
1710.654
1708.651
1706.973
1711.904
1727.786
1722.854
1709.19
1705.851
1710.741
1747.851
1750.009
1734.127
1673.253
1671.096
1665.795
1667.798
1683.152
1684.83
1698.495
1693.779
1692.322
1697.212
1701.928
1723.658
1725.115
1735.937
1739.986
1741.384
1745.39
1734.568
1712.839
1711.442
1707.435
1702.545
1698.495
1695.721
1689.844
1686.505
1683.454
1668.385
1620.128
1620.205
1657.151
1656.164
1619.219
1614.664
1615.651
1616.411
1620.966
1620.889
1620.128
1617.175
1622.509
1621.051
1615.717
1611.312
1608.039
1588.399
1589.856
1587.116
1589.856
1591.777
1595.05
1599.455
1619.096
1617.175
1578.339
1583.682
1588.397
1590.411
1594.606
1633.442
1636.781
1639.837
1636.498
1632.303
1630.289
1625.574
1615.505
1610.163
1595.094
1596.533
1593.476
1565.65
1586.483
1607.763
1612.353
1616.642
1595.362
1591.073
1546.183
1541.593
1537.193
1582.083
1586.82
1586.08
1565.065
1580.122
1581.826
1561.644
1562.365
1547.308
1545.604
1544.222
1548.274
1544.222
1539.609
1535.432
1530.375
1527.273
1525.891
1524.07
1505.45
1502.852
1489.898
1486.362
1489.898
1469.606
1482.56
1502.852
1510.255
1509.787
1505.317
1510.203
1498.661
1493.831
1495
1487.597
1486.136
1481.307
1478.58
1472.17
1464.768
1469.404
1501.119
1505.948
1506.942
1513.351
1517.821
1516.497
1484.782
1492.185
1491.192
1486.721
1494.123
1495.584
1498.312
1493.675
1495
1493.675
1498.662
1499.987
1512.942
1527.114
1526.179
1513.224
1536.019
1531.032
1516.86
1503.068
1480.273
1481.208
1495
1491.161
1493.758
1495.131
1540.881
1542.206
1543.424
1542.489
1542.416
1541.695
1547.532
1548.468
1544.149
1544.222
1509.196
1513.515
1514.235
1511.343
1512.56
1498.388
1493.752
1489.076
1491.674
1496.31
1500.985
1498.388
1462.005
1476.68
1478.674
1483.231
1497.419
1462.252
1460.739
1494.184
1506.498
1504.554
1471.11
1416.248
1402.41
1388.097
1386.292
1381.847
1402.089
1390.071
1380.553
1361.01
1379.787
1383.987
1365.325
1353.796
1351.943
1364.437
1382.819
1364.157
1350.971
1364.157
1368.532
1369.332
1387.994
1390.347
1385.972
1373.478
1370
1369.2
1372.678
1370.325
1351.943
1346.896
1351.943
1370.604
1366.554
1363.113
1361.913
1343.251
1339.774
1330.479
1326.279
1325.028
1321.116
1325.028
1324.375
1324.441
1319.153
1318.306
1319.153
1350.882
1350.816
1351.469
1366.301
1371.89
1372.543
1376.969
1365.234
1362.031
1343.649
1331.913
1328.71
1347.093
1352.188
1355.666
1350.571
1353.381
1365.116
1361.638
1364.841
1362.031
1343.649
1348.638
1347.438
1305.994
1307.238
1308.438
1309.541
1308.297
1307.194
1348.638
1315.285
1306.25
1303.868
1302.147
1302.8
1307
1313.776
1314.976
1315.043
1315.89
1343.313
1345.901
1346.749
1346.815
1346.462
1348.182
1344.132
1342.809
1341.909
1335.203
1334.003
1335.203
1331.003
1313.049
1339.842
1339.907
1339.842
1339.014
1339.652
1338.48
1339.307
1338.67
1311.876
1309.348
1302.727
1306.83
1313.451
1285.382
1281.108
1278.694
1273.022
1266.47
1268.884
1272.987
1277.261
1305.33
1311.882
1307.779
1313.451
1315.063
1341.856
1340.448
1338.767
1325.884
1337.349
1306.211
1255.134
1241.807
1239.997
1235.859
1224.394
1237.72
1268.858
1270.266
1321.343
1334.227
1347.553
1349.364
1353.501
1355.182
1348.562
1361.205
1334.412
1333.774
1333.71
1321.066
1319.894
1315.79
1314.963
1316.135
1342.928
1343.756
1344.394
1351.014
1355.118
1355.182
1373.527
1377.484
1381.181
1387.631
1383.934
1379.977
1361.632
1343.399
1323.224
1331.5
1292.802
1288.98
1288.915
1288.277
1257.277
1256.45
1255.105
1250.622
1270.398
1269.519
1274.145
1275.024
1279.128
1276.599
1256.823
1252.197
1256.68
1269.323
1265.22
1266.565
1259.944
1247.3
1243.197
1242.024
1241.96
1242.787
1242.852
1243.49
1270.283
1269.645
1276.266
1280.369
1281.542
1254.749
1253.921
1266.565
1239.772
1253.098
1239.772
1241.384
1268.177
1266.565
1260.892
1264.478
1265.886
1245.711
1246.349
1244.841
1241.254
1223.392
1222.754
1218.671
1231.997
1236.08
1239.667
1226.341
1244.203
1245.711
1242.349
1240.659
1235.728
1227.522
1229.039
1233.97
1232.453
1235.815
1237.504
1245.711
1258.254
1270.461
1281.927
1282.754
1270.547
1250.372
1245.958
1244.786
1233.32
1220.777
1240.953
1245.366
1246.539
1245.711
1246.349
1245.711
1244.884
1251.504
1278.297
1279.125
1283.228
1256.435
1256.5
1256.435
1257.608
1253.504
1246.884
1234.24
1236.769
1235.596
1236.476
1235.596
1208.803
1205.441
1204.269
1163.777
1175.042
1177.787
1210.374
1177.787
1175.042
1173.964
1162.7
1161.484
1164.846
1178.172
1204.966
1203.353
1176.56
1178.172
1164.846
1159.868
1163.661
1161.333
1162.213
1175.539
1174.711
1173.539
1146.746
1146.108
1139.487
1140.659
1136.556
1136.621
1137.448
1138.086
1164.879
1177.523
1184.144
1184.079
1181.55
1185.654
1172.328
1145.534
1158.861
1185.654
1187.266
1185.654
1181.697
1209.766
1210.404
1208.076
1203.973
1203.335
1203.399
1204.572
1208.675
1207.503
1207.438
1206.611
1207.438
1180.645
1183.174
1209.967
1210.605
1197.961
1191.341
1197.961
1193.687
1220.48
1233.806
1235.418
1208.625
1207.013
1193.687
1216.792
1218.169
1219.812
1250.25
1239.042
1237.399
1206.961
1205.584
1203.815
1215.022
1201.996
1189.402
1193.447
1195.216
1145.287
1147.086
1143.041
1144.902
1140.89
1167.081
1166.272
1165.126
1169.138
1175.61
1149.419
1146.947
1140.475
1141.621
1153.98
1153.357
1153.294
1153.357
1153.98
1154.789
1148.385
1120.947
1118.587
1114.409
1134.355
1130.251
1133.381
1124.3
1124.938
1129.042
1116.398
1116.333
1115.161
1114.523
1087.73
1081.109
1077.006
1076.178
1082.799
1095.443
1096.615
1096.68
1097.507
1124.3
1127.698
1123.424
1105.191
1117.398
1104.514
1099.583
1081.624
1069.417
1066.019
1078.902
1083.177
1083.958
1102.191
1104.49
1109.421
1108.639
1106.341
1124.3
1137.626
1136.014
1109.221
1095.895
1097.507
1124.3
1125.981
1099.188
1092.568
1091.93
1091.102
1089.93
1089.865
1085.761
1073.118
1081.945
1068.619
1070.231
1043.438
1041.826
1040.671
1067.464
1080.79
1100.566
1097.168
1085.703
1067.743
1064.614
1059.635
1056.889
1054.591
1050.487
1070.969
1050.319
1047.782
1049.026
1046.406
1032.766
1031.116
1003.693
1005.731
1009.515
1010.618
1024.257
1021.447
1025.118
1026.369
1045.146
1038.544
1078.153
1059.376
1055.326
1051.543
1055.326
1059.376
1111.656
1107.421
1119.156
1117.207
1115.324
1063.044
1031.174
1029.732
1052.783
1066.288
1098.926
1097.029
1110.997
1112.895
1117.232
1118.708
1120.47
1108.452
1075.958
1089.926
1076.779
1075.911
1063.893
1077.041
1077.908
1076.679
1063.884
1042.736
1038.11
1059.258
1063.884
1065.113
1077.131
1089.926
1093.932
1079.964
1083.723
1084.392
1103.114
1098.834
1095.075
1076.352
1074.771
1076.352
1090.321
1094.601
1093.932
1096.884
1085.372
1082.42
1093.932
1083.224
1078.056
1077.694
1082.321
1077.622
1082.84
1094.858
1098.139
1102.837
1105.247
1111.193
1112.994
1120.069
1134.038
1142.893
1154.7
1173.812
1194.541
1196.312
1197.429
1199.191
1206.267
1188.526
1183.992
1165.167
1156.565
1143.312
1142.878
1138.902
1138.035
1108.791
1108.858
1079.437
1080.718
1082.616
1070.598
1074.935
1086.953
1072.985
1059.48
1005.941
1007.87
1061.41
1028.771
1042.739
1047.402
1043.065
1041.303
1043.065
1066.875
1067.631
1066.119
1070.934
1075.341
1070.934
1066.119
1067.063
1065.619
1067.063
1080.644
1101.884
1106.853
1093.273
1072.032
1067.063
1066.119
1099.563
1101.369
1097.758
1062.758
1050.659
1047.71
1044.06
1024.477
1011.366
992.076
995.725
1008.836
1011.306
1006.009
1025.593
1011.755
1007.164
1021.002
1025.593
1026.432
1031.728
1030.889
1028.42
1047.71
1050.735
1051.975
1053.821
1056.77
1076.353
1080.798
1084.872
1139.733
1140.878
1155.191
1164.265
1176.364
1195.948
1217.188
1219.003
1217.188
1202.875
1193.801
1181.702
1162.119
1154.869
1133.628
1132.483
1139.733
1139.664
1136.909
1132.094
1129.085
1142.665
1146.446
1149.201
1158.275
1163.09
1149.509
1148.213
1146.398
1142.148
1177.148
1142.148
1145.157
1149.407
1151.222
1147.441
1167.145
1159.608
1156.599
1160.849
1119.284
1115.313
1119.284
1115.034
1121.961
1102.258
1123.498
1127.573
1157.721
1183.363
1184.944
1183.354
1185.441
1198.946
1252.485
1253.599
1258.291
1290.785
1329.441
1343.41
1350.277
1347.34
1343.06
1321.913
1322.78
1310.762
1309.533
1304.907
1292.111
1304.13
1317.277
1318.506
1323.133
1344.28
1357.075
1343.928
1343.06
1349.928
1353.617
1348.991
1353.471
1349.134
1335.166
1330.503
1328.605
1326.843
1314.825
1314.087
1312.158
1258.619
1272.123
1270.036
1263.169
1301.825
1315.794
1348.288
1294.748
1305.456
1300.765
1286.797
1254.303
1253.188
1254.303
1240.798
1247.666
1249.753
1211.096
1215.788
1224.643
1236.45
1243.526
1245.297
1266.026
1252.057
1271.169
1252.057
1253.175
1244.319
1237.244
1216.515
1214.744
1202.937
1201.819
1215.788
1219.663
1233.631
1235.718
1236.848
1232.973
1219.005
1216.917
1215.788
1243.872
1248.02
1249.61
1252.294
1259.054
1260.328
1267.268
1285.991
1289.681
1270.855
1271.973
1276.31
1280.843
1292.861
1291.06
1294.34
1296.142
1290.196
1287.786
1283.087
1279.807
1267.789
1273.735
1278.434
1280.843
1285.145
1285.212
1298.465
1326.55
1327.218
1328.086
1329.315
1336.255
1322.286
1322.955
1326.714
1322.434
1303.711
1303.042
1304.623
1318.592
1322.872
1341.595
1337.836
1336.255
1330.309
1331.423
1338.363
1333.672
1332.557
1321.849
1289.355
1291.351
1302.059
1308.926
1294.958
1333.614
1326.747
1324.66
1311.155
1315.846
1277.19
1279.119
1280.751
1282.79
1281.546
1277.346
1276.287
1272.237
1273.437
1269.237
1256.296
1228.872
1228.219
1227.372
1227.306
1226.106
1219.329
1223.529
1230.306
1230.372
1231.025
1231.872
1244.813
1272.237
1269.616
1271.999
1277.587
1297.828
1315.151
1296.769
1277.993
1271.287
1303.016
1307.597
1303.016
1309.941
1299.726
1300.789
1351.866
1365.193
1364.129
1362.138
1368.69
1370.681
1333.802
1331.898
1300.898
1302.739
1300.898
1307.519
1307.583
1308.411
1304.307
1303.67
1307.773
1307.708
1280.915
1268.272
1295.065
1295.703
1289.082
1301.726
1300.553
1301.726
1300.898
1282.665
1283.079
1283.144
1276.394
1256.618
1255.445
1256.273
1254.583
1253.517
1253.582
1246.961
1242.858
1230.214
1203.421
1230.214
1230.149
1211.917
1213.089
1221.537
1222.603
1221.776
1213.328
1213.966
1227.292
1216.027
1202.701
1204.391
1211.011
1210.374
1228.606
1241.25
1245.353
1256.618
1276.394
1283.144
1289.695
1258.695
1221.816
1219.976
1217.984
1211.432
1215.908
1229.234
1231.226
1244.109
1275.109
1326.187
1327.25
1326.187
1321.711
1358.591
1338.278
1324.638
1328.688
1356.112
1354.912
1355.565
1354.912
1327.488
1314.547
1307.771
1303.571
1302.724
1302.79
1303.637
1316.578
1320.778
1327.554
1327.488
1328.688
1324.262
1330.068
1325.832
1328.643
1276.363
1295.025
1298.907
1303.143
1304.901
1303.143
1284.481
1280.599
1277.788
1288.244
1281.538
1288.244
1290.282
1303.469
1355.749
1360.329
1358.291
1359.379
1397.126
1359.379
1354.799
1386.528
1400.168
1368.438
1316.159
1302.519
1289.332
1288.244
1285.624
1282.021
1284.641
1288.244
1289.797
1317.221
1289.797
1285.747
1267.465
1260.688
1259.135
1257.891
1261.941
1263.185
1302.794
1321.076
1327.853
1321.251
1348.675
1349.875
1349.941
1348.741
1349.394
1336.453
1332.253
1339.029
1343.229
1356.171
1357.018
1356.951
1350.175
1349.522
1322.099
1321.251
1349.807
1349.741
1368.124
1380.618
1384.096
1365.434
1370.481
1372.834
1386.021
1390.396
1391.196
1372.813
1370.46
1357.274
1352.899
1347.851
1366.513
1363.035
1350.541
1349.741
1387.488
1385.45
1380.869
1379.781
1366.594
1359.888
1365.176
1378.816
1347.087
1353.793
1316.046
1318.084
1265.804
1276.26
1280.841
1267.201
1269.085
1270.174
1271.021
1275.221
1288.162
1315.585
1316.238
1323.015
1322.949
1324.149
1319.949
1307.007
1279.584
1278.931
1278.084
1276.884
1270.107
1270.174
1255.341
1259.576
1288.306
1284.256
1288.306
1284.522
1277.921
1259.144
1262.928
1281.704
1321.313
1314.404
1294.163
1292.434
1311.096
1312.187
1313.916
1334.157
1333.066
1339.975
1328.446
1319.799
1306.159
1314.806
1328.446
1309.784
1321.313
1325.293
1324.446
1317.669
1321.869
1320.669
1324.581
1323.928
1319.728
1320.928
1320.994
1321.841
1322.494
1349.918
1362.859
1369.635
1356.694
1356.628
1329.204
1324.624
1319.335
1305.696
1267.949
1257.493
1255.454
1248.749
1247.66
1245.776
1247.506
1255.906
1260.953
1259.4
1255.959
1259.4
1260.953
1259.224
1250.824
1245.776
1258.271
1262.788
1261.941
1263.141
1242.491
1254.226
1267.065
1267.912
1255.418
1242.579
1238.062
1236.862
1225.126
1245.776
1234.041
1228.235
1223.647
1221.294
1227.1
1228.859
1240.594
1243.797
1248.385
1250.738
1248.979
1245.776
1243.424
1243.49
1248.537
1261.478
1260.631
1288.054
1294.831
1293.631
1293.565
1294.412
1287.635
1286.982
1259.559
1246.618
1242.418
1243.618
1243.684
1247.884
1248.537
1228.296
1215.354
1211.154
1206.419
1201.831
1200.454
1199.554
1208.59
1199.554
1208.201
1209.001
1213.237
1231.519
1227.319
1199.896
1199.049
1197.849
1197.782
1191.006
1190.353
1177.412
1178.612
1165.671
1163.95
1159.715
1155.665
1152.062
1150.818
1111.209
1109.656
1116.432
1089.009
1090.253
1083.476
1087.526
1105.809
1107.362
1109.982
1137.406
1141.009
1138.388
1177.997
1159.715
1170.956
1189.732
1194.779
1198.691
1200.45
1212.185
1212.985
1201.456
1181.215
1174.306
1155.644
1142.004
1133.357
1131.628
1130.537
1112.254
1130.537
1126.866
1122.687
1123.34
1109.7
1108.156
1121.796
1123.34
1122.687
1126.866
1130.537
1137.719
1136.616
1159.703
1152.836
1163.667
1167.229
1168.048
1154.08
1150.205
1151.895
1156.232
1196.795
1198.386
1202.261
1203.39
1205.477
1204.348
1218.316
1216.229
1221.952
1192.53
1190.12
1186.361
1229.952
1231.753
1265.91
1261.934
1260.172
1248.66
1253.828
1265.34
1284.569
1279.401
1260.172
1272.19
1270.389
1269.569
1270.389
1266.383
1270.389
1272.19
1260.172
1261.762
1253.087
1248.75
1253.087
1293.651
1295.241
1254.678
1273.789
1272.099
1270.509
1268.708
1264.37
1253.663
1249.687
1230.575
1227.697
1229.498
1233.836
1244.544
1248.52
1251.398
1253.087
1249.807
1254.288
1249.178
1266.452
1278.47
1306.554
1305.28
1309.428
1305.28
1264.717
1245.994
1239.054
1237.464
1233.774
1231.09
1232.364
1235.048
1238.738
1240.328
1247.268
1265.991
1306.554
1278.47
1283.003
1279.128
1274.98
1255.752
1215.188
1228.693
1226.283
1221.114
1217.553
1213.072
1212.253
1193.142
1196.703
1209.498
1228.324
1215.529
1216.348
1197.523
1184.018
1186.428
1205.539
1210.708
1215.188
1213.598
1215.399
1227.417
1230.697
1235.396
1237.806
1239.495
1198.932
1204.878
1203.188
1207.526
1209.116
1204.417
1244.98
1243.179
1231.161
1227.881
1225.471
1221.134
1215.188
1195.959
1190.791
1179.279
1198.508
1203.676
1215.188
1217.718
1229.736
1230.556
1234.562
1232.761
1231.941
1227.935
1215.917
1217.718
1218.947
1218.08
1206.062
1192.914
1188.288
1167.14
1179.158
1166.363
1165.134
1166.002
1179.149
1200.297
1204.923
1217.718
1225.074
1220.736
1222.327
1220.637
1224.974
1223.384
1263.947
1265.637
1225.074
1221.315
1223.724
1225.414
1226.696
1229.574
1234.265
1251.539
1255.414
1243.902
1238.733
1219.505
1223.511
1211.492
1210.673
1208.872
1220.89
1222.691
1218.685
1219.505
1215.498
1218.435
1217.514
1220.794
1216.167
1217.758
1221.905
1223.179
1220.495
1227.435
1246.158
1244.568
1285.131
1288.821
1285.131
1257.047
1250.107
1209.544
1205.396
1204.122
1185.399
1213.483
1216.167
1221.386
1232.898
1234.66
1236.747
1239.187
1253.155
1254.845
1259.182
1299.745
1298.056
1293.718
1253.155
1251.565
1253.155
1248.464
1231.19
1235.881
1237.163
1240.041
1257.315
1261.19
1258.78
1257.09
1255.809
1252.931
1249.056
1250.745
1253.155
1256.914
1255.333
1241.364
1242.033
1246.313
1260.282
1261.863
1261.194
1242.471
1238.712
1234.432
1253.155
1250.203
1238.691
1236.252
1231.033
1242.545
1244.633
1242.87
1228.902
1226.815
1215.303
1220.521
1222.283
1236.252
1238.691
1246.047
1245.179
1243.489
1238.798
1221.524
1217.649
1214.771
1213.489
1217.364
1214.955
1232.229
1236.92
1239.798
1241.08
1242.77
1245.179
1244.36
1255.872
1257.959
1259.721
1257.92
1261.926
1273.944
1274.764
1272.676
1261.164
1275.133
1271.127
1259.108
1245.14
1243.378
1240.938
1246.157
1248.596
1243.378
1245.179
1243.968
1241.09
1242.78
1202.217
1200.527
1241.09
1242.681
1247.018
1243.042
1232.334
1227.997
1226.196
1207.084
1205.494
1201.157
1197.282
1194.404
1196.813
1195.532
1193.122
1197.813
1215.087
1213.398
1216.276
1217.557
1219.247
1201.973
1197.282
1198.411
1200.498
1196.623
1182.655
1180.568
1179.438
1183.313
1197.282
1201.157
1202.241
1215.494
1201.526
1200.857
1206.075
1207.837
1221.806
1219.366
1217.604
1203.636
1201.548
1196.33
1207.842
1209.929
1212.369
1200.857
1204.137
1208.836
1211.245
1207.965
1209.767
1215.712
1213.303
1208.604
1202.658
1200.857
1188.839
1200.857
1202.628
1193.773
1198.471
1195.535
1208.788
1206.099
1201.952
1210.807
1244.964
1247.652
1251.8
1250.029
1253.718
1219.562
1222.498
1209.245
1204.547
1200.857
1198.447
1196.971
1195.209
1197.619
1214.893
1211.018
1209.328
1211.018
1208.14
1190.866
1194.741
1196.023
1200.714
1203.592
1198.901
1197.619
1197.687
1218.416
1223.114
1241.94
1259.214
1272.361
1277.053
1288.86
1291.3
1302.812
1297.593
1295.154
1296.916
1299.355
1304.574
1318.542
1316.78
1302.812
1291.3
1289.212
1291.3
1289.709
1291.399
1295.736
1336.3
1337.89
1297.327
1295.637
1323.184
1321.554
1328.481
1309.296
1267.731
1263.951
1262.645
1233.867
1235.173
1239.423
1236.673
1243.784
1239.534
1268.312
1271.062
1274.843
1276.472
1282.867
1275.756
1274.812
1276.201
1274.355
1270.25
1257.935
1257.096
1257.935
1259.781
1263.886
1276.201
1277.932
1274.983
1277.932
1281.903
1299.603
1298.29
1303.097
1300.628
1298.897
1294.926
1277.225
1272.418
1274.887
1276.201
1273.731
1269.14
1268.301
1264.651
1245.068
1239.772
1220.481
1206.644
1193.532
1191.032
1189.227
1177.431
1172.083
1174.583
1186.38
1172.066
1186.38
1188.185
1193.532
1191.394
1193.532
1192.644
1179.171
1166.856
1165.597
1160.856
1147.745
1126.076
1111.762
1116.569
1111.762
1108.813
1126.514
1130.485
1133.434
1134.747
1136.478
1138.948
1137.634
1133.664
1115.963
1114.231
1111.762
1109.623
1111.429
1125.742
1127.881
1139.677
1134.33
1131.83
1130.025
1115.711
1121.059
1123.559
1111.762
1070.198
1071.827
1070.198
1065.753
1064.022
1105.586
1107.318
1111.762
1107.688
1106.375
1101.931
1128.166
1124.29
1119.527
1107.432
1105.239
1090.563
1088.712
1086.149
1080.666
1092.761
1107.437
1109.288
1111.851
1117.334
1119.527
1116.995
1115.22
1110.291
1108.945
1105.921
1087.772
1083.701
1071.074
1083.701
1084.562
1086.454
1085.593
1081.384
1079.492
1083.701
1082.362
1092.084
1132.698
1138.066
1158.146
1160.875
1165.052
1165.913
1196.824
1209.451
1203.968
1201.405
1199.554
1184.878
1182.685
1170.59
1168.919
1126.302
1121.745
1119.97
1124.489
1125.191
1132.483
1146.407
1175.913
1177.204
1177.275
1178.187
1190.813
1189.467
1167.688
1169.359
1165.002
1163.663
1166.483
1136.976
1140.853
1138.033
1142.391
1140.72
1133.429
1126.872
1119.769
1149.275
1145.399
1188.016
1207.687
1214.978
1216.316
1202.503
1224.282
1244.06
1239.123
1239.195
1253.008
1271.157
1276.085
1278.649
1283.585
1283.514
1278.585
1266.18
1244.402
1226.253
1238.658
1236.095
1216.316
1219.763
1232.389
1236.566
1232.617
1203.111
1189.187
1181.896
1177.377
1178.668
1192.592
1193.503
1194.206
1194.908
1195.288
1224.794
1220.297
1219.386
1226.677
1231.196
1230.494
1230.422
1228.761
1227.47
1212.794
1193.123
1136.873
1136.171
1136.242
1137.103
1149.729
1147.837
1149.729
1145.521
1132.894
1132.033
1136.242
1126.521
1121.038
1113.747
1121.038
1150.544
1164.468
1167.915
1155.288
1151.842
1146.905
1144.373
1150.62
1151.532
1147.013
1148.905
1153.842
1139.918
1138.627
1138.555
1139.847
1140.549
1134.302
1146.929
1151.448
1121.941
1121.239
1121.31
1123.842
1121.949
1121.038
1113.823
1133.494
1128.975
1128.063
1128.766
1158.272
1156.981
1164.272
1168.791
1168.862
1182.786
1184.078
1176.786
1162.862
1133.356
1134.267
1134.196
1133.494
1102.582
1107.677
1076.766
1077.468
1078.38
1078.451
1107.957
1100.666
1107.957
1112.476
1113.767
1109.248
1123.172
1122.261
1092.755
1092.052
1091.981
1090.69
1076.766
1073.32
1069.142
1072.589
1085.215
1089.392
1076.766
1080.943
1103.161
1107.37
1094.744
1095.604
1108.231
1106.339
1102.13
1104.022
1103.161
1088.486
1090.679
1091.866
1087.794
1086.608
1084.415
1088.486
1103.161
1102.459
1105.244
1134.75
1135.453
1139.972
1140.883
1139.972
1147.263
1117.756
1103.832
1096.541
1092.022
1093.313
1093.384
1092.093
1092.022
1082.984
1084.655
1088.358
1090.218
1095.649
1091.946
1090.275
1084.845
1093.883
1092.022
1121.528
1092.022
1099.313
1096.494
1099.313
1103.19
1104.861
1111.418
1112.756
1111.418
1107.06
1087.389
1083.513
1081.842
1088.945
1093.302
1086.011
1043.394
1043.323
1049.57
1049.498
1054.593
1100.391
1141.005
1145.362
1148.386
1161.013
1164.114
1165.538
1166.241
1166.169
1165.467
1164.555
1171.847
1185.771
1215.277
1216.188
1216.259
1213.475
1206.184
1204.892
1206.184
1201.665
1206.184
1176.677
1142.386
1162.589
1155.297
1147.864
1152.801
1174.579
1192.728
1195.291
1215.07
1212.506
1212.435
1226.248
1221.312
1233.717
1233.788
1238.717
1233.788
1214.009
1192.231
1174.082
1160.269
1147.864
1146.953
1146.25
1153.541
1153.47
1139.546
1110.04
1102.748
1098.229
1099.521
1099.592
1100.503
1105.022
1134.528
1133.237
1133.94
1147.864
1143.157
1170.95
1169.745
1168.862
1164.544
1151.589
1149.648
1150.583
1158.063
1172.349
1202.622
1202.695
1207.331
1208.656
1208.583
1207.648
1206.927
1176.654
1169.174
1164.537
1164.718
1163.393
1149.107
1152.643
1148.357
1135.403
1131.867
1136.153
1149.107
1126.763
1134.166
1115.042
1108.873
1121.828
1121.648
1091.375
1077.089
1072.453
1071.128
1070.193
1070.12
1062.64
1059.458
1058.575
1058.107
1041.734
1035.565
1034.844
1029.958
1024.893
1011.938
1018.347
1016.406
1009.997
1015.062
1012.464
1015.062
1011.526
1013.468
1017.003
1029.958
993.14
994.513
972.169
964.688
934.416
931.523
927.545
932.016
925.289
929.266
924.795
926.169
924.455
968.179
975.659
977.373
970.086
968.713
988.894
1019.167
1022.06
1042.787
1041.904
1037.229
1032.943
1037.229
1050.183
1046.648
1033.693
1037.229
1037.156
1045.084
1042.455
1020.11
1001.49
996.433
996.36
976.068
963.341
949.169
944.104
964.831
968.883
1026.594
1031.581
1040.932
1043.659
1064.26
1065.721
1070.778
1066.307
1060.138
1057.508
1052.622
1075.417
1079.888
1084.718
1114.57
1122.05
1136.607
1132.136
1127.851
1131.386
1130.013
1126.477
1130.763
1087.039
1079.558
1077.844
1073.867
1070.974
1040.701
1027.747
1007.565
1020.519
1016.68
1031.237
1011.055
1046.237
1061.294
1065.471
1066.688
1064.438
1049.381
1048.164
1050.414
1046.237
1093.224
1096.326
1097.787
1093.317
1091.856
1088.753
1041.766
1000.097
1013.467
1016.733
1023.863
1028.453
1025.187
1027.847
1026.487
1022.857
1024.85
1011.55
1004.97
1002.303
997.103
1003.683
1006.35
1011.55
1015.18
1028.48
1026.487
1028.797
1030.207
1018.22
1013.787
1000.487
996.857
992.457
982.657
992.457
960.093
951.953
945.373
940.863
921.747
922.227
929.827
924.707
903.557
898.365
896.865
898.365
895.565
885.965
891.157
912.307
917.427
920.227
929.827
931.245
934.495
929.905
935.105
938.08
934.83
972.63
957.963
952.763
949.788
947.828
951.912
914.112
916.072
930.738
935.328
931.245
921.445
931.245
951.965
953.465
917.345
953.465
947.745
980.108
999.742
1002.992
1005.962
1052.932
1055.632
1061.352
1076.018
1078.118
1082.918
1077.96
1085.64
1109.043
1078.395
1083.353
1068.408
1099.057
1094.098
1086.418
1101.363
1077.96
1073.37
1077.96
1085.56
1083.567
1084.047
1070.747
1073.997
1072.003
1069.337
1064.137
1060.507
1047.207
1040.627
1057.437
1049.297
1053.238
1057.138
1078.288
1079.648
1081.067
1085.657
1090.417
1100.95
1097.7
1049.46
1052.71
1043.11
1041.61
1036.418
1046.018
1051.21
1030.06
1032.86
1027.74
1024.94
1046.09
1051.21
1052.71
1055.895
1068.962
1106.762
1110.662
1114.95
1113.7
1111.39
1112.64
1108.352
1092.893
1115.833
1114.073
1116.282
1118.592
1131.892
1135.077
1138.343
1186.583
1229.363
1233.953
1230.687
1229.187
1230.687
1266.807
1230.687
1228.027
1179.787
1175.197
1168.067
1164.882
1143.732
1154.265
1177.205
1177.945
1197.062
1210.362
1242.922
1242.015
1242.922
1229.622
1225.222
1192.662
1197.062
1194.262
1190.632
1192.042
1206.202
1209.077
1210.637
1210.712
1214.653
1220.987
1244.39
1243.19
1244.823
1243.063
1248.783
1258.303
1248.783
1246.823
1242.923
1244.683
1248.583
1250.543
1244.823
1246.242
1294.482
1309.427
1308.687
1313.277
1336.68
1313.277
1298.332
1290.652
1286.062
1316.71
1331.655
1336.613
1305.965
1313.645
1308.687
1287.967
1289.527
1310.807
1302.667
1304.167
1325.317
1322.517
1325.317
1315.717
1310.597
1315.788
1294.638
1299.758
1294.567
1299.367
1297.867
1299.227
1320.377
1299.227
1303.127
1299.185
1303.127
1292.593
1297.183
1293.283
1288.693
1287.333
1292.093
1293.512
1304.045
1299.285
1297.867
1261.747
1247.08
1250.33
1240.09
1241.327
1249.007
1250.757
1247.882
1250.757
1249.257
1263.807
1264.207
1266.2
1268.07
1299.15
1314.608
1313.108
1316.293
1329.593
1326.327
1327.827
1279.587
1274.997
1279.587
1282.853
1331.093
1373.873
1370.688
1357.388
1314.608
1312.4
1311.15
1306.862
1304.552
1291.252
1292.272
1293.682
1295.042
1296.292
1343.262
1329.962
1325.802
1356.45
1361.408
1330.328
1314.87
1316.74
1347.82
1363.278
1361.408
1356.217
1335.067
1330.267
1325.147
1330.267
1351.417
1352.917
1351.417
1361.017
1366.208
1363.408
1366.208
1362.308
1400.108
1404.008
1407.193
1394.127
1390.942
1353.142
1366.208
1367.168
1403.128
1407.562
1408.302
1408.377
1418.91
1397.76
1402.35
1397.59
1393
1382.467
1378.525
1377.165
1373.265
1378.025
1376.607
1380.507
1381.867
1383.285
1404.435
1408.377
1403.01
1402.61
1403.57
1404.31
1435.39
1450.057
1457.737
1462.497
1463.857
1463.932
1467.182
1461.815
1419.035
1395.632
1391.042
1398.722
1368.073
1353.128
1345.448
1349.827
1354.417
1357.76
1337.05
1341.88
1337.05
1306.778
1291.721
1321.994
1323.815
1338.872
1337.05
1331.542
1334.435
1311.64
1310.705
1310.778
1280.505
1273.024
1268.388
1269.713
1269.64
1277.12
1281.756
1312.029
1312.964
1327.25
1327.971
1313.685
1312.36
1311.64
1324.594
1325.899
1333.302
1334.471
1335.932
1341.159
1344.341
1329.284
1359.557
1374.614
1372.792
1342.519
1344.341
1323.614
1326.341
1347.068
1342.782
1357.068
1361.705
1369.185
1354.899
1353.964
1353.244
1348.607
1348.534
1349.859
1349.932
1350.867
1351.588
1381.86
1374.38
1373.055
1342.782
1361.906
1362.373
1363.698
1362.325
1316.575
1315.25
1316.468
1317.792
1319.166
1364.916
1363.698
1363.771
1364.706
1366.031
1396.304
1400.94
1396.304
1399.161
1406.641
1407.362
1406.037
1398.557
1368.284
1353.998
1353.063
1352.99
1352.269
1337.213
1306.94
1337.213
1352.269
1354.091
1352.269
1387.295
1387.222
1382.904
1347.878
1352.196
1353.131
1352.196
1352.269
1351.549
1352.269
1350.808
1352.269
1349.088
1341.685
1354.64
1353.471
1360.873
1347.919
1351.101
1349.795
1351.101
1345.873
1351.101
1352.269
1355.07
1334.343
1332.969
1336.151
1340.203
1339.482
1338.547
1346.028
1345.955
1344.63
1339.994
1309.721
1306.864
1299.383
1313.669
1314.604
1315.325
1345.597
1345.67
1346.995
1351.631
1383.154
1388.041
1404.414
1407.58
1412.216
1453.885
1455.826
1459.625
1461.446
1459.625
1489.898
1474.841
1444.568
1459.625
1445.068
1437.666
1469.188
1469.115
1468.18
1467.459
1437.187
1432.55
1425.07
1423.745
1425.07
1410.784
1411.719
1412.44
1442.713
1456.998
1464.479
1469.115
1469.188
1482.143
1489.545
1488.084
1486.779
1481.552
1468.597
1465.416
1464.247
1467.429
1468.89
1470.195
1471.364
1476.591
1469.188
1484.245
1514.518
1516.339
1486.067
1471.01
1469.188
1461.708
1469.188
1464.552
1465.877
1465.95
1466.885
1467.606
1497.878
1512.164
1497.878
1502.515
1501.58
1500.859
1470.586
1469.261
1469.188
1467.727
1447.127
1456.477
1461.534
1462.995
1467.982
1465.255
1455.904
1450.917
1445.86
1448.588
1469.188
1471.234
1470.766
1468.516
1467.795
1468.731
1469.451
1473.769
1473.843
1472.907
1437.881
1433.563
1468.589
1468.516
1466.695
1436.422
1421.365
1416.729
1402.443
1392.898
1390
1384.935
1383.61
1383.537
1369.252
1368.531
1369.856
1365.385
1357.904
1355.995
1325.722
1324.787
1320.81
1335.096
1331.93
1336.567
1344.047
1374.32
1375.041
1389.326
1352.508
1355.406
1364.951
1370.016
1371.925
1375.903
1412.721
1415.886
1416.821
1416.894
1421.365
1441.966
1446.602
1447.984
1452.455
1457.584
1461.424
1462.748
1466.547
1461.911
1441.31
1431.05
1427.211
1422.74
1421.359
1417.56
1416.235
1463.222
1443.041
1445.938
1432.984
1387.234
1385.86
1388.019
1395.422
1396.591
1401.818
1400.494
1366.31
1369.411
1362.196
1363.62
1358.525
1357.386
1356.114
1354.69
1351.589
1350.402
1345.883
1345.954
1346.866
1339.574
1340.277
1369.783
1377.074
1381.593
1382.884
1362.319
1361.06
1360.991
1360.306
1331.528
1317.948
1317.059
1330.17
1328.864
1330.177
1324.085
1322.772
1327.022
1327.966
1329.355
1330.614
1337.651
1330.54
1326.133
1345.782
1316.275
1315.573
1314.661
1313.37
1313.299
1306.084
1303.979
1305.403
1308.505
1303.41
1310.625
1311.764
1310.34
1305.983
1307.255
1306.116
1293.489
1290.465
1249.851
1248.579
1245.478
1250.573
1249.149
1261.775
1215.978
1244.38
1240.115
1225.558
1221.088
1243.883
1248.713
1256.193
1286.045
1278.565
1293.122
1289.865
1294.336
1289.506
1279.961
1281.481
1273.552
1273.479
1269.161
1270.096
1305.122
1309.44
1310.161
1310.234
1309.299
1274.273
1273.552
1279.06
1258.333
1271.287
1266.06
1258.657
1245.703
1246.872
1248.177
1249.638
1257.041
1255.872
1261.099
1259.638
1256.456
1259.638
1258.333
1241.959
1251.505
1252.83
1260.456
1266.028
1266.417
1267.619
1272.683
1314.352
1315.677
1317.722
1322.779
1330.26
1333.157
1334.677
1378.401
1383.388
1393.362
1439.112
1434.125
1435.586
1440.643
1461.244
1466.231
1456.88
1459.607
1456.88
1455.419
1464.769
1444.169
1439.112
1435.313
1398.495
1385.768
1382.666
1395.62
1394.451
1397.633
1398.938
1400.399
1399.094
1391.692
1399.094
1393.867
1399.094
1400.263
1398.802
1395.62
1382.666
1391.938
1391.865
1426.891
1431.209
1431.93
1396.904
1395.969
1391.651
1390.93
1391.003
1391.938
1390.557
1394.396
1399.032
1397.708
1407.968
1404.169
1400.33
1420.93
1422.312
1423.636
1419
1398.399
1393.929
1388.799
1392.597
1397.068
1400.604
1378.703
1371.103
1375.693
1374.673
1376.033
1371.443
1369.943
1368.583
1376.183
1368.583
1369.603
1371.103
1372.603
1375.87
1368.27
1369.61
1374.977
1382.577
1379.31
1380.51
1393.81
1380.51
1375.143
1373.943
1372.443
1371.103
1366.303
1364.203
1406.983
1411.272
1413.142
1445.702
1426.068
1424.568
1421.318
1435.868
1456.588
1455.248
1454.048
1450.782
1437.482
1440.748
1442.248
1447.615
1448.815
1462.115
1454.515
1462.115
1442.482
1462.115
1463.455
1458.088
1456.588
1454.828
1445.308
1447.068
1441.348
1450.868
1448.908
1445.008
1450.728
1454.628
1456.588
1455.628
1419.668
1419.593
1418.853
1414.42
1417.087
1384.723
1389.313
1366.373
1333.813
1334.72
1367.28
1371.68
1358.38
1353.98
1353.073
1366.373
1361.415
1338.012
1361.415
1366.005
1370.963
1401.612
1409.292
1404.702
1374.053
1366.373
1381.318
1366.373
1365.633
1364.133
1356.533
1343.233
1337.867
1336.667
1371.911
1368.555
1367.014
1368.555
1371.432
1393.161
1403.024
1408.358
1403.098
1381.368
1376.034
1373.158
1363.295
1368.555
1370.233
1380.096
1412.027
1414.981
1417.354
1418.587
1423.303
1421.7
1423.622
1445.026
1459.574
1472.998
1506.248
1510.964
1509.916
1514.632
1516.173
1523.981
1522.584
1521.043
1513.235
1514.283
1509.567
1510.964
1513.738
1535.467
1543.83
1545.101
1525.461
1517.416
1511.539
1519.584
1519.995
1525.872
1525.461
1524.003
1522.606
1517.716
1495.986
1491.937
1481.115
1476.399
1472.392
1477.546
1477.053
1476.976
1466.154
1464.705
1472.514
1475.57
1480.437
1479.166
1487.211
1489.132
1490.399
1500.467
1505.622
1506.382
1508.385
1511.125
1517.002
1538.865
1551.954
1553.967
1550.628
1552.642
1508.69
1503.356
1501.199
1499.801
1498.534
1490.644
1498.534
1542.486
1545.543
1546.94
1552.283
1557.616
1558.884
1553.541
1550.485
1552.642
1562.711
1570.755
1572.022
1561.954
1567.108
1565.187
1565.947
1557.902
1556.635
1555.875
1550.721
1553.461
1550.721
1552.642
1544.834
1530.286
1529.875
1531.108
1532.786
1542.649
1574.58
1577.534
1567.671
1572.387
1570.709
1569.476
1567.103
1564.149
1559.433
1527.502
1529.875
1535.029
1536.296
1531.142
1521.074
1529.118
1539.187
1537.92
1529.875
1527.135
1525.214
1527.954
1529.875
1530.635
1529.875
1530.286
1534.336
1532.795
1522.932
1520.055
1514.721
1509.461
1487.731
1474.642
1487.731
1493.608
1471.745
1465.868
1487.731
1486.334
1484.793
1480.077
1487.885
1489.426
1490.474
1482.666
1487.382
1488.779
1487.731
1492.447
1479.022
1445.772
1431.224
1429.303
1450.707
1465.255
1498.505
1511.93
1513.851
1492.447
1487.731
1483.682
1505.411
1513.455
1516.195
1518.116
1512.962
1523.031
1521.11
1518.37
1519.637
1518.37
1517.61
1507.541
1512.695
1513.455
1505.411
1500.317
1476.272
1460.918
1453.027
1421.539
1416.824
1413.87
1412.267
1417.421
1418.182
1416.914
1416.154
1411
1412.921
1411
1408.26
1409.527
1417.572
1420.312
1410.243
1420.312
1412.267
1408.928
1405.974
1374.486
1368.61
1346.747
1359.836
1346.747
1352.623
1374.486
1376.408
1397.812
1373.767
1358.413
1348.344
1343.19
1341.923
1340.002
1337.262
1342.416
1343.176
1344.443
1352.488
1355.228
1357.149
1349.104
1359.173
1358.413
1364.289
1365.05
1366.036
1374.08
1381.971
1383.368
1383.445
1388.336
1382.459
1382.048
1374.003
1374.414
1406.346
1421.414
1460.25
1466.06
1483.33
1459.762
1458.365
1455.625
1457.546
1456.786
1461.94
1456.786
1454.865
1462.909
1454.865
1453.598
1454.358
1457.098
1447.029
1457.098
1458.365
1453.474
1436.204
1392.252
1388.913
1392.92
1400.81
1405.7
1404.303
1448.255
1451.594
1453.642
1486.892
1492.046
1509.317
1511.238
1512.224
1508.217
1507.231
1475.3
1460.231
1452.341
1447.45
1445.402
1446.8
1446.877
1447.637
1479.568
1494.637
1493.877
1460.627
1465.517
1511.637
1513.445
1508.291
1508.214
1513.146
1528.214
1527.721
1526.043
1530.598
1527.259
1529.632
1539.495
1537.122
1535.889
1531.173
1529.495
1526.541
1494.61
1499.325
1531.257
1532.49
1534.168
1524.305
1527.259
1507.087
1507.848
1508.834
1508.911
1510.308
1495.24
1498.253
1503.144
1471.212
1491.384
1490.623
1522.555
1521.568
1520.171
1512.281
1507.39
1507.313
1515.204
1505.135
1507.293
1505.372
1502.632
1494.587
1493.32
1492.56
1487.406
1480.899
1475.022
1461.933
1440.07
1438.529
1440.07
1441.467
1449.276
1448.228
1446.83
1447.878
1443.163
1447.878
1440.07
1472.002
1472.988
1480.878
1448.947
1453.837
1453.914
1455.312
1450.421
1442.531
1441.771
1440.784
1440.707
1439.31
1440.07
1443.084
1440.07
1441.611
1474.861
1476.875
1481.807
1480.349
1478.301
1482.351
1487.283
1494.969
1493.161
1447.041
1451.757
1453.565
1448.634
1446.712
1448.634
1462.298
1476.846
1472.13
1438.88
1436.959
1441.675
1463.079
1476.503
1509.753
1496.329
1474.925
1476.846
1462.298
1467.64
1470.697
1485.765
1446.93
1450.269
1446.074
1444.06
1439.344
1429.276
1426.219
1422.88
1432.949
1427.606
1466.442
1470.637
1455.568
1460.284
1462.298
1462.375
1463.361
1464.122
1469.012
1476.902
1444.971
1476.902
1475.505
1475.428
1474.668
1489.736
1486.723
1478.832
1456.969
1454.812
1478.856
1480.253
1472.363
1471.377
1466.486
1490.531
1492.209
1490.411
1440.849
1437.973
1438.733
1439.719
1441.116
1449.007
1480.938
1465.87
1480.938
1477.599
1482.49
1476.613
1471.723
1463.832
1448.764
1445.99
1445.229
1444.243
1444.166
1442.769
1394.512
1391.461
1391.538
1359.606
1383.651
1385.329
1361.284
1359.606
1361.527
1359.606
1351.92
1346.988
1351.92
1398.039
1396.231
1398.039
1402.971
1423.142
1446.711
1447.981
1451.32
1464.985
1467.033
1470.762
1484.187
1483.139
1484.187
1484.11
1492
1491.24
1490.253
1488.856
1493.747
1494.733
1495.493
1510.562
1510.639
1505.748
1497.858
1482.789
1450.858
1482.789
1484.187
1485.454
1441.502
1443.659
1449.002
1473.046
1471.649
1474.705
1480.039
1477.882
1476.204
1468.313
1512.265
1513.663
1521.553
1523.231
1517.889
1514.832
1490.788
1485.454
1484.187
1487.526
1497.389
1495.786
1480.717
1479.957
1481.354
1476.464
1475.067
1474.99
1473.312
1472.325
1504.257
1512.147
1517.038
1541.082
1542.76
1518.716
1519.476
1511.586
1479.654
1479.731
1480.717
1495.786
1509.211
1512.483
1551.318
1555.325
1545.462
1513.531
1511.158
1506.442
1503.488
1501.81
1500.577
1546.697
1551.628
1549.82
1551.741
1553.55
1507.43
1502.498
1500.577
1476.533
1478.211
1502.255
1500.577
1485.509
1490.399
1482.509
1450.577
1449.817
1449.894
1448.497
1447.51
1448.271
1443.38
1444.777
1444.7
1445.687
1460.755
1492.687
1500.577
1502.118
1503.515
1498.8
1497.402
1505.211
1497.402
1498.45
1503.166
1502.118
1500.577
1485.628
1480.534
1483.488
1503.128
1504.807
1528.851
1504.807
1503.128
1509.005
1509.416
1504.485
1502.471
1469.221
1474.152
1476.166
1509.416
1508.43
1508.353
1516.397
1515.986
1508.096
1506.699
1498.654
1466.723
1465.962
1461.072
1455.195
1440.127
1437.075
1438.873
1452.298
1453.976
1452.298
1476.342
1452.298
1498.418
1500.226
1498.305
1500.226
1454.106
1452.298
1457.229
1452.298
1457.014
1458.935
1454.219
1440.795
1438.873
1460.277
1473.702
1440.452
1473.702
1459.154
1437.75
1452.298
1441.777
1459.048
1460.318
1446.654
1441.938
1446.654
1460.318
1446.894
1426.723
1423.384
1447.428
1423.86
1399.815
1394.884
1396.562
1395.291
1391.562
1389.514
1387.836
1391.175
1392.445
1406.11
1408.158
1421.582
1426.514
1446.685
1433.021
1444.805
1448.534
1469.938
1460.158
1436.113
1437.791
1461.836
1460.158
1463.209
1471.572
1474.911
1428.791
1436.599
1430.789
1432.837
1431.029
1432.95
1479.07
1484.002
1482.08
1477.149
1478.957
1432.837
1434.515
1458.56
1434.515
1432.837
1428.563
1430.611
1435.132
1401.882
1403.339
1407.745
1413.079
1432.719
1435.459
1437.38
1440.652
1438.974
1414.93
1400.382
1378.519
1381.791
1385.798
1376.017
1377.938
1382.344
1379.604
1382.344
1401.985
1400.063
1380.423
1377.151
1378.608
1376.594
1374.786
1380.663
1379.205
1381.219
1391
1392.808
1387.474
1381.598
1377.192
1373.185
1378.519
1376.598
1371.882
1366.95
1413.07
1412.022
1413.83
1415.752
1420.683
1419.142
1411.334
1365.214
1363.406
1362.009
1364.022
1397.272
1399.286
1394.354
1392.341
1397.272
1364.022
1368.954
1364.022
1366.07
1379.495
1380.765
1400.937
1424.505
1410.841
1424.505
1404.334
1392.55
1379.125
1375.396
1374.125
1377.464
1374.125
1377.854
1375.807
1379.079
1381
1377.728
1373.322
1371.865
1374.604
1369.271
1367.349
1364.61
1369.943
1389.584
1393.99
1374.349
1375.807
1377.074
1374.334
1377.69
1374.736
1376.545
1330.425
1328.503
1374.623
1379.555
1381.476
1379.668
1374.736
1361.312
1380.952
1385.358
1382.618
1384.539
1382.618
1368.07
1373.404
1376.676
1378.134
1380.055
1384.771
1406.175
1408.914
1387.51
1400.935
1415.483
1410.767
1408.846
1407.389
1402.055
1398.783
1394.377
1374.736
1407.986
1374.736
1354.565
1374.736
1379.452
1389.233
1385.877
1381.161
1367.497
1372.212
1385.877
1372.212
1371.281
1366.76
1333.308
1339.185
1338.774
1346.818
1338.774
1339.185
1333.308
1331.151
1333.89
1289.938
1288.541
1283.207
1275.317
1269.983
1250.342
1245.937
1242.88
1239.608
1237.687
1234.947
1240.281
1259.921
1264.327
1267.599
1269.057
1267.599
1269.521
1268.253
1262.911
1261.64
1268.147
1271.486
1269.565
1264.634
1218.514
1216.705
1217.116
1222.418
1227.678
1178.116
1211.568
1216.902
1218.824
1220.281
1223.553
1243.193
1241.736
1238.997
1243.402
1246.142
1242.87
1238.464
1218.824
1213.49
1211.568
1216.435
1222.245
1223.622
1220.565
1215.699
1220.63
1206.966
1204.918
1218.582
1217.312
1219.36
1205.935
1219.36
1222.699
1202.527
1199.188
1200.459
1204.188
1199.257
1195.527
1215.699
1239.267
1215.699
1218.971
1257.807
1253.8
1214.964
1211.692
1198.267
1202.274
1215.699
1210.365
1213.104
1193.464
1195.385
1192.113
1190.192
1187.452
1183.046
1202.687
1207.092
1210.365
1211.822
1217.156
1215.699
1214.241
1212.844
1197.896
1164.646
1162.632
1157.7
1190.95
1195.882
1197.896
1178.255
1176.798
1173.526
1169.12
1163.786
1161.865
1159.125
1149.057
1147.053
1148.974
1163.522
1130.272
1128.351
1106.947
1102.231
1106.947
1128.351
1141.776
1175.026
1160.478
1147.053
1145.45
1142.676
1144.053
1148.574
1143.313
1175.245
1183.135
1183.896
1188.786
1190.183
1190.26
1205.329
1206.315
1202.586
1204.127
1207.08
1222.962
1174.705
1179.421
1165.757
1161.041
1174.705
1173.308
1173.385
1173.308
1141.377
1140.616
1139.63
1147.521
1132.452
1147.521
1152.411
1184.342
1176.452
1177.438
1178.836
1173.945
1174.705
1166.897
1153.473
1154.521
1140.856
1161.027
1140.856
1135.925
1133.877
1137.216
1150.88
1149.61
1153.339
1165.654
1162.315
1164.363
1177.788
1179.058
1183.99
1160.421
1183.99
1180.26
1188.151
1188.911
1189.897
1194.788
1226.719
1194.788
1194.027
1178.959
1178.882
1180.279
1178.882
1193.95
1186.06
1181.17
1181.247
1180.26
1158.973
1137.243
1142.577
1150.467
1155.358
1153.961
1122.029
1123.015
1107.947
1100.057
1099.07
1098.993
1094.103
1095.5
1127.432
1142.5
1142.577
1141.817
1142.577
1175.827
1180.759
1181.17
1187.046
1195.091
1194.68
1188.803
1190.817
1185.885
1152.635
1144.591
1142.577
1103.741
1105.539
1120.608
1122.529
1126.579
1134.623
1156.353
1158.031
1175.301
1173.904
1141.973
1141.896
1146.786
1138.896
1146.221
1149.56
1154.714
1156.762
1190.012
1190.998
1175.93
1171.039
1172.437
1172.514
1173.274
1205.205
1220.274
1224.281
1220.274
1215.384
1171.432
1168.092
1166.045
1132.795
1127.64
1110.37
1109.61
1108.623
1113.514
1121.404
1100
1107.808
1109.257
1107.88
1113.69
1115.067
1119.933
1114.123
1109.257
1110.017
1114.884
1122.57
1144.433
1164.074
1169.587
1168.827
1200.759
1199.361
1199.284
1198.298
1166.366
1174.257
1166.366
1181.435
1182.832
1182.909
1183.896
1184.656
1189.546
1174.478
1169.587
1165.538
1121.586
1119.572
1117.558
1134.829
1119.76
1119.837
1127.728
1132.618
1147.687
1148.673
1149.433
1181.365
1181.288
1180.301
1179.541
1178.144
1170.253
1138.322
1139.719
1134.829
1136.986
1128.623
1129.671
1131.068
1132.747
1111.017
1126.086
1124.288
1109.219
1105.17
1103.491
1125.221
1117.176
1115.255
1117.053
1118.974
1123.024
1131.068
1109.664
1107.743
1109.664
1113.301
1118.051
1113.336
1098.788
1103.503
1094.91
1107.977
1094.91
1062.547
1065.797
1069.427
1074.227
1075.463
1095.097
1075.463
1098.403
1094.773
1071.833
1058.767
1057.53
1052.73
1050.737
1064.037
1060.787
1073.853
1060.553
1062.547
1057.957
1055.997
1060.08
1057.105
1053.022
1015.222
1011.972
1017.172
1020.147
1010.347
1014.937
1016.897
1031.563
1069.363
1072.613
1067.413
1052.747
1062.547
1061.807
1060.447
1061.807
1057.047
1058.007
1058.082
1063.202
1070.882
1075.642
1067.962
1053.295
1022.215
1022.14
1036.807
1035.847
1036.587
1067.667
1062.65
1058.06
1053.627
1054.647
1069.197
1076.877
1091.543
1122.623
1123.363
1123.438
1124.398
1119.638
1111.958
1097.292
1066.212
1065.472
1070.232
1069.272
1067.912
1067.837
1069.197
1064.607
1044.973
1036.955
1049.909
1054.38
1041.425
1042.146
1046.464
1047.399
1082.425
1082.498
1075.211
1093.831
1073.104
1072.383
1067.156
1071.769
1072.49
1067.877
1073.104
1054.484
1075.211
1118.935
1116.037
1128.446
1134.615
1135.989
1131.352
1130.631
1100.359
1092.878
1091.943
1091.87
1077.584
1076.26
1068.633
1064.794
1066.385
1064.563
1062.972
1048.687
1080.209
1082.119
1086.794
1088.615
1092.455
1100.081
1120.682
1116.006
1114.097
1093.497
1091.792
1093.497
1096.354
1064.831
1063.37
1067.347
1076.893
1087.153
1072.867
1060.14
1056.341
1053.239
1016.42
1016.494
1021.558
998.763
995.597
1000.273
1003.808
1016.536
1035.659
1058.003
1056.799
1044.071
1047.237
1048.442
1035.487
1037.429
1050.383
1048.442
1043.766
1024.643
1002.299
998.763
994.924
996.628
1010.914
1012.505
1014.326
1018.166
1025.792
1023.971
1022.38
1019.523
1017.818
997.218
1017.818
1010.192
1017.818
1017.429
1017.818
1023.39
1015.763
1010.192
1010.265
1014.583
1015.304
1014.369
1014.295
1009.977
1009.256
1010.192
975.166
1010.192
1007.391
986.664
1005.284
1026.011
1026.732
1070.456
1075.07
1056.45
1055.729
1060.956
1017.232
1012.619
1007.391
1002.888
1023.18
1002.888
990.161
986.713
984.891
980.42
993.148
1024.67
1038.463
1040.284
1044.755
1028.381
1026.56
1026.17
1029.706
1050.307
1044.799
1040.185
1038.88
1037.886
1032.378
1037.054
1016.453
1030.739
1032.33
1030.508
1032.33
1036.169
1032.33
1024.703
1010.417
1031.018
1032.722
1031.018
1038.644
1037.054
1038.768
1007.245
1009.154
1040.677
1036.002
1040.677
1038.768
1061.112
1068.739
1071.369
1066.898
1053.943
1053.008
1052.935
1052.214
1052.287
1047.969
1048.69
1053.008
1088.034
1088.969
1053.943
1033.343
1045.752
1041.912
1033.984
1035.688
1040.916
1022.295
1023.016
1027.63
1048.357
1066.977
1074.265
1030.541
1025.927
1025.206
1019.979
999.252
1021.596
1024.761
1002.417
983.294
978.619
977.414
964.687
951.732
948.196
946.255
965.378
966.583
979.31
981.252
984.787
997.742
994.576
999.252
1004.081
1002.036
998.87
1013.156
1020.782
1024.622
1026.443
1028.034
1029.739
1022.112
1001.511
999.807
998.216
994.377
992.555
1013.156
998.87
997.156
1002.727
1004.442
1006.351
1010.149
1004.578
995.305
993.396
989.597
998.87
982.497
988.122
1045.833
1042.94
1041.235
1045.412
1045.485
1046.206
1050.524
1051.459
1058.979
1059.051
1058.139
1053.93
1019.791
1019.72
1019.017
1038.796
1046.229
1044.568
1040.826
1042.601
1028.677
1008.598
1007.047
999.614
1019.693
1021.354
1025.097
1039.021
1040.571
1038.796
1034.438
1022.033
1002.255
1000.479
987.036
956.312
951.217
956.312
955.609
956.312
960.809
1003.426
1023.628
1019.131
998.929
1017.078
1009.975
991.826
984.611
984.682
983.508
985.369
979.938
975.381
967.948
998.672
1003.229
972.505
972.125
970.264
968.372
1012.964
1014.824
1015.527
1020.234
1007.829
1004.744
1003.57
1008.127
1006.234
993.608
990.161
971.522
974.608
970.051
973.497
986.123
988.016
1006.655
1007.829
1029.608
1007.829
1020.234
1024.997
1015.883
1018.703
998.623
1006.057
1009.799
1011.574
1025.498
1027.16
1023.418
1021.642
1007.718
1006.057
1007.608
1000.174
1020.253
1018.703
1023.222
1025.753
1030.31
1029.399
995.259
1029.399
1029.47
1025.261
1024.559
1051.097
1052.032
1052.753
1057.071
1076.195
1057.071
1059.669
1041.049
1051.023
1052.844
1083.117
1098.174
1092.946
1072.219
1070.278
1107.096
1106.375
1062.651
1058.037
1062.651
1106.375
1111.602
1112.323
1093.703
1114.43
1133.05
1131.229
1100.956
1085.899
1087.721
1117.994
1133.05
1146.005
1182.823
1197.109
1192.083
1193.076
1188.089
1202.375
1188.089
1186.498
1184.677
1192.304
1205.031
1208.83
1245.648
1243.943
1247.782
1249.604
1241.977
1262.578
1264.282
1265.873
1262.034
1265.136
1244.536
1214.263
1199.206
1214.263
1216.084
1246.357
1244.536
1243.601
1208.575
1204.256
1204.183
1203.463
1201.521
1188.567
1183.891
1180.726
1158.381
1139.258
1138.054
1134.518
1121.791
1158.609
1145.881
1142.716
1186.44
1191.115
1159.593
1157.683
1153.008
1154.917
1186.44
1199.394
1200.914
1215.971
1234.591
1239.062
1261.406
1263.227
1261.406
1276.463
1261.406
1291.679
1261.406
1258.606
1254.766
1247.14
1267.74
1262.513
1264.218
1249.932
1254.545
1252.841
1251.25
1230.523
1228.701
1227.981
1229.802
1231.393
1245.679
1241.065
1197.341
1198.062
1179.442
1184.669
1164.068
1171.695
1190.315
1211.042
1254.766
1258.606
1272.891
1268.606
1270.856
1259.18
1228.907
1243.964
1228.907
1259.18
1257.359
1259.18
1263.357
1264.739
1267.336
1269.157
1274.214
1292.834
1295.937
1290.88
1275.823
1272.657
1285.385
1265.093
1263.271
1232.998
1217.942
1219.763
1250.036
1265.093
1278.047
1277.054
1275.232
1278.334
1274.495
1279.552
1258.951
1261.549
1259.844
1258.463
1253.406
1234.786
1232.188
1230.367
1234.544
1226.917
1245.537
1231.252
1229.661
1231.482
1232.864
1229.761
1225.584
1221.786
1214.841
1212.899
1181.377
1176.49
1160.117
1155.481
1152.315
1149.133
1194.883
1226.406
1196.133
1211.19
1241.463
1226.406
1228.227
1226.406
1221.179
1220.458
1215.844
1195.117
1176.497
1132.773
1134.594
1137.192
1138.573
1119.953
1114.896
1110.719
1113.821
1117.998
1136.619
1141.675
1139.078
1137.256
1135.875
1132.773
1128.302
1131.029
1134.869
1171.687
1141.414
1126.357
1124.536
1122.627
1127.263
1125.958
1121.282
1119.373
1087.851
1092.028
1093.409
1096.511
1115.131
1120.188
1117.591
1113.414
1108.357
1106.536
1109.133
1106.031
1104.649
1086.029
1087.851
1097.396
1094.231
1108.516
1113.581
1116.479
1120.456
1122.365
1120.456
1124.927
1128.093
1123.622
1109.336
1146.154
1143.256
1138.192
1128.646
1124.669
1087.851
1092.68
1091.687
1121.539
1125.338
1121.161
1123.758
1121.161
1119.779
1117.958
1119.339
1122.442
1126.619
1145.239
1150.295
1131.675
1126.619
1123.516
1125.338
1126.555
1126.945
1131.263
1135.899
1126.627
1131.263
1130.873
1153.218
1156.115
1174.735
1169.748
1168.424
1165.321
1170.308
1168.927
1167.106
1185.726
1190.782
1194.959
1197.557
1199.378
1200.76
1203.862
1201.265
1196.208
1177.588
1173.411
1174.58
1179.216
1181.813
1177.138
1174.541
1169.904
1174.58
1168.411
1171.946
1140.232
1139.031
1132.862
1130.265
1132.086
1134.683
1136.065
1140.242
1158.862
1140.242
1138.86
1135.758
1138.86
1143.917
1139.74
1134.683
1132.862
1134.244
1129.958
1133.14
1114.016
1112.195
1109.597
1105.42
1104.039
1085.419
1080.362
1077.26
1079.51
1076.407
1063.68
1026.862
1039.589
1042.692
1079.51
1075.711
1079.51
1077.464
1076.471
1081.146
1099.766
1104.442
1118.998
1121.596
1123.505
1143.797
1142.424
1146.601
1137.055
1129.653
1124.588
1146.932
1151.761
1161.307
1162.028
1176.313
1178.222
1191.177
1221.45
1225.502
1226.807
1230.784
1231.719
1200.005
1195.828
1194.006
1192.545
1193.429
1209.802
1211.711
1214.877
1219.933
1229.206
1234.778
1233.063
1231.154
1221.881
1223.596
1218.024
1219.933
1223.732
1219.933
1220.927
1235.984
1237.503
1250.458
1272.802
1250.458
1235.401
1233.881
1215.261
1210.791
1197.836
1202.307
1220.927
1233.336
1238.907
1259.635
1201.924
1200.219
1200.146
1179.545
1183.385
1167.011
1172.068
1159.659
1137.315
1157.916
1215.627
1219.912
1224.588
1227.69
1229.631
1243.804
1249.031
1245.054
1249.69
1251.015
1251.088
1252.023
1252.744
1283.016
1297.302
1304.782
1315.042
1294.315
1281.906
1302.633
1308.205
1320.614
1315.042
1329.328
1336.808
1336.735
1335.8
1335.08
1327.599
1322.963
1292.69
1297.326
1297.399
1298.724
1299.445
1329.718
1315.432
1314.107
1315.042
1350.068
1342.442
1332.182
1327.545
1330.143
1334.779
1339.455
1334.779
1332.182
1346.468
1351.104
1381.377
1380.442
1387.922
1386.597
1386.524
1385.804
1355.531
1341.245
1333.765
1329.128
1329.849
1329.922
1330.857
1332.182
1352.474
1356.651
1357.586
1356.865
1393.683
1379.511
1392.239
1390.865
1396.49
1395.555
1395.482
1394.157
1389.521
1388.8
1374.515
1367.034
1374.515
1375.45
1405.722
1420.008
1421.333
1425.969
1395.696
1395.769
1396.49
1384.081
1404.808
1410.38
1422.789
1417.218
1396.49
1397.692
1410.646
1414.932
1402.523
1400.614
1458.325
1459.26
1454.623
1447.143
1432.857
1433.578
1468.604
1498.877
1503.513
1517.799
1517.726
1517.005
1486.732
1492.901
1491.576
1504.304
1506.554
1514.034
1518.011
1527.985
1532.162
1533.487
1532.552
1540.032
1540.106
1536.307
1533.205
1520.477
1483.659
1453.386
1452.451
1453.386
1457.364
1487.636
1488.357
1490.266
1490.484
1476.198
1472.221
1459.266
1462.123
1466.175
1465.455
1461.403
1459.494
1458.188
1471.143
1466.966
1465.641
1465.714
1465.641
1473.122
1487.407
1517.68
1522.317
1517.68
1503.394
1473.122
1472.401
1471.466
1463.985
1464.92
1466.245
1466.966
1463.43
1467.482
1468.787
1476.619
1492.992
1493.459
1497.437
1492.607
1494.198
1493.263
1494.588
1495.308
1487.828
1488.763
1458.49
1457.769
1453.133
1451.808
1482.081
1482.154
1482.081
1467.795
1472.432
1479.912
1494.198
1436.487
1432.31
1422.336
1418.359
1410.878
1408.628
1395.901
1360.875
1418.586
1428.56
1432.537
1440.018
1442.268
1454.995
1448.826
1453.003
1488.029
1494.198
1481.789
1461.062
1455.49
1471.864
1476.929
1518.597
1520.312
1521.516
1515.891
1513.294
1499.008
1498.935
1499.008
1498.287
1468.015
1469.339
1461.859
1457.222
1457.943
1457.008
1457.943
1462.58
1476.865
1484.346
1483.021
1513.294
1560.281
1558.567
1575.359
1578.383
1522.133
1526.31
1523.286
1543.366
1545.258
1549.815
1545.638
1525.559
1521.002
1519.109
1524.038
1522.177
1506.218
1501.29
1498.204
1500.065
1503.15
1519.109
1505.185
1505.114
1503.823
1499.304
1503.823
1502.911
1510.203
1480.696
1473.405
1472.703
1473.614
1473.685
1474.388
1503.894
1517.818
1519.109
1519.038
1514.275
1518.453
1532.266
1554.044
1560.057
1594.196
1537.946
1540.139
1530.418
1542.823
1550.114
1542.823
1552.544
1556.421
1552.544
1608.794
1606.601
1594.196
1588.184
1554.044
1558.116
1554.044
1546.753
1546.682
1532.758
1532.055
1527.536
1498.03
1497.119
1495.828
1491.878
1496.055
1500.005
1499.549
1545.347
1529.388
1530.66
1523.027
1538.986
1537.714
1538.169
1535.976
1550.652
1536.728
1500.842
1508.57
1504.013
1501.449
1557.699
1501.449
1499.256
1503.328
1497.315
1531.454
1497.315
1499.508
1487.103
1479.812
1475.741
1466.019
1462.142
1469.434
1473.31
1479.323
1491.728
1501.449
1496.742
1495.774
1493.242
1495.103
1499.66
1479.881
1461.733
1475.921
1478.453
1473.896
1493.674
1511.823
1509.962
1534.625
1571.443
1574.341
1583.886
1598.172
1602.149
1598.984
1600.893
1605.364
1568.545
1571.711
1569.802
1565.331
1555.786
1552.888
1547.823
1533.537
1538.602
1534.625
1581.612
1586.083
1593.563
1573.271
1573.198
1577.873
1594.247
1594.714
1596.76
1598.065
1599.886
1601.601
1645.325
1641.273
1639.968
1644.019
1627.646
1580.659
1580.192
1586.36
1590.537
1583.057
1525.346
1515.372
1513.122
1500.394
1496.218
1490.049
1547.76
1557.734
1553.756
1557.734
1565.214
1567.464
1580.192
1586.029
1551.003
1554.981
1585.253
1581.201
1582.506
1595.461
1609.747
1607.838
1606.903
1606.182
1607.117
1611.169
1610.951
1611.672
1613.581
1610.724
1580.451
1567.497
1563.519
1568.584
1531.766
1486.016
1442.292
1446.929
1451.604
1454.201
1451.604
1449.782
1445.107
1440.432
1442.253
1485.977
1487.692
1485.977
1442.253
1437.617
1442.292
1419.948
1406.994
1405.474
1390.417
1371.797
1367.326
1380.054
1382.304
1417.33
1424.81
1430.979
1434.956
1377.245
1381.422
1439.133
1429.159
1423.321
1410.594
1408.344
1400.864
1396.687
1392.709
1402.683
1396.515
1431.541
1394.722
1393.341
1394.558
1410.932
1406.295
1401.977
1401.588
1400.37
1399.065
1395.013
1394.545
1399.182
1404.247
1403.078
1407.396
1407.786
1391.412
1395.464
1348.477
1395.464
1395.932
1397.237
1392.951
1335.24
1338.343
1333.667
1337.953
1395.664
1393.722
1398.398
1418.998
1398.398
1400.339
1434.497
1431.527
1434.502
1445.035
1431.735
1429.865
1431.625
1433.495
1478.385
1476.625
1431.735
1426.935
1427.01
1431.81
1436.243
1436.318
1437.058
1438.018
1473.978
1463.738
1450.672
1446.588
1442.3
1454.15
1446.47
1452.463
1456.752
1420.792
1361.542
1371.782
1375.865
1383.545
1385.855
1383.545
1396.612
1402.945
1396.612
1398.605
1360.805
1347.738
1300.768
1290.528
1294.612
1317.552
1314.577
1291.637
1272.52
1291.637
1294.612
1292.302
1277.635
1246.987
1242.227
1244.097
1248.897
1247.027
1248.787
1243.987
1199.097
1197.337
1242.227
1231.987
1227.698
1215.848
1222.182
1258.142
1271.208
1273.518
1281.198
1285.282
1277.602
1281.89
1341.14
1334.807
1321.74
1319.43
1313.437
1309.353
1319.593
1321.553
1338.363
1343.555
1346.805
1329.995
1324.803
1321.553
1319.593
1319.113
1335.923
1384.163
1384.643
1336.403
1319.593
1320.933
1325.093
1320.933
1319.593
1324.96
1355.608
1363.438
1377.598
1383.253
1387.413
1387.893
1397.413
1384.113
1380.847
1382.407
1396.567
1395.827
1395.902
1396.642
1401.075
1437.035
1437.995
1437.92
1433.487
1432.527
1396.567
1391.807
1387.907
1407.54
1403.91
1405.78
1360.89
1405.78
1410.58
1408.71
1406.95
1408.71
1403.91
1367.95
1354.883
1352.573
1344.893
1340.81
1330.57
1326.282
1267.032
1260.698
1264.328
1277.628
1282.028
1281.068
1285.152
1289.312
1274.645
1287.945
1287.205
1287.945
1288.905
1303.572
1272.492
1268.332
1270.292
1256.992
1252.908
1283.988
1282.648
1280.688
1282.028
1249.665
1252.365
1254.125
1244.605
1238.885
1248.405
1252.305
1250.345
1246.445
1244.685
1246.645
1252.365
1204.125
1206.792
1201.992
1201.512
1200.172
1196.012
1179.202
1180.962
1176.162
1221.052
1222.922
1221.162
1219.292
1224.092
1179.202
1181.072
1176.783
1178.143
1174.202
1178.635
1179.595
1215.555
1211.122
1175.162
1174.202
1174.277
1175.017
1174.277
1174.202
1179.568
1185.223
1189.383
1189.863
1197.693
1211.853
1242.502
1237.135
1236.655
1232.495
1226.84
1196.192
1188.362
1174.202
1176.195
1173.01
1151.86
1147.46
1088.21
1083.41
1081.417
1089.017
1090.25
1095.442
1131.402
1146.86
1149.17
1191.95
1206.895
1266.145
1252.845
1248.445
1252.075
1265.375
1269.775
1266.145
1266.625
1271.362
1274.237
1275.597
1285.117
1294.917
1339.807
1294.917
1290.117
1291.877
1336.767
1341.567
1343.437
1341.567
1339.807
1360.527
1362.837
1365.812
1369.753
1374.77
1376.64
1379.307
1387.137
1388.37
1389.11
1398.91
1375.97
1373.17
1363.37
1376.67
1372.728
1373.208
1432.458
1430.148
1428.915
1430.148
1445.093
1447.403
1431.945
1426.753
1367.503
1359.903
1344.958
1350.15
1356.143
1358.352
1365.482
1329.522
1337.122
1294.342
1289.908
1253.948
1259.942
1260.017
1259.057
1260.017
1260.757
1265.19
1265.115
1264.375
1269.567
1284.117
1303.233
1324.067
1326.767
1349.707
1354.907
1367.973
1368.048
1369.282
1377.112
1386.912
1388.782
1391.448
1386.432
1385.692
1384.458
1376.628
1366.828
1364.958
1365.698
1370.715
1368.048
1308.798
1306.132
1298.532
1300.292
1345.182
1349.982
1351.852
1347.052
1342.292
1349.892
1352.202
1354.337
1309.447
1308.213
1344.173
1350.929
1365.985
1364.271
1359.596
1352.651
1350.5
1344.662
1339.606
1344.662
1330.106
1327.856
1339.398
1337.576
1338.778
1339.661
1340.966
1360.089
1361.024
1362.349
1362.422
1392.695
1400.175
1404.812
1407.669
1408.39
1394.597
1364.745
1378.537
1386.164
1386.631
1390.683
1396.192
1401.419
1396.192
1390.683
1386.631
1386.164
1378.537
1408.39
1421.344
1428.971
1433.256
1436.792
1431.906
1418.951
1418.231
1417.029
1418.231
1418.951
1423.838
1419.552
1422.149
1414.523
1411.925
1410.104
1411.925
1402.38
1398.844
1400.208
1402.458
1360.789
1325.763
1310.706
1309.505
1297.963
1295.883
1310.94
1305.883
1347.552
1353.39
1345.987
1347.188
1369.332
1367.139
1374.354
1388.543
1393.472
1388.764
1404.723
1410.736
1406.028
1406.1
1410.619
1410.547
1424.472
1428.214
1428.916
1429.828
1437.119
1438.41
1437.119
1436.207
1435.505
1465.011
1460.492
1453.201
1450.416
1457.817
1460.714
1456.875
1453.977
1511.688
1510.805
1547.623
1545.909
1541.234
1539.412
1495.688
1503.315
1508.201
1506.838
1506.117
1504.916
1497.289
1494.692
1504.237
1505.438
1506.159
1504.338
1506.935
1508.756
1503.87
1502.669
1461
1468.403
1453.346
1511.057
1512.258
1507.201
1512.258
1527.315
1568.984
1561.581
1559.331
1544.774
1526.718
1529.028
1543.973
1579.933
1573.94
1572.58
1571.62
1572.58
1571.84
1540.76
1526.093
1518.413
1513.653
1515.013
1515.088
1546.168
1560.835
1568.515
1573.275
1573.2
1573.94
1605.02
1604.28
1602.32
1600.98
1587.68
1583.597
1585.557
1586.517
1571.85
1572.59
1573.93
1587.23
1591.313
1605.98
1605.02
1609.18
1578.1
1573.94
1574.96
1569.84
1573.09
1556.28
1559.53
1563.963
1599.923
1593.93
1594.67
1589.478
1588.518
1584.085
1583.345
1583.42
1584.38
1586.34
1603.15
1599.9
1599.825
1597.865
1603.057
1601.823
1593.993
1603.793
1598.777
1606.607
1611.623
1612.363
1613.597
1616.263
1618.133
1627.933
1618.133
1616.263
1628.25
1649.53
1657.012
1676.128
1696.848
1694.182
1693.442
1701.122
1701.197
1670.117
1662.437
1647.77
1647.03
1646.07
1647.43
1642.67
1642.595
1647.355
1648.315
1646.955
1647.695
1678.775
1693.442
1692.208
1677.263
1618.013
1615.703
1579.743
1574.552
1559.093
1551.493
1508.713
1544.673
1545.907
1605.157
1620.102
1622.412
1630.012
1645.47
1650.662
1693.442
1708.9
1721.64
1707.09
1703.46
1707.86
1703.46
1707.09
1693.79
1707.09
1702.29
1683.173
1681.813
1689.493
1688.533
1667.7
1667.625
1665.665
1684.782
1687.448
1708.282
1723.227
1728.027
1725.36
1710.415
1709.675
1711.635
1680.555
1681.915
1677.155
1662.488
1662.563
1663.523
1655.843
1656.583
1687.663
1702.33
1707.09
1701.89
1659.11
1642.3
1644.06
1649.26
1692.04
1708.85
1707.09
1686.257
1681.24
1681.98
1683.85
1683.11
1681.877
1689.477
1681.647
1686.838
1684.968
1694.768
1699.785
1697.118
1704.948
1706.182
1711.373
1716.565
1716.64
1706.84
1709.507
1713.448
1714.682
1709.49
1705.548
1702.573
1704.708
1707.018
1712.21
1669.43
1633.47
1636.445
1635.212
1619.753
1604.808
1612.408
1604.808
1602.498
1614.348
1616.557
1557.307
1551.883
1593.552
1589.5
1584.273
1588.325
1582.817
1582.349
1612.201
1619.828
1620.295
1634.088
1620.295
1590.443
1595.67
1601.179
1593.552
1623.825
1644.117
1645.052
1630.766
1635.823
1634.498
1634.425
1633.49
1603.218
1603.938
1609.003
1601.523
1601.596
1602.92
1598.284
1611.011
1610.291
1610.218
1628.838
1651.182
1665.354
1679.64
1674.583
1674.656
1677.286
1672.221
1679.701
1677.071
1681.708
1661.416
1642.795
1628.623
1615.896
1593.552
1589.575
1588.581
1593.468
1595.289
1597.886
1599.088
1599.808
1607.435
1606.234
1603.636
1598.75
1589.205
1590.568
1588.747
1581.12
1580.399
1538.731
1533.674
1532.472
1525.07
1490.044
1487.964
1485.813
1483.563
1472.021
1471.554
1468.753
1459.481
1458.156
1462.769
1465.57
1466.037
1475.31
1476.635
1472.021
1466.794
1471.859
1471.138
1471.065
1470.344
1440.071
1444.708
1452.188
1455.045
1485.318
1471.032
1470.959
1470.024
1462.544
1462.617
1463.942
1462.617
1463.552
1458.916
1454.597
1419.571
1418.636
1419.357
1418.156
1416.334
1413.737
1406.11
1404.747
1399.86
1436.45
1435.49
1437.05
1435.817
1437.177
1437.102
1444.782
1440.022
1440.982
1441.057
1455.723
1424.643
1455.723
1460.483
1452.803
1449.87
1450.61
1449.87
1448.91
1447.55
1460.85
1457.22
1443.92
1439.52
1443.15
1447.55
1451.492
1447.55
1450.525
1435.975
1433
1433.96
1432.6
1432.525
1463.605
1463.68
1456
1455.04
1462.72
1467.48
1468.22
1469.58
1464.82
1450.153
1419.073
1418.333
1433
1427.808
1446.925
1448.425
1447.465
1416.385
1408.705
1407.965
1393.298
1393.223
1388.463
1387.103
1381.448
1350.8
1336.64
1328.81
1324.65
1319.283
1318.803
1320.163
1315.763
1303.777
1348.667
1327.387
1348.667
1329.55
1291.75
1301.55
1280.83
1277.855
1268.055
1258.255
1250.773
1271.493
1283.48
1302.597
1304.557
1309.147
1318.947
1321.922
1327.122
1341.788
1338.538
1336.578
1340.662
1378.462
1373.262
1376.512
1371.922
1357.255
1353.172
1351.935
1352.335
1344.655
1349.392
1381.755
1386.955
1373.888
1359.338
1340.222
1319.388
1316.688
1293.748
1288.548
1309.382
1309.307
1314.507
1309.315
1320.785
1335.335
1354.452
1367.518
1372.71
1372.785
1375.485
1371.085
1357.785
1354.155
1350.213
1353.188
1357.13
1354.155
1353.415
1338.748
1337.788
1351.088
1365.755
1369.838
1371.178
1340.098
1326.798
1357.878
1358.838
1362.998
1358.915
1360.875
1356.715
1355.375
1356.115
1354.155
1318.195
1316.562
1348.925
1335.858
1298.058
1300.725
1304.625
1342.425
1355.492
1358.677
1348.143
1342.943
1338.353
1336.393
1333.143
1316.333
1321.525
1338.335
1333.143
1335.103
1338.353
1342.295
1345.27
1342.295
1338.353
1336.993
1327.473
1326.993
1324.118
1319.382
1328.902
1330.262
1330.742
1333.617
1338.353
1334.065
1338.465
1353.41
1337.952
1332.177
1334.047
1365.127
1380.585
1367.285
1367.21
1352.66
1331.827
1329.127
1323.927
1318.735
1305.668
1286.552
1275.082
1276.332
1280.765
1285.525
1285.125
1280.365
1279.115
1274.682
1275.082
1273.212
1257.753
1259.623
1290.703
1306.162
1275.082
1278.982
1280.342
1301.492
1305.433
1310.023
1311.442
1316.202
1326.735
1328.235
1279.995
1281.755
1295.055
1297.048
1317.768
1272.878
1284.865
1286.265
1264.985
1245.868
1236.068
1257.348
1236.628
1244.11
1232.123
1251.24
1248.265
1251.24
1247.298
1251.24
1235.782
1237.652
1239.86
1245.04
1243.17
1212.09
1201.557
1205.64
1201.24
1199.247
1200.607
1164.647
1166.397
1197.477
1192.297
1190.427
1205.885
1203.677
1205.547
1204.587
1203.847
1172.767
1159.467
1158.127
1156.167
1152.083
1147.923
1133.257
1131.157
1116.997
1094.057
1074.94
1071.965
1049.025
1050.785
1046.885
1044.925
1035.405
1029.685
1027.925
1033.645
1043.165
1045.125
1049.025
1050.895
1066.353
1097.433
1081.975
1080.105
1049.025
1052.967
1057.367
1054.392
1050.45
1051.357
1054.332
1049.932
1044.732
1052.562
1065.302
1055.782
1057.652
1042.193
1073.273
1071.403
1086.862
1055.782
1102.752
1104.002
1105.362
1106.772
1117.012
1118.882
1149.962
1118.882
1134.34
1132.47
1117.012
1119.887
1117.012
1112.275
1110.915
1110.435
1100.915
1110.435
1111.795
1112.275
1117.012
1108.872
1104.93
1101.955
1100.537
1101.955
1106.715
1085.565
1080.805
1076.863
1072.273
1076.863
1087.397
1108.547
1109.907
1113.807
1109.907
1108.547
1098.013
1101.955
1107.73
1076.65
1074.34
1058.882
1057.012
1042.067
1021.233
1016.433
997.317
994.65
992.69
991.29
979.303
1000.023
1021.303
1000.583
981.467
973.985
952.705
997.595
1016.712
1028.698
1038.498
1017.778
1019.338
1026.938
1039.678
1055.137
1058.387
1075.197
1073.237
1056.427
1051.235
1056.427
1053.177
1055.137
1071.947
1052.313
1055.288
1076.438
1077.798
1079.048
1126.018
1127.428
1126.018
1124.658
1123.408
1076.438
1072.538
1076.438
1063.372
1066.557
1063.372
1025.572
1063.372
1076.438
1097.588
1118.422
1115.447
1120.405
1133.705
1147.005
1145.445
1151.778
1149.785
1169.418
1159.618
1182.558
1179.892
1166.592
1211.482
1208.232
1206.892
1205.532
1185.898
1143.118
1137.918
1136.158
1119.348
1120.368
1120.293
1129.813
1148.93
1151.597
1155.885
1157.303
1159.173
1164.365
1167.55
1166.3
1119.33
1117.97
1116.56
1106.027
1110.787
1112.205
1116.795
1115.377
1110.617
1121.15
1125.05
1126.41
1147.56
1151.502
1146.912
1142.97
1121.82
1117.92
1116.56
1130.72
1126.637
1128.397
1125.697
1135.937
1137.437
1141.725
1160.842
1160.362
1165.553
1162.887
1164.305
1167.49
1177.01
1179.677
1181.037
1171.237
1161.717
1160.357
1155.62
1157.49
1154.615
1175.335
1173.465
1172.047
1168.862
1190.142
1235.032
1230.743
1211.627
1206.435
1209.31
1228.427
1209.31
1164.42
1143.14
1152.94
1164.927
1169.663
1170.143
1158.157
1137.437
1121.978
1125.245
1125.17
1132.85
1137.61
1138.57
1139.31
1140.67
1140.745
1155.412
1186.492
1189.742
1188.835
1190.072
1189.052
1248.302
1252.202
1251.722
1213.922
1194.805
1197.472
1195.602
1191.313
1189.895
1187.228
1192.42
1211.537
1214.722
1216.14
1218.01
1214.825
1219.113
1213.922
1213.847
1214.807
1245.887
1241.127
1245.887
1253.567
1245.887
1247.247
1216.167
1215.427
1214.467
1214.542
1213.182
1213.922
1228.588
1213.922
1207.588
1148.338
1161.638
1167.413
1169.363
1184.822
1187.132
1189.832
1202.572
1199.387
1195.098
1193.68
1197.968
1196.098
1193.432
1195.302
1200.493
1201.912
1221.028
1201.912
1196.72
1199.387
1202.572
1203.532
1195.852
1181.185
1188.865
1187.905
1187.83
1186.47
1186.545
1155.465
1170.132
1165.372
1170.132
1201.212
1201.952
1203.312
1202.572
1201.012
1204.912
1191.612
1193.562
1209.02
1221.76
1224.46
1230.235
1224.46
1221.76
1219.81
1204.352
1206.662
1193.922
1191.612
1190.872
1189.912
1189.837
1188.477
1173.81
1166.13
1161.37
1130.29
1130.365
1131.105
1162.185
1163.145
1170.825
1203.188
1206.122
1207.482
1208.162
1209.58
1252.36
1249.693
1252.36
1254.23
1255.648
1258.833
1256.963
1261.252
1258.067
1252.875
1251.457
1247.168
1228.052
1233.243
1252.36
1267.027
1262.943
1225.143
1221.893
1225.977
1231.177
1216.51
1214.55
1217.525
1227.325
1231.915
1233.875
1228.675
1225.7
1215.9
1211.31
1214.56
1252.36
1236.902
1239.602
1245.377
1247.327
1249.637
1262.377
1249.637
1243.862
1241.162
1238.852
1236.902
1252.36
1253.7
1255.06
1254.32
1223.24
1220.307
1212.627
1211.947
1210.987
1211.062
1212.022
1219.702
1220.442
1251.522
1266.188
1270.948
1272.308
1270.948
1270.873
1289.99
1270.873
1267.688
1270.355
1265.163
1266.582
1269.767
1271.637
1267.348
1271.637
1268.97
1267.1
1265.682
1270.873
1274.058
1229.168
1229.908
1242.975
1247.485
1230.675
1228.715
1223.523
1220.273
1222.223
1227.998
1228.958
1226.648
1213.908
1226.648
1220.873
1205.415
1202.715
1200.765
1205.525
1213.205
1227.872
1243.33
1245.64
1246.38
1249.08
1249.155
1250.515
1249.155
1249.08
1248.12
1247.38
1232.713
1225.033
1193.953
1225.033
1220.273
1222.143
1224.81
1229.57
1230.988
1235.578
1239.103
1240.522
1245.713
1248.898
1244.61
1239.418
1236.233
1217.117
1215.698
1234.815
1232.945
1230.278
1234.567
1230.625
1229.265
1224.675
1223.257
1218.497
1222.397
1223.757
1227.698
1238.232
1217.082
1213.182
1202.648
1197.457
1195.587
1208.887
1210.247
1205.487
1205.412
1236.492
1235.132
1235.207
1236.167
1236.907
1239.84
1247.52
1246.56
1231.893
1200.813
1200.073
1192.393
1197.153
1199.463
1196.763
1212.222
1214.172
1226.912
1232.687
1226.912
1224.962
1227.662
1212.203
1209.893
1197.153
1201.663
1239.463
1231.863
1210.583
1165.693
1146.577
1125.857
1113.87
1104.07
1125.35
1144.467
1156.453
1166.253
1186.973
1231.863
1227.575
1224.39
1222.972
1217.78
1198.663
1195.997
1194.127
1195.087
1195.162
1194.422
1193.062
1192.987
1161.907
1154.227
1149.467
1154.227
1151.293
1152.653
1183.733
1184.473
1199.14
1198.18
1205.86
1203.55
1190.81
1206.268
1208.218
1210.918
1205.143
1203.193
1200.493
1185.035
1187.345
1193.12
1205.86
1202.675
1164.875
1160.975
1147.908
1142.708
1144.127
1164.96
1184.593
1179.402
1164.735
1157.055
1156.98
1156.02
1155.28
1150.52
1150.595
1119.515
1120.255
1151.335
1154.268
1161.948
1166.708
1165.348
1166.308
1167.668
1188.948
1194.668
1207.408
1208.768
1218.288
1218.768
1223.505
1223.025
1221.665
1218.79
1214.053
1204.533
1207.408
1213.183
1215.883
1217.833
1233.292
1246.032
1248.342
1245.642
1243.692
1228.233
1225.923
1213.183
1207.408
1199.728
1199.653
1198.693
1197.953
1166.873
1163.94
1159.18
1157.82
1141.01
1108.647
1106.697
1109.007
1106.697
1108.647
1111.347
1117.122
1129.862
1124.087
1121.387
1105.928
1121.387
1108.647
1107.147
1119.133
1113.358
1110.658
1097.918
1095.968
1080.51
1078.2
1090.94
1094.882
1096.832
1075.552
1069.832
1057.092
1069.832
1075.552
1096.832
1127.912
1115.172
1115.912
1117.672
1112.472
1122.712
1118.122
1114.18
1110.655
1109.295
1105.395
1110.155
1114.745
1113.327
1134.477
1138.377
1133.617
1134.977
1138.918
1140.337
1150.87
1140.337
1150.87
1149.11
1152.08
1153.317
1148.125
1115.762
1164.002
1165.502
1168.687
1211.467
1214.733
1228.033
1232.623
1231.373
1230.973
1226.54
1221.78
1234.52
1242.12
1243.68
1236.08
1223.34
1221.78
1237.238
1221.78
1252.86
1231.58
1252.86
1240.12
1234.4
1247.14
1252.86
1258.58
1256.82
1247.02
1235.033
1190.143
1168.863
1170.623
1174.523
1176.483
1186.003
1180.283
1178.323
1174.423
1155.307
1134.587
1125.067
1122.4
1120.65
1163.43
1150.13
1145.393
1140.993
1139.633
1124.688
1111.948
1090.668
1084.948
1082.073
1082.553
1085.428
1090.165
1080.645
1080.165
1081.525
1080.165
1089.685
1084.948
1065.832
1064.925
1071.258
1069.758
1072.458
1087.125
1090.095
1089.695
1081.865
1102.698
1108.418
1155.388
1158.638
1160.388
1161.728
1161.803
1162.763
1198.723
1203.157
1203.897
1202.537
1198.637
1177.487
1172.727
1162.193
1157.603
1153.662
1152.243
1157.363
1152.405
1148.322
1146.962
1151.552
1151.627
1172.777
1173.737
1204.817
1212.497
1217.257
1231.923
1232.663
1232.738
1234.098
1244.338
1246.208
1263.018
1268.035
1269.595
1274.962
1289.628
1310.348
1325.015
1317.335
1302.668
1271.588
1270.848
1266.088
1265.128
1265.203
1266.163
1266.903
1265.543
1265.468
1273.148
1277.908
1279.268
1310.348
1309.608
1345.568
1346.528
1347.268
1347.193
1351.627
1351.702
1350.742
1314.782
1310.348
1315.468
1298.658
1298.583
1297.623
1296.883
1327.963
1296.883
1282.217
1274.537
1269.777
1271.137
1271.212
1272.172
1276.932
1284.612
1299.278
1297.918
1298.658
1303.058
1351.298
1352.798
1339.498
1336.313
1293.533
1298.123
1294.857
1246.617
1242.027
1255.327
1258.512
1265.642
1268.908
1267.408
1254.668
1254.743
1259.503
1260.863
1256.103
1256.028
1263.708
1278.375
1309.455
1310.195
1309.235
1308.495
1277.415
1262.748
1255.068
1253.708
1254.668
1244.428
1224.795
1225.755
1227.115
1231.875
1262.955
1255.275
1250.515
1265.182
1265.922
1273.602
1242.522
1241.782
1240.822
1240.747
1226.08
1224.72
1224.795
1226.155
1224.795
1229.532
1232.407
1229.532
1220.012
1215.275
1224.795
1224.315
1224.795
1215.275
1219.675
1222.65
1229.23
1206.29
1254.53
1253.57
1253.645
1249.212
1248.472
1252.905
1288.865
1289.825
1289.75
1290.49
1254.53
1254.455
1253.095
1248.335
1249.075
1250.435
1250.51
1249.77
1280.85
1288.53
1293.29
1278.623
1247.543
1239.863
1254.53
1253.57
1254.53
1241.23
1253.97
1268.13
1277.65
1292.317
1305.617
1306.977
1305.617
1305.542
1304.582
1335.662
1304.582
1289.915
1282.235
1277.475
1278.435
1278.51
1279.25
1278.51
1293.177
1297.937
1305.617
1310.817
1297.517
1252.627
1254.727
1262.407
1267.607
1265.847
1261.447
1259.453
1267.133
1268.04
1247.207
1248.167
1252.927
1267.593
1298.673
1298.748
1293.988
1292.628
1292.553
1291.593
1292.333
1261.253
1246.587
1245.847
1238.167
1239.527
1244.543
1254.783
1256.343
1271.01
1265.993
1264.123
1265.993
1271.36
1265.993
1255.753
1254.193
1239.527
1222.717
1239.527
1286.497
1286.422
1285.682
1290.442
1293.375
1292.015
1260.935
1246.268
1246.343
1241.583
1242.943
1243.903
1244.643
1249.823
1257.503
1249.823
1248.863
1284.823
1283.863
1283.788
1279.355
1243.395
1244.355
1243.615
1248.048
1248.788
1248.863
1291.643
1301.163
1311.403
1319.083
1332.383
1337.4
1341.56
1373.923
1393.557
1408.223
1403.023
1398.433
1360.633
1350.833
1355.423
1357.383
1361.467
1399.267
1402.517
1405.492
1390.825
1396.025
1392.775
1402.575
1399.6
1397.64
1393.557
1372.407
1393.557
1396.257
1391.077
1386.317
1378.637
1375.703
1374.343
1374.268
1373.308
1372.568
1358.408
1363.528
1368.288
1383.233
1379.983
1381.543
1417.663
1437.297
1441.238
1444.423
1452.463
1431.313
1437.033
1423.967
1381.187
1343.387
1337.612
1343.387
1363.02
1358.587
1363.02
1363.76
1327.8
1363.76
1364.72
1364.645
1363.905
1363.98
1363.02
1356.44
1308.2
1314.78
1319.18
1327.22
1322.82
1321.48
1336.938
1335.702
1332.727
1342.967
1332.727
1317.268
1318.828
1306.088
1321.547
1319.987
1332.727
1340.327
1332.727
1289.947
1280.427
1248.063
1261.363
1271.603
1266.587
1262.427
1271.947
1264.267
1250.967
1270.6
1274.76
1255.127
1260.143
1302.923
1292.683
1300.363
1332.727
1332.247
1327.51
1324.635
1323.275
1313.755
1315.115
1322.715
1324.215
1328.805
1329.825
1328.325
1330.075
1331.325
1324.195
1327.38
1370.16
1373.427
1370.16
1321.92
1318.735
1305.435
1310.025
1358.265
1371.565
1366.975
1365.475
1366.975
1347.342
1356.942
1358.502
1363.868
1361.998
1345.188
1330.522
1347.332
1352.348
1362.588
1364.458
1359.092
1348.852
1347.292
1342.275
1356.942
1352.432
1351.013
1350.273
1345.84
1344.88
1344.805
1308.845
1310.605
1251.355
1265.905
1259.572
1269.372
1278.972
1277.022
1319.802
1324.818
1282.038
1277.878
1270.198
1256.898
1251.882
1241.642
1209.278
1189.645
1199.885
1209.405
1199.885
1213.185
1217.345
1249.708
1269.342
1277.022
1273.122
1277.712
1276.692
1275.952
1280.752
1268.765
1268.025
1299.105
1301.205
1299.245
1301.005
1304.905
1306.865
1297.345
1303.065
1301.305
1297.405
1306.925
1301.205
1299.705
1301.065
1296.475
1276.842
1275.822
1268.222
1269.242
1273.832
1272.472
1273.972
1270.787
1234.667
1254.3
1257.485
1261.427
1297.547
1299.107
1306.707
1305.147
1301.205
1343.985
1333.745
1340.325
1337.355
1329.315
1324.915
1318.335
1366.575
1370.975
1377.555
1346.475
1325.642
1322.375
1290.012
1279.478
1281.348
1298.158
1312.825
1302.585
1304.145
1309.512
1314.528
1324.768
1322.898
1317.882
1316.322
1310.955
1294.145
1279.478
1269.958
1279.478
1289.718
1297.398
1329.762
1324.745
1320.585
1300.952
1258.172
1225.808
1268.588
1288.222
1277.982
1291.282
1296.298
1288.618
1275.318
1279.478
1284.238
1286.938
1288.298
1289.858
1294.258
1298.848
1313.398
1314.305
1317.005
1317.745
1313.803
1332.92
1331.56
1328.375
1333.575
1352.692
1348.792
1347.373
1348.933
1350.167
1354.455
1341.155
1327.855
1337.455
1334.188
1376.968
1334.188
1285.948
1284.448
1279.858
1293.158
1296.343
1344.583
1347.85
1349.35
1346.165
1350.755
1346.165
1344.805
1346.305
1350.895
1343.295
1342.275
1340.775
1342.135
1349.735
1350.755
1348.995
1344.405
1345.642
1326.008
1315.768
1272.988
1265.308
1255.788
1259.948
1264.965
1272.095
1304.458
1312.138
1298.838
1309.078
1318.598
1338.232
1334.072
1329.055
1342.355
1309.992
1323.292
1324.252
1323.015
1291.935
1287.425
1280.845
1285.245
1280.845
1287.425
1335.665
1287.425
1283.483
1247.363
1245.803
1265.437
1245.803
1248.988
1285.108
1286.668
1283.483
1287.425
1289.735
1337.975
1343.342
1353.582
1358.598
1356.728
1339.918
1333.585
1335.145
1338.412
1353.078
1354.948
1349.582
1344.565
1334.325
1332.765
1318.098
1334.908
1358.312
1377.428
1382.387
1390.067
1422.43
1414.75
1428.05
1420.92
1401.287
1368.923
1363.907
1353.667
1344.147
1349.163
1335.863
1346.103
1341.943
1361.577
1365.737
1375.257
1418.037
1410.437
1415.027
1416.387
1423.987
1425.007
1423.987
1419.397
1420.897
1419.397
1418.037
1405.297
1400.177
1410.71
1420.51
1420.435
1424.335
1427.52
1440.587
1478.387
1499.667
1491.987
1497.178
1501.938
1505.838
1493.098
1477.64
1476.08
1468.48
1469.98
1468.64
1458.4
1459.14
1459.215
1463.648
1499.608
1500.568
1457.788
1490.152
1509.785
1514.802
1504.562
1547.342
1534.042
1543.562
1535.882
1540.042
1547.722
1561.022
1528.658
1509.025
1504.865
1499.848
1490.328
1500.568
1502.128
1518.938
1521.872
1520.512
1525.272
1529.862
1515.195
1513.635
1515.505
1511.105
1509.545
1513.945
1513.038
1510.338
1513.038
1508.278
1493.728
1495.288
1500.655
1498.785
1499.692
1495.102
1509.652
1507.692
1502.325
1512.125
1515.1
1519.183
1521.143
1524.393
1562.193
1566.783
1577.023
1560.213
1556.963
1551.763
1548.788
1538.988
1534.398
1535.758
1531.675
1493.875
1488.858
1503.525
1508.725
1494.058
1483.818
1488.835
1446.055
1439.475
1443.875
1492.115
1443.875
1439.475
1446.055
1460.605
1455.485
1412.705
1409.52
1361.28
1358.013
1356.513
1351.923
1338.623
1341.873
1361.507
1394.067
1396.027
1396.987
1428.067
1442.733
1450.413
1455.173
1456.533
1457.273
1457.348
1461.29
1465.88
1469.065
1467.565
1466.205
1458.605
1454.663
1453.103
1452.083
1459.683
1423.563
1418.973
1415.788
1396.155
1397.175
1398.735
1403.895
1405.395
1425.028
1426.388
1430.33
1435.522
1436.722
1444.402
1459.068
1463.828
1494.908
1463.828
1462.868
1463.828
1463.903
1465.263
1460.503
1445.837
1445.097
1445.022
1443.662
1435.982
1436.722
1434.622
1430.222
1431.182
1435.615
1435.54
1436.28
1436.355
1435.395
1399.435
1395.002
1394.262
1430.222
1425.462
1424.102
1425.062
1425.137
1394.057
1379.39
1378.43
1377.69
1377.615
1385.295
1390.055
1391.415
1369.56
1399.833
1400.554
1393.073
1397.125
1401.302
1387.51
1386.627
1390.679
1432.347
1451.471
1464.425
1495.948
1476.825
1486.097
1482.045
1477.159
1482.045
1450.523
1443.042
1430.088
1437.568
1395.899
1386.627
1376.653
1386.627
1385.692
1385.765
1387.089
1382.453
1374.972
1360.687
1390.959
1390.239
1394.875
1395.81
1396.531
1410.817
1418.297
1416.972
1416.899
1423.603
1429.323
1416.023
1395.19
1396.55
1365.47
1350.803
1358.483
1363.243
1362.283
1341.185
1371.458
1372.179
1373.114
1373.187
1372.466
1367.83
1366.505
1359.024
1358.951
1338.351
1336.646
1366.919
1374.399
1360.114
1364.75
1363.425
1363.352
1362.417
1332.144
1366.928
1359.248
1354.488
1355.848
1355.923
1356.883
1357.623
1372.29
1366.515
1356.995
1356.255
1360.688
1361.648
1357.215
1393.175
1392.215
1392.29
1393.03
1357.07
1356.995
1346.755
1361.422
1378.232
1380.102
1375.085
1369.718
1371.278
1369.718
1366.785
1377.025
1360.215
1358.345
1363.712
1368.728
1370.722
1365.002
1396.082
1403.762
1403.022
1403.097
1426.5
1428.133
1426.773
1395.693
1400.453
1401.813
1387.147
1379.467
1379.392
1374.632
1375.372
1376.332
1375.372
1378.305
1377.285
1375.925
1374.425
1375.445
1383.045
1384.545
1385.905
1390.495
1382.895
1378.305
1426.545
1433.125
1426.545
1378.305
1382.705
1378.305
1380.405
1439.655
1441.405
1438.43
1461.833
1463.467
1440.063
1438.43
1438.505
1446.185
1460.852
1461.592
1462.552
1457.792
1457.052
1449.372
1446.438
1415.358
1414.398
1414.323
1412.963
1444.043
1448.803
1450.163
1445.147
1434.907
1415.273
1372.493
1362.973
1330.61
1322.93
1309.63
1305.47
1319.63
1298.48
1301.18
1298.48
1313.938
1293.218
1296.403
1292.503
1269.1
1267.467
1271.367
1309.167
1322.233
1323.993
1325.627
1312.56
1314.43
1319.23
1364.12
1326.32
1349.723
1346.538
1347.278
1348.238
1379.318
1379.393
1382.327
1383.687
1388.447
1387.087
1382.327
1381.587
1350.507
1350.432
1358.112
1343.445
1335.765
1334.805
1320.138
1324.728
1323.095
1299.692
1323.095
1324.728
1324.803
1324.728
1320.295
1284.335
1283.375
1284.335
1285.075
1289.508
1325.468
1324.728
1320.828
1318.868
1320.828
1326.548
1324.788
1315.268
1314.308
1308.588
1305.655
1315.175
1315.1
1313.74
1315.5
1307.82
1303.06
1306.96
1306.22
1275.14
1279.082
1315.202
1334.835
1336.395
1333.21
1329.268
1324.108
1322.548
1325.733
1306.1
1300.9
1281.267
1234.297
1235.93
1259.333
1235.93
1234.297
1189.407
1234.297
1232.537
1230.667
1232.427
1237.227
1239.097
1234.297
1249.755
1251.625
1259.455
1260.688
1261.428
1266.445
1274.275
1297.215
1299.175
1300.412
1303.078
1312.878
1334.028
1347.095
1356.895
1347.095
1345.335
1343.702
1320.298
1321.932
1345.335
1359.885
1347.145
1395.385
1418.788
1395.385
1397.018
1395.385
1394.645
1393.412
1390.745
1380.945
1381.685
1382.918
1390.748
1382.918
1384.788
1379.772
1384.788
1386.188
1384.318
1386.985
1385.425
1389.825
1390.732
1392.092
1394.792
1399.552
1414.102
1415.662
1414.302
1409.712
1408.805
1406.105
1401.345
1386.795
1391.385
1386.985
1379.385
1377.885
1373.295
1371.935
1370.915
1376.115
1383.795
1378.595
1399.745
1354.855
1350.055
1394.945
1396.815
1395.182
1371.778
1376.578
1399.982
1401.742
1399.872
1398.112
1399.745
1398.185
1393.752
1393.012
1392.937
1387.92
1377.68
1360.87
1371.11
1387.92
1386.05
1391.067
1396.433
1399.367
1363.407
1348.74
1350.61
1349.65
1344.283
1345.023
1349.457
1355.45
1356.41
1357.97
1358.045
1350.215
1348.982
1348.242
1343.225
1341.825
1346.842
1347.582
1350.248
1352.118
1353.352
1350.685
1360.485
1368.315
1366.445
1363.475
1316.505
1310.785
1307.535
1292.868
1284.828
1289.787
1287.087
1285.453
1262.05
1285.453
1287.087
1297.327
1311.877
1310.127
1294.668
1295.905
1303.735
1305.695
1328.635
1315.568
1331.027
1340.827
1339.59
1335.302
1342.982
1344.742
1334.942
1336.178
1328.348
1307.198
1328.348
1305.408
1318.475
1316.515
1339.918
1316.515
1314.882
1316.515
1319.182
1321.052
1328.882
1330.115
1330.855
1335.872
1337.272
1334.605
1326.775
1324.905
1324.165
1319.148
1309.348
1308.115
1356.355
1308.115
1312.515
1305.935
1301.535
1308.115
1309.985
1354.875
1356.635
1354.765
1349.965
1305.075
1303.315
1308.115
1303.355
1318.3
1339.45
1334.33
1324.73
1329.018
1313.56
1290.157
1288.523
1298.323
1303.34
1304.573
1302.703
1310.533
1307.867
1309.737
1310.477
1309.737
1304.72
1307.387
1299.557
1298.323
1296.923
1281.978
1287.098
1285.848
1295.368
1295.293
1294.553
1293.593
1289.16
1283.167
1287.903
1332.793
1287.903
1283.103
1281.233
1282.993
1287.793
1286.033
1287.903
1285.237
1277.407
1276.173
1285.973
1276.173
1275.433
1276.667
1284.497
1287.163
1289.033
1284.017
1282.147
1282.887
1287.903
1300.97
1291.17
1289.61
1284.41
1292.24
1290.28
1291.517
1283.687
1262.537
1261.3
1248.233
1250.193
1234.735
1250.193
1259.993
1237.053
1251.998
1274.938
1296.088
1298.038
1295.372
1296.932
1295.062
1300.222
1295.205
1275.572
1272.387
1273.62
1269.678
1261.848
1225.728
1226.468
1230.41
1233.595
1238.612
1248.412
1251.078
1241.278
1240.045
1259.678
1258.118
1257.378
1265.208
1267.078
1271.815
1277.47
1278.81
1281.12
1276.32
1277.06
1257.943
1226.863
1224.553
1225.46
1227.22
1229.09
1184.2
1229.09
1224.29
1222.53
1227.33
1225.46
1240.127
1244.887
1245.627
1253.307
1253.382
1254.342
1255.702
1286.782
1286.042
1284.808
1276.978
1274.312
1272.442
1262.642
1257.625
1259.495
1276.305
1281.672
1276.305
1259.495
1254.478
1257.412
1255.852
1252.918
1251.048
1240.808
1251.048
1252.608
1257.625
1265.305
1266.665
1266.74
1267.7
1268.44
1299.52
1284.853
1280.093
1284.853
1277.173
1246.093
1245.353
1238.773
1238.698
1237.338
1252.005
1274.945
1272.845
1280.445
1284.528
1269.978
1283.045
1286.23
1267.113
1266.153
1256.553
1264.153
1241.213
1254.513
1269.972
1279.772
1292.838
1313.988
1321.818
1344.758
1346.718
1344.758
1343.522
1344.758
1329.3
1319.5
1306.433
1308.393
1287.243
1279.413
1276.713
1283.047
1273.247
1268.487
1268.562
1269.302
1314.192
1306.512
1291.845
1260.765
1260.025
1259.95
1256.05
1254.69
1255.65
1257.52
1258.88
1263.68
1262.72
1267.48
1265.61
1263.85
1265.61
1260.81
1215.92
1212.735
1199.668
1207.348
1222.015
1253.095
1215.295
1216.855
1228.842
1238.442
1274.402
1295.122
1301.702
1288.402
1287.042
1286.082
1287.042
1286.967
1291.727
1286.967
1294.647
1309.313
1340.393
1309.313
1310.673
1310.748
1311.488
1296.822
1296.082
1288.402
1281.822
1233.582
1240.162
1288.402
1284.002
1288.402
1293.418
1298.218
1312.378
1311.638
1311.563
1280.483
1288.163
1283.403
1314.483
1315.223
1307.543
1307.618
1308.978
1308.018
1322.685
1323.645
1322.905
1327.665
1326.305
1311.638
1309.768
1311.528
1356.418
1361.218
1363.088
1361.328
1316.438
1311.638
1358.608
1353.848
1355.598
1400.488
1397.222
1400.472
1395.513
1374.233
1419.123
1422.39
1422.315
1414.635
1413.895
1412.935
1398.268
1367.188
1365.828
1370.588
1378.268
1409.348
1410.088
1413.022
1413.097
1414.457
1409.697
1410.657
1397.59
1418.74
1426.57
1416.77
1418.73
1403.272
1380.332
1359.182
1382.122
1391.922
1389.962
1388.725
1401.792
1403.028
1418.487
1410.657
1406.067
1404.117
1406.067
1401.307
1406.067
1413.747
1412.387
1412.312
1443.392
1444.132
1445.092
1437.412
1438.772
1415.687
1412.83
1382.557
1381.836
1380.901
1380.974
1385.26
1386.584
1387.468
1392.104
1394.734
1396.253
1391.188
1376.903
1372.432
1377.497
1380.394
1389.94
1394.411
1396.32
1400.297
1437.115
1440.281
1454.567
1452.657
1449.76
1440.214
1438.695
1434.224
1429.938
1429.055
1427.731
1425.101
1420.464
1406.292
1410.763
1373.945
1369.968
1366.802
1380.974
1370.714
1369.779
1351.159
1356.216
1354.755
1350.08
1348.365
1304.641
1302.82
1288.534
1287.209
1256.937
1252.3
1244.82
1246.144
1260.43
1259.709
1258.774
1258.701
1263.338
1263.411
1264.346
1265.067
1295.339
1302.82
1297.593
1294.735
1284.761
1279.875
1263.502
1261.68
1260.161
1218.492
1219.709
1232.437
1278.187
1279.511
1280.885
1284.724
1303.847
1306.95
1308.469
1343.651
1340.549
1336.709
1331.683
1312.56
1311.041
1312.346
1307.732
1312.346
1311.041
1305.532
1311.041
1341.313
1342.034
1340.709
1345.346
1352.826
1367.112
1368.047
1337.774
1339.099
1331.619
1317.333
1316.612
1311.976
1311.041
1311.114
1311.041
1331.768
1344.177
1349.748
1338.073
1303.047
1301.528
1321.709
1328.119
1337.469
1372.495
1374.015
1353.833
1347.424
1338.073
1349.748
1348.547
1362.719
1377.776
1412.802
1427.359
1434.761
1437.011
1494.722
1536.391
1537.593
1542.649
1512.377
1504.896
1503.571
1503.498
1502.563
1488.278
1483.641
1482.92
1495.875
1493.966
1492.057
1490.852
1468.508
1460.881
1440.281
1427.554
1418.008
1402.951
1418.008
1425.411
1427.661
1462.687
1467.744
1468.945
1411.234
1425.791
1420.734
1419.532
1431.075
1396.049
1354.38
1339.323
1346.268
1338.865
1324.308
1322.058
1353.581
1369.955
1386.328
1387.211
1391.01
1389.841
1380.49
1379.286
1332.299
1373.968
1367.558
1370.74
1366.455
1372.026
1351.299
1363.708
1384.435
1372.026
1366.455
1359.51
1374.567
1372.317
1373.518
1378.575
1384.412
1386.662
1398.205
1400.284
1392.881
1357.856
1352.799
1360.201
1345.644
1334.102
1341.047
1339.846
1324.789
1326.162
1324.789
1279.039
1277.714
1276.497
1322.247
1323.571
1324.789
1339.846
1337.596
1342.653
1384.321
1391.724
1393.974
1391.894
1449.606
1450.807
1439.265
1438.063
1430.661
1424.823
1419.766
1425.604
1410.547
1403.602
1405.682
1408.409
1418.669
1424.177
1420.378
1425.443
1427.343
1425.443
1437.852
1458.58
1481.375
1485.352
1480.295
1478.216
1479.417
1514.443
1529.5
1571.169
1568.919
1511.208
1510.006
1502.604
1496.766
1481.709
1440.041
1497.752
1499.831
1502.081
1507.138
1514.541
1493.813
1481.404
1475.833
1481.404
1502.131
1514.541
1513.021
1503.67
1505.19
1470.164
1458.489
1452.08
1487.106
1466.924
1476.274
1482.683
1502.865
1514.541
1495.417
1492.252
1495.417
1488.015
1529.683
1544.74
1559.297
1564.354
1571.756
1574.006
1609.032
1666.744
1625.075
1626.276
1624.196
1566.485
1564.235
1559.179
1544.122
1509.096
1507.894
1504.055
1481.26
1500.383
1494.812
1497.612
1483.44
1482.222
1436.472
1435.148
1433.774
1386.787
1407.08
1442.106
1384.394
1369.838
1374.894
1339.869
1338.667
1323.61
1281.942
1274.539
1272.289
1330
1344.557
1346.807
1354.209
1349.153
1364.209
1405.878
1407.08
1416.352
1410.781
1414.58
1416.294
1414.58
1412.67
1408.872
1410.781
1416.352
1407.08
1387.956
1407.08
1408.599
1407.08
1403.977
1400.138
1435.32
1439.159
1442.261
1407.08
1402.466
1396.958
1395.653
1374.925
1369.354
1356.945
1354.899
1352.958
1351.756
1336.7
1331.643
1273.932
1232.263
1224.86
1210.304
1208.054
1173.028
1174.732
1187.687
1192.157
1193.677
1179.885
1184.771
1205.498
1208.601
1205.971
1201.685
1200.36
1195.724
1181.552
1177.081
1175.562
1174.679
1176.578
1174.679
1169.622
1149.021
1143.964
1147.942
1149.763
1151.144
1156.201
1159.304
1163.481
1166.078
1184.698
1173.023
1171.503
1136.477
1127.127
1120.718
1100.536
1104.821
1100.644
1096.174
1111.231
1141.503
1143.325
1144.706
1146.528
1149.125
1152.227
1150.406
1131.786
1128.683
1124.506
1143.127
1138.07
1135.472
1134.091
1138.268
1143.325
1135.844
1158.64
1160.231
1190.503
1205.56
1175.287
1173.466
1175.287
1160.231
1157.633
1176.253
1173.151
1168.974
1167.153
1148.532
1143.476
1146.073
1149.175
1150.997
1155.174
1160.231
1161.612
1160.231
1158.516
1161.414
1129.7
1114.643
1112.821
1082.549
1112.821
1127.878
1129.7
1127.995
1125.365
1130.422
1127.32
1129.917
1125.74
1144.36
1148.537
1145.94
1144.119
1142.737
1147.794
1150.896
1152.718
1147.661
1149.042
1130.422
1133.958
1139.015
1134.963
1130.133
1159.985
1144.929
1146.75
1116.477
1114.656
1116.807
1121.852
1126.029
1144.649
1149.706
1147.109
1149.706
1152.808
1151.427
1153.248
1150.146
1145.969
1127.349
1122.292
1123.674
1121.852
1107.68
1094.726
1090.255
1094.726
1107.68
1126.804
1125.284
1122.182
1103.058
1099.219
1100.739
1065.557
1100.739
1104.578
1107.68
1105.529
1120.586
1118.765
1120.586
1150.859
1145.813
1130.756
1083.769
1026.058
1020.994
1011.721
1013.542
1009.365
990.745
985.688
983.091
988.148
986.326
983.224
986.326
987.708
990.305
988.924
1007.544
1011.721
1013.62
1011.721
1026.778
1028.599
1013.542
983.269
981.448
1011.721
1014.823
1016.644
1019.242
1000.622
1004.799
1023.419
1028.476
1029.857
1027.26
1025.438
1022.336
1020.955
1016.778
1011.721
1016.006
1019.188
1018.468
1021.57
1025.369
1038.096
1074.914
1078.016
1062.959
1078.016
1079.958
1100.558
1130.831
1129.01
1133.685
1191.396
1195.682
1165.409
1167.231
1165.409
1164.028
1160.925
1142.305
1137.248
1141.3
1133.82
1131.222
1127.045
1149.39
1152.019
1172.312
1190.932
1205.104
1205.177
1210.234
1215.299
1228.026
1213.469
1211.648
1181.375
1166.318
1171.148
1168.045
1177.591
1178.058
1191.013
1195.299
1198.834
1202.37
1197.899
1210.854
1215.325
1202.37
1198.393
1200.302
1195.831
1193.922
1184.377
1181.479
1144.661
1158.946
1162.112
1198.93
1202.907
1207.378
1216.924
1219.821
1216.656
1202.37
1207.435
1202.37
1196.201
1193.951
1195.851
1193.951
1237.675
1227.701
1223.026
1221.506
1218.404
1221.506
1256.688
1221.506
1225.346
1206.222
1207.742
1203.903
1223.026
1208.854
1210.763
1237.93
1238.005
1245.685
1260.352
1274.902
1305.982
1319.048
1324.24
1325.2
1346.033
1346.773
1323.833
1328.593
1325.893
1325.968
1345.085
1339.885
1345.085
1345.01
1339.818
1326.752
1312.202
1293.085
1316.025
1295.192
1297.892
1299.252
1312.552
1316.952
1313.322
1308.922
1295.622
1299.252
1294.963
1293.003
1294.24
1281.173
1279.423
1232.453
1201.373
1196.613
1197.973
1198.048
1199.008
1191.328
1222.408
1221.448
1236.115
1240.875
1239.515
1247.195
1247.935
1233.268
1233.193
1232.453
1234.013
1247.313
1248.732
1253.492
1264.025
1268.615
1272.557
1293.707
1297.607
1298.967
1291.367
1293.36
1314.51
1312.517
1307.717
1248.467
1227.317
1224.132
1219.732
1222.917
1282.167
1286.967
1291.367
1286.607
1286.532
1285.172
1284.212
1283.472
1252.392
1237.725
1237.8
1239.16
1239.9
1270.98
1285.647
1290.407
1298.087
1290.407
1291.367
1270.217
1285.675
1288.65
1305.46
1306.42
1305.46
1304.1
1304.025
1272.945
1272.205
1286.872
1287.612
1272.945
1304.025
1305.385
1313.065
1308.305
1300.625
1305.385
1305.46
1325.093
1319.902
1325.268
1310.323
1309.087
1292.277
1275.467
1311.427
1311.502
1315.935
1316.675
1317.635
1318.595
1349.675
1350.415
1319.335
1324.095
1327.028
1312.362
1311.002
1303.322
1302.582
1303.942
1311.622
1306.862
1306.937
1305.977
1305.902
1302.272
1288.972
1284.572
1288.202
1292.602
1305.902
1301.165
1296.148
1291.558
1304.858
1309.448
1296.148
1274.868
1261.568
1256.368
1248.688
1245.755
1276.835
1291.502
1290.142
1290.067
1289.107
1284.347
1289.107
1296.787
1298.147
1298.887
1299.847
1299.922
1299.182
1268.102
1270.052
1268.102
1267.195
1244.255
1249.055
1250.688
1283.248
1270.182
1268.822
1263.622
1258.43
1243.88
1212.8
1191.967
1214.907
1217.607
1238.44
1257.557
1272.107
1285.173
1290.365
1290.44
1290.365
1271.248
1263.568
1258.808
1263.568
1278.235
1309.315
1310.055
1311.015
1311.09
1312.45
1320.13
1319.39
1324.59
1309.923
1286.983
1286.908
1285.948
1283.248
1287.148
1290.333
1287.148
1300.215
1296.315
1258.515
1245.448
1283.248
1268.582
1273.342
1288.008
1319.088
1319.828
1320.788
1328.468
1327.108
1327.183
1319.503
1314.743
1316.103
1285.023
1284.948
1284.208
1283.248
1302.365
1345.145
1349.578
1350.318
1349.358
1350.318
1350.393
1356.387
1320.427
1315.993
1315.253
1315.178
1270.288
1237.925
1241.555
1231.022
1217.722
1214.092
1227.392
1231.792
1227.392
1227.317
1232.077
1231.117
1223.437
1224.797
1224.057
1192.977
1178.31
1173.55
1174.29
1175.25
1173.89
1204.97
1207.903
1215.583
1215.658
1221.378
1223.338
1232.858
1231.098
1232.858
1230.898
1221.378
1215.658
1219.558
1215.658
1212.473
1208.532
1188.898
1152.778
1151.218
1138.152
1130.552
1109.718
1096.418
1090.763
1089.857
1111.007
1107.107
1105.747
1084.597
1080.655
1070.122
1068.703
1064.113
1068.703
1079.237
1083.178
1084.597
1085.957
1089.857
1085.097
1089.857
1089.117
1087.757
1087.682
1082.922
1075.242
1072.308
1041.228
1040.268
1036.185
1038.178
1051.478
1055.108
1056.468
1059.343
1069.583
1077.413
1080.08
1100.913
1077.51
1074.325
1053.175
1048.775
1043.975
1065.125
1069.925
1067.932
1127.182
1131.582
1134.767
1075.517
1077.51
1077.585
1073.152
1067.158
1067.083
1066.343
1102.303
1103.263
1107.697
1106.737
1107.477
1128.757
1114.597
1093.317
1106.617
1102.217
1088.917
1085.287
1089.687
1093.317
1080.017
1075.427
1088.727
1093.317
1093.242
1078.692
1073.492
1054.375
1033.542
1028.35
1025.65
1012.583
989.643
986.393
984.443
986.393
996.633
993.833
1000.413
997.147
1020.55
1037.36
1024.62
979.73
989.33
1034.22
1030.32
1066.28
1030.32
1031.06
1031.135
1035.568
1036.528
1035.568
1034.828
1034.753
1030.32
1017.02
1012.62
1008.99
994.44
1000.095
1021.375
1005.406
1018.83
1022.837
1017.947
1016.49
1011.774
1000.952
999.555
977.825
973.776
978.666
982.716
978.709
989.531
990.928
992.385
997.101
1018.83
1032.495
1036.224
1057.628
1101.58
1081.94
1037.988
1057.628
1065.991
1045.82
1055.889
1051.693
1050.091
1058.454
1055.098
1092.043
1093.029
1092.952
1097.507
1098.267
1097.281
1097.358
1092.803
1055.858
1055.098
1088.348
1085.394
1097.709
1117.349
1131.014
1117.349
1112.634
1114.637
1112.634
1123.455
1110.031
1106.759
1102.752
1063.916
1003.043
998.522
996.474
993.202
988.271
966.541
970.271
991.675
1005.339
1001.61
1021.781
1022.274
1026.469
1023.13
1001.726
988.062
983.507
982.747
981.76
944.815
944.738
913.25
907.916
908.964
907.166
903.894
899.887
910.709
914.759
916.156
894.426
883.604
885.062
880.346
902.075
900.618
904.625
899.735
904.625
900.575
899.178
903.894
905.942
911.276
887.231
888.163
892.878
902.947
908.289
869.454
854.385
849.043
852.382
842.313
837.598
839.611
843.807
840.75
843.807
882.642
897.711
894.372
890.176
888.163
889.396
884.241
880.046
874.712
918.664
938.305
894.353
874.712
881.219
885.74
890.455
888.452
902.116
905.846
927.25
913.586
892.182
888.452
884.723
916.654
917.586
907.517
922.872
922.378
918.104
919.481
914.961
916.964
924.854
921.798
920.12
898.39
893.5
888.784
884.735
888.741
887.344
888.741
887.284
898.106
899.563
904.454
908.503
930.233
934.949
930.942
920.12
951.608
947.878
934.214
937.943
959.348
973.012
951.608
961.471
958.414
959.955
955.435
969.983
967.969
975.86
970.765
974.961
955.32
911.368
907.173
968.046
958.265
962.272
972.053
977.93
976.122
972.115
972.608
973.594
975.608
990.676
995.197
1000.351
1002.159
1000.146
994.269
1015.673
1025.454
1028.193
1008.022
1006.752
1003.396
999.666
1033.118
1011.714
1015.443
1036.848
1033.118
1046.783
1033.118
1028.228
1026.771
1022.055
1000.325
996.318
992.269
981.447
980.05
983.322
996.747
1000.753
1039.589
1037.911
1044.418
1065.705
1067.103
1080.192
1084.747
1079.233
1063.351
1112.913
1126.577
1127.625
1081.505
1084.279
1089.613
1109.253
1113.659
1116.932
1118.389
1121.128
1123.05
1119.32
1105.656
1084.252
1097.916
1101.646
1123.05
1121.447
1127.38
1130.12
1128.199
1125.459
1124.002
1120.729
1126.063
1145.704
1150.11
1153.382
1156.122
1158.043
1153.637
1133.997
1128.663
1130.12
1132.894
1126.134
1112.469
1107.538
1074.086
1094.257
1143.818
1138.485
1158.125
1155.385
1158.658
1163.063
1168.397
1171.137
1169.68
1166.408
1164.486
1165.943
1167.865
1148.224
1143.818
1147.868
1150.608
1189.443
1190.204
1190.281
1195.171
1203.062
1218.13
1250.062
1251.459
1252.445
1253.902
1257.175
1259.096
1255.824
1254.366
1252.445
1249.705
1255.039
1259.445
1262.185
1281.825
1277.42
1272.086
1252.445
1228.401
1229.387
1227.99
1227.913
1226.926
1222.036
1190.104
1175.036
1176.433
1176.51
1177.271
1209.202
1224.271
1232.161
1231.401
1236.291
1228.401
1182.281
1165.01
1214.572
1206.209
1219.298
1217.841
1214.568
1210.163
1190.522
1187.783
1193.116
1212.757
1217.163
1220.435
1221.892
1219.971
1222.711
1217.377
1219.298
1197.894
1196.908
1164.976
1165.675
1165.598
1173.488
1176.502
1175.104
1174.344
1160.68
1156.95
1188.882
1210.286
1214.015
1198.947
1199.933
1200.01
1201.408
1196.517
1188.627
1202.291
1202.481
1207.413
1209.426
1242.676
1244.125
1235.762
1267.693
1268.454
1258.591
1255.851
1251.445
1248.173
1246.716
1244.795
1249.2
1254.534
1274.175
1254.534
1255.991
1257.913
1260.652
1255.318
1258.591
1273.659
1270.646
1269.248
1270.646
1270.568
1275.459
1276.219
1277.205
1277.283
1276.584
1284.474
1252.543
1252.353
1251.366
1243.476
1275.408
1261.743
1262.729
1258.534
1259.932
1255.041
1255.118
1254.358
1255.118
1240.05
1247.94
1246.543
1246.466
1245.479
1250.37
1218.438
1233.507
1225.616
1257.548
1258.534
1262.94
1243.3
1237.966
1239.887
1241.344
1244.616
1264.257
1262.336
1259.596
1258.139
1253.733
1250.461
1253.2
1258.534
1273.603
1241.671
1226.603
1218.712
1213.822
1214.808
1215.568
1215.646
1214.659
1222.55
1227.44
1226.68
1228.077
1228
1226.603
1258.534
1238.894
1228.825
1216.51
1205.99
1211.332
1200.51
1180.87
1175.536
1172.796
1170.875
1169.418
1166.146
1161.74
1128.49
1131.546
1136.067
1104.135
1103.375
1088.307
1083.416
1084.813
1084.89
1085.877
1100.945
1108.836
1113.726
1112.74
1112.663
1111.265
1143.197
1135.307
1136.067
1140.074
1145.416
1106.58
1116.649
1119.705
1134.774
1131.435
1116.366
1112.171
1110.158
1105.442
1095.373
1092.317
1086.974
1091.69
1095.029
1097.043
1135.878
1122.454
1119.182
1080.346
1076.339
1089.764
1128.599
1131.872
1136.067
1118.796
1086.865
1071.796
1071.036
1075.926
1075.849
1083.74
1082.753
1081.356
1076.466
1068.575
1069.973
1085.041
1086.027
1086.788
1118.719
1118.796
1115.067
1093.663
1079.998
1082.192
1081.699
1059.836
1065.178
1068.517
1067.12
1062.229
1054.339
1039.271
1007.339
1006.579
1006.656
1008.053
1007.067
1022.135
1030.026
1034.916
1034.839
1035.825
1036.586
1068.517
1076.325
1089.99
1095.503
1096.736
1098.277
1101.634
1103.01
1098.079
1064.829
1069.76
1103.01
1100.997
1103.01
1097.668
1092.952
1101.315
1095.505
1094.108
1079.039
1078.962
1078.202
1077.216
1069.325
1064.435
1032.503
1033.551
1041.36
1042.757
1044.298
1049.014
1050.692
1051.959
1054.913
1076.317
1084.361
1086.409
1087.807
1091.536
1102.057
1100.659
1103.399
1117.063
1103.399
1099.67
1096.93
1075.526
1065.005
1062.957
1054.913
1051.959
1053.5
1067.164
1072.678
1074.055
1068.541
1065.185
1057.377
1060.733
1059.356
1057.815
1044.151
1045.384
1044.151
1051.959
1046.625
1068.354
1083.423
1085.344
1089.394
1097.438
1099.116
1100.914
1087.49
1055.558
1060.652
1062.461
1064.509
1065.269
1065.346
1069.901
1070.887
1107.832
1106.599
1092.935
1085.127
1079.613
1082.969
1079.613
1078.072
1079.613
1080.99
1088.798
1102.462
1107.976
1109.209
1107.832
1112.723
1160.979
1139.116
1118.945
1103.591
1098.7
1102.75
1081.021
1089.065
1090.986
1092.664
1107.733
1109.531
1107.733
1099.688
1095.639
1093.961
1078.892
1076.971
1098.7
1101.577
1098.221
1096.68
1095.303
1089.789
1081.981
1089.789
1088.557
1102.221
1107.735
1108.967
1110.344
1111.885
1098.221
1101.577
1103.591
1098.659
1096.646
1063.396
1068.327
1101.577
1103.034
1093.171
1101.534
1100.548
1100.471
1100.548
1101.308
1105.863
1142.808
1143.795
1143.034
1138.479
1101.534
1109.342
1104.627
1103.579
1102.182
1094.373
1095.421
1100.137
1101.678
1103.075
1101.534
1093.644
1089.123
1087.89
1082.377
1081
1082.541
1079.185
1071.377
1079.185
1082.541
1081
1082.377
1068.712
1074.226
1087.89
1089.123
1091.045
1086.995
1088.673
1103.741
1095.697
1103.741
1107.791
1129.521
1127.599
1125.921
1110.853
1109.055
1110.853
1089.123
1074.575
1079.13
1077.322
1079.13
1073.253
1071.24
1075.247
1077.26
1087.041
1092.918
1083.137
1079.13
1088.993
1091.041
1059.553
1076.824
1075.283
1076.659
1073.303
1086.967
1092.481
1078.817
1080.358
1083.714
1084.947
1077.139
1075.906
1074.529
1069.015
1076.824
1126.385
1126.878
1131.152
1132.529
1149.8
1149.877
1148.5
1153.055
1152.978
1189.923
1188.937
1184.382
1147.437
1146.676
1147.663
1148.423
1148.5
1156.545
1178.274
1170.229
1168.551
1153.483
1151.685
1147.635
1125.906
1127.827
1129.505
1132.519
1134.317
1132.396
1136.445
1134.397
1127.89
1124.534
1111.11
1107.837
1069.002
1064.995
1063.454
1071.262
1057.598
1071.262
1076.776
1078.009
1079.385
1080.926
1084.283
1082.906
1075.098
1073.865
1068.351
1083.42
1084.406
1094.187
1115.591
1100.522
1105.043
1110.197
1088.793
1088.3
1078.519
1077.533
1073.012
1073.505
1068.351
1101.601
1106.533
1108.546
1106.533
1073.283
1079.159
1074.228
1087.317
1088.601
1090.279
1100.142
1099.094
1120.957
1119.724
1111.834
1109.83
1115.164
1120.096
1121.637
1120.096
1127.904
1132.62
1133.668
1125.86
1124.812
1120.096
1118.699
1120.096
1122.017
1120.339
1116.289
1124.334
1128.384
1130.062
1131.86
1146.928
1138.884
1160.613
1158.692
1156.894
1135.164
1132.151
1132.644
1131.267
1081.705
1064.435
1065.812
1065.318
1073.579
1090.849
1095.123
1090.849
1098.894
1065.442
1064.065
1062.832
1061.901
1063.134
1070.942
1067.586
1081.25
1086.764
1088.14
1091.497
1093.038
1079.373
1073.86
1072.318
1064.51
1027.565
1064.51
1065.271
1060.716
1059.729
1060.716
1065.271
1064.51
1064.433
1064.51
1067.464
1066.533
1079.622
1057.759
1051.882
1038.793
1060.656
1066.533
1045.245
1040.69
1057.961
1054.604
1053.063
1051.687
1038.022
1032.509
1033.885
1037.241
1038.783
1040.015
1045.529
1044.296
1052.104
1044.296
1057.961
1049.916
1047.995
1026.265
1028.063
1043.132
1064.861
1066.539
1070.589
1055.521
1053.842
1055.764
1053.966
1062.01
1057.961
1075.231
1070.957
1070.464
1062.204
1044.933
1046.31
1050.584
1051.077
1100.639
1099.262
1103.536
1100.762
1105.916
1114.279
1119.433
1120.717
1125.272
1117.464
1117.387
1116.627
1112.072
1106.558
1105.572
1104.195
1105.182
1105.259
1091.594
1128.539
1126.998
1123.642
1086.697
1087.457
1086.224
1064.361
1077.45
1075.437
1069.56
1056.471
1078.334
1084.211
1117.461
1112.529
1079.279
1081.293
1086.224
1125.06
1119.127
1156.236
1171.305
1173.226
1174.904
1176.702
1161.634
1165.683
1187.413
1195.457
1173.728
1172.05
1170.128
1166.079
1158.034
1156.236
1157.284
1156.236
1151.521
1152.918
1154.459
1162.267
1154.459
1153.062
1157.777
1156.236
1156.313
1157.3
1189.231
1190.628
1205.697
1213.587
1213.664
1214.425
1219.315
1221.236
1225.952
1264.788
1264.711
1265.471
1266.457
1266.534
1267.932
1275.822
1290.89
1322.822
1317.932
1310.041
1294.973
1263.041
1262.055
1266.945
1266.185
1264.788
1265.281
1261.007
1278.277
1327.839
1332.113
1330.736
1313.466
1263.904
1263.411
1264.788
1262.048
1248.959
1243.082
1221.219
1216.664
1179.719
1178.733
1178.656
1177.896
1176.498
1176.421
1171.531
1163.64
1148.572
1147.586
1148.983
1153.873
1161.764
1176.832
1144.901
1176.832
1177.592
1178.579
1178.656
1177.896
1162.827
1164.505
1179.574
1201.303
1193.259
1189.209
1191.007
1195.057
1193.135
1191.457
1189.659
1167.93
1169.851
1177.896
1183.05
1182.002
1183.272
1181.824
1183.094
1183.017
1187.908
1195.798
1210.866
1212.264
1213.024
1214.01
1214.087
1212.69
1211.93
1207.039
1175.108
1160.039
1152.149
1184.08
1183.094
1181.553
1168.464
1107.591
1106.193
1107.591
1139.522
1139.445
1154.514
1153.527
1148.637
1148.714
1133.646
1125.755
1124.995
1125.981
1130.872
1138.762
1139.522
1107.591
1127.762
1129.776
1124.844
1158.094
1124.844
1122.83
1127.762
1125.841
1104.111
1102.313
1117.382
1102.313
1100.635
1096.586
1100.635
1102.433
1094.389
1096.067
1104.111
1106.033
1127.762
1127.269
1122.995
1127.269
1176.83
1177.324
1194.594
1195.971
1178.7
1177.324
1127.762
1090.652
1084.146
1063.974
1068.17
1068.58
1073.882
1072.896
1073.882
1072.485
1072.408
1071.647
1103.579
1104.339
1119.408
1119.485
1087.553
1092.443
1093.841
1085.95
1070.882
1078.772
1073.882
1072.485
1073.533
1078.248
1079.789
1075.074
1076.471
1084.279
1076.471
1074.93
1073.882
1070.543
1031.707
1046.776
1043.719
1049.062
1059.13
1063.846
1067.185
1106.021
1108.034
1111.091
1106.896
1104.882
1109.077
1099.009
1093.666
1078.598
1073.882
1072.485
1075.541
1070.651
1069.253
1084.322
1116.253
1117.014
1118
1118.077
1119.474
1111.584
1096.515
1064.584
1063.824
1092.776
1092.697
1100.81
1105.838
1091.789
1040.831
1045.859
1050.708
1068.465
1069.542
1085.329
1084.548
1085.329
1093.442
1108.935
1141.766
1141.845
1142.859
1134.746
1139.775
1124.282
1123.268
1123.188
1121.752
1088.921
1083.893
1085.329
1089.493
1091.342
1089.493
1091.218
1068.877
1060.606
1056.442
1054.467
1052.741
1037.248
1059.59
1067.861
1069.836
1085.329
1083.074
1123.004
1127.768
1133.261
1093.331
1092.317
1107.81
1115.923
1120.951
1121.965
1120.528
1121.31
1120.296
1119.514
1152.345
1152.266
1147.238
1147.317
1131.824
1098.993
1090.88
1092.317
1154.905
1170.692
1187.021
1189.239
1194.31
1196.035
1210.085
1212.144
1217.595
1199.838
1198.423
1147.465
1146.958
1142.563
1139.746
1088.789
1093.792
1111.549
1096.056
1095.275
1094.261
1094.181
1092.745
1087.717
1079.604
1046.773
1050.607
1054.771
1060.871
1082.879
1086.243
1100.292
1067.461
1073.13
1076.167
1072.734
1050.393
1048.667
1046.692
1038.421
1036.572
1032.408
1016.915
1014.845
1009.775
1043.961
1009.775
1015.183
1017.254
1022.324
1019.472
1022.289
1027.359
1032.387
1070.542
1065.092
1063.655
1055.627
1056.704
1061.553
1063.137
1061.553
1060.475
1068.504
1063.655
1065.092
1069.255
1083.305
1079.141
1083.454
1081.349
1076.111
1078.217
1079.653
1080.974
1082.463
1132.079
1133.386
1134.884
1142.912
1147.761
1085.173
1079.722
1063.935
1049.886
1051.611
1056.681
1054.463
1068.512
1066.787
1050.458
1052.518
1054.736
1052.676
1069.005
1063.935
1102.09
1164.678
1180.465
1178.967
1184.636
1133.678
1135.783
1137.632
1134.815
1129.322
1134.326
1137.759
1140.199
1150.255
1148.185
1142.143
1144.213
1148.333
1150.192
1156.234
1154.375
1144.319
1140.199
1142.269
1147.34
1113.153
1111.083
1106.012
1140.199
1143.051
1156.509
1158.569
1174.898
1180.998
1183.438
1188.847
1189.805
1140.188
1102.033
1100.544
1114.593
1115.551
1116.988
1121.671
1123.776
1122.456
1121.019
1122.509
1172.125
1173.445
1165.417
1160.569
1159.491
1157.907
1156.47
1154.41
1140.952
1138.512
1122.183
1108.725
1122.183
1124.623
1164.553
1180.882
1182.942
1189.042
1182.942
1185.794
1193.907
1191.055
1225.241
1224.46
1229.224
1227.364
1227.871
1290.46
1292.678
1309.007
1314.077
1315.803
1317.863
1331.912
1329.694
1313.364
1299.315
1315.102
1313.377
1275.222
1212.634
1210.574
1205.504
1189.717
1227.871
1229.931
1246.261
1252.361
1265.819
1259.718
1262.158
1260.099
1257.246
1243.789
1246.641
1230.312
1227.871
1275.29
1280.96
1284.794
1262.787
1256.687
1262.787
1284.794
1288.958
1303.007
1288.958
1292.322
1288.488
1285.123
1280.96
1294.417
1291.565
1289.125
1272.796
1270.736
1276.836
1270.736
1272.796
1289.125
1291.565
1294.417
1280.96
1283.4
1288.884
1326.87
1342.657
1358.986
1404.176
1412.204
1424.722
1426.025
1430.708
1432.813
1430.708
1429.75
1415.701
1411.018
1411.975
1426.025
1441.394
1461.588
1459.863
1455.215
1452.072
1449.22
1432.891
1430.831
1428.391
1414.933
1428.391
1444.72
1446.78
1449.632
1455.732
1458.173
1452.072
1457.556
1448.958
1451.398
1449.292
1447.989
1450.245
1466.574
1450.787
1438.269
1450.787
1449.484
1444
1427.671
1435.699
1442.03
1396.84
1394.4
1386.371
1392.341
1355.396
1356.663
1355.214
1306.957
1305.56
1304.276
1320.158
1333.247
1335.62
1332.846
1334.116
1332.113
1316.231
1313.858
1316.632
1322.565
1309.476
1303.543
1305.546
1320.495
1330.276
1334.796
1349.865
1350.851
1335.783
1335.289
1330.135
1325.615
1324.628
1329.783
1320.002
1298.598
1320.002
1320.495
1287.245
1285.231
1280.3
1313.55
1315.563
1320.495
1364.447
1358.289
1395.235
1389.901
1387.527
1385.334
1384.067
1368.185
1356.01
1358.384
1350.575
1411.449
1412.716
1418.05
1412.805
1415.137
1423.165
1425.421
1427.526
1428.484
1442.533
1433.935
1429.252
1433.935
1431.829
1430.871
1416.822
1418.09
1422.62
1404.863
1394.722
1391.87
1397.97
1400.03
1416.359
1418.799
1412.699
1399.241
1396.801
1380.472
1393.93
1396.782
1394.722
1392.282
1408.069
1424.398
1426.616
1428.342
1426.086
1428.526
1441.044
1439.741
1431.713
1476.903
1471.419
1433.433
1431.1
1385.91
1391.394
1429.549
1415.5
1413.44
1350.852
1312.697
1310.479
1294.692
1278.363
1273.292
1271.567
1285.616
1287.676
1292.746
1300.775
1303.03
1315.548
1316.85
1254.262
1256.595
1259.113
1259.19
1260.793
1260.716
1257.762
1240.491
1235.56
1232.82
1237.711
1232.82
1235.56
1240.491
1224.61
1237.699
1240.072
1238.068
1224.979
1226.983
1224.209
1218.276
1221.05
1226.983
1224.61
1240.491
1238.813
1240.271
1255.625
1257.998
1255.805
1253.536
1216.591
1211.257
1199.082
1201.959
1203.226
1208.56
1269.433
1285.315
1277.507
1275.134
1312.079
1316.353
1315.086
1318.039
1320.197
1325.063
1331.824
1287.872
1295.68
1303.005
1306.057
1303.283
1287.401
1285.027
1271.938
1266.005
1264.002
1263.07
1265.118
1266.05
1279.714
1275.159
1261.495
1266.05
1264.002
1261.628
1260.361
1253.036
1268.918
1305.863
1289.981
1253.036
1247.702
1232.348
1247.702
1291.654
1296.988
1289.18
1290.447
1298.255
1300.628
1361.502
1300.628
1295.474
1315.115
1319.83
1316.954
1314
1311.26
1307.531
1306.134
1304.086
1290.421
1279.901
1258.497
1250.452
1245.897
1263.168
1224.332
1216.524
1277.397
1272.063
1270.796
1278.604
1280.978
1296.332
1293.959
1278.604
1241.659
1197.707
1181.825
1120.952
1136.834
1173.779
1179.113
1180.38
1224.332
1226.253
1228.062
1232.993
1279.113
1284.627
1271.197
1281.338
1276.489
1274.419
1269.349
1235.162
1233.437
1228.366
1212.579
1167.389
1205.544
1189.215
1175.165
1172.947
1160.43
1122.275
1120.215
1122.275
1084.289
1146.877
1141.393
1143.611
1142.308
1156.357
1153.917
1137.588
1075
1090.787
1082.759
1087.829
1072.042
1073.768
1090.097
1092.202
1093.16
1091.055
1090.097
1076.048
1090.097
1085.414
1090.097
1088.776
1078.636
1082.799
1081.479
1085.313
1089.477
1085.643
1063.636
1057.535
1071.585
1093.592
1090.227
1093.592
1089.428
1095.528
1081.479
1083.063
1130.482
1125.412
1127.387
1132.458
1134.317
1132.342
1084.923
1083.063
1082.984
1085.09
1086.104
1092.146
1143.104
1129.055
1128.097
1123.414
1121.308
1125.991
1140.04
1140.998
1135.928
1088.509
1086.65
1088.509
1135.928
1140.998
1142.974
1140.998
1180.928
1140.998
1145.312
1150.16
1139.808
1145.301
1160.794
1157.361
1154.218
1152.148
1154.218
1149.37
1145.056
1129.563
1124.07
1134.423
1137.856
1140.998
1132.727
1136.847
1131.776
1132.283
1194.871
1156.717
1173.046
1188.833
1191.174
1196.625
1194.565
1192.84
1187.769
1185.551
1169.222
1153.435
1090.847
1076.798
1081.868
1083.593
1085.812
1087.871
1047.942
1045.967
1047.942
1000.523
998.664
1046.083
1051.153
1053.012
1047.942
1033.893
1031.787
1036.47
1037.428
1036.47
1050.519
1045.836
1047.942
1044.984
1042.766
1039.629
1035.234
1038.192
1042.586
1035.636
1042.586
1047.59
1044.553
1047.59
1050.727
1052.945
1047.942
1051.375
1083.75
1078.901
1113.088
1135.095
1139.944
1141.919
1155.722
1170.68
1175.708
1183.82
1185.257
1185.336
1186.35
1187.132
1219.963
1235.456
1233.481
1217.694
1232.651
1237.335
1232.306
1227.236
1179.817
1177.958
1175.982
1177.958
1183.028
1184.887
1232.306
1247.799
1252.827
1285.658
1287.095
1282.067
1273.954
1258.461
1257.68
1256.665
1256.586
1257.6
1256.164
1256.243
1223.412
1231.525
1232.306
1227.303
1232.151
1234.011
1228.526
1224.132
1244.326
1255.143
1254.72
1249.65
1244.621
1241.805
1246.833
1249.65
1254.72
1240.671
1254.72
1255.678
1260.361
1258.255
1253.572
1252.614
1254.72
1259.748
1261.185
1262.199
1260.762
1260.683
1293.514
1292.5
1300.613
1303.711
1288.218
1289
1288.218
1283.19
1283.269
1275.157
1242.326
1280.481
1240.551
1240.63
1241.137
1236.109
1227.996
1224.898
1225.912
1241.405
1274.236
1275.018
1276.454
1276.533
1243.702
1251.815
1251.736
1250.722
1249.94
1248.504
1253.532
1190.944
1253.532
1244.933
1255.285
1269.335
1271.394
1273.12
1275.452
1270.002
1272.22
1277.29
1261.504
1259.162
1257.102
1259.357
1243.028
1240.81
1235.739
1241.19
1239.465
1286.884
1288.609
1290.585
1315.306
1320.377
1315.306
1313.331
1311.472
1264.053
1265.912
1269.746
1283.796
1287.16
1291.324
1297.424
1319.431
1297.424
1291.324
1287.16
1283.796
1279.961
1265.912
1266.926
1299.757
1303.592
1298.292
1301.43
1298.287
1303.586
1304.368
1304.289
1299.261
1304.93
1305.009
1306.445
1285.721
1284.324
1289.214
1274.146
1242.214
1241.228
1249.118
1248.358
1240.467
1242.146
1218.101
1216.423
1240.467
1241.228
1242.214
1279.159
1279.236
1283.791
1286.668
1281.514
1283.562
1282.63
1281.36
1276.805
1274.757
1279.312
1280.243
1266.579
1280.243
1312.175
1313.853
1293.483
1293.558
1294.518
1295.878
1291.118
1276.452
1268.772
1269.512
1274.272
1250.868
1250.793
1249.833
1249.093
1218.013
1216.38
1239.783
1238.423
1246.103
1247.973
1249.733
1294.623
1292.863
1288.063
1292.863
1247.973
1246.103
1294.343
1298.285
1294.202
1292.965
1291.332
1314.735
1291.332
1292.965
1261.885
1262.625
1267.385
1298.465
1313.132
1312.392
1312.317
1311.357
1312.317
1319.997
1305.33
1305.405
1304.045
1305.405
1336.279
1328.389
1306.985
1311.7
1333.104
1346.529
1379.779
1375.063
1361.639
1376.187
1361.639
1363.56
1330.31
1328.389
1320.58
1300.409
1296.214
1320.259
1296.214
1294.536
1296.214
1288.324
1256.392
1255.632
1257.029
1272.098
1304.029
1304.789
1303.803
1303.726
1302.329
1287.26
1295.151
1300.041
1301.027
1301.104
1296.214
1300.221
1310.002
1312.015
1313.824
1319.7
1317.892
1312.015
1308.009
1298.228
1296.214
1298.988
1314.057
1319.933
1323.272
1326.324
1337.925
1335.05
1349.6
1347.607
1345.973
1347.733
1302.843
1304.477
1327.88
1372.77
1349.367
1344.567
1349.367
1351.237
1349.477
1347.607
1346.7
1333.4
1328.967
1326.973
1341.64
1342.38
1347.14
1354.82
1385.9
1386.86
1385.5
1385.575
1386.935
1382.175
1374.495
1343.415
1342.675
1341.715
1341.64
1326.973
1322.54
1286.58
1322.54
1321.8
1322.76
1322.835
1323.575
1322.615
1322.54
1326.973
1322.173
1317.013
1314.878
1312.778
1253.528
1251.895
1249.687
1236.387
1234.437
1242.267
1236.9
1251.06
1246.55
1256.35
1255.113
1253.48
1230.077
1231.71
1255.113
1257.213
1253.053
1257.213
1260.013
1262.888
1269.468
1274.205
1271.33
1268.36
1261.78
1257.02
1255.66
1240.993
1209.913
1209.173
1206.373
1206.298
1205.338
1203.238
1206.208
1198.528
1193.792
1206.858
1207.258
1208.758
1216.438
1220.727
1223.977
1229.177
1229.577
1206.173
1229.577
1231.21
1229.577
1184.687
1179.887
1178.127
1176.257
1168.577
1189.297
1165.893
1167.527
1165.893
1189.297
1184.56
1189.297
1192.547
1189.297
1190.93
1189.297
1212.7
1189.297
1194.488
1196.358
1199.025
1203.313
1222.43
1223.848
1227.033
1226.293
1227.033
1226.958
1222.525
1222.6
1221.64
1226.073
1262.033
1262.993
1227.033
1230.283
1235.938
1212.535
1210.902
1209.483
1206.298
1211.49
1206.298
1202.01
1205.195
1186.078
1184.208
1188.497
1207.613
1210.28
1212.15
1209.483
1210.902
1194.092
1193.072
1196.042
1163.678
1161.808
1166.398
1187.232
1173.072
1160.005
1139.172
1141.042
1154.108
1186.472
1181.882
1196.042
1216.875
1220.505
1224.447
1230.222
1226.592
1222.65
1219.465
1232.765
1226.99
1206.157
1192.857
1196.042
1190.842
1214.245
1215.663
1219.952
1200.835
1195.643
1198.828
1194.54
1199.732
1198.313
1196.443
1193.777
1196.443
1198.313
1217.43
1214.245
1217.43
1255.23
1268.297
1272.197
1266.83
1250.02
1212.22
1229.03
1233.463
1237.405
1236.168
1240.928
1245.728
1240.968
1238.302
1233.502
1236.168
1200.208
1200.283
1201.023
1200.283
1195.85
1194.89
1194.815
1199.248
1235.208
1236.168
1255.285
1253.867
1255.737
1257.155
1260.34
1264.628
1260.34
1265.532
1262.347
1265.013
1263.143
1244.027
1241.36
1236.168
1236.093
1234.675
1229.555
1229.075
1224.058
1214.538
1199.872
1198.912
1194.512
1173.678
1168.558
1173.75
1170.565
1168.695
1163.503
1160.837
1141.72
1140.302
1142.172
1143.59
1146.775
1151.063
1170.18
1172.847
1168.558
1176.238
1180.998
1181.958
1196.625
1196.7
1198.06
1229.14
1229.88
1210.763
1206.475
1203.29
1201.42
1198.753
1203.945
1208.233
1211.418
1212.837
1214.707
1217.373
1215.955
1235.072
1229.88
1184.99
1181.048
1166.382
1171.142
1178.822
1179.562
1210.642
1225.308
1194.228
1193.488
1192.528
1192.453
1184.773
1180.013
1181.373
1181.448
1182.408
1181.048
1183.923
1186.023
1190.76
1197.34
1194.54
1191.57
1188.695
1186.595
1181.858
1182.818
1185.788
1181.628
1185.788
1184.828
1178.248
1214.208
1218.642
1219.382
1219.457
1219.382
1222.182
1217.748
1181.788
1181.048
1161.932
1160.513
1155.923
1154.173
1158.462
1154.173
1156.84
1158.71
1161.895
1181.012
1186.203
1183.537
1181.667
1180.248
1177.063
1157.947
1152.755
1154.173
1154.913
1147.233
1145.873
1176.953
1175.993
1177.353
1177.278
1177.353
1172.593
1157.927
1126.847
1131.607
1139.287
1153.953
1153.213
1154.173
1186.537
1181.947
1186.537
1184.667
1170.507
1157.44
1136.607
1138.477
1159.31
1172.377
1186.537
1154.173
1152.18
1146.813
1137.213
1123.913
1123.007
1118.497
1101.687
1102.647
1099.462
1100.202
1131.282
1145.948
1141.66
1143.02
1142.06
1140.642
1138.772
1136.105
1140.865
1135.673
1143.353
1124.237
1122.877
1118.117
1110.437
1095.77
1095.695
1064.615
1063.875
1063.95
1062.39
1061.19
1061.265
1075.932
1076.892
1107.972
1108.712
1113.472
1113.397
1121.077
1120.337
1112.657
1114.017
1113.057
1081.977
1067.31
1062.55
1061.19
1060.71
1060.635
1059.675
1055.242
1054.502
1018.542
1026.222
1025.262
1030.022
1032.955
1032.88
1032.14
1030.78
1030.855
999.775
985.108
977.428
972.668
1003.748
1004.488
1005.448
1006.808
958.568
926.205
920.838
919.478
929.278
930.018
944.685
913.605
912.645
943.725
951.405
948.472
940.792
936.032
936.107
935.367
936.327
936.252
941.452
945.535
942.285
943.645
940.67
945.43
930.763
925.563
928.538
918.738
933.405
928.815
924.732
927.982
965.782
967.742
972.332
934.532
932.572
930.262
920.022
930.262
943.562
946.747
950.377
946.435
967.268
953.968
948.193
927.36
923.73
929.505
926.32
930.262
931.222
931.962
963.042
970.722
975.482
970.722
973.655
958.988
927.908
927.168
927.243
925.883
927.243
926.283
926.208
918.528
899.412
914.078
914.818
914.078
882.998
882.038
881.963
880.603
911.683
908.75
903.99
904.065
908.825
909.785
911.145
903.465
911.145
906.555
875.475
870.715
863.035
848.368
847.408
846.668
846.593
845.233
831.073
810.24
808.37
803.78
790.713
803.78
771.417
776.007
790.167
822.53
843.363
845.233
830.683
816.133
778.333
765.267
762.082
765.982
779.048
775.148
778.333
816.133
814.633
812.873
810.207
805.447
800.647
794.067
789.907
787.807
790.607
793.577
788.84
785.87
790.03
787.23
789.33
795.91
800.647
803.522
800.647
799.687
795.097
798.282
819.432
809.632
805.343
809.743
868.993
873.793
875.787
896.937
901.527
912.06
916.65
926.25
936.05
968.61
1011.39
1070.64
1034.52
1031.72
1031.645
1047.103
1048.973
1080.053
1075.037
1071.095
1065.728
1062.758
1060.888
1028.525
1042.685
1044.555
1049.145
1047.275
1031.817
1047.275
1016.195
1002.035
1022.868
1035.935
1067.015
1068.885
1055.818
1034.985
1030.395
1062.758
1062.278
1056.558
1043.258
1064.092
1069.867
1066.682
1045.848
1041.907
1045.092
1058.392
1062.022
1058.392
1062.333
1056.558
1047.038
1050.938
1052.898
1062.418
1058.518
1056.558
1050.838
1049.078
1054.798
1056.558
1042.398
1011.318
995.86
1011.318
1042.398
1044.268
1042.398
1038.498
1053.957
1055.827
1086.907
1055.827
1040.368
1038.498
990.258
959.178
943.72
941.85
972.93
988.388
990.258
995.275
997.942
1005.772
1007.005
1007.745
1017.545
1019.415
1021.285
1005.827
1021.285
1052.365
1050.495
1019.415
1022.385
1015.805
1013.005
1015.805
1018.68
1025.26
1027.36
1024.39
1020.23
1017.355
1015.255
1010.518
1015.255
1019.415
1027.245
1017.445
1012.428
1011.195
1012.428
1004.598
1014.398
1017.065
1022.082
1022.822
1020.952
1022.822
1020.155
1019.415
1014.982
1010.582
951.332
946.532
944.538
923.818
920.568
922.438
943.588
947.988
1007.238
1010.423
1025.882
1024.012
1008.553
977.473
982.273
984.267
963.117
994.197
991.012
998.612
985.545
980.955
960.122
961.992
966.582
964.712
985.545
998.612
1030.975
998.612
1012.772
998.612
988.812
980.982
975.965
975.225
973.992
975.862
973.992
976.658
984.488
985.722
995.522
996.262
993.595
998.612
983.153
952.073
950.203
946.303
933.237
930.052
892.252
887.818
873.658
875.528
883.358
882.618
877.602
880.268
879.035
877.165
878.398
879.138
884.155
893.955
884.155
881.488
873.658
870.408
865.672
846.555
838.725
836.058
838.725
836.855
835.622
837.492
836.752
846.552
841.535
842.275
850.105
851.338
856.355
846.555
815.907
811.965
815.595
794.762
788.987
785.802
772.502
768.872
789.705
795.48
798.665
811.965
815.907
792.503
792.023
791.283
792.023
784.193
793.993
792.123
789.457
788.223
778.423
773.407
781.237
783.903
785.773
790.79
792.023
788.393
791.06
786.043
784.81
776.98
767.18
768.413
773.43
774.17
782
780.13
777.463
787.263
789.133
788.393
778.153
774.212
788.372
820.735
799.902
801.772
788.705
756.342
769.408
755.248
753.378
757.968
778.802
774.212
773.812
770.562
767.592
764.925
763.692
761.822
761.082
756.065
746.265
738.435
734.493
731.308
724.728
727.913
732.313
791.563
812.713
814.707
806.877
790.067
794.867
773.717
777.877
780.847
776.11
771.71
768.835
765.865
761.705
764.58
766.68
763.88
768.617
763.817
761.823
764.623
705.373
711.953
709.853
704.653
709.243
711.203
715.287
705.487
690.82
728.62
731.87
737.07
740.045
737.07
746.87
742.28
756.947
754.987
750.903
713.103
709.853
695.303
700.928
679.199
683.914
639.962
606.51
595.688
585.825
581.11
576.394
581.11
590.973
601.041
611.863
672.736
694.466
738.418
771.87
710.997
700.928
690.86
685.05
683.128
669.704
648.3
643.584
629.036
595.786
574.382
570.652
556.988
553.716
549.666
543.733
522.003
518.731
516.683
511.752
450.878
446.358
443.404
447.678
449.836
444.969
442.812
438.538
435.661
432.61
437.476
430.716
433.67
436.721
439.598
446.358
444.344
438.467
436.659
432.652
422.872
419.533
381.734
366.241
373.922
367.705
364.476
371.629
366.48
364.197
361.072
357.844
353.322
355.605
358.73
361.958
366.48
369.524
374.672
367.52
364.476
375.926
370.937
360.284
349.85
414.252
378.861
332.361
309.371
297.922
292.933
297.922
302.911
313.563
348.955
359.389
405.889
428.879
364.476
358.824
355.292
350.63
349
340.652
340.217
331.957
328.424
287.337
282.899
280.768
275.779
265.127
261.893
256.241
240.299
235.15
232.107
227.585
224.357
221.232
218.949
211.797
188.808
124.406
119.417
114.428
103.993
93.341
57.949
69.399
133.801
87.301
92.29
102.725
113.377
148.768
195.268
218.257
206.808
211.797
165.297
142.308
137.319
132.33
96.938
32.536
22.101
10.652
0
