15.522
19.957
20.201
23.332
25.745
127.092
136.658
161.701
164.832
167.245
268.592
243.549
268.592
284.114
284.359
293.924
298.359
197.011
187.446
185.033
181.902
181.658
177.223
161.701
164.832
167.245
215.071
316.418
331.94
332.185
336.62
361.663
352.098
250.75
248.337
245.207
244.962
229.44
204.397
199.962
200.207
197.793
197.549
193.114
177.592
182.027
178.897
131.071
29.723
45.245
70.288
171.636
146.592
149.005
158.571
161.701
164.114
164.359
179.88
204.924
252.75
354.098
358.533
361.663
336.62
333.489
333.245
328.81
313.288
211.94
202.375
199.962
301.31
285.788
286.033
290.467
315.511
331.033
340.598
343.011
295.185
193.837
168.793
164.359
167.489
164.359
161.946
161.701
166.136
166.38
181.902
206.946
254.772
356.12
359.25
361.663
260.315
257.902
254.772
254.527
250.092
225.049
215.484
199.962
203.092
178.049
225.875
327.223
329.636
281.81
286.245
270.723
268.31
166.962
163.832
164.076
163.832
159.397
174.918
199.962
339.462
462.723
479.418
579.359
596.185
630.533
639.908
644.995
648.125
672.777
687.745
697.446
685.65
715.05
727.3
742.9
748.78
758.53
762.61
765.49
751.21
753.43
797.43
890.67
867.63
867.855
864.975
862.755
818.755
725.515
721.435
721.21
735.49
758.53
754.45
752.23
737.95
737.725
734.845
711.805
618.565
574.565
597.365
742.085
746.105
796.535
797.975
810.455
874.295
931.645
1066.315
1128.475
1164.435
1168.635
1172.715
1176.465
1317.375
1321.605
1353.205
1350.325
1373.005
1394.395
1407.53
1403.602
1395.616
1403.602
1399.269
1384.935
1399.157
1294.157
1175.324
1090.19
1075.968
1078.634
1082.968
1053.708
1049.986
1183.986
1230.681
1229.347
1095.347
1106.903
1108.236
1096.681
1100.403
1053.708
1067.042
1120.144
1178.014
1185.421
1226.935
1232.38
1228.602
1225.13
1221.213
1090.741
1094.519
1098.435
1101.907
1232.38
1258.824
1274.713
1280.157
1290.991
1295.88
1310.324
1314.657
1316.546
1348.407
1293.345
1307.224
1309.862
1314.698
1430.793
1435.345
1447.759
1491.233
1494.698
1491.233
1480.474
1479.233
1354.474
1311
1331.793
1342.552
1343.793
1294.353
1240.767
1124.672
1179.707
1148.707
1145.086
1090.052
1139.491
1255.586
1280.931
1298.793
1306.543
1311.095
1324.543
1319.991
1323.181
1343.043
1347.879
1361.306
1477.401
1480.918
1486.349
1481.513
1489.207
1599.845
1483.75
1471.336
1483.75
1594.388
1621.629
1617.595
1615.112
1601.871
1594.435
1575.996
1556.444
1567.767
1587.319
1594.754
1607.996
1580.754
1566.157
1478.77
1481.093
1470.5
1474.274
1525.758
1539.597
1570.419
1573.851
1620.101
1632.661
1639.113
1646.819
1657.194
1661.718
1642.266
1639.024
1628.96
1627.798
1587.129
1587.669
1607.121
1617.185
1618.347
1631.903
1518.266
1514.976
1511.565
1508.54
1513.065
1621.669
1625.927
1637.54
1625.927
1621.669
1513.065
1508.54
1554.79
1551.359
1538.798
1531.093
1543.653
1497.403
1492.879
1496.31
1506.685
1496.31
1502.762
1510.468
1514.992
1508.54
1508.722
1520.238
1522.56
1558.044
1576.625
1578.415
1653.609
1656.899
1668.004
1671.294
1696.778
1706.214
1709.645
1760.815
1770.351
1781.867
1735.617
1729.165
1716.605
1706.23
1698.524
1694
1698.524
1706.23
1709.661
1755.911
1762.363
1758.931
1771.492
1781.867
1812.69
1826.528
1775.044
1744.222
1795.706
1781.867
1780.077
1779.895
1776.605
1774.282
1777.573
1702.379
1666.895
1648.315
1659.831
1678.411
1680.202
1668.685
1743.879
1746.202
1746.383
1753.48
1765.093
1769.617
1661.012
1662.367
1658.117
1647.208
1643.208
1647.208
1637.754
1647.208
1648.299
1647.208
1756.845
1757.352
1756.845
1738.572
1725.837
1764.042
1773.788
1781.027
1851.663
1853.345
1855.527
1855.697
1873.152
1872.981
1862.163
1855.496
1784.86
1782.678
1785.769
1768.314
1766.633
1799.966
1811.765
1805.705
1762.258
1750.458
1747.235
1744.144
1736.905
1780.352
1786.413
1776.667
1779.89
1790.708
1794.958
1790.708
1791.617
1803.436
1820.89
1824.299
1834.045
1841.432
1852.25
1834.795
1823.977
1830.644
1828.962
1795.629
1813.083
1742.447
1742.277
1745.367
1747.549
1744.458
1746.14
1743.958
1744.129
1814.765
1858.212
1853.962
1863.708
1875.508
1879.758
1882.981
1889.042
1879.295
1835.848
1832.625
1826.564
1833.803
1822.004
1814.765
1838.038
1855.492
1866.894
1911.515
1985.068
2082.295
2091.75
2080.841
2111.068
2121.977
2117.727
2015.705
2019.955
2041.591
2058.595
2059.595
2055.595
2103.958
2126.231
2077.867
2029.504
2056.746
2041.049
2034.239
1990.792
1977.792
1875.769
1891.466
1934.913
1905.958
1883.686
1896.686
1945.049
1962.053
1991.008
1980.189
1983.28
1980.189
1962.735
1892.098
1885.432
1885.261
1883.08
1883.25
1894.068
1896.25
1902.917
1973.553
1973.973
1972.292
1978.11
1974.564
2044.22
2050.754
2052.936
2028.996
2052.936
2150.163
2052.936
2042.985
2025.803
2037.53
2049.167
2066.348
2064.167
2109.952
2097.565
2090.609
2094.383
2102.089
2094.383
2106.944
2111.468
2121.843
2118.411
2121.843
2168.093
2121.843
2117.319
2104.758
2094.383
2100.835
2094.383
2097.625
2109.085
2122.766
2115.669
2040.476
2040.028
2028.512
2031.802
2034.125
2033.944
2027.75
2102.944
2103.125
2121.706
2133.222
2130.899
2132.69
2139.786
2136.496
2019.786
1979.117
1977.956
1977.415
2103.03
2101.892
2114.306
2101.892
2106.728
2101.892
2082.543
2101.892
2106.444
2098.207
2084.78
2035.341
2040.177
1911.984
1901.609
1909.315
1915.766
1928.327
1974.577
1984.952
1978.5
1973.976
1970.544
1968.754
1966.431
1891.238
1891.056
1887.766
1869.185
1862.089
1850.573
1863.105
1783.523
1794.341
1796.523
1799.614
1817.068
1818.75
1818.92
1805.92
1776.966
1728.602
1711.148
1711.318
1714.409
1716.091
1718.273
1716.591
1705.773
1780.339
1780.157
1767.625
1764.335
1839.528
1875.012
1886.528
1905.109
1902.786
1898.262
1891.81
1888.379
1880.673
1868.113
1857.738
1936.418
1939.935
1951.806
1962
2016.698
2004.388
2000.72
2027.961
2038.047
2026.177
2022.659
1967.961
1957.875
1970.185
1959.991
1963.659
1936.418
1924.108
1926.591
1928.349
1908.487
1908.966
1821.29
1785.806
1710.613
1710.794
1720.859
1720.677
1718.887
1723.145
1705.044
1693.431
1688.907
1685.617
1688.907
1664.133
1772.738
1770.415
1666.915
1770.415
1788.996
1813.77
1845.948
1864.528
1875.714
1950.907
1973.94
1969.681
1951.101
1903.601
1871.423
1883.56
1860.528
1782.23
1770.093
1774.617
1786.23
1795.73
1785.665
1780.585
1805.359
1815.238
1825.613
1722.113
1729.31
1832.81
1838.399
1870.012
1898.681
1911.242
1916.323
1913.032
1931.613
1944.194
1931.613
1934.903
1922.343
1915.145
1896.565
1899.548
1914.871
1933.452
1930.468
1944.968
1909.484
1964.984
1952.403
1956.177
1952.403
2084.414
2070.534
2082.845
2085.483
1986.419
1984.774
1957.024
1970.008
1982.589
1979.298
1976.976
1976.794
2075.194
2074.716
1994.336
1992.578
1972.716
2088.81
1972.716
1968.164
1955.75
1968.164
1973
1968.164
1972.716
1983.276
1988.345
1996.039
1999.659
2011.53
2019.116
2008.556
2028.108
2041.556
2029.685
2021.991
2008.543
1970.612
1951.06
1959.466
1951.06
2068.361
2062.917
2162.806
2180.398
2162.806
2174.148
2177.44
2203.922
2215.013
2220.987
2254.78
2220.987
2194.504
2214.366
2183.72
2177.746
2162.246
2151.685
2131.823
2120.733
2128.168
2183.203
2169.961
2090.698
2077.353
2074.871
2078.905
2074.871
2077.353
2069.918
2050.366
2000.927
2014.168
1903.53
1876.289
1986.927
2103.022
2152.461
2206.047
2213.797
2239.142
2184.108
2211.349
2193.487
2168.142
2137.142
2230.556
2211.207
2230.759
2310.022
2297.047
2180.953
2176.401
2165.642
2153.685
2143.53
2163.392
2150.978
2162.358
2135.875
2025.237
2005.375
2014.763
2033.203
2116.901
2167.677
2180.651
2191.409
2197.142
2172.522
2057.133
2080.165
2047.988
2080.165
2075.641
2060.319
2028.706
2023.117
2110.117
2134.891
2144.77
2288.117
2201.117
2211.492
2201.613
2191.238
2196.827
2228.44
2243.762
2262.343
2237.569
2094.222
2218.789
2215.323
2218.789
2204.164
2191.914
2204.164
2218.789
2211.892
2224.306
2211.892
2158.013
2119.362
2069.922
2123.802
2118.733
2157.384
2206.823
2213.72
2218.789
2222.457
2212.371
2224.681
2236.552
2250.172
2246.504
2255.621
2265.815
2262.297
2272.384
2275.901
2264.03
2251.72
2241.526
2186.828
2159.586
2164.422
2153.332
2119.539
2113.565
1960.332
1977.206
1952.431
1865.431
1880.754
1865.431
1875.806
1900.581
1910.46
1929.04
1934.629
1966.242
1956.363
1970.863
1952.282
1956.806
1994.206
2069.399
2060.617
2055.254
2064.036
2096.214
2085.569
2096.214
2100.931
2112.544
2121.98
2213.431
2221.137
2252.75
2258.093
2220.694
2233.226
2237.75
2233.226
2158.032
2261.532
2280.113
2312.29
2335.323
2360.097
2337.065
2384.565
2359.79
2438.089
2440.605
2423.355
2435.492
2423.355
2413.29
2365.79
2287.492
2268.911
2390.991
2391.185
2393.099
2404.565
2497.565
2500.047
2506.022
2539.815
2513.332
2479.539
2463.159
2473.72
2457.472
2482.246
2500.827
2495.238
2485.359
2572.359
2582.734
2572.359
2557.859
2414.512
2561.168
2577.547
2583.28
2584.159
2603.815
2607.772
2611.289
2615.168
2609.457
2604.621
2609.457
2649.435
2636.039
2716.418
2689.177
2685.142
2682.659
2686.694
2576.056
2556.504
2543.263
2482.681
2485.004
2576.456
2601.94
2527.79
2601.94
2526.337
2444.246
2437.712
2444.246
2455.883
2412.436
2365.345
2316.981
2310.17
2208.148
2235.39
2238.572
2286.936
2264.663
2179.654
2275.846
2316.811
2312.804
2246.204
2213.079
2279.679
2283.686
2288.418
2172.078
2199.037
2191.679
2164.72
2155.801
2164.72
2173.412
2202.905
2229.392
2224.709
2240.277
2239.333
2308.487
2316.34
2308.093
2295.913
2308.093
2238.939
2224.17
2216.317
2224.564
2204.872
2224.564
2224.709
2229.392
2202.905
2211.892
2210.392
2210.544
2283.436
2283.284
2281.338
2282.838
2209.946
2200.959
2202.905
2234.24
2228.209
2217.669
2214.912
2204.389
2200.132
2197.632
2134.632
2130.155
2145.723
2130.155
2193.155
2208.723
2219.247
2215.456
2221.284
2225.074
2227.574
2238.115
2242.372
2245.128
2212.263
2217.984
2135.715
2139.484
2131.984
2139.484
2136.099
2139.484
2128.484
2110.176
2106.407
2117.407
2135.715
2133.715
2118.946
2099.253
2061.497
2035.92
2017.612
2035.92
1973.683
2011.439
2019.439
2029.087
2091.324
2081.676
2107.253
2082.716
2096.765
2018.509
2037.241
2075.351
2077.945
2086.652
2079.518
2086.729
2029.875
2058.152
2061.573
2058.152
2055.665
2027.387
2034.521
2028.073
2047.341
2055.738
2047.341
2038.634
2077.323
2134.177
2136.665
2127.03
2119.82
2117.226
2008.841
1984.939
2003.671
2027.573
2031.799
2027.573
2093.354
2100.823
2108.668
2094.619
2108.668
2089.936
2082.091
2070.506
2063.037
2099.679
2213.622
2225.801
2211.186
2220.417
2229.571
2234.699
2223.824
2214.715
2212.138
2214.099
2223.253
2267.369
2295.574
2305.574
2295.574
2292.574
2264.369
2262.407
2253.253
2242.933
2198.817
2201.817
2212.138
2220.599
2213.619
2188.042
2195.022
2220.599
2331.713
2394.713
2331.713
2300.378
2331.713
2335.503
2331.713
2335.024
2432.807
2435.564
2434.875
2431.774
2433.841
2431.084
2446.49
2443.449
2446.49
2431.084
2440.389
2431.402
2429.456
2502.348
2511.334
2511.486
2513.432
2440.541
2440.389
2438.889
2439.264
2449.642
2455.672
2429.186
2356.294
2340.726
2349.003
2328.247
2323.564
2443.666
2452.358
2478.845
2466.007
2470.689
2462.412
2474.561
2487.399
2367.297
2382.865
2374.172
2394.929
2363.595
2359.804
2296.804
2301.132
2322.483
2325.645
2238.929
2312.145
2235.524
2173.399
2144.212
2149.74
2159.587
2139.33
2136.33
2178.591
2255.213
2317.338
2315.392
2317.338
2306.959
2301.132
2261.334
2227.638
2235.638
2215.946
2190.369
2175.599
2113.362
2123.01
2113.362
2133.054
2195.292
2210.061
2235.638
2253.946
2245.946
2280.632
2320.429
2301.132
2252.587
2290.343
2204.016
2167.253
2144.202
2184.048
2224.971
2184.048
2181.356
2218.119
2241.17
2201.324
2287.651
2306.497
2312.747
2318.458
2323.651
2334.651
2247.595
2333.515
2225.131
2233.527
2229.302
2217.716
2242.046
2218.143
2207.18
2199.71
2180.979
2166.93
2159.085
2183.415
2191.463
2183.415
2159.085
2152.445
2159.085
2123.171
2189.244
2246.098
2247.854
2247.991
2249.235
2250.588
2253.076
2173.863
2187.259
2186.936
2188.61
2188.48
2188.61
2180.878
2188.61
2189.901
2188.227
2125.506
2135.959
2136.09
2081.881
2080.59
2082.962
2069.567
2070.858
2079.892
2078.706
2079.892
2081.567
2079.892
2154.521
2154.384
2151.896
2165.945
2090.785
2117.747
2139.968
2153.224
2155.945
2164.247
2201.137
2193.131
2186.328
2167.956
2131.067
2122.765
2129.567
2147.939
2145.567
2152.442
2149.968
2152.34
2145.465
2147.939
2155.945
2156.076
2154.401
2156.076
2158.448
2156.076
2147.041
2145.855
2147.145
2160.541
2160.41
2214.619
2222.922
2304.527
2290.479
2317.308
2315.954
2318.442
2315.954
2324.351
2315.954
2329.857
2327.991
2325.247
2327.991
2314.088
2315.954
2321.78
2328.915
2259.768
2235.866
2305.012
2297.878
2292.052
2315.954
2316.091
2306.915
2250.061
2241.354
2243.841
2229.793
2170.591
2163.951
2139.622
2138.268
2155.683
2157.037
2158.793
2131.963
2130.207
2157.179
2119.423
2147.628
2147.484
2144.869
2125.176
2106.869
2081.292
2066.522
2128.76
2137.913
2129.913
2137.913
2152.683
2144.221
2203.99
2286.26
2311.837
2326.606
2364.362
2374.01
2393.702
2416.49
2418.337
2416.913
2402.144
2411.298
2419.824
2391.619
2391.474
2392.897
2395.513
2383.987
2384.131
2324.362
2315.837
2317.683
2316.26
2321.901
2336.67
2405.824
2396.67
2394.824
2454.593
2456.016
2456.16
2456.016
2453.401
2451.554
2461.554
2466.747
2476.731
2476.875
2516.939
2526.266
2551.394
2468.899
2503.869
2513.235
2532.503
2535.357
2533.601
2524.235
2458.162
2455.308
2436.04
2379.976
2385.235
2379.976
2343.895
2406.895
2340.965
2376.902
2390.732
2446.796
2448.552
2451.04
2450.902
2451.04
2452.796
2454.149
2511.003
2537.832
2529.125
2527.369
2524.881
2519.515
2533.564
2542.93
2541.576
2542.82
2528.771
2471.918
2468.076
2462.634
2453.122
2443.625
2365.369
2362.881
2348.832
2346.576
2349.32
2351.076
2349.832
2349.97
2293.116
2290.628
2293.116
2292.979
2291.625
2348.479
2353.845
2362.552
2376.601
2442.674
2376.601
2374.845
2348.015
2348.354
2334.305
2296.402
2214.287
2175.36
2157.433
2135.506
2100.537
2076.207
2100.537
2108.933
2100.537
2100.399
2157.253
2100.399
2028.288
2019.985
2014.869
2014.547
2014.677
2013.003
2010.631
2018.933
2020.224
2022.596
2035.991
2037.666
2024.27
2098.887
2090.137
2072.276
2015.828
2029.224
1994.98
2051.427
2028.23
2051.427
1976.811
1969.555
1956.16
1972.765
1980.02
1909.086
1893.219
1901.581
1934.303
1934.178
1932.578
1925.189
1923.956
1864.022
1856.022
1851.578
1826.669
1834.669
1802.808
1827.717
1859.578
1856.311
1860.756
1895.478
1860.756
1864.022
1812.222
1810.989
1862.789
1864.389
1862.789
1860.522
1862.789
1849.989
1862.789
1838.344
1862.789
1870.722
1870.597
1871.831
1863.897
1864.022
1872.022
1864.089
1868.533
1876.467
1868.467
1864.022
1888.467
1890.167
1892.433
1900.083
1902.583
1900.883
1893.233
1890.733
1903.4
1901.133
1888.467
1886.103
1883.836
1876.186
1858.631
1850.697
1844.128
1837.628
1802.378
1794.444
1770
1757.2
1705.4
1705.275
1703.675
1701.408
1700.175
1702.897
1741.903
1703.669
1712.336
1687.892
1678.947
1670.281
1668.581
1676.514
1678.214
1687.158
1679.225
1681.825
1633.662
1631.173
1667.779
1663.032
1659.904
1652.58
1659.096
1654.415
1714.734
1706.436
1729.84
1732.968
1727.782
1743.42
1748.168
1755.492
1763.79
1751.726
1745.21
1742.976
1748.162
1785.508
1782.902
1785.508
1748.162
1711.556
1711.436
1678.191
1714.798
1716.766
1724.771
1758.016
1788.521
1789.702
1785.394
1764.543
1756.258
1747.96
1760.455
1729.949
1722.21
1743.061
1751.346
1766.984
1771.293
1771.412
1779.71
1783.965
1786.949
1810.168
1812.774
1775.428
1812.774
1810.168
1808.636
1811.125
1819.295
1802.487
1753.58
1758.168
1746.104
1803.742
1795.572
1863.838
1806.199
1815.175
1866.256
1861.464
1879.019
1876.419
1878.019
1890.619
1898.981
1903.425
1887.092
1895.692
1912.025
1910.792
1897.742
1895.686
1896.919
1888.558
1890.614
1915.549
1918.811
1914.16
1927.817
1924.555
1907.951
1851.503
1838.108
1814.91
1806.16
1788.299
1754.055
1679.439
1672.183
1669.334
1710.154
1747.27
1750.119
1709.299
1706.451
1747.27
1750.119
1772.91
1732.09
1734.241
1730.98
1729.689
1716.032
1720.683
1721.974
1704.881
1700.23
1708.98
1712.241
1652.475
1644.114
1657.164
1655.108
1662.758
1640.592
1632.942
1655.108
1616.103
1655.108
1652.386
1655.108
1642.058
1701.34
1700.049
1717.142
1720.404
1734.061
1729.41
1738.16
1742.811
1744.962
1741.701
1732.951
1730.799
1732.09
1729.718
1727.939
1735.945
1738.561
1740.933
1738.317
1725.061
1738.317
1730.311
1732.09
1733.515
1796.515
1793.666
1752.846
1793.666
1752.846
1735.753
1734.328
1725.578
1720.927
1717.666
1716.375
1719.637
1705.98
1714.73
1731.823
1657.575
1696.581
1636.88
1638.061
1640.029
1644.285
1642.316
1691.912
1704.168
1706.338
1707.87
1715.465
1715.761
1668.179
1668.293
1648.293
1643.418
1585.561
1579.592
1614.704
1606.745
1614.704
1636.974
1641.107
1633.161
1665.048
1660.916
1668.862
1668.977
1648.977
1619.717
1597.446
1617.446
1585.559
1550.446
1550.332
1579.592
1615.413
1617.301
1624.036
1626.536
1590.714
1655.798
1643.303
1635.298
1637.266
1641.521
1657.16
1660.144
1644.505
1641.521
1637.266
1645.271
1643.303
1715.106
1716.339
1729.389
1730.522
1732.122
1732.247
1740.881
1667.981
1667.686
1655.431
1653.261
1676.665
1627.069
1626.949
1603.545
1605.715
1617.971
1616.439
1608.843
1646.189
1643.582
1646.189
1608.843
1600.609
1599.524
1622.928
1630.524
1642.779
1676.529
1684.125
1684.005
1682.473
1682.593
1659.189
1661.359
1653.093
1662.117
1711.713
1710.532
1708.362
1709.894
1773.089
1797.533
1798.767
1800
1808.361
1811.478
1807.033
1790.7
1803.75
1801.694
1798.578
1814.911
1816.967
1815.733
1820.178
1807.128
1798.767
1795.517
1756.511
1753.789
1778.697
1788.122
1716.822
1714.222
1701.622
1641.422
1639.822
1631.289
1613.733
1608.942
1557.861
1559.461
1561.728
1560.128
1552.194
1564.994
1513.194
1510.928
1518.861
1518.986
1494.542
1518.986
1520.219
1518.986
1570.786
1557.986
1557.861
1561.111
1536.203
1523.153
1521.097
1516.653
1500.319
1497.203
1488.842
1487.608
1489.875
1502.675
1502.55
1501.317
1449.517
1447.25
1439.317
1447.25
1434.45
1435.683
1434.083
1458.528
1510.328
1511.928
1487.483
1487.608
1500.275
1502.775
1495.125
1492.625
1479.958
1481.658
1483.925
1491.575
1489.875
1487.608
1484.675
1487.942
1503.808
1513.342
1497.475
1500.408
1506.908
1503.642
1497.142
1487.608
1509.775
1487.608
1479.958
1487.608
1487.483
1489.75
1487.483
1495.417
1496.65
1548.45
1550.05
1542.117
1517.672
1516.072
1514.839
1463.039
1450.239
1463.039
1463.164
1487.608
1503.475
1519.808
1527.458
1565.692
1568.292
1571.972
1603.833
1608.267
1616.2
1608.267
1616.267
1608.267
1603.822
1608.267
1621.067
1618.467
1618.592
1644.356
1642.089
1620.856
1672.656
1673.889
1676.489
1652.044
1605.149
1605.029
1612.625
1600.37
1550.774
1557.795
1550.199
1573.418
1575.588
1574.056
1572.875
1560.747
1536.08
1548.207
1568.537
1570.069
1549.218
1526
1521.691
1513.407
1513.287
1504.989
1471.745
1435.138
1404.633
1404.753
1454.348
1461.944
1474.199
1475.731
1474.551
1473.019
1465.423
1453.168
1476.572
1477.753
1477.633
1479.803
1521.128
1469.328
1467.061
1459.914
1467.847
1416.047
1417.647
1419.914
1419.789
1411.856
1424.656
1449.1
1447.5
1423.056
1420.789
1407.989
1406.756
1458.556
1458.681
1459.914
1421.681
1397.79
1389.226
1397.79
1399.418
1401.907
1400.279
1408.577
1400.279
1397.79
1374.386
1366.79
1374.386
1397.79
1435.136
1459.803
1410.207
1467.59
1473.168
1476.704
1567.393
1544.944
1543.474
1504.924
1516.1
1523.735
1522.647
1511.353
1513.167
1513.056
1511.056
1504.056
1501.306
1503.071
1505.157
1511.463
1514.213
1562.096
1565.493
1569.309
1482.176
1474.542
1479.436
1428.55
1417.795
1451.417
1462.593
1459.196
1481.174
1476.151
1478.038
1454.378
1457.758
1453.473
1540.605
1538.792
1536.586
1525.409
1523.909
1517.159
1515.159
1543.272
1550.907
1555.591
1557.676
1560.426
1564.348
1570.654
1563.596
1552.419
1549.022
1461.89
1463.703
1468.406
1492.066
1495.602
1507.235
1511.039
1489.061
1496.696
1492.88
1580.012
1576.765
1538.413
1477.875
1528.762
1527.017
1587.554
1594.913
1618.7
1621.191
1627.686
1608.866
1627.686
1621.191
1618.054
1620.7
1618.693
1622.467
1592.986
1571.837
1544.785
1538.717
1540.724
1536.95
1541.458
1538.811
1565.863
1559.071
1556.297
1563.644
1559.137
1555.363
1561.432
1554.085
1527.033
1528.778
1550.653
1543.307
1546.575
1535.821
1596.358
1603.705
1601.96
1518.116
1514.847
1517.868
1466.981
1461.598
1490.288
1501.042
1479.167
1530.054
1568.078
1570.961
1567.039
1571.723
1599.836
1571.723
1575.645
1577.73
1580.48
1577.73
1575.645
1583.279
1576.973
1569.338
1575.645
1570.961
1586.02
1574.725
1637.637
1648.814
1637.637
1630.002
1633.4
1720.532
1743.265
1656.132
1663.767
1622.132
1618.863
1617.118
1556.58
1558.325
1536.45
1533.429
1540.681
1593.564
1639.27
1645.275
1664.833
1665.922
1604.953
1606.311
1612.198
1614.972
1635.726
1608.675
1635.726
1631.953
1627.446
1620.099
1622.106
1624.752
1618.684
1616.677
1621.184
1628.531
1634.599
1631.953
1635.726
1638.995
1578.458
1557.309
1617.847
1628.601
1679.488
1595.644
1616.792
1624.139
1620.87
1619.125
1611.778
1601.024
1550.137
1574.564
1576.245
1555.166
1576.245
1569.264
1540.855
1475.073
1473.139
1468.795
1466.245
1472.093
1466.245
1492.314
1494.864
1491.227
1498.307
1500.241
1474.173
1467.093
1470.73
1475.073
1501.845
1522.225
1511.861
1592.657
1602.38
1593.471
1591.849
1594.888
1591.849
1585.018
1581.235
1533.708
1554.048
1534.384
1544.384
1497.068
1476.728
1483.559
1485.182
1428.893
1400.057
1393.566
1413.566
1405.855
1385.855
1393.566
1422.407
1393.566
1400.057
1397.83
1377.989
1370.909
1368.359
1371.995
1374.545
1380.393
1387.473
1413.541
1415.475
1389.407
1393.75
1387.902
1383.559
1379.923
1377.989
1376.307
1295.511
1285.789
1236.752
1216.373
1240.399
1237.13
1229.783
1219.028
1219.708
1212.361
1239.413
1242.059
1249.406
1246.759
1250.533
1244.465
1242.458
1238.684
1240.691
1245.198
1251.267
1224.215
1219.708
1213.212
1194.392
1190.618
1183.825
1187.599
1194.335
1201.127
1194.392
1190.182
1185.675
1183.028
1179.255
1177.248
1150.196
1142.849
1136.781
1116.026
1119.847
1116.825
1119.646
1203.491
1233.42
1240.212
1246.439
1250.946
1244.45
1238.672
1224.804
1204.05
1201.276
1205.875
1208.649
1155.158
1159.368
1165.146
1185.901
1178.542
1173.943
1227.434
1223.224
1230.583
1237.078
1239.059
1236.936
1303.403
1286.634
1315.955
1313.833
1313.267
1308.667
1297.8
1291.731
1284.373
1276.778
1274.571
1242.108
1221.354
1219.91
1212.552
1205.816
1202.052
1223.927
1191.465
1223.927
1217.432
1236.252
1242.748
1269.8
1267.592
1264.467
1237.415
1239.623
1258.443
1257.396
1257.712
1261.863
1243.042
1294.156
1295.203
1297.976
1299.335
1327.118
1331.625
1337.203
1335.844
1341.623
1335.736
1291.755
1297.642
1299.849
1297.953
1342.848
1375.209
1430.601
1438.867
1441.13
1501.449
1467.492
1447.162
1422.495
1434.622
1454.952
1479.62
1482.109
1469.981
1467.492
1544.471
1549.684
1551.911
1556.786
1559.082
1566.107
1586.464
1608.138
1615.163
1664.699
1666.612
1686.612
1718.5
1751.071
1753.934
1786.505
1778.668
1779.403
1788.242
1740.848
1744.245
1762.98
1766.951
1769.819
1798.691
1861.603
1875.721
1880.404
1886.875
1889.806
1920.909
1913.85
1920.909
1951.38
1864.248
1859.564
1861.858
1855.387
1836.259
1845.571
1815.642
1812.821
1829.783
1913.627
1935.502
1939.323
1936.054
1938.814
1946.986
1928.958
1907.083
1898.91
1916.939
1920.208
1916.387
1988.672
1982.201
1986.172
1963.439
1959.468
1978.203
1986.696
1983.828
1986.696
2009.429
1990.694
1987.297
1990.694
1982.201
1979.613
1985.348
1989.554
1983.819
1986.701
1983.819
1975.407
1961.407
1963.407
1891.807
1885.071
1905.825
1935.755
1943.757
1935.755
1915
1885.071
1891.807
1924.925
1998.598
1974.066
1988.557
1991.33
1994.09
1990.269
1993.538
2001.71
2019.738
2023.559
2045.434
2042.675
2039.406
2017.531
1999.502
1991.33
1984.594
1980.821
1974.028
1978.535
1974.384
1980.163
1979.116
1973.229
1972.913
1974.271
1972.064
1969.29
2020.403
2015.896
1997.075
1995.717
1988.387
2007.208
2027.962
2055.745
2061.632
2055.854
2061.432
2033.649
2035.856
2030.278
2033.052
2034.948
1983.835
1984.882
2028.863
2046.892
2054.986
2085.099
2081.83
2084.59
2062.715
2066.535
2063.776
2055.604
2058.873
2055.052
2076.927
2058.899
2067.071
2085.099
2066.608
2046.019
2097.132
2078.642
2108.123
2153.92
2156.566
2175.057
2195.094
2149.297
2142.802
2149.297
2119.816
2099.778
2097.132
2100.401
2078.526
2086.698
2108.573
2090.545
2087.785
2105.814
2108.573
2104.752
2096.58
2093.311
2097.132
2099.34
2116.302
2129.887
2139.198
2122.236
2120.028
2090.708
2077.123
2067.811
2118.698
2128.472
2077.585
2044.467
2040.646
2058.675
2050.502
2053.771
2056.531
2078.406
2056.531
2064.703
2068.524
2065.255
2143.377
2124.642
2093.348
2074.613
2105.907
2114.319
2133.054
2124.642
2121.775
2136.833
2121.775
2118.377
2095.645
2114.38
2111.512
2107.542
2116.034
2119.431
2110.939
2092.203
2096.174
2099.042
2121.775
2052.701
2031.132
2026.765
2018.353
2014.382
2009.603
2017.495
2021.723
2024.473
2026.767
2025.002
2047.735
1991.217
1993.142
2016.929
2030.401
2031.08
2045.571
2052.274
2059.373
2056.104
2034.229
2031.469
2027.649
2009.62
2001.448
2003.571
2009.09
2069.627
2137.892
2221.736
2153.472
2159.967
2130.038
2125.415
2041.571
2060.392
2078.279
2058.721
2052.25
2047.566
2040.816
2043.748
2039.064
2043.868
2041.662
2048.132
2055.191
2048.132
2050.338
2047.407
2078.51
2083.194
2087.877
2112.598
2049.686
2052.275
2044.627
2019.907
2027.554
2090.466
2087.877
2096.289
2064.995
2046.26
2077.554
2096.289
2087.877
2092.681
2094.767
2115.591
2062.473
2041.65
2089.243
2108.458
2139.096
2108.458
2060.865
2058.779
2039.564
2046.083
2048.833
2055.583
2048.833
2046.083
2053.049
2081.162
2089.054
2120.348
2103.858
2104.906
2086.085
2083.877
2056.825
2024.363
2017.868
1995.993
2046.88
2049.087
2039.314
2056.276
2005.389
1988.427
1974.842
1965.531
1974.842
2004.163
2001.955
2015.54
2059.521
2070.389
2072.314
2093.068
2099.804
2100.851
2100.958
2102.316
2121.137
2128.439
2084.458
2083.41
2084.458
2063.703
2057.925
2132.831
2131.419
2132.831
2134.801
2139.485
2142.368
2148.485
2128.926
2126.956
2122.272
2143.841
2141.547
2133.23
2080.113
2073.995
2071.113
2042.24
2048.245
2050.539
2096.245
2102.042
2087.63
2116.502
2097.767
2089.355
2058.061
2103.767
2102.679
2081.11
2079.11
2033.404
2022.11
2043.679
2036.679
2037.767
2039.767
2039.877
2041.289
2048.289
2059.583
2059.473
2058.061
2059.9
2066.419
2067.007
2068.007
2066.007
2020.301
2027.301
2025.89
2027.89
2020.89
2021
2020.89
1999.321
2010.615
1955.498
1944.63
1988.611
1989.658
1988.611
1989.969
2058.233
2065.333
2063.125
2048.634
2050.842
2065.333
2089.12
2091.767
2067.979
2047.224
2067.979
2075.573
2072.927
2065.828
2058.233
2064.729
2066.936
2126.424
2127.512
2081.806
2067.806
2075.424
2074.012
2016.502
2016.608
2017.967
2019.892
2013.156
2013.05
2023.917
2025.276
2032.012
2030.087
2029.04
2018.172
2018.851
2045.903
2052.606
2082.719
2055.667
2048.965
2047.917
2055.512
2119.035
2111.441
2081.328
2017.804
2018.851
2016.078
2076.616
2079.884
2059.13
2048.262
1980.27
2022.652
2024.507
2025.516
2026.825
2024.97
2094.649
2115.403
2115.297
2114.25
2112.892
2112.998
2105.667
2116.535
2088.825
2062.052
2061.398
2074.38
2061.398
2059.543
2061.398
2057.477
2058.132
2051.673
2058.132
2057.477
2061.398
2061.295
2054.805
2065.277
2066.586
2066.689
2013.471
2011.682
1970.787
1969.814
1971.603
1970.34
1960.235
2011.516
2018.007
2019.016
2061.398
2032.557
2026.066
2032.557
2061.398
2069.109
2126.434
2069.109
2061.398
2058.68
2054.336
2045.364
2017.109
1936.314
1919.968
1917.841
1904.75
1898.75
1869.909
1820.873
1814.327
1807.836
1806.527
1764.145
1774.618
1772.764
1779.255
1780.264
1780.161
1822.543
1821.534
1822.843
1842.843
1891.63
1891.736
1893.66
1882.792
1880.146
1882.792
1928.59
1948.627
1928.59
1910.099
1864.302
1857.807
1864.302
1834.821
1853.311
1882.792
1889.528
1895.415
1912.377
1917
1906.245
1888.217
1886.009
1864.134
1859.925
1864.524
1871.882
1851.127
1857.623
1878.377
1872.599
1868
1814.509
1820.288
1812.929
1815.703
1809.208
1807.226
1821.094
1818.321
1871.811
1876.021
1869.795
1869.689
1876.425
1877.783
1881.934
1880.887
1924.868
1904.113
1902.189
1895.453
1895.559
1894.2
1895.248
1897.172
1908.04
1864.059
1853.191
1846.488
1819.436
1755.913
1725.8
1724.752
1731.455
1794.979
1796.026
1788.432
1815.483
1823.078
1853.191
1860.55
1881.304
1888.04
1889.087
1899.955
1899.849
1901.208
1945.189
1947.113
1945.189
1941.038
1897.057
1896.009
1894.651
1894.757
1883.889
1877.153
1870.658
1875.165
1881.66
1877.038
1808.774
1806.651
1874.915
1935.453
1954.274
1958.896
1954.389
1956.512
1937.691
1877.153
1897.743
1941.724
1950.686
1949.639
1948.281
1927.526
1883.545
1872.677
1872.571
1870.646
1863.91
1861.137
1817.156
1815.797
1814.75
1808.863
1810.222
1829.042
1830.09
1822.788
1818.281
1790.498
1792.705
1800.007
1805.585
1807.481
1835.264
1879.245
1882.019
1879.811
1884.318
1878.741
1882.892
1888.778
1869.958
1868.061
1873.84
1868.061
1847.307
1845.3
1837.705
1835.498
1821.007
1813.908
1816.554
1792.767
1807.257
1831.045
1784.461
1764.461
1771.78
1773.907
1780.748
1778.198
1779.884
1808.902
1782.834
1775.516
1776.525
1802.593
1863.807
1862.798
1833.78
1827.32
1834.639
1841.098
1779.884
1773.393
1779.066
1783.52
1777.848
1773.393
1757.048
1773.393
1779.884
1782.602
1782.705
1731.159
1702.905
1709.666
1681.257
1700.566
1694.307
1722.716
1740.534
1743.084
1740.534
1721.225
1727.484
1683.352
1665.534
1709.666
1761.211
1779.03
1783.373
1788.691
1790.545
1786.625
1780.166
1784.086
1783.432
1789.891
1786.209
1786.864
1785.009
1797.991
1785.009
1791.468
1785.009
1814.027
1815.036
1876.25
1902.318
1841.105
1815.036
1814.027
1785.009
1792.327
1785.009
1789.059
1760.041
1753.55
1769.895
1775.568
1769.895
1765.441
1771.932
1776.386
1760.041
1768.677
1761.836
1775.8
1755.8
1732.877
1735.005
1721.041
1713.723
1736.645
1743.964
1746.514
1743.964
1750.805
1748.677
1768.677
1771.077
1784.059
1781.386
1777.486
1780.159
1778.305
1783.623
1781.223
1789.023
1783.705
1769.741
1771.377
1773.205
1771.568
1729.186
1734.859
1752.995
1757.339
1753.339
1756.011
1748.975
1746.848
1745.839
1727.702
1725.875
1729.875
1735.25
1784.505
1826.886
1821.214
1816.87
1811.495
1812.505
1875.123
1873.764
1845.981
1848.189
1875.972
1881.75
1878.976
1880.335
1853.283
1854.33
1847.627
1846.58
1853.283
1860.877
1871.465
1807.941
1838.054
1807.941
1800.347
1827.399
1822.892
1829.387
1833.894
1765.63
1784.45
1765.63
1767.752
1765.63
1761.007
1700.469
1768.733
1773.356
1833.894
1827.399
1845.889
1843.243
1872.724
1879.267
1833.469
1826.974
1829.62
1809.583
1811.748
1765.175
1736.766
1718.948
1719.05
1739.05
1746.761
1717.92
1697.92
1690.209
1719.05
1712.559
1719.05
1726.761
1733.22
1735.048
1740.616
1676.566
1628.042
1670.898
1666.443
1660.77
1654.28
1660.77
1666.443
1670.898
1687.243
1673.28
1677.336
1679.886
1682.286
1688.832
1750.045
1749.036
1720.018
1693.95
1720.018
1726.477
1716.275
1723.593
1733.795
1762.814
1755.495
1756.505
1750.045
1718.132
1716.277
1689.505
1692.177
1685.718
1672.736
1674.591
1675.245
1679.166
1692.148
1688.227
1694.686
1694.032
1674.032
1694.032
1701.35
1715.314
1701.35
1703.477
1680.555
1673.714
1671.586
1664.268
1687.191
1694.032
1696.582
1694.032
1686.941
1628.605
1605.682
1603.282
1607.332
1578.314
1584.618
1590.768
1532.432
1593.645
1591.245
1593.795
1591.245
1597.791
1600.191
1593.645
1532.432
1550.25
1579.091
1610.373
1613.045
1623.723
1625.409
1638.773
1601.612
1631.796
1647.568
1666.713
1671.011
1664.748
1659.274
1665.537
1661.239
1666.713
1650.941
1666.713
1639.3
1640.274
1642.735
1625.542
1623.529
1617.445
1598.814
1626.226
1643.419
1640.958
1646.998
1689.581
1708.213
1748.539
1741.478
1716.325
1715.351
1687.351
1677.507
1671.274
1621.537
1617.346
1621.537
1638.73
1688.467
1683.336
1666.143
1671.274
1612.208
1609.893
1603.577
1601.116
1603.432
1609.748
1668.814
1671.274
1667.414
1620.099
1617.52
1615.757
1598.257
1592.783
1587.41
1592.596
1590.544
1597.333
1599.386
1595.195
1569.362
1573.553
1568.366
1567.103
1526.208
1525.235
1523.368
1475.842
1501.675
1503.465
1505.439
1506.781
1516.781
1522.82
1521.175
1520.544
1517.965
1487.781
1498.083
1485.189
1515.373
1543.202
1541.575
1521.235
1504.042
1506.621
1519.515
1491.686
1512.026
1529.219
1518.917
1520.544
1473.018
1479.333
1481.649
1479.189
1472.873
1413.807
1411.491
1413.952
1423.796
1430.029
1422.588
1430.029
1431.792
1425.559
1423.796
1426.419
1428.721
1424.423
1368.134
1363.943
1346.443
1282.969
1280.996
1274.956
1267.895
1274.496
1255.197
1253.145
1260.206
1238.088
1235.627
1229.026
1215.553
1217.605
1236.904
1250.377
1252.838
1274.956
1277.535
1283.851
1326.434
1320.601
1322.246
1328.079
1334.342
1332.697
1332.171
1331.276
1331.803
1338.066
1353.838
1349.539
1355.013
1339.241
1333.768
1327.504
1331.803
1321.958
1328.274
1325.958
1319.643
1322.103
1319.643
1321.958
1381.024
1421.919
1425.833
1427.623
1426.991
1425.202
1428.985
1435.217
1431.434
1443.961
1431.434
1425.202
1425.833
1440.925
1439.298
1440.925
1451.228
1468.421
1465.842
1452.947
1455.526
1458.432
1441.239
1420.899
1425.537
1397.708
1387.406
1357.221
1323.672
1298.305
1299.215
1300.395
1300.488
1306.34
1315.783
1353.996
1355.668
1356.783
1351.988
1391.779
1389.369
1391.668
1431.459
1414.049
1408.406
1434.02
1451.43
1457.074
1454.775
1438.709
1454.775
1429.16
1389.369
1427.582
1399.722
1394.056
1399.722
1401.341
1364.341
1364.431
1363.55
1364.692
1363.073
1389.732
1388.551
1388.459
1379.016
1379.926
1389.369
1386.959
1399.008
1404.029
1422.061
1426.057
1472.533
1467.512
1469.922
1466.264
1459.871
1455.875
1462.268
1444.236
1449.879
1437.83
1391.355
1395.012
1389.369
1398.713
1404.357
1402.512
1404.357
1398.713
1394.697
1393.025
1391.18
1392.852
1391.598
1397.242
1398.496
1389.152
1387.234
1332.041
1334.205
1336.504
1334.34
1328.439
1383.631
1389.533
1387.234
1387.141
1396.584
1396.676
1395.004
1413.037
1414.217
1420.07
1381.857
1420.07
1420.98
1415.127
1405.684
1407.357
1406.447
1405.266
1434.258
1379.877
1387.066
1379.877
1361.233
1359.504
1332.963
1334.635
1360.639
1342.607
1352.049
1390.262
1396.115
1397.295
1397.387
1371.383
1389.416
1383.564
1389.416
1388.236
1378.793
1378.701
1372.848
1373.758
1372.848
1334.635
1341.029
1338.314
1341.029
1338.619
1348.246
1346.725
1342.391
1328.289
1329.809
1313.744
1345.82
1360.4
1377.011
1379.502
1383.983
1350.656
1341.029
1285.836
1283.537
1277.635
1275.471
1281.373
1283.672
1338.865
1341.029
1345.045
1350.898
1356.012
1351.996
1337.258
1331.406
1326.291
1341.029
1339.357
1320.35
1324.266
1325.102
1320.256
1364.666
1366.584
1368.256
1377.6
1353.461
1377.6
1378.781
1372.01
1387.177
1369.716
1367.859
1361.716
1324.716
1319.05
1309.907
1327.367
1332.06
1331.179
1331.089
1331.179
1330.036
1339.179
1344.845
1345.726
1341.935
1347.649
1345.315
1347.649
1309.121
1347.649
1341.935
1346.256
1351.494
1367.327
1368.946
1331.946
1322.804
1321.994
1347.305
1346.395
1384.609
1390.461
1391.641
1401.084
1399.412
1399.32
1400.23
1400.322
1418.355
1417.174
1411.006
1429.039
1441.629
1429.039
1435.207
1414.539
1396.506
1403.105
1400.805
1421.473
1423.391
1416.793
1419.092
1417.174
1427.182
1467.215
1464.916
1459.014
1461.314
1459.15
1466.268
1412.827
1418.542
1420.637
1419.018
1456.018
1457.637
1448.494
1447.351
1446.47
1409.47
1409.381
1410.262
1411.405
1411.494
1394.034
1403.177
1397.51
1403.177
1420.637
1436.47
1430.831
1424.099
1422.504
1424.877
1425.956
1431.234
1435.026
1417.565
1423.232
1460.232
1461.113
1424.113
1414.97
1415.06
1409.393
1411.012
1428.472
1428.383
1437.526
1438.669
1437.526
1435.907
1435.026
1450.581
1435.026
1425.704
1435.026
1433.554
1430.925
1456.103
1451.907
1453.379
1455.712
1453.379
1441.712
1453.379
1439.724
1467.034
1485.437
1487.222
1496.27
1497.484
1495.865
1494.651
1489.187
1487.401
1478.353
1479.972
1485.437
1446.909
1444.683
1429.127
1412.27
1409.52
1404.242
1379.44
1383.762
1379.97
1374.506
1358.95
1354.308
1309.308
1348.32
1351.598
1357.451
1363.352
1353.91
1352.73
1358.582
1357.672
1359.344
1360.254
1361.434
1323.221
1361.434
1379.467
1388.91
1389.002
1388.91
1387.238
1369.205
1363.352
1308.16
1305.996
1303.697
1341.788
1323.292
1326.947
1325.218
1342.125
1340.905
1346.498
1348.227
1360.328
1354.735
1342.633
1338.979
1343.593
1342.983
1338.369
1338.979
1342.411
1336.39
1342.411
1325.504
1319.453
1304.216
1308.369
1314.419
1309.131
1314.419
1329.657
1325.504
1323.775
1314.013
1312.792
1294.148
1294.053
1288.002
1287.061
1247.553
1241.718
1248.989
1250.142
1252.676
1251.523
1248.989
1243.354
1226.447
1232.083
1248.989
1242.379
1283.519
1277.417
1283.519
1286.011
1283.519
1242.379
1248.979
1253.028
1277.328
1257.678
1259.481
1247.023
1252.475
1250.903
1234.292
1231.801
1202.64
1192.686
1165.801
1168.178
1171.568
1179.932
1118.61
1144.949
1184.491
1197.018
1199.596
1201.912
1207.044
1201.912
1199.596
1207.123
1204.544
1197.018
1184.491
1262.452
1262.746
1263.719
1269.553
1269.651
1316.967
1318.23
1312.588
1318.23
1343.384
1339.875
1344.066
1345.932
1343.471
1346.98
1349.441
1356.272
1354.406
1329.252
1322.421
1318.23
1300.73
1306.52
1300.73
1295.954
1300.73
1318.23
1311.706
1318.768
1321.228
1343.346
1321.228
1340.526
1347.127
1349.18
1346.719
1339.658
1326.184
1306.886
1304.833
1298.232
1311.706
1314.329
1296.829
1294.206
1288.373
1289.566
1288.373
1294.206
1311.706
1285.873
1284.246
1284.147
1289.333
1315.167
1310.976
1351.303
1303.776
1305.496
1303.513
1307.561
1309.544
1304.534
1294.873
1293.144
1289.754
1295.589
1297.496
1307.157
1300.557
1295.106
1301.706
1326.006
1327.735
1321.9
1317.852
1321.9
1320.604
1296.303
1293.926
1297.316
1298.612
1296.809
1299.186
1297.28
1299.083
1304.534
1309.822
1325.059
1329.212
1335.263
1331.11
1325.059
1309.822
1315.555
1310.267
1334.568
1336.371
1333.994
1330.604
1337.203
1342.655
1318.354
1312.903
1306.303
1309.693
1305.644
1309.693
1307.89
1310.267
1315.903
1313.369
1315.746
1307.695
1309.263
1309.167
1314.619
1316.186
1322.695
1323.203
1349.686
1411.008
1411.949
1415.508
1418.941
1445.424
1445.519
1462.129
1491.29
1509.786
1516.396
1519.828
1544.129
1550.729
1556.364
1602.076
1603.017
1603.112
1602.172
1602.076
1596.441
1595.22
1596.441
1550.729
1533.822
1532.669
1549.576
1550.729
1553.263
1550.729
1545.093
1550.729
1511.22
1465.305
1469.919
1464.326
1447.419
1442.805
1445.182
1450.775
1467.682
1474.282
1472.479
1467.028
1470.417
1468.04
1463.992
1488.292
1490.095
1494.144
1469.843
1466.453
1459.854
1465.305
1467.682
1508.822
1467.682
1470.174
1464.072
1470.174
1467.682
1465.305
1423.915
1418.464
1416.661
1411.21
1407.161
1409.538
1402.939
1427.239
1429.042
1433.091
1430.714
1427.324
1433.924
1437.314
1442.765
1418.464
1422.119
1410.017
1411.746
1423.847
1424.458
1430.479
1426.824
1426.214
1424.485
1418.464
1391.578
1385.528
1366.883
1359.695
1363.744
1380.65
1374.051
1380.65
1383.028
1380.65
1382.453
1387.905
1386.102
1390.15
1384.699
1360.398
1384.699
1388.089
1384.699
1380.65
1379.498
1376.964
1379.498
1380.65
1386.286
1403.193
1386.286
1380.65
1376.498
1371.21
1355.972
1349.922
1304.21
1305.15
1305.055
1304.114
1349.826
1355.462
1349.826
1349.922
1351.142
1349.922
1356.299
1354.57
1353.273
1354.799
1360.392
1358.485
1363.1
1357.265
1347.311
1341.718
1332.057
1327.443
1329.172
1346.078
1351.913
1353.82
1336.913
1346.574
1342.792
1344.089
1357.106
1375.75
1378.127
1371.75
1393.119
1399.496
1397.513
1404.335
1406.318
1384.949
1378.127
1375.75
1357.106
1344.089
1340.04
1334.589
1332.212
1330.409
1323.809
1320.419
1296.119
1322.458
1314.407
1331.017
1357.5
1357.595
1364.206
1367.638
1361.028
1379.523
1372.924
1354.428
1354.333
1327.85
1334.449
1331.017
1306.716
1331.017
1314.407
1285.246
1314.407
1308.305
1314.407
1311.017
1304.966
1308.356
1314.407
1311.873
1310.72
1311.873
1317.508
1300.602
1303.136
1320.042
1314.407
1313
1313.632
1283.447
1281.395
1328.921
1334.107
1328.921
1288.594
1331.436
1305.603
1301.412
1327.246
1331.436
1333.489
1376.072
1369.757
1327.173
1333.489
1330.91
1333.489
1334.752
1340.586
1293.27
1292.296
1292.197
1286.364
1285.101
1286.075
1286.173
1333.489
1328.713
1322.923
1305.423
1311.947
1352.274
1362.379
1382.044
1412.838
1418.877
1459.772
1466.296
1460.463
1457.84
1456.647
1474.147
1479.98
1481.173
1463.673
1466.296
1468.086
1466.112
1460.072
1458.283
1460.257
1461.599
1451.599
1457.638
1456.296
1466.296
1462.388
1468.989
1449.844
1468.476
1475.537
1482.978
1483.61
1523.936
1534.239
1539.713
1550.015
1551.208
1545.375
1544.401
1545.664
1551.498
1550.235
1551.208
1551.11
1551.208
1598.524
1551.208
1549.419
1527.3
1521.068
1527.3
1523.393
1516.331
1515.7
1509.099
1496.572
1500.355
1497.895
1498.526
1511.053
1512.842
1509.059
1495.586
1476.287
1474.235
1474.333
1499.487
1518.632
1548.816
1555.647
1528.235
1555.647
1548.805
1531.612
1538.454
1531.623
1506.469
1476.285
1479.838
1476.285
1457.14
1457.042
1474.235
1481.675
1499.175
1493.342
1490.719
1491.912
1474.412
1480.246
1497.746
1500.368
1499.175
1500.149
1499.175
1498.649
1494.965
1489.322
1485.77
1484.147
1511.559
1518.296
1454.822
1448.086
1451.77
1452.296
1455.849
1428.436
1430.059
1435.702
1448.356
1373.038
1372.754
1448.072
1449.775
1443.165
1449.775
1453.907
1405.856
1387.212
1374.754
1379.945
1398.589
1394.458
1398.239
1446.29
1441.1
1443.591
1441.1
1437.318
1443.153
1455.61
1449.775
1434.538
1440.64
1443.131
1440.64
1481.78
1475.678
1434.538
1461.424
1466.381
1468.184
1474.235
1487.625
1489.354
1494.364
1500.199
1500.708
1500.199
1505.835
1499.784
1501.373
1507.424
1505.835
1500.199
1515.436
1509.703
1514.714
1524.667
1543.311
1545.388
1549.869
1552.246
1554.47
1508.758
1503.123
1501.903
1501.807
1500.867
1497.085
1502.095
1541.055
1502.095
1509.284
1499.331
1492.142
1510.142
1492.142
1497.43
1498.04
1492.752
1502.706
1495.883
1495.273
1502.095
1507.731
1490.824
1507.731
1508.883
1506.35
1508.883
1507.731
1502.095
1477.138
1481.186
1486.475
1490.256
1495.267
1498.657
1523.614
1477.699
1475.716
1522.309
1518.118
1520.171
1567.697
1565.908
1563.934
1553.934
1547.895
1546.553
1546.651
1552.914
1518.917
1558.426
1559.367
1560.587
1570.35
1572.078
1565.468
1580.706
1580.801
1578.309
1575.932
1570.922
1560.968
1558.744
1560.968
1558.892
1585.778
1595.731
1577.087
1579.163
1581.54
1586.551
1582.07
1585.799
1624.758
1634.521
1604.771
1623.769
1604.771
1595.008
1600.843
1561.883
1555.581
1549.746
1556.049
1585.799
1576.036
1574.307
1575.172
1581.756
1591.519
1591.424
1590.483
1589.263
1555.189
1516.975
1518.648
1518.74
1551.578
1552.799
1553.739
1547.689
1545.464
1540.273
1525.036
1506.54
1506.445
1499.845
1475.544
1449.061
1432.451
1425.841
1422.409
1393.248
1392.307
1398.358
1399.578
1392.994
1393.089
1411.733
1401.97
1401.875
1400.146
1429.976
1470.871
1469.607
1471.397
1472.371
1482.476
1481.581
1475.748
1474.555
1457.055
1454.432
1458.73
1461.296
1420.401
1461.296
1458.717
1456.928
1457.026
1446.921
1440.658
1441.632
1442.895
1453
1472.298
1431.404
1412.105
1412.007
1410.743
1412.533
1406.217
1363.634
1369.95
1372.529
1375.094
1381.357
1387.441
1381.357
1380.384
1379.191
1379.822
1372.761
1365.32
1372.761
1332.434
1313.803
1320.864
1320.232
1309.93
1350.257
1368.888
1363.414
1368.888
1379.191
1398.489
1388.186
1393.373
1365.544
1329.208
1331.432
1329.208
1331.585
1326.574
1324.197
1322.121
1318.392
1320.468
1347.354
1341.252
1335.201
1331.811
1337.862
1341.252
1347.354
1337.693
1321.498
1317.843
1330.301
1324.28
1321.746
1320.017
1307.915
1307.305
1309.797
1308.576
1310.305
1270.797
1269.856
1275.907
1266.144
1275.907
1294.551
1295.492
1276.847
1275.119
1269.068
1268.972
1270.193
1270.288
1276.873
1278.398
1280.102
1284.254
1301.161
1303.068
1309.89
1319.551
1325.602
1331.436
1326.426
1313.036
1326.426
1331.436
1358.322
1363.28
1361.477
1334.591
1336.32
1330.485
1328.756
1330.559
1325.602
1319.551
1321.119
1320.178
1328.229
1318.466
1311.881
1330.525
1330.621
1336.672
1337.612
1338.833
1337.892
1347.655
1349.383
1349.288
1388.797
1382.746
1364.102
1362.881
1361.153
1342.508
1344.237
1338.186
1328.424
1367.932
1328.424
1347.068
1356.831
1362.881
1389.767
1391.992
1382.038
1379.814
1361.169
1359.093
1378.952
1379.05
1376.59
1374.8
1374.702
1394
1396.149
1398.61
1403.796
1414.099
1408.912
1407.649
1408.912
1407.939
1408.912
1415.974
1417.947
1400.447
1393.386
1391.807
1393.57
1391.596
1401.596
1391.596
1393.175
1388.877
1387.114
1404.614
1408.912
1389.614
1408.912
1368.018
1368.116
1366.327
1407.221
1413.485
1414.458
1408.195
1418.3
1419.564
1418.3
1418.202
1419.991
1419.018
1408.912
1411.491
1413.807
1408.675
1413.807
1421.333
1408.807
1406.228
1398.702
1396.386
1408.912
1398.61
1408.912
1410.105
1408.912
1402.873
1402.241
1394.8
1389.327
1407.958
1448.285
1455.726
1456.357
1466.66
1426.333
1407.702
1397.399
1404.461
1409.934
1402.873
1361.978
1360.715
1359.741
1379.039
1380.829
1390.934
1380.829
1374.566
1374.664
1375.928
1374.138
1354.84
1355.814
1396.708
1402.971
1402.873
1412.873
1414.452
1431.952
1436.25
1438.013
1441.928
1424.428
1429.614
1427.64
1420.579
1427.64
1417.64
1413.342
1411.763
1410
1411.974
1406.787
1380.954
1382.599
1335.072
1333.02
1328.829
1322.566
1324.355
1333.184
1335.039
1345.342
1350.529
1352.989
1355.138
1349.952
1347.803
1337.5
1335.039
1315.741
1343.57
1315.741
1313.439
1315.741
1335.039
1334.941
1333.151
1326.888
1325.625
1324.651
1314.546
1295.248
1254.353
1248.037
1241.954
1239.375
1281.958
1288.274
1290.853
1354.327
1357.879
1351.143
1347.458
1320.046
1318.423
1314.871
1342.283
1341.757
1278.283
1283.925
1284.452
1288.136
1282.493
1282.737
1281.763
1288.5
1288.906
1327.975
1377.011
1332.88
1339.139
1332.88
1339.641
1381.434
1361.055
1354.293
1343.82
1311.907
1270.114
1302.027
1322.407
1332.88
1325.561
1323.516
1305.38
1352.743
1351.045
1346.422
1351.045
1340.29
1342.186
1344.309
1351.903
1370.724
1372.422
1366.149
1376.903
1380.866
1386.443
1375.363
1377.675
1380.321
1401.075
1431.005
1433.481
1431.005
1442.085
1439.774
1419.019
1389.09
1383.512
1380.866
1365.96
1370.17
1375.748
1369.252
1371.177
1366.967
1361.389
1366.967
1361.389
1362.351
1360.427
1366.922
1361.403
1368.856
1338.927
1319.08
1317.145
1319.08
1312.589
1317.907
1273.507
1274.743
1274.089
1266.77
1261.098
1219.305
1199.995
1189.318
1181.607
1163.47
1156.152
1154.516
1152.689
1150.643
1155.098
1165.461
1167.289
1156.925
1158.561
1176.698
1178.743
1174.289
1181.607
1179.78
1260.575
1179.78
1181.607
1187.866
1190.093
1232.475
1236.395
1239.545
1241.182
1254.273
1256.127
1257.832
1255.909
1254.205
1245.055
1246.977
1311.027
1309.173
1316.155
1305.055
1307.918
1312.373
1306.998
1317.675
1320.225
1309.548
1306.998
1304.611
1275.77
1277.998
1283.373
1285.759
1305.759
1303.532
1283.532
1312.373
1314.2
1318.655
1308.291
1306.655
1304.827
1306.873
1288.736
1296.055
1306.418
1301.964
1299.918
1301.555
1319.691
1312.373
1306.998
1302.941
1306.998
1312.373
1268.241
1265.568
1259.023
1261.695
1268.241
1312.373
1314.6
1346.514
1353.832
1321.918
1353.832
1356.059
1353.832
1335.695
1340.15
1342.195
1340.559
1336.105
1328.786
1339.15
1339.455
1329.091
1330.727
1338.045
1356.182
1354.136
1352.309
1347.359
1358.036
1386.291
1358.036
1359.723
1362.109
1372.786
1343.917
1341.456
1313.627
1315.776
1305.474
1303.171
1297.985
1300.445
1281.147
1286.333
1314.162
1312.013
1305.75
1312.066
1315.575
1309.259
1305.75
1267.538
1297.288
1295.212
1265.462
1267.538
1265.809
1206.102
1204.513
1202.72
1204.797
1234.547
1232.47
1202.72
1202.436
1192.775
1202.436
1185.53
1187.055
1190.837
1192.744
1193.028
1198.038
1193.028
1191.121
1186.968
1193.79
1210.697
1203.875
1208.028
1204.246
1202.72
1238.987
1237.408
1240.917
1200.59
1199.695
1201.561
1206.693
1212.732
1210.943
1205.811
1200.625
1198.759
1170.93
1198.759
1212.618
1206.579
1211.765
1204.836
1211.099
1212.888
1218.928
1208.822
1167.928
1164.888
1152.257
1171.921
1202.715
1196.191
1190.151
1230.478
1240.583
1200.257
1206.781
1204.632
1235.425
1248.057
1217.263
1220.303
1261.197
1241.533
1210.739
1206.956
1209.105
1212.888
1211.309
1205.27
1203.121
1209.16
1210.739
1212.888
1210.428
1229.726
1219.423
1221.726
1219.577
1224.763
1205.465
1200.279
1202.428
1174.599
1184.901
1182.599
1210.428
1212.888
1243.682
1245.831
1215.037
1212.888
1202.586
1212.888
1211.695
1212.888
1210.428
1206.875
1224.375
1226.138
1221.84
1214.779
1213.2
1220.261
1222.235
1226.533
1228.112
1210.612
1220.612
1238.112
1236.138
1226.138
1225.844
1195.05
1192.901
1223.695
1225.844
1198.581
1216.081
1213.502
1170.919
1162.261
1181.559
1175.243
1177.559
1208.353
1177.559
1175.41
1177.559
1181.474
1186.66
1182.746
1220.38
1224.198
1195.789
1188.807
1195.789
1197.47
1191.623
1191.077
1219.486
1220.032
1225.88
1226.889
1226.636
1292.418
1288.736
1288.316
1291.998
1288.18
1222.398
1193.557
1191.17
1193.72
1204.398
1208.398
1203.943
1198.568
1180.432
1182.659
1181.023
1179.195
1184.002
1186.389
1184.161
1181.611
1161.611
1164.298
1153.62
1143.257
1141.211
1133.893
1136.12
1104.207
1136.12
1133.893
1135.202
1137.057
1143.548
1154.02
1154.123
1155.132
1175.132
1217.514
1213.17
1257.57
1277.57
1279.425
1283.475
1285.861
1287.098
1288.734
1332.866
1332.968
1339.227
1342.909
1310.995
1313.223
1317.782
1315.555
1321.814
1317.382
1321.814
1324.486
1337.85
1335.177
1355.177
1349.609
1336.245
1340.302
1288.757
1294.325
1274.325
1325.87
1332.961
1326.702
1319.611
1315.555
1305.082
1298.241
1298.343
1299.352
1256.97
1255.116
1255.014
1254.005
1255.314
1248.823
1291.205
1293.059
1303.532
1302.223
1308.714
1328.714
1308.714
1306.486
1301.927
1300.618
1287.527
1284.377
1282.15
1284.377
1286.232
1286.13
1292.389
1286.13
1287.139
1286.13
1289.28
1331.661
1330.025
1343.116
1347.036
1304.655
1306.291
1304.436
1324.436
1334.909
1292.527
1272.527
1272.63
1262.157
1263.466
1256.975
1253.055
1295.436
1301.927
1299.7
1294.893
1284.216
1281.83
1279.28
1276.593
1272.593
1267.218
1271.275
1276.65
1272.593
1254.457
1253.148
1263.62
1262.611
1242.611
1242.509
1249
1242.509
1240.655
1240.757
1241.766
1284.148
1273.675
1231.293
1232.602
1252.602
1254.457
1249.082
1263.445
1261.511
1255.252
1257.107
1255.252
1260.57
1289.411
1275.048
1280.423
1286.914
1281.595
1283.53
1254.689
1248.198
1254.457
1294.696
1250.715
1257.45
1256.092
1212.111
1211.064
1209.139
1188.384
1188.278
1188.384
1177.517
1221.498
1232.366
1225.63
1226.988
1228.035
1229.96
1250.715
1250.149
1248.38
1242.106
1235.37
1232.724
1213.903
1282.167
1280.422
1287.439
1243.458
1242.41
1240.486
1240.38
1233.644
1233.75
1266.868
1246.113
1235.245
1246.113
1212.995
1219.491
1220.538
1227.274
1231.425
1274.795
1273.436
1262.568
1283.717
1277.222
1288.09
1281.073
1237.703
1239.627
1218.479
1219.837
1263.818
1255.816
1257.712
1189.448
1193.658
1189.448
1195.026
1189.448
1273.292
1274.34
1273.292
1284.16
1284.054
1284.16
1290.896
1334.877
1333.519
1326.783
1242.939
1232.071
1189.095
1166.671
1162.811
1161.022
1120.127
1121.39
1123.18
1121.417
1168.732
1168.101
1164.186
1183.485
1224.379
1214.274
1216.064
1226.169
1227.432
1226.169
1227.143
1186.248
1186.346
1180.083
1179.985
1179.011
1177.221
1183.485
1206.52
1202.884
1234.798
1247.889
1241.343
1281.45
1277.677
1275.979
1262.394
1283.149
1327.13
1337.998
1333.929
1330.66
1286.679
1284.755
1282.443
1261.689
1268.425
1261.929
1262.976
1252.108
1254.033
1254.139
1255.498
1254.139
1210.158
1209.111
1202.375
1202.269
1248.344
1234.759
1237.533
1204.415
1187.453
1181.875
1187.453
1185.528
1189.738
1183.002
1172.134
1151.38
1107.399
1107.292
1106.245
1104.887
1100.677
1124.465
1132.559
1130.814
1141.894
1141.788
1152.868
1151.585
1152.868
1141.788
1136.21
1134.285
1128.767
1122.031
1120.024
1113.528
1098.623
1068.693
1069.976
1074.179
1078
1076.302
1078.226
1074.406
1080.901
1083.377
1083.483
1129.281
1122.785
1120.309
1120.203
1116
1114.075
1115.774
1069.976
1068.693
1022.618
1025.392
1017.297
1022.816
1036.288
1022.816
1020.042
1014.524
1017.014
1025.108
1022.618
1066.599
1069.245
1091.12
1088.361
1092.571
1085.554
1087.762
1083.941
1082.894
1082.328
1076.259
1046.778
1047.825
1116.09
1108.844
1112.665
1110.92
1112.665
1116.627
1122.696
1129.941
1061.677
1057.715
1058.281
1087.762
1082.184
1077.974
1121.955
1119.309
1121.955
1149.007
1105.026
1109.533
1087.658
1109.533
1103.955
1117.54
1118.899
1116.252
1094.377
1050.396
1072.271
1074.917
1118.899
1125.394
1168.764
1175.781
1154.632
1175.781
1168.764
1135.646
1135.11
1128.36
1117.066
1151.483
1162.777
1185.51
1162.777
1208.483
1205.733
1208.483
1162.777
1180.404
1174.287
1182.603
1179.853
1134.147
1111.414
1157.12
1179.853
1182.603
1190.238
1185.434
1139.728
1116.995
1162.701
1185.434
1188.184
1185.434
1187.199
1198.375
1189.061
1191.267
1188.385
1191.135
1145.429
1142.679
1188.385
1211.118
1188.385
1195.444
1282.576
1289.047
1320.15
1324.833
1327.765
1329.583
1327.583
1325.01
1327.583
1327.473
1323.502
1275.909
1253.176
1250.426
1252.191
1247.824
1246.059
1247.392
1251.76
1299.353
1303.324
1310.074
1264.368
1264.478
1266.478
1265.145
1258.395
1254.277
1251.189
1314.1
1315.914
1368.797
1431.708
1442.885
1465.618
1469.015
1472.154
1479.789
1507.792
1509.689
1593.533
1509.689
1566.922
1564.054
1556.525
1533.792
1530.652
1538.287
1530.652
1528.838
1550.816
1554.213
1607.096
1694.228
1672.691
1661.059
1684.719
1619.24
1615.704
1560.663
1572.296
1574.184
1639.663
1638.276
1650.26
1638.276
1639.663
1627.908
1605.033
1569.212
1562.186
1554.597
1507.686
1509.579
1485.918
1482.383
1506.043
1517.676
1583.156
1586.691
1609.566
1627.704
1616.071
1625.245
1627.133
1561.653
1559.765
1504.724
1481.849
1489.796
1399.107
1391.161
1376.161
1382.528
1375.964
1375.352
1376.485
1378.372
1386.209
1418.097
1418.709
1416.821
1420.954
1494.791
1486.954
1493.518
1489.232
1457.344
1383.508
1387.793
1383.661
1382.528
1380.635
1385.189
1450.668
1427.793
1424.258
1447.918
1446.031
1453.977
1446.031
1447.918
1470.793
1474.329
1485.962
1462.301
1453.128
1508.168
1490.031
1424.551
1515.24
1503.607
1507.143
1516.837
1523.087
1529.651
1584.691
1604.691
1695.38
1707.135
1722.809
1691.094
1679.11
1588.421
1565.546
1577.179
1565.546
1562.01
1627.49
1619.543
1623.079
1646.74
1655.913
1657.801
1679.922
1627.039
1604.306
1611.941
1633.919
1632.105
1569.194
1578.561
1582.767
1587.238
1580.833
1594.417
1600.8
1606.868
1609.514
1616.861
1618.868
1624.936
1628.71
1655.762
1660.269
1664.868
1671.363
1674.137
1669.538
1676.896
1663.028
1622.555
1616.295
1564.75
1557.659
1537.659
1541.716
1537.659
1543.227
1537.659
1534.986
1548.35
1543.759
1564.099
1611.414
1591.75
1513.789
1506.958
1526.623
1516.623
1572.912
1516.623
1523.454
1525.077
1522.037
1532.037
1530.414
1510.075
1534.203
1537.14
1529.521
1512.614
1509.225
1463.513
1480.123
1485.081
1533.131
1537.18
1534.244
1609.561
1684.879
1687.816
1693.267
1685.216
1693.267
1738.979
1729.216
1738.979
1744.169
1757.186
1784.072
1800.682
1804.731
1791.714
1775.104
1699.786
1694.335
1691.801
1697.394
1703.496
1706.03
1699.928
1694.335
1667.449
1663.4
1588.083
1582.892
1537.18
1542.631
1539.242
1535.193
1539.242
1545.841
1547.644
1523.343
1526.733
1524.93
1549.231
1543.78
1546.157
1539.557
1537.18
1538.121
1514.129
1561.445
1564.485
1561.445
1551.445
1558.276
1578.616
1558.952
1636.912
1630.081
1609.741
1553.452
1573.116
1583.116
1592.498
1590.875
1543.559
1545.182
1543.989
1540.226
1547.752
1575.752
1592.515
1588.515
1580.134
1575.943
1572.434
1597.588
1590.757
1594.947
1597.408
1591.765
1589.899
1587.439
1593.081
1594.947
1569.794
1576.625
1580.134
1581.713
1579.923
1583.831
1586.134
1586.232
1589.785
1583.746
1580.193
1580.094
1586.134
1628.717
1630.507
1628.204
1585.621
1584.042
1582.849
1584.042
1580.134
1559.794
1550.412
1536.939
1531.296
1453.336
1406.02
1397.686
1319.726
1325.368
1338.842
1335.803
1334.18
1412.14
1415.18
1409.807
1418.14
1398.476
1408.581
1361.265
1408.581
1401.75
1391.75
1374.557
1379.93
1376.89
1394.083
1383.978
1386.601
1382.41
1385.919
1380.276
1378.41
1375.95
1401.103
1406.746
1409.206
1405.697
1412.529
1387.375
1389.241
1382.41
1386.601
1414.013
1371.171
1374.68
1374.779
1372.912
1377.103
1402.257
1407.033
1413.864
1415.73
1412.221
1407.923
1405.463
1398.632
1392.989
1395.45
1370.296
1366.105
1359.044
1361.36
1367.002
1414.318
1397.125
1402.768
1419.961
1433.434
1427.792
1419.458
1414.086
1492.046
1444.73
1450.103
1453.143
1375.182
1383.515
1373.41
1383.515
1370.042
1367.002
1374.529
1402.529
1385.765
1402.529
1374.529
1367.002
1377.002
1370.171
1366.662
1369.123
1370.989
1376.632
1351.478
1345.836
1349.344
1374.498
1372.037
1367.846
1372.037
1370.171
1377.002
1357.704
1340.204
1358.836
1355.796
1433.757
1416.564
1403.09
1392.985
1384.651
1387.691
1396.024
1348.708
1396.024
1390.382
1312.421
1329.614
1335.257
1348.73
1354.103
1364.208
1358.836
1353.193
1378.346
1375.886
1382.717
1388.36
1391.868
1394.329
1398.52
1395.011
1393.145
1395.011
1388.18
1363.026
1358.836
1348.533
1347.34
1348.533
1358.836
1351.309
1334.546
1306.546
1259.23
1337.191
1330.36
1327.899
1324.39
1299.237
1295.046
1289.404
1287.537
1284.958
1289.735
1291.601
1295.792
1248.476
1243.103
1229.629
1235.002
1240.792
1230.686
1152.726
1180.555
1183.594
1193.7
1202.033
1196.39
1274.351
1271.311
1273.934
1281.82
1279.197
1285.513
1207.553
1201.763
1173.934
1209.458
1203.356
1195.305
1178.695
1184.146
1200.756
1196.708
1209.725
1206.292
1267.614
1271.047
1274.606
1301.089
1302.657
1303.597
1310.106
1248.784
1254.235
1253.294
1252.786
1247.335
1247.843
1241.335
1239.767
1213.284
1209.725
1207.922
1247.43
1266.074
1267.015
1267.11
1276.873
1278.602
1279.822
1285.873
1293.144
1290.907
1303.008
1307.966
1310.203
1307.712
1302.754
1295.483
1283.381
1285.873
1210.555
1208.852
1210.581
1204.53
1244.038
1225.394
1226.614
1227.555
1226.614
1245.258
1245.354
1235.591
1233.862
1194.354
1193.133
1193.038
1202.801
1208.852
1218.614
1143.297
1146.233
1159.25
1204.962
1210.413
1243.576
1236.207
1241.227
1233.441
1230.6
1238.387
1228.945
1223.924
1207.859
1223.924
1218.652
1246.945
1253.544
1251.307
1258.648
1274.843
1278.275
1297.926
1300.405
1303.341
1342.85
1333.087
1334.816
1340.867
1340.771
1359.415
1360.356
1358.627
1368.39
1368.485
1367.265
1368.485
1349.841
1310.333
1309.392
1303.341
1301.816
1301.72
1303.449
1299.674
1297.945
1298.04
1294.608
1292.383
1291.231
1250.091
1253.867
1256.091
1259.523
1265.358
1306.498
1307.65
1301.816
1303.341
1307.117
1305.896
1293.693
1310.6
1316.193
1320.807
1313.466
1310.53
1290.879
1274.684
1272.206
1268.773
1272.206
1274.684
1277.621
1293.816
1301.157
1320.807
1321.748
1320.019
1313.968
1317.697
1317.792
1278.284
1277.343
1278.564
1280.292
1290.055
1296.106
1294.886
1294.79
1285.028
1266.383
1272.968
1275.447
1281.956
1291.718
1284.447
1289.405
1293.453
1341.504
1337.456
1332.498
1284.447
1267.837
1284.447
1297.464
1292.013
1294.949
1300.14
1267.798
1220.482
1267.798
1277.904
1274.864
1266.531
1344.491
1350.134
1336.66
1319.467
1314.094
1322.428
1312.322
1329.515
1312.752
1309.713
1289.373
1292.412
1300.011
1292.412
1312.752
1309.2
1312.752
1315.318
1312.752
1329.515
1327.726
1326.752
1322.893
1316.077
1317.866
1311.603
1317.866
1327.971
1327.873
1328.846
1330.11
1328.846
1318.741
1359.636
1378.934
1379.033
1338.138
1339.928
1338.138
1338.237
1379.132
1385.395
1404.693
1405.956
1399.693
1400.667
1399.404
1380.105
1379.132
1389.237
1379.132
1379.033
1336.191
1339.23
1336.664
1333.112
1330.072
1309.732
1302.134
1309.732
1315.566
1332.329
1335.882
1338.787
1322.024
1324.59
1311.116
1302.783
1297.14
1291.768
1288.728
1241.412
1163.452
1153.346
1136.154
1136.252
1129.989
1149.287
1139.182
1149.287
1129.989
1129.015
1128.917
1130.18
1128.39
1127.127
1128.101
1168.996
1149.697
1151.487
1110.592
1116.855
1122.645
1116.855
1112.079
1094.579
1112.079
1116.855
1120.408
1128.007
1130.572
1147.336
1144.77
1141.864
1138.825
1159.164
1162.204
1158.651
1151.053
1134.289
1147.763
1204.053
1221.553
1228.154
1253.987
1296.57
1306.675
1312.149
1324.675
1322.886
1324.149
1330.412
1349.711
1390.605
1384.342
1384.243
1385.217
1375.112
1374.138
1333.243
1331.98
1342.086
1343.875
1324.577
1324.675
1337.57
1341.079
1347.68
1348.654
1358.956
1360.579
1363.039
1346.276
1342.724
1363.064
1365.629
1362.59
1342.25
1359.013
1351.414
1354.454
1358.007
1365.605
1363.039
1340.921
1321.623
1321.721
1320.458
1279.564
1289.669
1290.643
1284.379
1303.678
1309.941
1308.151
1309.941
1308.967
1349.862
1339.757
1339.658
1340.921
1335.132
1330.941
1303.112
1225.151
1218.836
1216.213
1219.721
1209.419
1211.042
1212.015
1211.042
1207.533
1200.932
1199.309
1186.414
1193.015
1195.476
1197.318
1200.752
1198.292
1195.252
1212.015
1191.675
1199.274
1195.721
1198.761
1202.314
1185.55
1205.89
1208.456
1200.857
1198.292
1196.239
1194.976
1154.081
1134.783
1132.993
1132.895
1131.921
1125.658
1115.553
1108.952
1107.978
1106.355
1107.978
1108.952
1112.461
1095.697
1092.263
1102.566
1099.013
1111.908
1108.399
1105.36
1111.961
1114.526
1112.066
1110.224
1113.776
1134.116
1150.879
1153.34
1150.774
1149.195
1156.794
1136.454
1128.855
1131.895
1136.671
1119.171
1136.671
1130.882
1126.105
1131.895
1151.039
1152.803
1163.105
1161.912
1160.149
1149.846
1151.039
1148.474
1128.134
1120.535
1117.496
1113.943
1097.18
1107.18
1117.482
1116.509
1123.11
1121.487
1117.978
1119.601
1109.298
1122.193
1123.167
1110.272
1112.732
1106.132
1109.64
1107.18
1088.035
1074.561
1062.035
1019.452
993.618
1019.452
1021.075
1003.575
993.469
1036.053
979.763
973.162
916.873
910.042
922.568
928.042
945.542
952.143
965.616
975.721
970.248
1026.537
1034.136
1008.982
1006.522
1003.013
1005.474
1003.851
1005.474
1006.447
1016.75
1015.776
1022.377
1012.075
999.18
1002.689
1015.583
1008.982
1014.772
1020.811
1022.004
1020.425
1016.873
1015.68
973.096
972.998
975.3
978.853
980.643
980.741
982.32
986.228
1028.811
1026.509
1024.719
1014.417
1008.377
1004.469
1000.917
1000.39
996.706
933.232
905.82
904.846
899.204
892.467
890.844
908.344
949.239
950.502
955.875
956.849
959.428
961.191
980.489
985.963
992.279
1051.344
1053.805
1056.121
1050.331
1056.121
1060.897
1043.397
1060.897
1056.121
1059.629
1062.09
1049.195
1050.818
1049.195
1050.169
1060.471
1056.963
1054.502
1067.397
1073.998
1073.024
1062.721
1056.121
1084.121
1073.818
1084.121
1114.914
1116.107
1122.708
1128.643
1131.103
1134.612
1139.798
1152.693
1139.798
1145.838
1144.864
1149.996
1150.969
1147.461
1145
1138.399
1136.776
1138.399
1136.772
1134.456
1136.772
1077.706
1071.39
1077.706
1080.167
1077.706
1087.55
1096.932
1103.195
1096.594
1070.761
1053.261
1047.787
1034.314
1012.269
1037.227
1025.125
983.985
980.203
925.822
932.199
922.436
910.233
951.373
961.136
973.237
990.144
995.432
992.042
979.585
977.208
976.267
966.314
959.936
958.369
977.013
973.231
979.841
977.35
1025.4
1029.532
1033.314
1045.771
1051.606
1003.555
1008.746
1004.614
998.78
980.136
974.945
962.487
955.877
958.369
952.318
935.411
952.318
947.703
953.297
957.911
952.318
935.708
887.657
882.699
878.65
880.888
937.951
935.574
926.064
928.441
926.203
920.102
926.203
931.492
927.443
933.82
926.631
922.85
928.684
945.591
947.383
890.32
892.697
890.46
884.358
890.46
947.523
949.761
947.383
930.477
935.765
926.701
901.744
942.883
937.595
931.218
944.235
928.998
916.896
923.273
940.18
994.561
981.544
991.307
981.544
993.646
952.506
977.464
972.85
967.256
983.695
989.169
990.143
1031.037
1025.564
984.669
1002.169
1000.906
1003.485
1004.748
999.375
996.796
998.559
1014.87
1013.861
1012.034
993.898
1013.898
1019.466
1080.68
1078.28
1017.066
1010.52
1007.97
1010.37
1012.92
1019.466
1032.557
1032.659
1028.977
1024.927
1028.609
1030.245
1032.1
1029.714
1035.973
1035.87
1034.016
1036.402
992.27
986.011
990.061
988.825
990.061
1034.193
1032.557
1038.707
1039.943
1034.625
1040
1033.85
1039.168
1032.909
1031.673
1037.932
1006.018
1000.643
1032.557
1033.102
1077.502
1096.811
1086.134
1084.898
1090.898
1099.87
1110.834
1100.47
1106.039
1103.639
1042.425
1048.97
1051.37
1112.584
1106.039
1103.489
1106.039
1103.993
1110.452
1116.125
1160.257
1167.098
1181.061
1232.607
1250.743
1277.516
1264.534
1275.007
1269.334
1263.486
1245.35
1238.509
1224.545
1180.414
1122.077
1135.059
1124.586
1097.814
1156.15
1165.873
1104.659
1102.259
1108.805
1128.965
1131.425
1128.965
1131.281
1124.965
1118.925
1101.425
1118.925
1124.965
1115.583
1114.61
1131.373
1143.899
1146.215
1148.794
1146.215
1151.346
1143.82
1141.504
1128.978
1136.504
1131.373
1081.636
1080.009
1082.469
1084.785
1082.325
1023.259
1029.575
1064.614
1067.164
1060.618
1121.832
1093.423
1111.559
1118.639
1112.966
1139.739
1121.602
1128.443
1114.48
1087.707
1074.725
1016.389
972.257
977.93
999.009
1012.973
1057.105
1050.264
1108.6
1119.073
1108.6
1121.582
1115.909
1122.4
1116.832
1118.141
1123.814
1126.486
1125.177
1127.005
1121.332
1141.332
1159.468
1160.477
1157.805
1155.977
1113.595
1112.586
1133.816
1114.995
1158.976
1164.755
1159.236
1152.854
1185.972
1184.689
1191.071
1192.354
1185.858
1191.377
1158.259
1164.755
1159.177
1164.755
1162.108
1155.316
1152.825
1089.302
1082.92
1083.542
1151.807
1142.495
1148.722
1142.495
1151.807
1140.429
1135.292
1181.09
1135.292
1137.769
1139.467
1140.75
1136.547
1143.042
1147.245
1151.066
1151.172
1147.351
1144.875
1142.95
1142.844
1141.561
1139.863
1133.368
1135.292
1137.042
1147.741
1108.664
1122.027
1171.282
1213.664
1240.436
1243.109
1245.043
1242.643
1161.848
1161.745
1143.609
1147.236
1140.977
1147.236
1088.9
1082.059
1068.095
1023.964
1013.491
1000.509
994.836
1001.677
983.541
978.591
951.818
1010.155
1003.075
1000.357
1014.32
1027.302
1032.975
1051.111
1061.584
1105.716
1132.489
1135.148
1132.489
1113.18
1139.952
1181.745
1171.382
1113.045
1102.573
1096.9
1090.059
1071.923
1057.959
1013.827
1057.959
1116.295
1121.968
1135.932
1154.068
1141.086
1147.927
1160.909
1171.382
1198.155
1171.382
1167.332
1162.014
1168.164
1200.077
1205.452
1173.539
1174.775
1169.4
1163.141
1168.459
1162.309
1168.568
1167.332
1161.332
1170.305
1161.332
1155.286
1161.286
1227.068
1161.286
1165.718
1172.782
1170.955
1152.818
1150.145
1153.773
1152.764
1117.689
1118.662
1117.399
1119.978
1100.68
1102.443
1061.548
1080.846
1075.474
1080.947
1082.211
1076.737
1102.57
1111.11
1086.153
1073.695
1086.153
1083.674
1086.153
1088.644
1099.426
1100.947
1056.537
1047.242
1044.832
1043.311
1039.169
1078.678
1091.136
1145.517
1138.176
1155.083
1151.701
1157.536
1151.701
1158.301
1158.396
1151.888
1110.748
1108.523
1149.663
1153.439
1147.604
1146.078
1147.231
1147.136
1148.864
1151.089
1156.924
1160.356
1160.451
1156.676
1158.201
1157.049
1153.617
1151.888
1138.871
1133.278
1127.989
1073.608
1056.701
1015.561
1017.15
1010.773
1001.011
988.909
963.951
982.595
983.816
983.911
993.674
994.614
996.343
1002.394
1041.903
1044.381
1041.903
1023.258
1029.093
1077.144
1064.686
1058.076
1010.025
1028.669
1026.178
1020.343
1016.561
1020.693
1023.184
1017.994
1023.184
1026.966
1039.424
1046.034
1041.903
1043.055
1033.292
1052.943
1092.451
1093.392
1083.629
1082.689
1081.468
1062.824
1064.044
1064.14
1065.869
1065.773
1105.282
1111.333
1071.824
1081.587
1100.231
1094.18
1092.451
1090.748
1084.697
1103.341
1105.07
1144.578
1144.674
1154.436
1155.377
1156.597
1162.648
1161.428
1161.333
1159.604
1158.663
1140.019
1130.256
1090.748
1109.392
1148.9
1150.121
1148.9
1147.172
1148.9
1139.138
1099.629
1105.68
1087.036
1086.095
1080.044
1080.985
1090.748
1090.653
1090.748
1094.879
1107.083
1112.816
1117.826
1108.165
1137.915
1143.75
1142.597
1137.64
1131.907
1126.072
1121.061
1126.019
1096.269
1097.422
1057.913
1058.008
1009.958
1012.436
1014.928
1054.436
1100.352
1112.809
1137.767
1125.309
1122.818
1120.339
1125.975
1174.025
1219.737
1220.678
1195.72
1196.941
1191.412
1189.785
1191.412
1197.675
1198.939
1199.037
1218.336
1216.546
1223.362
1223.605
1223.507
1222.533
1203.235
1196.971
1186.866
1185.603
1187.393
1197.498
1198.661
1132.88
1126.88
1192.661
1198.661
1207.634
1198.661
1169.643
1176.129
1177.919
1176.129
1169.314
1169.07
1170.333
1164.07
1144.772
1134.667
1134.765
1154.064
1164.169
1170.432
1170.333
1171.307
1212.202
1210.939
1193.439
1199.478
1216.978
1210.939
1209.316
1208.053
1204.553
1199.079
1201.658
1182.36
1201.658
1196.285
1194.522
1235.417
1240.789
1238.211
1237.237
1242.711
1235.895
1236.868
1237.162
1238.425
1241.925
1240.136
1239.162
1240.952
1240.853
1239.59
1220.292
1210.186
1169.292
1188.59
1229.485
1239.59
1245.853
1247.116
1248.09
1241.827
1241.925
1251.925
1254.831
1261.647
1264.107
1263.134
1263.232
1269.496
1259.39
1278.689
1278.59
1277.327
1287.432
1246.537
1248.327
1229.029
1230.292
1231.265
1272.16
1265.897
1264.107
1221.265
1268.581
1284.353
1311.616
1324.248
1332.906
1334.958
1332.393
1334.958
1287.643
1286.379
1287.643
1286.669
1287.643
1281.809
1281.711
1329.026
1334.86
1334.958
1340.09
1338.827
1345.09
1364.388
1405.283
1405.184
1415.289
1415.388
1417.178
1407.072
1408.046
1407.072
1387.774
1381.511
1340.616
1341.879
1340.09
1342.55
1335.735
1333.274
1374.169
1394.509
1391.603
1372.305
1370.515
1360.41
1359.147
1318.252
1318.154
1311.89
1310.917
1310.818
1309.239
1303.2
1260.616
1258.314
1256.524
1255.331
1251.779
1247.871
1245.41
1204.515
1184.175
1186.636
1227.531
1230.436
1247.936
1253.871
1255.134
1214.239
1234.579
1231.673
1229.213
1231.673
1272.568
1260.042
1254.91
1257.226
1264.752
1262.173
1274.7
1272.384
1264.857
1269.989
1272.568
1275.147
1288.042
1286.414
1288.042
1289.305
1330.2
1324.366
1276.84
1276.741
1282.575
1281.311
1307.145
1304.579
1278.746
1277.772
1275.193
1324.93
1325.904
1373.219
1323.482
1371.009
1371.107
1323.792
1282.897
1285.463
1272.568
1275.029
1256.397
1254.542
1255.735
1286.529
1255.735
1254.542
1249.355
1244.224
1250.263
1255.395
1261.329
1266.515
1260.581
1254.542
1274.882
1338.355
1344.145
1385.039
1364.7
1362.239
1321.344
1312.686
1321.344
1257.871
1260.331
1254.542
1248.502
1231.002
1233.318
1206.055
1208.515
1199.857
1215.629
1228.261
1212.489
1199.857
1201.91
1242.805
1251.463
1249.41
1243.936
1196.621
1216.961
1196.621
1223.884
1271.2
1230.305
1224.932
1222.471
1241.103
1246.893
1289.476
1292.042
1289.476
1290.739
1303.265
1309.055
1315.656
1334.954
1335.586
1362.998
1403.893
1404.866
1410.34
1411.603
1370.708
1390.007
1407.507
1388.208
1382.836
1379.336
1338.441
1340.204
1338.941
1344.314
1338.84
1336.379
1316.039
1336.379
1377.274
1379.735
1378.761
1381.34
1378.761
1378.467
1379.73
1378.467
1378.566
1384.399
1384.3
1431.616
1430.643
1424.809
1425.783
1378.467
1376.007
1406.191
1412.274
1414.853
1421.169
1380.274
1359.934
1357.474
1361.664
1366.851
1371.627
1377.11
1380.026
1387.625
1395.066
1401.298
1403.061
1362.167
1359.588
1360.561
1386.395
1388.022
1437.759
1411.925
1406.092
1404.829
1403.855
1444.75
1395.013
1407.908
1405.342
1403.715
1403.814
1403.715
1356.189
1308.873
1310.136
1297.241
1303.075
1350.601
1353.167
1355.746
1403.061
1390.43
1398.763
1415.956
1368.64
1381.272
1408.535
1455.851
1453.798
1445.14
1447.193
1455.851
1443.219
1458.991
1431.728
1415.956
1409.355
1440.149
1438.956
1486.482
1481.296
1476.164
1481.296
1487.336
1493.27
1487.336
1437.599
1431.559
1432.752
1437.939
1407.145
1415.803
1429.131
1423.538
1362.216
1353.852
1359.445
1366.786
1366.881
1385.377
1391.977
1416.278
1442.761
1449.371
1452.803
1469.413
1498.574
1501.053
1498.574
1491.975
1472.324
1466.303
1460.201
1457.71
1463.811
1457.934
1460.426
1501.566
1500.345
1454.633
1448.998
1448.057
1447.962
1431.767
1430.826
1429.606
1427.114
1425.411
1420.22
1414.932
1398.025
1379.381
1339.873
1346.483
1345.975
1351.165
1350.606
1348.623
1302.911
1287.674
1279.309
1267.106
1240.767
1201.258
1153.208
1150.729
1125.771
1113.314
1110.822
1109.25
1111.729
1157.644
1160.136
1172.593
1174.165
1222.216
1261.725
1286.682
1240.767
1265.068
1268.843
1328.551
1332.682
1339.953
1358.597
1362.03
1356.008
1348.82
1354.841
1362.03
1363.733
1362.03
1370.081
1375.716
1369.665
1376.487
1394.983
1419.284
1422.716
1419.284
1445.767
1439.167
1445.778
1419.294
1402.684
1431.845
1402.684
1402.78
1378.479
1371.869
1353.373
1369.983
1376.583
1376.487
1380.536
1375.922
1370.911
1414.822
1407.224
1414.822
1419.599
1424.785
1442.285
1469.697
1464.215
1461.298
1465.489
1471.132
1473.592
1475.458
1500.612
1507.443
1510.952
1504.11
1508.386
1521.281
1527.32
1521.947
1571.684
1578.526
1582.441
1578.526
1574.25
1524.513
1521.934
1515.895
1503
1508.373
1510.952
1491.654
1510.952
1505.765
1548.349
1550.928
1552.121
1550.928
1556.059
1561.246
1567.561
1561.246
1592.039
1597.974
1604.013
1597.974
1595.395
1564.601
1558.667
1516.083
1510.952
1574.425
1575.057
1583.715
1575.057
1569.268
1560.55
1566.55
1563.891
1566.55
1564.845
1568.482
1594.55
1587.47
1589.405
1563.336
1560.786
1556.443
1554.509
1558.852
1565.932
1560.084
1562.634
1558.998
1564.845
1560.414
1553.334
1527.266
1521.418
1519.484
1515.141
1522.22
1518.584
1521.134
1518.584
1522.22
1528.068
1530.002
1534.345
1539.559
1526.195
1526.85
1523.214
1525.764
1529.4
1522.32
1517.977
1525.057
1551.125
1548.575
1543.361
1541.427
1545.77
1551.618
1545.77
1547.705
1545.77
1538.691
1511.918
1470.125
1457.034
1458.968
1466.048
1470.391
1444.323
1450.17
1445.827
1443.277
1439.641
1465.709
1463.775
1467.411
1460.332
1462.882
1457.034
1454.361
1427.589
1479.134
1521.516
1524.189
1510.825
1537.598
1534.939
1536.268
1529.89
1531.518
1481.781
1480.154
1439.259
1391.732
1404.627
1423.772
1430.614
1430.515
1426.963
1407.818
1400.976
1426.129
1453.542
1453.64
1457.193
1487.377
1480.546
1450.362
1467.555
1440.143
1414.989
1397.796
1404.627
1400.351
1357.768
1364.083
1357.768
1400.351
1397.772
1400.351
1396.842
1401.033
1399.167
1393.524
1397.033
1399.493
1424.647
1417.816
1392.662
1390.202
1397.033
1402.675
1404.542
1400.351
1413.825
1416.39
1419.943
1469.68
1473.588
1480.419
1477.958
1480.419
1505.572
1480.419
1486.061
1490.252
1493.761
1486.93
1488.796
1485.287
1479.645
1475.454
1473.588
1471.825
1464.384
1458.151
1455.586
1458.151
1464.191
1455.533
1449.599
1450.792
1455.923
1461.857
1492.651
1486.612
1480.822
1486.009
1455.215
1450.083
1455.873
1519.346
1455.873
1454.68
1463.338
1458.151
1500.735
1500.636
1459.741
1457.875
1453.684
1428.531
1426.07
1420.428
1413.596
1410.088
1353.798
1384.592
1379.406
1384.182
1411.594
1384.182
1379.406
1387.004
1392.191
1374.691
1367.092
1384.592
1388.783
1384.592
1395.303
1398.342
1398.441
1410.967
1408.651
1403.52
1390.993
1398.52
1400.836
1393.309
1398.441
1401.02
1398.441
1439.336
1440.599
1440.697
1450.803
1452.592
1454.171
1473.469
1474.443
1480.706
1477.154
1446.969
1427.825
1427.726
1410.533
1383.121
1357.967
1351.125
1344.294
1296.768
1276.428
1274.849
1276.112
1295.41
1301.673
1301.772
1300.509
1300.41
1341.305
1342.279
1344.068
1333.963
1332.989
1343.094
1341.305
1335.042
1294.147
1274.849
1317.432
1323.748
1281.164
1283.743
1281.164
1274.849
1276.476
1274.849
1225.112
1238.007
1198.519
1197.28
1245.331
1199.415
1228.605
1254.439
1228.605
1226.026
1228.605
1276.132
1235.237
1276.132
1273.816
1281.257
1287.52
1285.73
1279.467
1281.257
1291.362
1250.467
1250.368
1231.07
1220.965
1221.064
1261.958
1262.932
1261.669
1262.932
1282.23
1281.257
1288.318
1298.423
1300.213
1293.95
1292.686
1293.66
1334.555
1334.654
1334.555
1333.581
1334.844
1293.95
1283.844
1284.739
1288.599
1269.3
1267.511
1271.809
1288.572
1245.989
1248.305
1250.279
1252.844
1250.279
1250.377
1249.482
1239.377
1239.279
1240.542
1241.515
1248.331
1246.542
1247.436
1257.542
1253.682
1252.708
1251.445
1210.55
1214.41
1216.2
1210.41
1209.217
1213.993
1231.493
1237.283
1213.985
1215.206
1214.341
1208.748
1198.985
1238.494
1238.398
1248.161
1249.102
1249.197
1240.833
1242.561
1238.833
1177.511
1176.29
1174.561
1173.621
1179.672
1173.087
1168.129
1163.119
1161.966
1156.131
1126.381
1120.648
1110.987
1113.466
1115.038
1113.818
1095.174
1107.275
1101.682
1108.059
1126.703
1127.924
1128.534
1155.017
1161.119
1167.169
1170.559
1158.458
1152.081
1125.597
1131.191
1130.581
1170.089
1171.03
1172.25
1170.521
1180.284
1198.928
1204.979
1205.074
1204.133
1185.489
1184.269
1184.174
1144.665
1134.903
1136.631
1170.25
1172.399
1142.215
1149.057
1147.794
1167.092
1168.066
1161.803
1161.901
1142.603
1132.498
1173.393
1132.498
1142.603
1142.504
1141.241
1143.031
1142.057
1143.32
1141.531
1147.794
1190.377
1196.693
1190.377
1187.798
1190.377
1147.794
1137.689
1137.932
1131.669
1132.564
1131.3
1111.595
1121.358
1160.867
1160.962
1162.691
1123.182
1124.403
1105.758
1104.03
1103.089
1102.994
1086.087
1090.701
1085.108
1090.701
1107.608
1102.994
1157.375
1181.676
1185.807
1191.828
1216.786
1218.358
1193.4
1180.943
1179.371
1218.879
1221.371
1223.85
1269.765
1267.286
1264.794
1225.286
1179.371
1131.32
1143.778
1191.828
1193.557
1210.464
1228.96
1230.18
1248.18
1277.93
1284.439
1279.824
1275.775
1280.786
1254.303
1246.962
1273.445
1280.786
1284.835
1289.449
1272.542
1267.532
1284.439
1282.71
1243.201
1267.524
1266.261
1266.162
1265.268
1265.024
1254.919
1258.471
1308.208
1321.682
1318.129
1304.656
1307.221
1257.485
1254.919
1274.217
1304.401
1311.463
1317.726
1324.568
1325.91
1327.963
1355.963
1372.726
1367.594
1370.16
1367.594
1385.094
1380.318
1385.094
1390.884
1373.384
1367.594
1375.121
1403.121
1419.884
1426.147
1429.831
1436.355
1445.013
1455.724
1465.724
1463.263
1445.763
1437.43
1456.575
1458.364
1464.627
1492.456
1497.643
1502.774
1508.814
1510.68
1517.61
1522.386
1539.886
1567.298
1524.715
1527.294
1524.715
1518.399
1560.982
1567.298
1573.531
1583.531
1584.504
1589.978
1617.241
1611.307
1613.61
1633.95
1636.099
1666.893
1672.932
1677.123
1707.307
1709.281
1711.07
1712.412
1722.412
1728.452
1697.658
1714.421
1712.272
1684.272
1712.272
1714.421
1706.895
1737.689
1745.215
1728.452
1730.079
1724.289
1729.066
1746.566
1752.355
1747.579
1730.079
1682.553
1680.925
1682.553
1685.132
1644.237
1693.974
1719.807
1706.912
1754.439
1757.004
1754.425
1767.32
1717.583
1715.018
1755.912
1730.079
1742.974
1736.132
1755.43
1759.344
1753.305
1749.39
1730.092
1699.298
1703.697
1701.118
1645.53
1633.072
1630.996
1625.805
1673.856
1679.047
1681.538
1685.669
1691.504
1687.373
1693.983
1645.932
1672.983
1678.818
1735.881
1741.333
1743.136
1772.886
1768.636
1712.656
1768.636
1774.939
1779.799
1725.417
1721.445
1697.941
1704.973
1708.252
1726.627
1731.473
1732.588
1758.592
1764.689
1790.303
1807.713
1806.041
1812.336
1795.984
1812.336
1794.447
1811.857
1813.037
1806.742
1777.967
1806.742
1805.561
1807.234
1825.123
1807.713
1836.488
1807.713
1809.721
1868.992
1866.513
1886.163
1869.968
1877.239
1904.29
1920.485
1913.214
1886.163
1912.646
1929.553
1912.646
1908.032
1881.549
1886.163
1884.087
1854.337
1884.087
1886.163
1892.214
1901.875
1898.316
1888.655
1897.019
1874.855
1878.297
1872.201
1864.111
1870.207
1864.355
1854.346
1849.883
1854.346
1848.895
1854.305
1870.658
1865.248
1848.895
1825.391
1829.855
1846.207
1820.592
1824.508
1831.609
1826.762
1822.299
1827.145
1823.23
1816.129
1841.744
1825.391
1827.801
1788.01
1793.912
1788.01
1827.801
1825.391
1822.113
1828.014
1831.293
1825.391
1831.244
1825.391
1827.4
1798.625
1796.617
1825.391
1827.691
1810.281
1828.314
1830.057
1804.053
1830.057
1828.314
1833.957
1838.752
1833.906
1828.053
1826.381
1831.227
1837.08
1843.555
1838.76
1833.117
1826.641
1828.314
1826.305
1828.314
1799.539
1828.314
1826.469
1817.125
1815.453
1814.199
1815.453
1817.297
1818.969
1824.613
1818.969
1828.314
1802.15
1786.486
1779.453
1750.678
1748.67
1750.678
1779.453
1783.111
1787.811
1789.82
1761.045
1789.82
1787.811
1783.348
1788.992
1783.582
1767.23
1751.164
1753.561
1750.242
1737.652
1691.176
1737.652
1743.947
1741.549
1744.869
1698.393
1674.254
1629.844
1627.434
1625.037
1623.516
1585.303
1573.254
1571.246
1542.471
1535.371
1539.834
1523.482
1497.867
1523.482
1539.834
1495.424
1503.211
1498.748
1475.835
1457.433
1432.766
1431.885
1450.288
1444.649
1445.53
1443.446
1448.399
1450.482
1456.121
1451.169
1456.835
1455.621
1473.081
1479.272
1481.129
1482.343
1464.883
1458.692
1486.002
1458.692
1453.026
1459.415
1453.026
1451.169
1446.308
1407.78
1410.113
1404.399
1402.065
1363.538
1369.252
1407.78
1354.339
1379.673
1374.567
1379.673
1385.137
1438.577
1413.244
1407.78
1402.113
1407.78
1404.446
1365.685
1371.587
1362.54
1356.637
1359.97
1398.732
1406.565
1415.613
1407.78
1407.208
1408.089
1445.089
1462.55
1471.692
1471.782
1473.401
1474.544
1480.21
1429.282
1480.21
1502.968
1498.417
1509.75
1512.083
1509.75
1515.214
1517
1512.357
1514.452
1512.667
1510.571
1517.381
1511.917
1520.964
1525.607
1514.274
1513.06
1504.012
1505.226
1506.845
1505.226
1498.417
1514.25
1515.869
1517.012
1534.333
1562.194
1544.873
1538.778
1510.917
1495.083
1511.94
1518.036
1501.179
1499.56
1498.417
1499.496
1489.806
1483.615
1487.151
1488.839
1494.304
1489.661
1494.353
1492.665
1487.2
1481.534
1494.073
1499.74
1503.937
1505.556
1480.377
1475.685
1480.327
1478.708
1472.438
1466.772
1465.153
1456.01
1461.677
1461.587
1462.73
1461.587
1463.206
1480.667
1517.667
1518.548
1527.69
1527.78
1526.899
1489.899
1472.438
1497.617
1500.792
1507.601
1482.8
1465.942
1461.25
1465.942
1471.845
1489.637
1486.462
1468.671
1462.768
1461.688
1486.49
1503.347
1496.538
1497.617
1472.438
1471.558
1480.7
1463.24
1463.329
1454.187
1448.52
1450.139
1455.806
1418.806
1418.716
1417.097
1415.954
1452.954
1454.097
1471.558
1472.438
1488.272
1492.593
1517.395
1492.593
1488.272
1472.438
1465.563
1469.355
1444.554
1448.875
1453.567
1437.734
1444.609
1440.817
1436.125
1460.927
1456.605
1472.438
1466.772
1457.629
1466.772
1465.891
1471.558
1472.7
1471.081
1469.938
1469.849
1487.31
1524.31
1487.31
1488.19
1489.81
1489.899
1472.438
1471.296
1471.206
1476.873
1471.206
1470.325
1433.325
1415.865
1406.722
1405.103
1414.246
1414.335
1431.796
1468.796
1469.938
1470.819
1472.438
1482.129
1480.034
1472.494
1466.78
1428.252
1425.919
1431.585
1422.442
1404.982
1404.101
1367.101
1367.19
1368.071
1369.214
1369.125
1370.744
1388.204
1387.062
1396.204
1394.585
1431.585
1425.919
1425.347
1428.681
1436.514
1475.276
1480.942
1486.845
1483.512
1492.56
1486.657
1477.609
1438.847
1433.181
1425.347
1416.204
1417.823
1417.734
1423.401
1423.49
1440.95
1450.093
1448.95
1447.331
1429.871
1466.871
1461.204
1462.085
1463.228
1426.228
1425.347
1450.526
1444.137
1445.351
1444.137
1453.185
1447.72
1445.935
1444.315
1449.78
1451.399
1453.185
1444.137
1440.962
1435.248
1429.581
1432.756
1438.423
1444.137
1442.994
1442.905
1433.762
1396.762
1395.143
1400.81
1401.952
1402.833
1401.952
1411.095
1412.714
1449.714
1449.804
1467.264
1461.597
1444.137
1437.405
1443.044
1443.925
1446.008
1470.675
1446.008
1443.925
1425.522
1420.569
1414.931
1419.883
1394.031
1393.177
1389.408
1393.177
1378.477
1393.177
1397.365
1421.404
1436.75
1421.404
1397.365
1393.177
1387.685
1382.388
1383.958
1388.906
1387.798
1386.944
1438.74
1429.879
1378.083
1342.221
1337.273
1342.569
1342.483
1340.598
1341.452
1324.529
1322.96
1358.821
1364.313
1365.421
1374.283
1349.677
1349.761
1325.94
1349.761
1345.349
1333.558
1337.97
1336.382
1360.058
1371.849
1373.437
1369.491
1374.629
1369.491
1364.162
1362.64
1358.274
1359.797
1365.125
1369.491
1370.319
1370.403
1375.366
1376.44
1416.694
1438.093
1443.905
1446.89
1448.983
1452.549
1457.349
1458.937
1476.241
1499.562
1497.882
1492.554
1492.47
1490.948
1490.119
1489.045
1472.627
1437.836
1429.239
1381.351
1359.951
1365.683
1381.97
1380.896
1366.007
1349.72
1364.608
1366.131
1381.981
1376.25
1360.399
1334.201
1335.276
1361.474
1359.951
1354.336
1328.109
1350.754
1366.696
1377.043
1372.261
1366.428
1356.08
1357.123
1361.906
1339.261
1338.739
1344.192
1344.714
1328.772
1327.728
1329.761
1335.404
1338.866
1341.764
1362.543
1361.002
1358.103
1354.641
1349.98
1329.201
1327.168
1328.71
1323.067
1327.728
1330.663
1395.065
1411.868
1370.781
1387.025
1384.091
1395.221
1389.656
1430.743
1432.862
1472.123
1473.899
1488.355
1490.638
1495.855
1493.736
1495.855
1470.417
1480.851
1485.513
1488.975
1490.516
1511.295
1507.833
1503.172
1501.139
1499.598
1478.819
1481.717
1487.361
1489.393
1486.495
1480.851
1481.837
1478.938
1501.583
1516.975
1521.259
1498.27
1504.487
1498.27
1475.625
1478.524
1477.538
1500.527
1505.917
1522.161
1516.772
1512.487
1509.259
1493.868
1477.623
1472.804
1471.761
1470.957
1431.87
1436.688
1436.77
1437.574
1444.089
1444.007
1445.051
1442.007
1436.618
1443.77
1446.813
1452.203
1487.594
1492.768
1501.029
1493.877
1458.486
1453.312
1445.051
1420.116
1404.174
1409.826
1415.659
1431.601
1425.949
1424.254
1449.188
1450.884
1449.775
1443.942
1438.768
1443.942
1445.051
1446.159
1444.681
1446.159
1445.051
1440.062
1431.801
1436.79
1435.159
1436.79
1445.051
1443.509
1438.848
1440.88
1420.101
1414.458
1417.92
1414.458
1412.426
1415.324
1436.103
1441.746
1438.848
1443.509
1444.495
1449.884
1451.426
1436.969
1451.426
1474.071
1470.125
1447.48
1451.426
1447.48
1441.203
1418.558
1404.101
1410.379
1414.663
1437.308
1440.77
1444.716
1459.172
1455.71
1451.426
1446.036
1443.917
1459.732
1461.076
1457.543
1456.002
1450.853
1447.955
1445.922
1425.143
1445.922
1451.071
1454.533
1448.889
1453.551
1448.889
1450.431
1456.074
1452.612
1454.645
1457.543
1461.076
1469.424
1487.696
1491.158
1505.361
1546.447
1550.687
1556.33
1553.431
1574.21
1577.672
1575.639
1554.861
1559.522
1561.063
1556.402
1554.861
1557.759
1559.792
1554.149
1550.687
1548.404
1550.524
1567.326
1567.245
1581.701
1565.457
1560.239
1562.014
1545.212
1561.457
1566.674
1564.554
1550.098
1589.359
1653.761
1651.986
1659.138
1619.877
1622.159
1557.757
1553.518
1557.803
1562.042
1556.868
1555.389
1556.868
1568.317
1545.328
1550.502
1548.96
1550.502
1555.491
1550.502
1573.491
1569.207
1557.757
1506.703
1490.761
1487.228
1484
1477.783
1474.848
1468.333
1507.42
1512.239
1513.043
1513.125
1513.043
1508.225
1507.42
1506.377
1507.42
1510.882
1515.543
1494.764
1515.543
1517.085
1519.984
1514.341
1519.984
1518.442
1520.475
1515.813
1512.351
1510.319
1507.42
1510.654
1500.002
1496.469
1480.527
1474.875
1471.641
1466.652
1464.522
1475.174
1478.707
1484.359
1525.446
1530.435
1532.565
1504.887
1509.201
1504.887
1464.958
1512.377
1534.856
1532.415
1484.996
1489.845
1467.366
1462.836
1457.988
1462.518
1467.521
1465.673
1470.067
1453.738
1452.239
1447.236
1463.565
1465.414
1466.195
1447.313
1446.553
1425.265
1420.991
1417.719
1413.313
1447.641
1446.143
1443.326
1441.35
1421.157
1399.15
1421.157
1424.991
1410.942
1407.107
1421.157
1416.308
1417.386
1422.234
1423.819
1418.97
1426.998
1421.97
1387.576
1386.498
1394.526
1395.963
1394.526
1391.569
1398.519
1403.757
1438.151
1430.123
1422.095
1427.123
1425.539
1428.496
1421.546
1416.308
1441.03
1426.981
1428.417
1442.467
1457.836
1433.114
1438.523
1437.509
1438.523
1423.153
1421.717
1436.674
1421.717
1416.308
1417.798
1467.414
1468.85
1470.171
1465.488
1466.269
1466.19
1465.408
1465.488
1464.474
1426.488
1464.474
1465.488
1470.171
1466.806
1461.313
1466.384
1471.412
1468.595
1463.525
1458.496
1461.313
1423.158
1485.746
1469.96
1467.9
1481.949
1465.62
1443.699
1438.482
1436.707
1434.424
1436.824
1439.107
1441.226
1426.77
1388.305
1404.092
1409.162
1447.317
1445.342
1431.884
1452.077
1457.377
1451.335
1455.498
1433.491
1439.533
1436.717
1451.674
1474.016
1451.674
1473.681
1472.724
1475.54
1470.303
1471.261
1476.498
1492.285
1476.498
1461.54
1457.377
1456.07
1431.838
1437.507
1415.165
1411.002
1399.875
1395.755
1390.727
1389.29
1384.442
1382.944
1420.93
1421.944
1420.93
1382.944
1383.023
1383.805
1388.488
1388.408
1387.627
1382.944
1388.243
1406
1406.782
1413.472
1409.637
1387.63
1373.581
1387.63
1409.637
1413.002
1406.901
1413.002
1409.167
1395.118
1373.111
1369.746
1373.581
1377.745
1373.581
1377.745
1379.329
1377.84
1427.456
1428.945
1379.329
1377.893
1379.329
1380.65
1379.329
1376.477
1365.66
1363.6
1323.671
1339.164
1339.945
1348.058
1353.086
1353.165
1354.18
1387.011
1388.447
1380.419
1425.609
1420.761
1419.324
1418.246
1416.662
1408.634
1400.521
1395.493
1403.606
1402.592
1369.761
1354.268
1353.486
1358.514
1391.345
1389.908
1389.829
1366.82
1368.217
1369.204
1369.281
1370.041
1365.151
1372.959
1379.719
1384.813
1418.265
1423.156
1415.348
1412.471
1415.348
1408.587
1375.135
1370.041
1391.904
1376.955
1361.601
1363.279
1378.634
1394.515
1396.673
1401.604
1403.608
1389.943
1450.817
1449.139
1486.248
1518.18
1531.844
1529.841
1524.909
1526.83
1465.957
1463.688
1426.579
1424.421
1440.303
1440.38
1445.271
1446.257
1414.325
1406.435
1438.366
1439.764
1440.524
1439.764
1434.873
1419.805
1434.873
1442.764
1441.777
1441.7
1440.303
1439.033
1434.317
1429.223
1475.342
1470.937
1424.817
1402.954
1407.67
1429.533
1433.938
1396.993
1392.438
1391.452
1391.375
1390.615
1414.183
1415.786
1416.834
1415.786
1421.3
1419.697
1424.587
1429.93
1406.361
1391.293
1385.779
1400.848
1395.957
1390.615
1395.505
1403.396
1404.793
1419.861
1451.793
1451.033
1450.046
1450.807
1418.875
1410.985
1395.916
1396.902
1395.505
1395.428
1395.505
1390.615
1388.693
1404.575
1372.644
1374.565
1406.497
1390.615
1392.618
1388.344
1390.142
1374.26
1379.127
1377.329
1381.603
1360.315
1359.555
1360.315
1376.197
1397.485
1392.618
1394.426
1392.618
1386.741
1392.618
1382.837
1386.844
1382.837
1380.824
1382.837
1392.618
1377.67
1363.122
1357.861
1371.526
1357.861
1333.817
1335.214
1333.817
1332.83
1333.817
1339.077
1354.026
1378.07
1392.618
1370.148
1370.073
1362.393
1347.727
1346.767
1346.027
1347.387
1352.147
1347.387
1347.462
1348.202
1379.282
1386.962
1387.922
1386.562
1355.482
1334.202
1335.542
1288.572
1284.672
1297.738
1300.923
1338.723
1335.538
1297.738
1284.672
1283.312
1287.212
1285.802
1284.552
1269.093
1300.173
1269.093
1267.223
1269.093
1284.552
1280.728
1284.358
1278.025
1281.292
1295.958
1288.278
1288.203
1295.883
1296.843
1327.923
1327.998
1323.238
1323.978
1309.312
1314.072
1315.432
1314.472
1318.553
1317.793
1316.396
1318.664
1316.743
1284.812
1268.93
1270.851
1302.783
1302.86
1304.257
1303.497
1298.606
1299.592
1299.515
1284.447
1316.378
1308.488
1323.557
1331.447
1330.461
1329.063
1329.824
1330.522
1298.591
1303.307
1319.188
1351.12
1353.041
1351.12
1319.188
1316.92
1319.113
1321.382
1335.046
1358.695
1360.328
1345.383
1343.283
1338.483
1340.583
1338.633
1325.333
1266.083
1264.45
1300.57
1302.52
1287.062
1250.942
1255.742
1270.408
1269.048
1269.123
1300.203
1301.163
1308.843
1308.103
1307.423
1308.163
1293.497
1262.417
1267.177
1266.217
1266.142
1258.462
1259.822
1252.222
1281.435
1247.983
1245.106
1275.151
1268.201
1302.387
1302.308
1317.801
1316.787
1349.618
1357.731
1358.512
1359.526
1359.606
1358.169
1363.197
1330.366
1329.585
1314.092
1305.979
1300.951
1302.387
1298.224
1292.181
1269.84
1250.404
1253.144
1274.873
1296.277
1301.372
1286.824
1292.7
1271.296
1285.844
1283.104
1282.173
1286.223
1270.868
1265.774
1266.705
1234.774
1236.695
1268.627
1266.705
1282.587
1266.705
1288.435
1285.384
1290.099
1303.764
1271.832
1270.435
1262.545
1262.467
1247.399
1246.639
1241.748
1240.762
1272.693
1256.812
1272.693
1270.772
1272.693
1240.762
1224.88
1235.401
1213.997
1210.724
1197.06
1193.01
1187.077
1183.348
1178.457
1173.526
1170.786
1154.904
1152.983
1121.051
1123.425
1139.307
1140.591
1144.997
1147.045
1168.908
1173.623
1169.217
1173.623
1151.76
1197.88
1151.76
1185.212
1180.497
1166.832
1161.901
1159.897
1161.901
1163.579
1178.933
1176.664
1174.986
1177.144
1174.986
1172.793
1111.92
1172.793
1209.902
1205.829
1222.158
1227.229
1241.278
1245.398
1246.412
1245.398
1243.961
1229.004
1234.412
1259.134
1274.504
1249.782
1251.218
1235.849
1221.799
1235.849
1250.806
1245.398
1248.356
1259.482
1256.34
1258.188
1280.076
1284.47
1289.474
1305.803
1305.021
1300.018
1298.169
1298.951
1277.063
1260.734
1256.34
1252.889
1266.347
1269.798
1256.34
1247.741
1232.248
1209.907
1215.88
1225.937
1228.754
1234.246
1248.296
1252.13
1259.081
1261.187
1285.419
1299.222
1309.574
1331.915
1348.245
1350.315
1351.621
1359.893
1349.752
1348.794
1351.611
1350.597
1345.949
1345.442
1323.435
1307.942
1297.886
1292.586
1294.023
1292.717
1287.868
1273.819
1272.093
1274.312
1272.093
1274.153
1272.093
1267.023
1281.072
1319.227
1321.482
1286.955
1291.887
1352.76
1336.878
1276.005
1260.651
1276.533
1239.423
1254.491
1249.149
1254.663
1249.772
1250.82
1256.163
1257.765
1281.334
1286.224
1285.176
1270.108
1268.505
1244.937
1239.423
1241.344
1202.509
1189.084
1185.077
1181.805
1179.065
1157.336
1156.404
1151.31
1166.664
1171.759
1165.882
1187.286
1172.738
1168.688
1183.236
1185.976
1190.026
1211.755
1212.687
1197.332
1175.928
1181.805
1230.062
1290.935
1295.866
1299.139
1301.187
1305.707
1327.437
1311.555
1309.541
1285.973
1277.928
1264.503
1254.435
1232.705
1254.435
1262.479
1261.209
1284.777
1286.791
1302.673
1316.098
1326.166
1327.437
1324.098
1314.029
1298.961
1304.303
1314.372
1317.428
1332.497
1327.154
1324.098
1326.111
1329.45
1368.286
1366.272
1361.557
1357.361
1318.526
1323.241
1327.437
1373.557
1395.42
1373.557
1327.437
1332.152
1336.558
1331.842
1353.989
1349.46
1341.347
1342.836
1405.424
1406.727
1414.755
1431.085
1433.525
1478.715
1484.199
1522.185
1537.972
1534.539
1529.535
1554.257
1555.694
1571.063
1570.049
1554.68
1569.637
1575.046
1560.088
1535.366
1529.958
1528.521
1514.472
1515.486
1529.535
1515.486
1510.415
1472.261
1409.673
1407.613
1391.283
1389.065
1386.81
1425.232
1408.987
1425.232
1408.429
1369.342
1368.002
1373.645
1381.906
1384.417
1320.014
1314.371
1353.458
1370.261
1378.011
1369.75
1367.239
1368.58
1322.08
1347.426
1361.229
1344.9
1334.548
1312.206
1313.512
1305.241
1318.139
1334.942
1333.598
1344.25
1352.761
1377.696
1379.826
1377.696
1400.685
1386.482
1381.821
1386.482
1388.993
1387.634
1388.993
1386.482
1403.284
1386.482
1389.71
1391.243
1399.591
1401.504
1409.444
1431.331
1436.18
1440.493
1473.324
1478.623
1476.518
1490.567
1485.074
1471.025
1477.975
1474.141
1479.634
1481.739
1484.556
1488.391
1485.574
1478.623
1479.637
1481.074
1496.567
1504.68
1509.708
1509.787
1542.618
1543.4
1541.551
1525.222
1527.07
1543.4
1544.181
1548.576
1543.572
1539.178
1544.181
1566.069
1565.287
1543.4
1561.988
1577.342
1583.5
1567.618
1565.245
1570.579
1563.253
1564.521
1571.846
1534.901
1542.709
1527.354
1507.79
1506.488
1508.82
1511.261
1503.232
1497.748
1492.72
1477.227
1492.72
1459.889
1492.72
1491.938
1492.952
1493.734
1495.171
1495.092
1503.204
1508.232
1500.12
1498.683
1498.762
1497.748
1481.419
1526.609
1529.049
1537.077
1552.864
1550.532
1544.201
1536.669
1520.882
1518.442
1510.414
1573.002
1575.335
1569.85
1507.262
1513.593
1514.896
1557.466
1563.109
1562.304
1546.362
1512.58
1514.058
1505.71
1506.514
1505.471
1506.514
1505.036
1504.955
1520.897
1515.723
1515.804
1520.978
1554.761
1563.109
1557.656
1573.047
1565.895
1588.884
1597.232
1614.034
1599.832
1601.176
1617.118
1625.629
1624.585
1629.759
1631.889
1646.092
1645.288
1646.092
1671.027
1654.225
1654.143
1655.621
1653.491
1642.839
1634.328
1609.393
1610.437
1609.092
1607.614
1609.136
1600.788
1584.846
1551.063
1551.145
1528.156
1522.982
1556.764
1554.254
1559.897
1495.495
1489.851
1483.337
1480.937
1464.692
1418.192
1426.453
1443.255
1434.995
1437.505
1484.005
1482.665
1484.005
1500.25
1564.652
1571.167
1570.181
1547.536
1546.493
1547.536
1552.71
1554.188
1545.841
1540.667
1574.449
1582.797
1581.319
1581.237
1547.455
1548.259
1564.201
1564.283
1563.478
1547.536
1524.547
1522.38
1524.547
1544.19
1540.826
1536.178
1540.826
1544.19
1539.12
1544.19
1566.532
1503.944
1458.754
1442.424
1487.614
1481.283
1482.586
1419.998
1457.984
1442.197
1440.894
1435.41
1437.85
1435.41
1497.998
1506.026
1521.813
1538.143
1530.114
1535.599
1568.43
1590.317
1595.165
1593.676
1585.563
1587.053
1634.472
1637.609
1641.923
1637.609
1645.722
1647.581
1614.75
1567.331
1562.482
1560.623
1557.486
1580.109
1588.457
1593.63
1559.848
1559.043
1558
1559.043
1558.962
1574.904
1573.426
1565.078
1565.882
1560.708
1560.79
1562.268
1567.899
1551.957
1550.971
1565.428
1561.143
1562.129
1539.484
1533.266
1517.022
1511.632
1514.531
1511.632
1517.85
1502.458
1507.848
1530.493
1553.482
1557.766
1534.777
1551.022
1566.413
1582.658
1585.168
1546.082
1554.342
1618.745
1620.085
1603.283
1608.926
1615.44
1599.196
1552.696
1555.096
1552.585
1544.324
1542.984
1537.341
1472.938
1476.637
1468.525
1468.604
1476.717
1481.745
1476.273
1460.78
1462.217
1460.78
1476.273
1477.055
1478.069
1510.9
1509.886
1509.104
1509.025
1503.996
1456.577
1451.729
1456.577
1479.056
1474.526
1479.056
1484.725
1487.165
1534.585
1512.106
1522.458
1521.151
1534.954
1521.151
1529.423
1527.944
1529.25
1512.921
1504.65
1526.991
1551.224
1526.991
1543.32
1520.979
1518.908
1520.979
1521.058
1553.889
1562.002
1563.438
1555.326
1556.34
1556.261
1571.754
1604.585
1605.366
1600.338
1594.669
1600.769
1567.938
1567.157
1551.664
1550.65
1549.213
1554.241
1541.579
1536.095
1528.067
1512.28
1449.692
1443.361
1438.697
1437.357
1434.846
1432.446
1428.207
1432.446
1422.098
1419.967
1422.098
1428.315
1426.402
1420.185
1430.533
1432.446
1417.989
1433.804
1417.989
1402.598
1404.076
1418.533
1412.967
1411.924
1417.489
1416.011
1431.402
1456.841
1431.402
1432.446
1435.344
1429.692
1436.844
1439.011
1431.859
1437.511
1433.565
1419.109
1433.565
1437.511
1435.344
1432.446
1398.663
1403.837
1402.359
1394.011
1393.207
1359.424
1343.482
1338.308
1354.25
1355.728
1355.81
1355.728
1354.685
1355.728
1389.511
1397.859
1398.663
1397.554
1391.721
1366.786
1361.612
1345.67
1340.018
1338.322
1349.453
1338.322
1320.051
1315.766
1281.984
1276.81
1275.766
1275.685
1259.743
1258.938
1257.46
1249.112
1215.33
1194.551
1196.464
1197.996
1202.986
1251.779
1255.007
1288.79
1293.228
1244.435
1236.087
1258.609
1266.957
1263.728
1241.207
1236.217
1234.304
1229.866
1228.333
1242.536
1248.754
1262.601
1285.732
1286.717
1291.536
1293.703
1308.159
1299.649
1276.659
1259.857
1245.654
1220.719
1210.067
1207.937
1206.592
1223.395
1224.199
1201.678
1197.156
1199.058
1221.58
1216.431
1214.529
1219.051
1202.248
1201.444
1206.592
1209.717
1214.379
1216.292
1199.489
1200.848
1199.489
1196.978
1192.317
1241.111
1246.328
1263.13
1265.163
1267.674
1268.783
1282.63
1268.783
1262.565
1239.435
1245.652
1268.783
1266.616
1267.601
1266.616
1252.159
1247.341
1252.159
1266.616
1268.783
1277.043
1278.739
1301.728
1299.696
1348.489
1353.707
1355.62
1332.63
1334.663
1338.125
1332.908
1337.69
1334.228
1285.435
1280.652
1252.556
1247.183
1244.951
1242.981
1248.354
1314.679
1316.91
1315.231
1291.556
1296.694
1294.511
1329.302
1332.627
1341.224
1345.795
1347.373
1312.582
1314.552
1312.582
1303.985
1298.847
1349.097
1344.526
1294.276
1299.414
1276.22
1299.414
1296.09
1294.511
1289.711
1265.89
1260.752
1259.252
1264.625
1259.487
1209.237
1185.562
1182.576
1176.174
1171.761
1166.211
1165.196
1188.517
1171.787
1178.19
1162.34
1166.752
1172.302
1195.978
1211.828
1228.558
1205.237
1206.252
1209.237
1211.207
1218.573
1216.479
1218.711
1233.599
1237.662
1240.647
1242.741
1192.491
1242.741
1235.375
1233.405
1227.584
1232.957
1218.069
1214.006
1211.021
1205.647
1211.468
1209.237
1223.498
1247.319
1233.058
1226.655
1202.834
1209.237
1185.416
1137.528
1122.64
1127.603
1142.491
1144.722
1143.707
1144.722
1142.491
1137.528
1153.379
1154.453
1170.741
1176.472
1202.67
1217.558
1201.707
1185.42
1179.688
1164.8
1138.603
1140.125
1138.603
1137.528
1139.621
1089.371
1139.621
1141.591
1139.498
1134.125
1132.155
1137.528
1133.465
1142.576
1148.388
1151.953
1153.541
1158.341
1161.326
1182.726
1184.819
1170.558
1164.155
1140.334
1138.103
1133.14
1138.103
1137.088
1151.976
1154.207
1155.222
1140.334
1125.446
1123.868
1119.297
1123.868
1100.674
1050.424
1041.826
1007.035
1041.826
1036.688
1038.659
1040.237
1038.267
1088.517
1093.655
1090.33
1098.927
1122.121
1125.446
1131.91
1149.215
1163.476
1165.659
1168.681
1171.267
1173.36
1171.39
1173.36
1123.11
1173.36
1171.267
1176.64
1171.267
1192.666
1195.651
1200.451
1179.052
1173.241
1176.806
1178.899
1175.914
1177.502
1175.914
1181.726
1178.16
1176.067
1171.267
1170.438
1165.136
1182.44
1159.246
1161.205
1184.399
1189.701
1190.53
1195.187
1177.882
1175.924
1171.267
1157.006
1157.834
1154.177
1156.763
1139.459
1136.437
1150.698
1153.72
1160.185
1162.657
1148.396
1146.213
1139.748
1141.931
1139.345
1117.946
1113.146
1111.558
1132.957
1129.972
1126.407
1120.595
1118.502
1120.09
1123.655
1128.455
1130.549
1136.36
1139.345
1145.81
1144.795
1146.978
1161.239
1146.351
1144.168
1146.754
1144.282
1147.304
1164.608
1162.377
1155.912
1160.875
1175.763
1176.778
1179.009
1176.424
1162.162
1157.2
1154.177
1160.185
1123.957
1121.726
1118.16
1112.787
1110.817
1116.19
1092.515
1094.485
1096.578
1094.485
1044.235
977.91
972.985
967.612
1017.862
1039.261
1037.674
1043.485
1039.92
1044.72
1042.134
1037.334
1038.733
1041.718
1043.812
1045.399
1028.095
1045.399
1044
1046.586
1041.785
1039.692
1043.257
1048.058
1042.246
1039.261
1017.862
1014.205
1012.022
997.761
994.739
997.761
1015.065
1029.326
1022.862
1029.326
1031.912
1029.326
1031.509
1014.205
1016.437
1022.257
1018.194
1021.179
1018.194
1003.306
1010.672
1004.851
997.485
1012.373
1010.142
1014.205
1008.384
1012.022
1054.336
1051.006
1061.976
1066.547
1068.741
1073.879
1031.565
1034.896
1029.757
1035.578
1019.16
1008.19
1003.619
1001.425
997.787
1014.205
1015.793
1009.981
1008.459
1006.871
1010.437
1007.451
1010.437
1012.53
1006.2
984.8
989.601
1011
1008.907
1004.106
1009.918
973.47
976.455
972.89
994.289
1008.916
1014.737
1038.058
1063.737
1063.821
1066.843
1072.655
1088.942
1071.638
1069.052
1054.791
1056.974
1054.791
1072.095
1075.118
1072.095
1065.631
1079.892
1082.478
1088.942
1038.692
1088.942
1083.569
1085.662
1091.035
1122.575
1120.417
1122.448
1117.737
1169.533
1145.625
1150.337
1152.367
1150.337
1145.04
1180.902
1145.04
1148.467
1172.375
1163.513
1168.81
1170.437
1168.81
1165.383
1174.244
1122.448
1111.463
1122.448
1127.744
1112.398
1127.744
1128.79
1126.49
1121.375
1123.675
1128.79
1127.744
1121.754
1123.912
1101.854
1103.49
1106.567
1101.619
1099.462
1096.385
1092.71
1097.658
1103.648
1102.012
1105.687
1127.744
1121.144
1104.806
1087.562
1081.84
1057.802
1054.725
1053.679
1049.131
1024.727
1026.977
1020.313
1017.648
1024.312
1009.612
1024.312
1021.196
1018.946
1001.11
1003.775
1006.89
1024.727
1023.158
1006.369
991.023
964.019
958.112
941.773
940.665
935.369
957.427
954.35
948.36
946.202
942.527
937.579
943.569
941.933
919.875
923.55
925.187
928.263
933.212
935.369
938.485
953.185
950.069
947.404
949.654
931.817
925.154
922.904
929.567
947.404
932.704
935.369
923.215
975.012
972.854
921.058
919.027
921.185
923.215
917.677
923.215
937.915
920.079
913.415
916.531
913.865
899.165
896.05
902.713
900.463
902.713
920.55
923.215
918.267
916.631
910.64
908.483
886.425
883.348
879.673
881.973
887.088
884.788
879.673
864.327
865.373
864.327
879.673
881.1
878.942
894.288
899.365
936.935
937.981
934.865
928.202
925.952
908.115
905.45
890.75
888.719
836.923
831.385
829.227
830.796
830.883
847.806
848.913
857.775
863.267
899.129
899.983
895.483
893.856
884.994
880.283
883.71
919.571
921.602
869.806
845.898
840.602
849.463
901.26
902.887
867.025
871.737
868.31
873.606
897.513
895.483
901.473
875.004
878.119
854.081
878.119
884.119
900.908
878.85
900.908
894.908
888.917
873.84
900.31
897.194
880.406
895.483
895.396
895.483
900.56
904.748
920.094
896.187
894.617
893.763
892.656
887.856
870.019
864.554
861.323
858.246
867.108
872.6
871.746
854.823
854.737
854.823
890.685
891.538
892.646
909.569
911.138
905.646
896.785
860.923
858.904
874.25
875.296
872.996
871.95
877.065
879.365
864.019
858.904
847.088
830.75
828.45
831.767
826.275
826.362
811.015
775.154
775.067
782.66
780.36
784.548
790.548
805.894
805.04
808.117
806.548
803.471
804.579
798.579
815.502
824.363
816.771
818.34
809.479
811.779
847.64
830.717
836.21
835.102
830.913
831.767
832.621
841.483
842.337
843.906
860.829
896.69
897.798
896.69
896.604
860.742
860.829
859.975
843.052
834.19
828.698
827.129
832.621
838.113
846.975
882.837
883.944
900.867
899.298
900.867
900.954
892.092
892.006
891.152
855.29
849.798
850.652
833.729
832.621
837.698
853.044
837.698
833.51
828.433
832.621
834.19
834.744
832.079
825.415
830.531
815.185
810.069
825.415
823.115
825.415
824.369
825.415
820.467
823.133
805.296
806.738
804.073
802.631
820.467
825.415
830.908
795.046
795.133
796.702
779.779
774.287
765.425
764.571
773.433
774.54
773.433
773.346
779.323
772.478
770.955
771.784
767.418
769.612
771.582
769.612
776.015
773.821
763.164
773.821
778.187
771.784
767.213
768.791
773.929
772.351
776.922
774.951
724.701
774.951
769.813
761.216
738.022
739.152
705.37
707.283
710.511
718.859
715.63
749.413
755.246
769.703
774.692
778.243
830.678
877.178
878.808
882.27
898.212
898.13
898.935
893.304
892.261
891.457
899.804
900.848
884.906
890.08
923.862
918.688
917.21
908.862
910.341
910.422
911.9
927.716
932.889
953.668
928.734
906.089
885.31
879.667
885.319
888.254
888.172
893.815
918.75
902.935
900
922.645
938.46
932.808
947.011
947.092
932.889
934.368
926.02
959.803
960.607
976.549
977.592
977.674
961.732
970.08
969.275
935.493
934.449
932.971
927.797
932.971
932.889
927.056
876.002
871.183
870.197
868.031
853.574
854.379
853.574
852.531
868.473
852.531
886.313
891.487
890.009
891.053
899.4
865.618
857.27
852.096
852.178
853.656
853.574
868.031
871.976
868.031
863.248
868.031
853.574
852.531
847.357
847.275
845.797
844.993
811.21
795.268
786.92
808.261
789.989
784.536
783.732
776.848
769.696
776.848
771.196
767.25
772.902
758.446
762.391
765.29
762.391
776.848
774.681
776.848
792.79
794.703
810.518
812.293
813.826
815.739
781.957
773.609
724.815
719.826
742.348
739.12
787.913
786.38
789.609
811.209
819.806
824.377
829.515
831.131
826.419
862.281
845.358
867.415
909.092
914.169
909.092
913.281
928.627
913.281
909.092
903.304
861.627
885.558
883.879
887.421
871.865
871.776
846.974
843.76
837.579
810.27
787.512
770.19
764
770.095
771.881
778.062
803.24
806.573
818.002
845.863
882.349
887.813
905.605
914.748
920.651
883.651
867.817
864.282
859.421
857.325
848.183
823.516
770.075
765.754
770.075
764.837
759.373
775.206
780.444
778.766
762.933
747.377
790.377
791.845
792.321
793.81
788.704
787.216
789.966
771.563
776.669
795.071
792.321
843.25
845.036
787.607
736.679
731.214
715.381
713.595
729.429
734.893
792.321
788.53
784.641
788.53
792.321
794
792.143
798.238
814.071
810.897
813.27
797.437
800.611
792.778
797.099
794.726
802.56
796.369
802.56
798.238
804.333
819.5
814.262
798.429
794.107
788.393
844.31
853.357
855.143
851.81
840.381
834.286
809.107
802.927
806.26
812.44
837.619
843.714
855.143
853.357
847.167
841.702
796.702
800.571
845.571
828.111
824.569
826.903
831.764
837.954
855.415
851.546
849.212
844.351
856.018
844.351
847.893
853.357
810.357
853.357
852.143
858.333
847
850.536
853.75
860.56
916.476
920.345
937.806
932.341
968.827
959.685
923.198
917.296
889.435
894.899
889.435
907.226
916.369
922.272
950.133
932.341
924.508
922.135
915.944
911.623
895.79
892.615
917.948
921.282
924.032
914.984
940.163
941.782
946.474
959.014
964.681
970.145
971.833
976.476
992.31
997.548
986.119
980.024
983.357
958.179
959.964
956.631
968.06
961.879
987.058
993.238
991.452
997.548
1042.548
1046.339
1050.982
1066.538
1061.073
1055.968
1053.218
1034.815
1033.327
1034.815
1037.565
1055.968
1061.073
1118.502
1113.038
1070.038
1113.038
1111.252
1060.323
1002.895
1018.728
1022.617
1028.081
1024.192
1027.984
1078.913
1063.079
1059.288
1061.073
1062.562
1052.871
1056.294
1057.373
1052.135
1036.302
1052.135
1057.373
1018.611
1017.532
1056.294
1059.835
1087.696
1091.119
1089.647
1105.48
1103.147
1101.052
1089.718
1082.909
1094.242
1096.337
1091.694
1096.337
1098.671
1105.48
1120.647
1119.028
1146.889
1152.792
1189.278
1207.069
1216.212
1207.069
1201.605
1173.744
1167.841
1173.306
1155.514
1119.028
1144.206
1140.873
1134.778
1136.563
1134.778
1109.599
1115.78
1127.208
1133.304
1127.123
1130.456
1119.028
1117.339
1092.161
1093.849
1119.028
1124.492
1130.159
1142.698
1138.056
1142.698
1138.006
1136.387
1130.72
1132.339
1126.875
1131.567
1119.028
1076.028
1069.639
1070.853
1102.684
1102.094
1109.195
1108.285
1101.686
1105.006
1080.867
1085.982
1084.309
1086.609
1124.822
1143.828
1203.139
1255.738
1250.094
1233.742
1235.586
1239.502
1180.191
1176.174
1181.818
1185.834
1183.99
1131.391
1147.744
1143.828
1140.988
1139.451
1120.445
1115.172
1109.32
1111.77
1113.504
1134.071
1135.56
1137.179
1138.857
1137.976
1176.504
1247.04
1248.183
1285.183
1287.409
1250.409
1268.812
1266.585
1248.183
1254.363
1256.149
1249.968
1248.183
1242.087
1230.659
1205.48
1211.575
1223.004
1248.183
1251.516
1248.183
1252.825
1256.617
1252.825
1237.27
1232.627
1248.183
1293.183
1248.183
1253.46
1296.27
1297.413
1298.294
1298.383
1310.923
1305.458
1292.919
1298.383
1300.002
1295.359
1320.538
1318.849
1320.538
1325.23
1330.897
1305.718
1300.052
1298.433
1303.075
1298.383
1299.526
1299.615
1301.234
1310.377
1316.044
1316.925
1293.327
1329.188
1334.485
1328.763
1355.767
1346.906
1364.15
1358.854
1331.85
1367.213
1376.075
1340.712
1323.467
1329.188
1347.025
1329.188
1327.031
1329.188
1293.327
1329.188
1338.581
1343.529
1307.667
1306.813
1305.244
1310.737
1334.887
1333.744
1334.625
1352.085
1353.228
1344.085
1345.704
1354.847
1354.937
1354.847
1391.847
1386.181
1390.069
1391.855
1393.284
1402.331
1403.927
1419.76
1426.149
1423.923
1460.923
1442.52
1405.52
1407.893
1410.119
1428.522
1426.903
1417.76
1417.849
1418.73
1419.873
1437.333
1438.952
1438.863
1401.863
1396.196
1395.054
1432.054
1414.593
1420.26
1419.379
1428.522
1451.895
1434.573
1428.478
1430.157
1431.645
1420.834
1422.506
1420.969
1478.719
1476.986
1475.314
1437.1
1419.068
1417.887
1412.035
1412.127
1402.684
1402.592
1375.526
1374.645
1375.526
1412.526
1410.907
1412.05
1421.192
1422.812
1428.478
1430.704
1449.107
1412.107
1393.704
1391.478
1428.478
1471.288
1428.478
1429.359
1429.448
1429.359
1430.502
1429.621
1424.343
1423.2
1428.478
1412.645
1414.431
1430.264
1436.653
1438.081
1439.677
1437.891
1434.002
1432.407
1436.296
1445.343
1436.296
1434.867
1428.478
1419.335
1420.954
1421.044
1430.187
1431.329
1468.329
1485.79
1484.171
1489.837
1472.377
1473.258
1472.377
1435.377
1435.288
1476.494
1475.314
1479.309
1484.105
1486.555
1539.154
1545.006
1565.674
1571.842
1611.633
1573.42
1575.719
1594.725
1632.939
1630.639
1611.633
1609.9
1594.236
1592.072
1588.537
1587.357
1588.537
1589.447
1551.234
1569.266
1575.119
1584.561
1622.775
1622.867
1613.424
1612.514
1612.422
1610.75
1604.898
1606.57
1588.537
1592.553
1601.898
1597.881
1599.357
1550.179
1541.131
1542.917
1541.488
1539.702
1538.107
1531.718
1538.107
1553.94
1538.107
1501.107
1519.51
1521.736
1519.51
1501.107
1538.107
1537.226
1538.845
1544.512
1535.369
1529.702
1512.242
1511.099
1511.188
1509.569
1472.569
1509.569
1510.45
1511.593
1529.054
1538.196
1538.107
1544.202
1538.107
1526.679
1523.345
1548.524
1542.343
1553.772
1555.558
1553.772
1528.593
1531.927
1538.107
1537.631
1520.31
1547.619
1552.897
1553.778
1552.897
1547.619
1504.81
1503.667
1503.756
1504.899
1504.81
1547.619
1510.619
1508.393
1489.99
1493.859
1530.859
1531.74
1526.879
1481.879
1484.212
1489.073
1534.073
1534.163
1530.294
1536.484
1519.024
1536.484
1548.151
1553.615
1551.282
1554.823
1572.284
1554.823
1549.157
1540.014
1534.55
1543.692
1543.603
1542.46
1530.794
1529.175
1534.841
1535.984
1535.103
1498.103
1494.562
1488.371
1489.99
1495.657
1500.349
1512.889
1514.508
1519.151
1544.329
1519.151
1524.615
1519.972
1518.284
1519.972
1514.508
1508.841
1507.222
1494.683
1489.99
1528.518
1526.839
1470.923
1517.502
1521.518
1512.174
1514.018
1497.666
1496.191
1505.535
1498.936
1494.92
1493.076
1499.674
1498.137
1496.465
1496.957
1499.682
1453.669
1453.579
1459.246
1453.579
1462.722
1464.341
1462.722
1461.579
1498.579
1461.579
1433.531
1416.608
1417.462
1408.6
1409.708
1409.794
1408.94
1410.74
1427.529
1432.825
1434.556
1443.325
1444.502
1446.071
1445.985
1474.429
1472.484
1466.817
1457.675
1459.27
1458.127
1421.127
1420.246
1416.704
1415.085
1416.871
1412.982
1411.196
1402.149
1400.554
1349.625
1356.014
1371.847
1314.419
1313.942
1308.478
1317.526
1313.734
1297.901
1295.262
1293.476
1294.905
1288.516
1284.627
1286.222
1290.111
1299.254
1293.351
1321.212
1293.351
1284.208
1290.111
1253.625
1248.161
1253.625
1290.111
1307.903
1290.111
1267.353
1272.631
1267.353
1268.234
1311.044
1312.187
1311.044
1310.163
1310.073
1310.163
1267.353
1261.163
1262.948
1261.163
1245.329
1246.758
1237.71
1241.599
1240.171
1238.575
1232.187
1238.575
1254.409
1256.004
1252.115
1261.163
1268.996
1270.21
1275.675
1282.484
1282.96
1292.282
1294.782
1296.25
1299.792
1301.411
1352.339
1358.52
1364.71
1373.853
1388.123
1390.218
1392.004
1395.337
1420.516
1431.944
1438.125
1444.22
1438.04
1426.611
1424.825
1418.73
1393.552
1390.218
1345.218
1329.663
1325.871
1321.228
1327.617
1326.188
1324.403
1308.569
1302.181
1303.609
1302.014
1317.847
1313.958
1315.554
1324.601
1326.387
1330.276
1321.228
1374.669
1379.361
1385.75
1384.869
1379.591
1379.681
1336.871
1336.782
1342.06
1342.258
1343.365
1344.219
1343.112
1341.475
1336.975
1342.467
1344.037
1338.74
1343.24
1318.837
1317.267
1322.563
1318.015
1322.563
1317.071
1329.225
1353.629
1355.265
1343.112
1354.927
1300.731
1291.962
1283.192
1284.762
1279.465
1281.196
1279.627
1280.804
1289.573
1294.869
1293.138
1291.962
1276.615
1284.208
1285.592
1289.362
1291.092
1292.638
1286.446
1292.638
1291.092
1289.708
1265.154
1256.385
1265.154
1280.5
1276.731
1275
1279.8
1273.892
1278.84
1316.41
1318.567
1315.135
1313.712
1291.058
1297.25
1301.019
1292.25
1293.635
1292.088
1307.435
1330.088
1314.742
1313.012
1314.558
1310.788
1319.558
1321.288
1319.904
1313.712
1315.742
1309.142
1315.742
1311.242
1309.212
1298.227
1309.212
1311.473
1309.212
1313.712
1308.596
1267.104
1306.448
1306.359
1305.216
1299.978
1305.216
1289.383
1290.462
1306.296
1267.534
1273.173
1278.278
1317.04
1315.96
1288.099
1282.196
1264.405
1255.262
1218.776
1213.312
1222.454
1258.94
1264.843
1270.308
1298.169
1315.96
1312.627
1308.738
1306.952
1297.905
1291.516
1289.921
1288.492
1272.659
1270.873
1282.302
1270.873
1245.694
1239.514
1236.181
1239.514
1241.3
1266.478
1272.659
1266.563
1272.659
1274.278
1271.528
1270.313
1275.778
1278.528
1279.956
1316.956
1320.379
1321.808
1333.236
1294.098
1290.781
1296.077
1311.154
1327.492
1329.65
1366.992
1391.031
1392.6
1391.031
1392.208
1383.438
1381.708
1376.412
1385.181
1390.477
1389.3
1391.031
1391.492
1400.527
1393.927
1384.892
1384.431
1391.031
1366.627
1361.135
1356.587
1354.95
1342.796
1341.227
1335.931
1331.431
1343.585
1344.692
1346.115
1330.769
1339.804
1342.881
1343.735
1355.042
1357.2
1352.4
1358.188
1372.888
1397.442
1404.042
1400.927
1406.917
1405.348
1355.987
1352.554
1346.554
1340.563
1338.14
1340.563
1342.133
1340.71
1390.071
1398.933
1404.933
1406.356
1409.788
1400.927
1395.138
1400.927
1402.35
1401.496
1402.35
1393.315
1391.892
1388.815
1386.658
1395.692
1398.769
1400.927
1389.619
1391.235
1389.85
1386.533
1375.456
1370.16
1334.298
1331.633
1367.494
1368.879
1379.956
1385.252
1387.137
1429.228
1432.651
1435.401
1426.079
1423.853
1435.52
1441.492
1442.373
1441.492
1442.96
1452.282
1454.508
1451.333
1445.361
1443.893
1442.226
1445.401
1446.615
1440.435
1434.339
1431.006
1419.577
1417.792
1392.613
1385.804
1400.97
1426.304
1411.137
1417.946
1392.613
1394.399
1388.935
1387.315
1386.101
1384.315
1393.363
1384.315
1389.78
1390.994
1392.613
1377.058
1371.593
1410.121
1426.978
1442.534
1425.677
1450.478
1452.704
1414.177
1389.375
1387.149
1392.613
1387.375
1385.887
1401.72
1407.387
1398.065
1398.946
1397.478
1394.304
1392.077
1398.05
1407.371
1410.546
1412.014
1414.24
1415.907
1415.026
1403.359
1397.387
1379.595
1351.734
1342.591
1337.127
1331.224
1294.738
1278.905
1263.071
1261.603
1267.575
1268.456
1259.135
1270.802
1269.921
1273.095
1275.321
1276.79
1270.817
1280.139
1278.472
1275.298
1273.071
1245.21
1247.544
1237.853
1222.687
1215.877
1241.21
1215.877
1231.044
1237.853
1222.687
1224.155
1230.127
1218.46
1220.687
1223.861
1233.183
1230.008
1229.127
1226.901
1217.579
1218.46
1216.992
1211.02
1222.687
1224.306
1231.115
1240.258
1277.258
1294.718
1295.599
1296.742
1296.831
1287.51
1287.986
1293.653
1302.974
1296.165
1295.688
1257.161
1260.335
1261.804
1271.125
1267.95
1268.831
1271.058
1259.391
1257.165
1247.843
1246.375
1258.042
1264.014
1258.042
1257.161
1270.275
1275.767
1238.425
1238.338
1232.55
1234.581
1185.219
1190.758
1193.058
1196.808
1191.315
1210.712
1216.5
1253.842
1250.092
1230.696
1228.396
1227.288
1222.788
1228.281
1245.204
1244.35
1248.85
1251.008
1252.115
1301.477
1265.615
1256.754
1251.262
1252.831
1252.917
1253.771
1289.633
1298.494
1281.571
1280.002
1286.002
1282.685
1271.608
1235.746
1233.862
1228.565
1227.181
1223.863
1221.198
1223.083
1228.379
1264.24
1265.625
1268.29
1279.367
1282.685
1282.598
1259.944
1268.806
1251.883
1253.452
1253.538
1254.392
1290.254
1307.177
1329.831
1328.977
1327.869
1326.3
1317.438
1311.946
1317.438
1281.577
1282.685
1276.896
1265.588
1264.165
1261.088
1252.054
1249.896
1249.042
1242.442
1227.742
1203.188
1197.892
1199.462
1200.638
1199.069
1200.8
1199.623
1204.919
1213.688
1204.919
1203.188
1203.275
1201.706
1201.619
1200.512
1199.658
1194.165
1199.658
1200.765
1202.335
1185.412
1186.265
1177.404
1213.265
1222.127
1186.265
1167.272
1203.5
1177.821
1179.409
1181.603
1187.218
1192.591
1197.729
1199.7
1205.073
1199.7
1149.45
1199.7
1197.606
1195.636
1210.524
1212.618
1228.468
1223.33
1225.424
1240.05
1203.823
1180.502
1185.64
1183.547
1168.92
1192.241
1176.39
1212.618
1229.035
1231.229
1234.56
1218.142
1213.004
1223.974
1220.644
1214.823
1211.185
1217.006
1214.812
1210.241
1199.271
1202.909
1245.222
1250.36
1254.931
1212.618
1229.035
1227.961
1227.132
1232.461
1225.996
1226.825
1226.909
1222.108
1256.899
1265.496
1263.974
1247.556
1249.078
1248.994
1240.397
1205.606
1200.278
1201.353
1203.181
1229.379
1269.812
1295.491
1293.968
1294.052
1290.728
1238.149
1237.075
1236.246
1237.075
1220.657
1220.573
1215.244
1250.035
1243.632
1240.61
1245.938
1211.147
1212.67
1204.073
1212.67
1196.252
1212.67
1209.032
1210.106
1236.304
1234.476
1208.278
1210.106
1212.2
1206.826
1204.856
1210.229
1260.479
1258.386
1245.31
1247.34
1262.417
1266.606
1270.356
1271.783
1277.321
1299.975
1326.444
1341.79
1344.09
1345.66
1360.36
1361.744
1360.637
1360.55
1396.412
1360.55
1366.042
1349.119
1340.258
1338.688
1338.775
1340.344
1349.206
1366.129
1366.983
1368.09
1367.237
1361.744
1364.167
1358.177
1352.177
1379.181
1385.181
1388.613
1387.044
1393.035
1391.612
1393.035
1343.673
1345.242
1336.381
1385.742
1383.319
1392.181
1388.748
1390.633
1363.629
1361.744
1371.137
1371.99
1372.077
1366.585
1330.723
1329.154
1328.3
1329.869
1330.977
1336.469
1312.993
1311.918
1346.709
1346.625
1338.028
1339.856
1338.028
1346.625
1330.207
1356.405
1330.207
1334.573
1338.138
1352.765
1395.078
1384.332
1381.114
1379.285
1344.494
1343.151
1338.013
1335.427
1333.457
1283.207
1285.3
1290.674
1340.924
1342.894
1340.8
1335.427
1337.256
1363.453
1361.625
1335.427
1370.218
1371.047
1376.375
1376.459
1392.877
1358.086
1357.257
1356.183
1364.78
1363.257
1364.78
1389.85
1390.958
1382.096
1382.01
1376.517
1374.787
1383.556
1374.787
1376.356
1381.652
1382.829
1314.463
1313.287
1311.717
1306.421
1305.313
1307.044
1280.04
1281.925
1280.04
1307.044
1313.644
1307.044
1316.079
1315.617
1316.079
1299.156
1298.048
1292.556
1283.521
1246.179
1251.717
1250.863
1288.206
1252.344
1243.483
1241.221
1235.683
1234.113
1234.027
1236.288
1272.15
1272.237
1299.24
1297.356
1299.24
1272.237
1324.033
1326.19
1274.394
1272.363
1277.902
1279.933
1274.394
1272.237
1287.313
1311.352
1274.01
1268.713
1244.675
1282.017
1265.679
1263.521
1265.679
1270.975
1287.313
1272.237
1267.688
1269.131
1266.831
1272.127
1287.473
1272.127
1266.831
1261.292
1258.992
1257.565
1234.912
1261.915
1235.446
1208.442
1210.327
1208.442
1212.192
1197.115
1201.304
1197.554
1198.981
1183.635
1198.981
1194.792
1221.262
1223.562
1229.1
1244.177
1266.831
1215.035
1212.735
1214.619
1187.615
1185.731
1212.735
1211.108
1213.265
1211.108
1262.904
1211.108
1216.646
1211.108
1213.138
1211.108
1212.992
1239.996
1212.992
1211.108
1217.098
1220.175
1222.333
1227.281
1249.338
1250.975
1254.65
1227.646
1225.762
1218.169
1201.381
1193.788
1197.463
1175.406
1172.329
1194.387
1197.463
1202.412
1204.569
1193.585
1191.323
1197.313
1195.156
1196.792
1203.392
1197.402
1193.727
1187.127
1189.388
1187.358
1189.388
1200.373
1204.873
1200.373
1195.425
1193.788
1188.25
1186.219
1177.45
1182.988
1234.785
1233.054
1227.758
1229.788
1227.631
1226.454
1174.658
1173.088
1175.246
1174.069
1211.412
1174.069
1176.331
1174.069
1168.531
1174.069
1171.769
1145.3
1130.223
1133.973
1111.319
1107.569
1111.758
1127.104
1122.915
1107.569
1122.646
1145.3
1150.838
1152.265
1154.565
1149.027
1175.496
1174.069
1177.744
1176.108
1171.16
1149.102
1145.427
1143.269
1149.26
1150.896
1172.954
1175.112
1169.121
1174.069
1170.992
1174.069
1172.269
1134.927
1129.388
1181.185
1183.215
1185.373
1190.912
1139.115
1137.085
1134.927
1131.252
1125.956
1123.798
1125.956
1131.252
1155.29
1192.633
1208.971
1214.962
1198.623
1201.7
1200.063
1215.14
1177.798
1182.746
1167.669
1165.512
1160.563
1182.621
1186.296
1164.238
1165.875
1141.837
1135.846
1138.004
1134.927
1112.273
1134.927
1121.096
1122.665
1117.369
1132.715
1117.369
1122.665
1107.319
1069.75
1064.673
1063.627
1057.027
1047.992
1047.531
1054.131
1054.592
1063.627
1041.569
1063.627
1061.469
1060.046
1066.037
1064.4
1069.348
1073.023
1075.181
1076.817
1070.817
1067.142
1063.71
1057.719
1048.858
1051.935
1046.987
997.625
995.202
993.633
987.642
984.565
1008.969
1003.431
1001.4
949.604
947.446
942.15
948.14
943.192
939.517
937.881
935.723
939.398
945.388
947.546
925.488
930.437
932.073
928.996
932.073
954.131
948.14
954.665
956.212
961.677
959.646
986.65
963.996
967.746
963.558
964.985
987.638
983.888
986.188
1012.658
1016.846
1001.769
975.3
990.646
975.3
969.762
975.3
973.873
988.95
986.65
982.975
998.052
1001.727
958.112
962.612
958.112
943.035
986.65
981.702
980.065
974.075
976.233
972.558
970.4
975.348
972.271
975.348
953.29
956.965
979.023
980.66
986.65
992.188
989.927
984.388
986.65
1023.992
986.65
981.85
970.035
968.488
967.104
962.156
959.998
956.323
954.687
951.61
929.552
923.562
947.6
942.304
940.146
977.488
953.45
958.746
975.085
937.742
922.665
906.327
908.485
923.562
929.054
964.915
981.838
982.946
983.8
985.369
994.231
994.317
1021.321
1015.129
1030.475
1015.129
1009.833
1015.129
1013.56
1014.413
1013.306
1030.229
1066.09
1071.583
1071.669
1054.746
1055.854
1064.715
1063.862
1055
1054.913
1019.052
1013.56
1015.129
1017.429
1032.775
1017.429
990.96
987.21
1009.863
1024.94
1026.367
1020.902
1026.44
1052.91
1047.371
1045.071
1043.644
1028.567
1032.317
1036.506
1052.844
1030.19
1026.002
1009.079
1007.51
1002.017
1007.51
1006.656
1006.569
1015.431
1014.323
1014.41
1050.271
1067.194
1068.048
1069.156
1060.294
1024.433
1026.002
1037.31
1028.448
1029.556
1065.417
1065.331
1059.838
1061.408
1060.3
1058.731
1022.869
1023.723
1023.81
1022.956
1006.033
1022.956
1031.817
1037.31
1031.771
1034.033
1043.067
1048.606
1049.067
1055.667
1046.633
1040.033
1039.571
1037.31
999.967
1037.31
1035.74
1030.792
1032.677
1041.712
1043.869
1047.937
1052.485
1037.485
1039.444
1043.082
1041.56
1006.769
1006.685
998.088
1045.976
1042.338
1044.569
996.681
1032.909
1038.524
1036.293
1031.927
1026.599
1045.416
1046.244
1081.035
1086.364
1086.448
1067.631
1071.996
1071.168
1087.586
1092.914
1093.989
1057.761
1059.284
1053.955
1048.34
1047.265
1055.862
1039.444
1040.944
1047.274
1052.576
1051.076
1044.746
1039.444
1044.746
1050.754
1101.004
1101.832
1123.231
1147.052
1145.978
1129.56
1138.157
1103.366
1138.157
1137.328
1132
1123.403
1124.925
1125.009
1126.084
1126
1131.328
1129.806
1130.634
1147.052
1161.94
1156.612
1158.134
1166.731
1172.06
1188.478
1189.306
1188.231
1188.147
1189.222
1183.894
1183.978
1167.56
1158.963
1157.44
1122.649
1157.44
1156.612
1154.418
1189.209
1184.797
1182.968
1184.927
1208.603
1199.838
1197.879
1214.297
1212.203
1214.297
1218.709
1227.474
1223.528
1244.252
1246.137
1240.84
1264.879
1227.537
1212.46
1227.537
1243.875
1246.033
1283.375
1267.037
1264.879
1240.84
1246.137
1240.598
1225.521
1224.094
1220.344
1193.875
1189.687
1204.763
1202.463
1206.652
1221.998
1206.652
1208.079
1185.425
1189.175
1194.713
1217.367
1243.837
1246.137
1242.704
1231.396
1187.781
1182.485
1177.773
1175.512
1181.512
1183.773
1200.696
1244.312
1248.062
1242.062
1246.773
1243.023
1246.456
1257.763
1263.06
1246.137
1246.223
1251.715
1260.577
1277.5
1278.354
1269.492
1252.569
1288.431
1290
1291.108
1296.573
1260.712
1255.219
1254.365
1252.796
1252.71
1251.602
1293.094
1287.306
1287.392
1296.254
1297.362
1275.052
1309.843
1310.672
1312.194
1303.597
1298.269
1303.597
1302.522
1267.731
1267.647
1266.819
1265.297
1248.879
1233.991
1212.013
1233.991
1228.853
1233.991
1248.879
1249.953
1254.916
1295.17
1295.998
1296.082
1317.481
1323.489
1302.09
1325.91
1326.739
1332.041
1331.213
1280.963
1274.955
1251.134
1245.832
1296.082
1255.828
1282.026
1270.235
1278.832
1273.504
1238.713
1237.19
1237.106
1236.032
1219.614
1256.287
1247.425
1210.083
1204.544
1206.806
1204.921
1202.66
1204.817
1187.894
1163.49
1161.333
1152.298
1176.702
1178.587
1174.038
1211.381
1215.929
1213.91
1215.929
1224.963
1230.502
1247.425
1232.725
1231.34
1232.517
1223.125
1222.017
1218.342
1203.265
1198.765
1155.15
1172.987
1188.333
1184.583
1186.883
1182.694
1160.04
1154.502
1152.202
1136.856
1142.394
1115.925
1142.394
1165.048
1180.125
1184.313
1182.887
1184.313
1188.063
1172.987
1170.967
1154.044
1151.887
1168.81
1173.358
1182.392
1184.277
1186.296
1181.748
1206.152
1208.31
1183.906
1182.021
1172.987
1173.448
1182.483
1182.021
1188.621
1179.587
1172.987
1173.073
1172.987
1178.102
1219.594
1218.74
1217.633
1176.14
1171.025
1171.879
1172.987
1171.35
1195.904
1247.7
1253.165
1228.612
1206.554
1154.758
1153.904
1147.712
1148.565
1170.623
1165.158
1171.35
1187.688
1182.392
1187.688
1172.612
1174.769
1137.427
1113.388
1111.231
1126.308
1163.65
1147.312
1171.35
1165.35
1159.885
1153.36
1151.813
1153.698
1156.929
1152.381
1135.458
1133.573
1150.496
1141.462
1165.865
1167.885
1176.919
1174.9
1172.742
1174.9
1176.785
1181.333
1156.929
1154.667
1117.325
1122.863
1117.325
1119.587
1156.929
1151.633
1136.287
1136.373
1094.881
1136.373
1141.488
1141.402
1140.294
1141.402
1140.548
1135.433
1136.287
1190.483
1189.306
1213.86
1219.325
1197.267
1198.121
1220.179
1234.006
1240.013
1216.192
1210.89
1210.062
1204.054
1153.804
1151.573
1147.935
1162.823
1166.886
1161.513
1157.45
1142.562
1127.935
1131.573
1157.252
1155.868
1130.188
1152.166
1130.188
1131.573
1133.804
1139.177
1153.804
1154.819
1154.735
1159.147
1161.106
1177.524
1168.759
1177.524
1179.618
1155.942
1153.983
1177.659
1175.565
1177.394
1160.976
1159.147
1154.735
1144.078
1150.481
1154.847
1150.481
1148.511
1146.317
1148.287
1150.481
1161.138
1154.735
1153.336
1152.261
1157.224
1157.14
1152.177
1153.006
1112.752
1153.006
1153.09
1152.261
1153.336
1156.47
1165.067
1188.743
1186.649
1188.478
1190.437
1181.672
1177.259
1181.672
1183.765
1200.183
1176.507
1174.549
1158.131
1166.896
1165.067
1128.84
1114.213
1090.892
1075.041
1072.948
1067.81
1048.869
1024.315
1046.373
1040.908
1046.373
1070.927
1070.073
1121.869
1122.723
1128.915
1106.858
1100.665
1107.329
1122.406
1124.667
1124.206
1118.667
1081.325
1074.725
1065.69
1063.429
1100.771
1106.31
1143.879
1145.306
1103.629
1099.879
1101.306
1116.383
1114.083
1099.006
1097.579
1071.11
1055.763
1051.575
1046.037
1068.69
1084.037
1086.337
1063.683
1069.221
1062.983
1067.047
1070.685
1106.912
1109.006
1117.771
1094.095
1110.513
1108.685
1113.097
1136.772
1138.731
1122.313
1124.142
1115.377
1113.418
1109.006
1106.912
1112.241
1115.226
1120.599
1120.683
1120.599
1160.853
1165.815
1125.562
1124.733
1125.808
1120.845
1119.771
1120.599
1142.576
1120.599
1162.912
1136.715
1111.035
1128.34
1130.433
1165.224
1141.403
1136.101
1136.929
1158.328
1182.149
1232.399
1211
1217.007
1222.31
1221.481
1215.474
1165.224
1200.015
1202.108
1167.317
1184.621
1203.438
1186.134
1184.612
1182.519
1186.884
1229.198
1212.78
1210.821
1208.728
1217.493
1232.119
1230.291
1233.856
1235.685
1237.644
1228.879
1224.466
1226.56
1202.884
1219.302
1223.715
1247.39
1252.315
1254.409
1252.315
1269.619
1304.41
1269.619
1252.315
1251.241
1251.157
1250.328
1210.075
1205.112
1190.485
1189.101
1183.728
1161.75
1171.027
1167.277
1163.088
1160.788
1145.442
1169.846
1172.108
1209.45
1207.188
1212.727
1207.188
1169.846
1191.904
1218.373
1223.669
1239.015
1256.852
1258.652
1260.81
1224.948
1260.81
1242.973
1260.81
1258.652
1222.79
1217.325
1195.267
1247.063
1247.917
1272.471
1294.529
1293.675
1299.867
1304.415
1280.012
1270.977
1273.135
1221.338
1216.79
1214.906
1212.748
1221.783
1246.187
1251.652
1249.633
1225.079
1218.887
1201.963
1203.848
1220.771
1222.79
1206.452
1204.294
1186.458
1188.615
1206.452
1242.313
1206.452
1208.61
1214.6
1218.275
1240.333
1243.41
1248.358
1249.994
1266.333
1302.194
1307.915
1290.079
1254.217
1252.06
1287.921
1305.758
1307.915
1301.925
1279.867
1285.858
1290.806
1284.815
1281.738
1303.796
1306.873
1309.031
1306.873
1305.237
1303.352
1298.804
1300.44
1298.421
1302.096
1299.938
1275.535
1266.5
1249.577
1245.902
1240.954
1237.204
1217.808
1215.508
1210.015
1160.654
1123.312
1117.523
1113.023
1164.819
1137.815
1126.508
1144.344
1126.508
1124.35
1126.508
1090.646
1126.508
1125.654
1073.858
1068.392
1062.2
1037.646
1015.588
1012.512
1007.563
1011.238
1016.187
1038.244
1036.087
1037.723
1043.713
1046.79
1024.733
1018.742
1020.9
1017.225
1015.588
979.727
977.569
959.733
965.198
940.794
938.533
901.19
899.621
894.083
872.025
873.662
868.713
865.637
887.694
890.771
896.762
900.437
896.762
901.71
903.867
902.231
896.24
894.083
888.083
892.794
887.498
870.575
826.96
870.575
867.142
864.881
868.313
863.602
869.602
886.525
891.821
888.071
899.379
901.64
890.333
894.083
896.506
894.869
896.506
874.448
868.458
870.615
874.29
871.213
876.162
871.213
874.29
872.133
894.19
900.181
896.506
897.948
903.063
903.525
909.017
935.487
938.919
960.977
966.967
970.642
974.412
969.463
965.788
968.865
965.788
970.737
972.373
950.315
972.373
970.215
976.206
970.215
968.579
970.737
972.163
969.087
963.594
966.671
972.21
977.702
972.163
984.317
996.133
1001.429
1023.487
1021.329
1019.692
997.635
994.558
989.61
985.935
989.61
995.6
998.677
992.687
994.844
996.481
1001.429
1003.065
1058.727
1046.912
1024.258
1018.267
1013.319
1011.162
1008.085
1006.448
1002.773
980.715
965.638
922.023
918.348
922.023
965.638
980.715
976.215
980.715
979.538
1001.596
1018.84
1021.917
1027.456
1051.494
1053.756
1038.41
1050.225
1041.363
1056.44
1080.348
1044.487
1045.34
1081.202
1083.463
1067.539
1068.614
1073.185
1074.685
1079.341
1094.229
1092.136
1087.336
1050.888
1069.705
1071.899
1077.711
1081.349
1076.983
1079.177
1072.774
1077.14
1079.11
1068.453
1079.11
1076.916
1074.946
1081.349
1082.748
1104.147
1119.035
1144.715
1129.826
1134.965
1136.711
1131.573
1105.894
1084.494
1101.799
1084.494
1082.748
1097.009
1103.412
1127.233
1109.929
1111.608
1085.41
1091.741
1092.756
1098.129
1100.36
1124.035
1127.601
1132.526
1198.851
1198.935
1200.457
1235.248
1235.332
1243.929
1249.257
1265.675
1266.504
1267.578
1271.944
1305.615
1281.062
1287.662
1302.362
1287.662
1312.215
1305.615
1305.702
1307.271
1308.125
1302.633
1293.771
1310.694
1293.771
1302.633
1302.546
1301.438
1300.585
1336.446
1334.877
1335.985
1300.123
1305.615
1311.108
1314.185
1319.723
1314.231
1308.692
1305.615
1305.702
1307.271
1308.379
1302.887
1319.81
1318.956
1310.094
1318.956
1317.848
1316.279
1316.192
1352.054
1335.131
1299.269
1300.123
1305.615
1298.952
1342.567
1333.706
1332.66
1331.552
1295.69
1295.604
1304.465
1304.552
1295.69
1294.837
1277.913
1279.483
1284.975
1285.829
1280.337
1281.444
1259.61
1294.401
1292.879
1269.058
1275.461
1261.2
1254.797
1278.618
1292.879
1316.7
1321.271
1320.196
1334.823
1341.912
1341.828
1342.657
1342.741
1334.144
1328.815
1337.412
1348.875
1347.353
1352.681
1355.267
1360.067
1325.276
1391.601
1417.496
1426.358
1425.504
1461.365
1478.288
1479.858
1521.35
1522.458
1507.381
1503.706
1499.206
1455.59
1456.698
1472.044
1436.183
1440.983
1476.844
1479.106
1479.96
1463.037
1467.748
1452.402
1469.325
1470.871
1469.763
1468.91
1467.363
1462.652
1460.39
1455.59
1469.421
1475.21
1476.846
1461.769
1463.788
1462.362
1453.5
1452.646
1453.5
1436.577
1438.146
1402.285
1401.177
1401.09
1418.013
1412.521
1418.013
1419.121
1454.983
1463.844
1463.931
1462.362
1463.908
1474.209
1493.026
1493.563
1498.22
1463.429
1454.832
1438.414
1438.33
1439.159
1440.681
1439.606
1440.681
1446.009
1440.681
1439.159
1473.95
1474.034
1490.451
1499.049
1498.22
1489.623
1496.713
1430.388
1425.588
1414.125
1409.554
1406.968
1366.715
1359.625
1371.088
1375.659
1384.256
1386.841
1401.468
1441.722
1427.095
1431.896
1454.793
1448.576
1434.728
1411.598
1429.87
1435.522
1437.435
1483.935
1517.248
1517.33
1518.373
1534.315
1539.489
1540.967
1574.75
1540.967
1540.163
1539.12
1547.467
1547.386
1539.038
1523.096
1517.922
1518.726
1517.248
1483.935
1465.663
1462.62
1485.75
1490.967
1488.801
1483.583
1478.801
1455.812
1478.801
1482.263
1546.665
1482.263
1487.045
1483.583
1485.75
1487.88
1493.524
1491.393
1473.121
1469.589
1487.861
1491.393
1485.75
1487.228
1487.31
1488.353
1488.272
1504.214
1505.018
1513.366
1547.149
1546.105
1512.322
1511.518
1503.17
1508.344
1492.402
1490.924
1485.75
1491.315
1488.804
1491.315
1530.402
1537.286
1516.851
1525.448
1536.91
1529.821
1489.567
1484.767
1551.091
1542.494
1537.924
1526.461
1511.834
1526.461
1531.032
1535.832
1535.748
1530.42
1521.823
1505.405
1503.882
1503.054
1501.979
1467.188
1501.979
1503.479
1502.942
1521.759
1512.921
1511.375
1506.575
1507.129
1562.79
1567.59
1565.706
1546.31
1557.387
1542.31
1533.448
1540.756
1582.248
1591.11
1595.821
1610.898
1605.95
1601.238
1606.187
1564.694
1576.51
1569.202
1637.567
1634.902
1566.537
1554.721
1557.387
1592.75
1589.519
1573.181
1518.985
1531.138
1536.677
1553.921
1550.844
1553.106
1535.862
1557.919
1552.381
1530.323
1528.062
1531.138
1507.1
1531.138
1526.427
1531.723
1535.473
1546.781
1551.492
1595.108
1592.846
1609.769
1612.031
1608.281
1602.985
1599.552
1588.244
1571.321
1527.706
1521.706
1527.706
1531.138
1537.738
1482.077
1533.873
1535.419
1537.45
1539.608
1538.062
1537.508
1545.612
1564.429
1545.612
1546.149
1550.806
1508.493
1513.866
1509.209
1472.761
1523.011
1537.638
1532.156
1467.754
1470.264
1481.395
1442.308
1433.96
1442.308
1449.192
1453.63
1449.192
1513.594
1506.71
1511.371
1497.168
1486.038
1483.527
1478.866
1479.909
1478.453
1479.909
1482.04
1482.844
1487.366
1486.562
1452.779
1448.341
1452.779
1467.236
1501.018
1499.975
1495.453
1493.322
1478.866
1462.924
1478.866
1443.688
1449.966
1445.183
1443.27
1438.096
1432.879
1427.661
1429.574
1426.676
1429.574
1434.792
1439.966
1437.933
1439.966
1391.172
1396.389
1404.474
1384.28
1367.951
1343.718
1342.07
1337.222
1323.173
1385.761
1323.173
1333.989
1327.299
1335.412
1321.609
1325.923
1330.452
1292.467
1290.026
1281.914
1277.384
1309.971
1324.174
1313.043
1314.042
1316.482
1323.173
1320.954
1329.225
1318.099
1316.6
1316.093
1318.153
1300.396
1299.974
1295.579
1296.086
1300.769
1301.192
1306.22
1307.636
1312.03
1313.35
1364.308
1402.463
1401.048
1396.364
1395.044
1383.045
1377.871
1396.143
1392.681
1457.083
1454.917
1458.379
1460.545
1465.763
1460.98
1455.763
1478.752
1483.534
1460.545
1396.143
1394.23
1399.447
1350.654
1348.621
1397.415
1399.328
1365.545
1360.328
1362.361
1363.165
1402.252
1402.333
1403.377
1408.196
1447.283
1451.944
1447.283
1454.167
1468.37
1471.948
1480.545
1485.116
1487.701
1485.116
1462.446
1447.369
1442.658
1454.473
1442.658
1511.023
1502.162
1494.854
1472.796
1469.363
1495.833
1517.89
1521.323
1494.854
1439.192
1450.5
1445.204
1445.665
1447.696
1499.492
1497.462
1499.619
1447.823
1453.362
1451.204
1445.665
1430.588
1433.254
1438.202
1433.254
1428.542
1387.05
1384.385
1377.077
1392.154
1396.865
1465.231
1456.369
1463.677
1451.862
1383.496
1395.312
1436.804
1445.665
1443.404
1447.154
1449.415
1430.019
1424.029
1443.425
1439.675
1445.665
1447.965
1467.362
1465.815
1461.015
1506.825
1511.778
1454.349
1434.337
1434.909
1492.337
1493.933
1500.321
1509.643
1514.595
1531.452
1538.185
1574.671
1575.242
1577.575
1534.766
1533.623
1538.901
1533.623
1576.433
1577.313
1577.403
1577.313
1576.433
1577.575
1579.802
1581.897
1579.671
1585.385
1638.825
1639.302
1637.206
1583.766
1578.052
1584.861
1578.958
1569.815
1562.276
1519.466
1516.716
1501.161
1488.97
1418.435
1413.329
1408.468
1412.79
1428.623
1433.861
1470.861
1455.028
1418.028
1418.909
1417.313
1412.452
1411.571
1409.238
1411.571
1416.524
1411.571
1429.032
1433.893
1435.036
1433.893
1449.726
1432.266
1389.742
1458.108
1433.704
1433.242
1436.992
1385.196
1396.181
1393.919
1382.935
1376.335
1382.935
1380.904
1383.165
1387.665
1383.165
1385.196
1379.731
1324.069
1323.515
1304.119
1299.319
1297.773
1295.615
1293.585
1299.123
1301.281
1249.485
1301.281
1303.312
1297.773
1296.665
1338.158
1339.265
1334.15
1334.237
1339.352
1338.498
1338.412
1339.265
1297.773
1291.581
1326.944
1317.91
1313.11
1322.144
1338.483
1345.008
1338.483
1339.037
1303.673
1309.865
1314.665
1298.327
1297.773
1303.069
1297.531
1292.454
1288.779
1220.413
1196.01
1193.71
1210.954
1260.315
1301.808
1304.473
1372.838
1378.829
1387.598
1405.435
1406.858
1401.781
1386.435
1390.623
1405.969
1411.046
1406.858
1410.175
1410.729
1416.194
1427.179
1428.748
1480.544
1474.554
1470.785
1472.942
1478.481
1480.512
1465.435
1413.638
1411.481
1409.45
1403.912
1408.46
1411.892
1417.681
1419.104
1419.958
1428.992
1432.069
1434.227
1445.535
1451.256
1460.025
1461.448
1478.692
1484.683
1475.913
1434.421
1452.258
1454.923
1496.415
1479.171
1429.81
1361.444
1343.608
1411.973
1409.308
1407.885
1457.246
1451.256
1486.619
1485.192
1486.046
1487.154
1487.24
1492.356
1533.848
1532.994
1527.879
1486.387
1485.279
1485.192
1501.981
1517.058
1539.115
1545.106
1569.144
1569.231
1575.231
1578.346
1604.815
1602.658
1596.869
1596.015
1596.869
1587.835
1584.758
1593.792
1599.581
1602.658
1604.081
1615.388
1604.081
1606.238
1604.815
1586.979
1587.494
1585.401
1535.151
1552.455
1547.082
1541.326
1494.826
1455.739
1457.08
1455.167
1449.524
1455.167
1452.268
1447.094
1441.877
1447.094
1495.888
1487.627
1489.54
1487.029
1489.062
1497.322
1495.982
1469.629
1407.04
1469.629
1453.842
1456.282
1457.063
1489.894
1490.908
1465.13
1465.207
1466.604
1471.495
1479.385
1473.575
1473.082
1441.594
1437.32
1442.834
1434.789
1466.277
1472.087
1486.635
1481.122
1489.166
1474.618
1478.892
1479.385
1465.721
1475.789
1489.454
1479.385
1474.231
1476.971
1477.731
1476.464
1468.42
1466.498
1471.652
1472.92
1470.18
1469.42
1473.94
1477.67
1473.149
1481.193
1477.464
1479.385
1477.012
1537.885
1553.767
1597.719
1553.767
1590.712
1591.979
1555.034
1539.152
1513.053
1511.82
1519.42
1514.228
1454.978
1460.17
1445.225
1437.625
1439.935
1445.135
1449.725
1482.088
1483.048
1483.788
1482.428
1497.095
1528.175
1532.935
1501.855
1501.78
1500.82
1497.845
1500.82
1501.78
1509.46
1508.72
1503.96
1507.902
1509.262
1501.582
1527.652
1527.729
1523.68
1519.181
1520.484
1523.849
1518.778
1516.919
1510.945
1521.086
1519.111
1508.759
1510.734
1513.551
1521.822
1522.604
1520.629
1519.326
1520.629
1530.981
1525.681
1517.41
1516.629
1513.812
1519.111
1481.125
1475.641
1474.338
1519.528
1535.315
1532.875
1540.903
1543.343
1480.755
1497.085
1502.569
1540.555
1524.225
1586.813
1541.623
1542.926
1534.898
1563.143
1561.665
1562.469
1578.411
1578.493
1579.536
1578.732
1544.949
1544.868
1546.346
1537.998
1536.955
1570.737
1575.911
1584.259
1579.085
1563.143
1548.687
1550.817
1566.759
1562.321
1566.842
1565.799
1564.995
1560.473
1561.516
1559.386
1563.824
1609.006
1623.894
1607.476
1608.304
1573.513
1608.304
1609.804
1608.405
1607.024
1606.94
1612.752
1607.789
1608.864
1611.058
1610.229
1610.313
1629.131
1634.093
1630.455
1631.284
1591.03
1631.284
1630.209
1611.392
1609.198
1603.386
1607.024
1604.931
1593.961
1602.726
1608.341
1605.356
1608.341
1632.162
1643.132
1637.517
1638.897
1662.091
1653.326
1652.498
1702.748
1703.576
1705.67
1727.069
1740.487
1739.106
1750.076
1784.868
1790.196
1754.248
1752.77
1736.828
1736.746
1736.828
1737.632
1736.828
1745.176
1711.393
1712.871
1713.915
1708.741
1707.697
1699.35
1683.105
1685.616
1702.418
1638.016
1591.516
1638.016
1643.659
1641.149
1649.409
1610.322
1604.679
1587.877
1589.217
1607.039
1605.736
1621.523
1613.495
1606.235
1627.522
1632.043
1628.313
1614.649
1628.313
1632.043
1627.522
1659.454
1660.214
1661.2
1666.132
1666.209
1674.099
1689.168
1681.277
1649.346
1648.586
1647.599
1678.518
1673.489
1673.41
1695.417
1700.445
1684.658
1686.729
1706.923
1684.915
1687.732
1682.662
1684.099
1682.028
1697.815
1694.998
1693.562
1673.368
1667.875
1669.734
1667.875
1622.685
1667.875
1650.118
1667.875
1673.368
1671.393
1679.664
1676.847
1682.146
1671.794
1673.097
1683.449
1691.477
1690.695
1692.671
1695.488
1687.217
1685.914
1680.614
1681.396
1697.725
1760.313
1697.725
1689.697
1688.394
1698.246
1732.211
1728.502
1767.589
1775.85
1770.207
1767.696
1733.688
1734.991
1740.475
1695.285
1698.428
1702.592
1705.032
1701.889
1685.56
1681.396
1666.438
1662.044
1653.773
1659.442
1665.415
1665.923
1680.88
1648.505
1652.9
1646.926
1655.197
1654.69
1649.021
1681.396
1659.389
1673.192
1652.998
1647.514
1663.007
1671.12
1671.04
1671.12
1646.887
1651.915
1649.063
1673.296
1659.493
1644.123
1646.975
1662.345
1629.514
1624.021
1623.942
1622.505
1627.998
1660.829
1681.023
1681.102
1703.109
1708.593
1707.579
1708.593
1710.03
1710.812
1702.699
1697.671
1682.178
1681.396
1659.509
1654.21
1643.857
1654.21
1652.907
1650.931
1642.66
1641.879
1643.181
1643.963
1646.78
1648.755
1654.055
1651.238
1659.509
1621.523
1558.935
1513.745
1497.415
1491.931
1489.491
1516.42
1508.159
1506.819
1508.297
1518.645
1513.496
1512.018
1515.143
1504.795
1509.944
1506.819
1506.297
1506.819
1523.063
1522.259
1522.178
1483.091
1483.172
1482.129
1477.31
1478.353
1476.875
1460.933
1461.737
1456.563
1456.482
1490.264
1506.207
1514.554
1519.728
1511.38
1477.598
1476.554
1478.033
1477.228
1512.56
1511.731
1506.116
1503.131
1501.75
1499.657
1488.687
1487.672
1485.993
1485.909
1502.326
1503.155
1511.752
1511.668
1513.19
1513.274
1507.946
1506.424
1541.215
1532.618
1531.789
1530.715
1536.043
1501.252
1484.834
1485.909
1490.834
1475.946
1471.882
1466.957
1481.845
1485.909
1490.321
1478.858
1482.188
1477.776
1473.41
1470.08
1480.737
1489.334
1484.006
1475.409
1440.618
1441.692
1458.11
1459.632
1459.549
1458.474
1458.558
1463.886
1447.468
1482.259
1483.088
1482.259
1480.737
1445.946
1432.528
1432.444
1431.616
1430.093
1413.675
1405.078
1404.004
1369.213
1363.884
1355.119
1339.269
1304.961
1300.304
1294.297
1287.966
1287.429
1281.813
1298.231
1294.901
1281.483
1276.345
1318.659
1312.838
1316.476
1274.162
1278.733
1274.162
1270.524
1276.345
1259.927
1262.121
1283.521
1262.121
1265.451
1288.646
1338.896
1315.075
1264.825
1288.646
1299.616
1297.422
1286.451
1288.019
1264.825
1253.854
1258.993
1235.529
1212.884
1207.232
1182.297
1168.094
1190.739
1185.096
1188.031
1193.683
1193.764
1207.967
1232.902
1217.087
1232.902
1232.821
1253.6
1250.665
1256.308
1235.529
1221.072
1216.788
1212.005
1208.772
1212.005
1208.06
1212.344
1216.866
1217.67
1219.801
1253.583
1268.04
1269.496
1267.366
1262.844
1261.801
1228.018
1227.214
1225.757
1230.196
1211.035
1196.986
1181.493
1182.507
1178.194
1155.715
1160.363
1154.32
1158.634
1209.592
1169.662
1159.521
1170.338
1122.919
1126.283
1166.213
1180.016
1184.136
1151.761
1165.218
1163.37
1171.482
1176.967
1173.533
1155.776
1159.21
1153.725
1171.482
1169.412
1171.482
1175.646
1172.504
1175.646
1171.482
1181.539
1180.102
1180.609
1175.606
1175.099
1165.042
1162.005
1167.009
1168.445
1171.482
1204.313
1206.289
1222.618
1272.234
1310.22
1304.812
1301.96
1296.467
1281.097
1267.294
1261.81
1237.577
1237.498
1215.491
1195.298
1193.977
1188.949
1190.269
1189.847
1190.269
1195.298
1190.614
1195.298
1211.627
1195.298
1228.129
1226.153
1228.129
1195.298
1199.461
1204.31
1215.437
1216.873
1239.215
1244.243
1248.363
1249.861
1241.59
1240.111
1219.917
1241.805
1219.326
1241.639
1254.668
1277.799
1288.451
1299.576
1319.769
1297.882
1250.463
1246.299
1249.442
1246.299
1250.463
1248.488
1264.817
1248.488
1281.319
1283.294
1250.463
1254.298
1258.981
1220.826
1219.327
1196.849
1190.806
1192.532
1176.202
1174.227
1207.058
1174.227
1176.202
1192.532
1190.461
1189.046
1184.651
1180.338
1147.507
1146.493
1132.444
1131.662
1116.169
1112.736
1109.593
1089.4
1065.167
1063.308
1059.188
1057.118
1063.16
1053.104
1055.174
1065.231
1059.188
1063.308
1065.167
1081.496
1048.665
1046.69
1048.665
1081.496
1065.167
1069.331
1066.188
1062.025
1065.167
1069.697
1086.026
1088.002
1071.673
1069.697
1036.866
1069.697
1071.134
1072.623
1122.239
1123.56
1127.394
1143.724
1110.893
1108.917
1110.893
1094.563
1127.394
1132.398
1129.361
1132.398
1133.835
1134.342
1144.398
1142.961
1137.958
1137.451
1127.394
1125.289
1123.218
1119.055
1115.912
1114.414
1115.85
1111.731
1122.857
1111.731
1106.882
1111.002
1115.85
1138.192
1142.356
1138.192
1133.164
1110.822
1112.32
1110.884
1115.912
1099.583
1066.752
1064.776
1058.676
1036.669
1020.882
1000.688
997.871
995.801
990.731
1001.083
1021.276
1039.416
1027.101
1039.416
1017.553
997.913
1019.2
1009.132
1030.995
1012.618
990.731
979.604
995.933
997.581
1005.609
1019.067
1024.551
1026.621
1030.055
1047.812
1045.741
1042.308
1024.551
1019.067
1020.504
1020.081
1018.021
1019.342
1017.905
1067.521
1066.032
1016.415
1017.905
1016.585
1018.021
978.092
982.211
978.847
982.211
968.408
982.211
978.092
1018.021
955.433
958.798
953.949
921.574
926.104
924.245
918.752
900.995
855.805
850.956
871.15
876.634
878.132
882.662
885.479
887.454
890.819
889.329
887.893
886.572
836.956
835.458
840.306
862.648
858.528
836.187
837.685
832.657
834.093
838.257
834.093
822.967
821.53
826.558
837.685
841.805
836.956
831.718
833.444
811.556
809.581
805.051
806.549
816.901
813.864
793.671
746.252
751.255
763.917
760.553
762.528
784.415
761.937
787.182
777.401
772.067
775.021
776.418
766.349
764.892
763.495
763.114
765.931
786.125
796.181
799.546
805.03
805.537
828.016
807.822
828.016
827.509
814.847
812.03
816.56
811.556
816.585
824.697
825.479
858.31
859.324
874.817
874.896
876.333
865.981
870.511
868.535
864.005
861.188
866.673
870.037
871.535
873.511
876.327
870.843
891.037
887.673
886.174
865.981
850.488
849.474
849.553
850.335
848.898
816.067
815.988
810.96
811.974
817.002
818.438
826.551
818.438
851.269
850.488
865.981
881.768
876.275
892.604
895.456
897.516
903.616
917.074
919.514
916.697
918.195
922.725
920.75
922.725
921.227
924.592
921.227
915.743
921.227
924.044
903.85
924.044
919.514
920.528
915.5
916.937
901.444
916.937
921.965
921.183
929.296
962.127
960.69
961.472
960.458
960.537
927.706
927.627
919.514
916.15
918.21
901.88
899.82
902.673
896.572
899.012
915.342
901.884
899.032
912.489
910.049
916.15
931.643
932.361
933.798
925.685
915.544
948.375
932.882
940.995
939.981
939.199
939.981
938.544
938.623
905.792
900.764
901.778
901.699
898.882
904.366
907.731
909.229
911.204
909.229
929.423
932.239
936.769
916.576
911.092
906.562
905.063
901.699
898.266
893.417
890.275
884.782
889.095
929.025
932.458
928.144
931.287
936.136
920.643
922.713
933.065
922.713
920.643
926.136
886.206
901.699
899.259
896.407
880.077
886.178
902.507
900.447
902.507
889.049
891.489
885.389
898.847
901.699
886.206
919.037
918.958
886.127
885.345
877.232
876.514
875.077
876.514
876.593
877.375
878.389
883.417
891.53
890.516
906.009
907.507
904.69
900.16
902.977
897.493
894.129
896.104
899.468
897.493
895.995
916.188
921.673
901.479
906.009
907.857
890.1
888.03
884.597
879.113
894.606
893.169
899.269
882.94
887.968
885.116
879.016
876.576
877.59
877.669
885.782
885
901.329
934.16
929.132
921.019
920.94
919.926
917.866
919.926
922.778
924.215
910.757
877.926
878.708
881.148
894.606
879.113
867.986
869.423
863.938
862.44
861.004
865.123
869.287
864.757
860.637
855.789
835.595
832.231
843.357
844.856
839.827
841.326
843.301
820.96
825.489
847.831
846.333
851.181
849.206
846.389
849.754
855.238
875.431
880.46
883.276
879.113
874.465
873.451
857.664
859.1
826.269
831.298
832.079
823.967
839.46
823.967
822.53
830.643
863.474
862.692
863.706
862.692
862.771
862.692
857.664
854.812
841.354
843.794
841.734
839.294
842.146
825.817
831.917
833.977
850.306
844.206
857.664
849.636
872.114
882.467
860.579
850.227
826.078
813.049
789.918
802.947
825.469
846.248
895.042
874.263
872.23
866.587
863.125
860.226
855.565
854.024
833.245
841.592
825.65
826.694
827.498
832.672
831.629
831.547
826.373
824.895
824.091
824.172
840.114
831.766
797.984
799.462
833.245
835.364
829.087
831.598
834.533
848.38
865.183
851.335
848.4
845.889
843.77
850.047
833.245
829.783
788.696
784.457
770.254
804.036
809.21
809.129
803.955
804.998
796.65
804.998
805.08
821.022
820.217
804.275
802.797
803.601
805.08
804.036
770.254
776.471
799.601
813.449
813.971
813.449
811.971
801.623
804.748
801.623
806.772
808.25
818.598
813.449
815.96
809.683
806.748
789.946
806.748
804.629
806.748
820.596
806.748
804.237
810.514
813.449
815.08
779.902
727.467
722.293
713.946
680.163
664.221
663.178
661.699
660.895
660.813
662.846
677.049
625.995
619.717
602.915
600.404
614.252
617.187
614.252
616.763
602.915
609.192
611.312
609.192
625.995
623.06
616.783
614.663
597.861
584.013
581.502
571.154
532.067
545.915
522.784
516.567
539.697
525.85
532.067
567.245
563.299
574.429
570.145
564.971
566.449
571.623
583.072
584.614
579.625
602.614
601.136
589.687
588.145
593.134
588.895
593.179
570.19
574.429
569.611
616.111
630.567
635.556
639.018
691.453
693.083
696.634
691.46
686.641
686.207
684.848
698.696
697
683.152
666.35
683.152
691.413
693.109
684.848
688.793
665.663
679.511
665.663
659.446
682.576
688.793
686.663
688.793
684.554
674.207
676.12
680.359
674.141
684.489
682.576
659.446
648.793
600
577.478
583.696
562.917
549.888
553.833
558.272
561.17
538.04
524.192
517.975
507.627
502.478
499.353
498.832
501.957
502.478
501
511.348
516.496
517.975
509.627
495.779
498.714
532.496
538.714
554.656
558.188
561.417
612.471
614.504
618.942
658.029
659.072
663.891
663.973
664.777
660.538
655.549
644.1
639.815
638.274
615.284
613.806
608.632
604.194
637.976
653.918
659.092
667.44
667.522
669
670.043
670.848
672.88
674.576
690.518
701.649
707.482
712.935
731.207
736.38
770.163
770.245
769.201
769.12
767.641
783.583
784.627
779.453
778.649
744.866
753.214
744.866
746.344
730.402
731.207
730.163
729.359
724.54
724.621
685.534
686.339
686.257
691.076
692.12
731.207
733.326
722.196
723.674
722.63
706.688
707.493
706.014
705.933
705.129
706.172
711.346
677.563
669.216
702.998
718.94
727.288
727.37
722.196
736.399
739.861
743.411
745.042
797.476
795.701
842.201
847.19
842.201
840.571
855.027
808.527
805.065
790.609
785.947
782.397
729.962
731.44
731.522
730.043
731.087
725.913
731.087
730.283
729.239
730.043
763.826
779.768
788.116
779.768
763.826
763.745
729.962
765.353
768.587
784.529
786.007
777.659
786.007
791.181
792.225
758.442
757.399
756.594
790.377
788.899
788.98
773.038
773.842
768.668
768.587
770.065
768.587
769.109
758.761
769.109
774.257
773.736
768.587
765.462
768.587
775.739
828.174
824.228
829.011
829.092
828.288
867.375
828.288
823.469
824.274
825.317
825.236
830.054
829.011
823.837
839.779
838.301
837.257
821.315
787.533
788.272
793.902
794.946
795.027
795.832
795.027
803.375
804.853
796.505
796.424
830.207
831.011
831.092
847.034
846.295
851.469
852.513
860.861
844.918
836.571
830.94
830.859
830.054
828.576
827.533
829.011
837.359
853.301
887.083
885.605
890.779
889.301
889.382
884.208
875.861
877.339
878.382
879.187
845.404
829.462
828.658
828.576
840.025
888.819
887.775
871.833
873.529
878.982
860.71
878.982
890.112
884.279
878.826
867.696
883.638
881.605
879.909
881.942
887.775
896.036
895.232
894.188
895.667
896.71
897.514
931.297
939.645
934.471
900.688
892.341
876.399
874.92
890.862
896.036
895.955
896.036
896.841
895.797
896.841
896.759
857.672
856.868
856.949
861.768
900.855
896.036
917.377
963.877
974.225
982.572
997.029
1008.159
1043.337
1047.859
1053.312
1047.659
1088.746
1093.736
1052.649
1049.415
1038.763
1054.705
1038.763
1042.295
1040.165
1050.817
1056.469
1059.703
1054.714
1050.275
1046.743
1048.873
1053.312
1053.746
1065.196
1060.022
1051.674
1035.732
1001.949
1000.471
1000.389
999.346
998.542
1002.826
1024.167
1063.428
1065.123
1068.585
1070.361
1075.813
1075.895
1080.714
1079.909
1079.828
1080.632
1079.589
1080.632
1041.545
1036.726
1075.813
1080.596
1133.031
1125.879
1121.096
1128.248
1075.813
1064.683
1075.813
1074.118
1090.92
1074.118
1082.379
1074.118
1087.966
1074.118
1075.813
1084.161
1105.502
1059.002
1063.524
1055.176
1033.835
998.658
1004.111
989.654
985.132
995.48
990.027
1001.158
1036.335
1025.205
1014.857
1029.313
1075.813
1074.335
1063.987
1058.839
1058.317
1055.192
1056.301
1057.779
1062.768
1071.029
1072.659
1056.415
1052.953
1067.409
1069.04
1016.605
1021.594
1025.056
1028.607
1075.107
1060.65
1113.085
1108.096
1061.596
1058.045
1056.415
1070.871
1085.074
1087.107
1103.049
1097.596
1095.563
1079.621
1085.074
1103.346
1109.179
1098.049
1079.777
1078.082
1079.777
1073.944
1085.074
1081.612
1080.569
1041.482
1041.4
1040.596
1035.777
1040.216
1048.563
1049.085
1044.424
1030.221
1008.88
973.703
984.051
1019.228
1030.359
1015.902
1024.25
1013.902
1060.402
1081.743
1077.221
1030.721
1036.174
1050.63
1045.178
1034.047
1038.569
1030.221
1035.21
1000.033
1005.25
1016.38
1020.62
1014.402
1012.272
1018.489
1014.25
1016.38
1018.293
1016.38
1026.728
1016.38
1012.096
1010.4
1013.862
1015.558
1036.899
1041.888
1040.779
1037.317
1076.578
1074.947
1079.232
1080.71
1041.449
1020.109
1021.739
1022.848
1014.587
1013.109
1008.12
1016.38
1022.024
1017.241
1024.393
1029.176
1081.611
1074.458
1022.024
1020.248
1043.237
1064.578
1060.632
1054.799
1053.103
1064.234
1069.687
1075.52
1057.248
1055.216
1049.763
1051.795
1040.665
1024.723
1026.418
1042.361
1060.632
1014.132
1018.654
1008.306
973.129
994.469
973.129
987.585
995.933
1042.433
1036.98
1032.458
1067.636
1073.089
1058.632
1050.284
1060.632
1071.763
1060.632
1065.415
1070.589
1071.574
1087.389
1088.868
1090.563
1095.553
1098.487
1094.049
1092.147
1087.708
1089.404
1087.774
1084.312
1098.768
1100.399
1103.949
1107.411
1092.955
1145.389
1140.4
1136.85
1147.502
1152.491
1150.861
1197.361
1144.926
1098.426
1096.795
1101.784
1093.524
1092.045
1093.154
1094.632
1096.263
1104.524
1099.534
1098.426
1101.976
1096.524
1110.98
1146.158
1141.636
1149.984
1135.527
1146.658
1157.005
1178.346
1167.216
1156.868
1162.321
1153.973
1118.795
1097.455
1050.955
1097.455
1101.976
1117.918
1115.886
1111.94
1119.092
1123.875
1071.44
1066.658
1119.092
1111.94
1151.201
1152.897
1148.612
1145.15
1166.491
1170.775
1174.237
1172.542
1133.281
1111.94
1113.973
1119.426
1122.654
1140.926
1135.092
1129.639
1118.509
1120.205
1118.172
1129.303
1145.245
1126.973
1132.806
1116.864
1122.507
1120.812
1155.989
1164.337
1155.989
1109.489
1130.83
1141.178
1155.634
1134.293
1139.746
1135.225
1100.047
1146.547
1151.069
1136.612
1126.264
1115.134
1094.539
1089.239
1088.162
1089.239
1097.268
1098.704
1097.12
1095.683
1090.835
1082.806
1087.655
1089.239
1087.264
1098.391
1065.56
1103.715
1100.898
1105.018
1144.947
1148.312
1162.114
1200.1
1198.452
1184.995
1176.967
1160.637
1165.784
1180.332
1146.88
1148.483
1137.962
1138.039
1138.8
1175.745
1180.3
1181.286
1185.56
1175.779
1195.95
1190.796
1170.625
1175.779
1131.827
1145.491
1141.217
1151.738
1173.364
1218.555
1228.611
1262.798
1228.611
1236.724
1222.674
1214.562
1230.055
1240.871
1242.519
1257.889
1252.22
1250.783
1261.136
1263.111
1268.139
1273.438
1233.509
1234.945
1230.632
1246.125
1228.368
1231.22
1225.727
1230.576
1236.245
1220.752
1218.776
1224.269
1222.199
1216.9
1215.252
1204.435
1201.583
1186.09
1181.062
1184.204
1185.852
1184.894
1189.208
1191.278
1196.127
1199.56
1239.489
1229.137
1224.489
1221.056
1219.408
1224.056
1208.687
1203.838
1204.796
1199.947
1217.704
1214.562
1219.21
1212.259
1219.21
1217.15
1268.107
1263.46
1216.04
1165.083
1119.893
1105.843
1102.393
1099.028
1048.07
1046.486
1041.637
1057.13
1089.961
1090.04
1090.822
1092.259
1097.287
1105.4
1106.414
1114.442
1113.364
1108.516
1105.151
1084.412
1088.576
1090.224
1091.66
1129.815
1133.18
1153.919
1149.755
1148.171
1140.143
1138.706
1100.551
1101.629
1106.477
1104.829
1106.414
1112.387
1113.824
1114.838
1099.345
1091.232
1089.796
1088.782
1088
1082.972
1091.085
1091.164
1058.333
1063.361
1078.854
1111.685
1112.467
1112.387
1074.401
1075.183
1074.169
1078.852
1078.931
1078.852
1116.838
1117.852
1113.169
1112.387
1112.308
1096.902
1095.916
1095.156
1095.916
1100.807
1132.738
1140.628
1108.697
1110.094
1095.026
1087.135
1088.122
1088.199
1086.801
1081.911
1087.425
1087.014
1092.168
1101.949
1096.795
1110.459
1099.938
1133.188
1089.236
1109.408
1113.682
1157.634
1153.36
1120.11
1110.329
1102.438
1088.774
1096.664
1076.493
1087.014
1087.774
1102.842
1102.082
1134.014
1129.123
1128.137
1126.74
1094.808
1102.699
1102.622
1104.019
1104.096
1119.704
1124.732
1116.62
1117.634
1116.62
1149.451
1154.479
1162.592
1161.81
1177.303
1177.382
1178.396
1178.317
1145.486
1146.268
1130.775
1122.662
1117.634
1119.07
1117.634
1084.803
1083.789
1099.282
1083.789
1116.62
1115.183
1114.401
1122.514
1132.866
1132.787
1137.815
1139.252
1134.224
1134.303
1126.19
1127.204
1127.986
1123.303
1127.986
1127.204
1127.125
1128.139
1128.218
1129
1091.014
1090
1127.986
1122.317
1127.616
1125.968
1131.637
1129.662
1118.845
1101.088
1118.845
1113.546
1115.521
1117.169
1101.676
1117.169
1127.986
1114.183
1112.746
1137.468
1137.548
1153.04
1161.153
1160.371
1165.4
1166.181
1165.167
1166.181
1167.907
1162.879
1162.799
1129.968
1162.799
1154.687
1139.194
1140.63
1142.215
1147.063
1148.141
1156.169
1154.585
1146.556
1141.708
1140.63
1139.194
1140.63
1147.581
1140.63
1191.588
1186.94
1191.588
1140.63
1137.488
1135.762
1111.04
1112.766
1137.488
1138.924
1143.952
1144.032
1159.525
1192.356
1200.468
1201.25
1200.468
1167.637
1167.558
1162.53
1154.417
1155.431
1139.938
1138.924
1137.488
1127.431
1122.132
1117.738
1109.625
1095.576
1050.386
1039.569
1018.829
984.643
979.794
985.463
981.343
977.979
1002.701
1006.82
1005.095
1045.025
1050.095
1053.46
1039.657
1014.935
1016.91
1064.329
1066.188
1026.259
1027.984
1041.787
1057.28
1052.252
1051.238
1050.456
1058.569
1058.489
1025.658
1030.687
1022.574
1024.011
1024.09
1025.104
1023.667
1008.174
1041.005
1041.787
1030.66
1019.533
1017.808
1042.53
1044.255
1019.533
981.548
980.766
976.083
1014.069
1015.083
1015.864
1015.944
1014.93
1019.613
1019.533
1019.454
1017.595
1013.475
1019.518
1018.504
1008.447
1007.665
1005.595
999.553
1003.673
1005.532
1015.588
1010.56
1002.447
1004.518
1003.081
987.588
954.757
958.921
957.273
960.637
981.377
991.599
988.327
968.156
964.106
965.709
928.599
978.161
954.116
955.795
979.839
978.161
1024.281
978.161
973.229
975.151
973.342
978.274
976.353
978.161
991.586
983.777
993.846
995.767
1011.649
1019.693
1020.964
1042.693
1066.262
1067.022
1069.762
1077.807
1079.074
1084.228
1094.296
1096.31
1120.354
1096.31
1097.988
1096.31
1095.817
1071.772
1070.094
1071.772
1095.817
1093.896
1083.827
1084.587
1087.327
1088.594
1096.639
1106.707
1101.553
1100.286
1092.241
1089.502
1088.741
1093.896
1095.817
1100.337
1103.111
1088.163
1092.878
1093.81
1092.413
1093.81
1089.289
1084.574
1079.683
1094.632
1093.029
1090.255
1095.146
1094.214
1095.817
1091.101
1090.053
1088.512
1080.704
1079.307
1065.642
1070.574
1072.382
1070.704
1116.824
1092.779
1116.824
1070.704
1072.625
1074.303
1072.382
1070.574
1065.642
1082.913
1088.426
1083.272
1066.002
1076.522
1061.454
1050.933
1049.33
1051.252
1056.406
1054.485
1055.471
1018.526
1017.539
1019.142
1056.087
1051.533
1051.455
1056.01
1056.087
1050.574
1051.334
1050.574
1065.642
1062.902
1052.834
1062.902
1065.642
1063.721
1055.676
1056.437
1055.17
1060.324
1061.591
1063.512
1071.557
1070.796
1065.642
1062.591
1014.334
1011.56
1008.221
993.152
987.276
993.152
987.818
986.14
962.096
986.14
987.818
989.089
973.207
996.776
1004.82
1020.702
1010.634
1012.647
999.223
997.952
989.908
968.178
989.908
999.976
1013.401
989.832
1026.942
1024.928
1023.25
999.205
1023.25
1024.928
1023.007
1024.445
1014.377
1013.11
1012.349
1007.195
1012.349
1013.11
1015.031
1006.986
1015.031
1015.348
1018.087
1015.348
1019.868
1013.108
1008.587
959.026
1008.587
1015.348
1061.467
1063.276
1058.344
1012.224
1010.416
1015.348
1017.269
1015.348
1025.211
1017.32
1012.166
1010.488
986.443
988.365
993.519
994.786
992.865
992.548
1002.616
1001.178
1009.223
1008.462
1005.723
997.678
998.438
1001.178
996.024
991.092
977.668
983.545
985.086
984.325
984.248
983.262
978.707
941.762
940.084
930.015
919.495
924.426
878.307
924.426
926.235
924.313
919.382
921.303
919.495
927.539
922.385
921.118
918.378
923.533
915.488
905.42
915.488
916.755
919.495
921.416
922.176
920.255
919.495
897.765
899.779
909.848
917.892
941.461
940.19
942.459
918.89
932.315
928.603
913.145
914.382
912.422
902.622
894.792
881.725
883.675
885.545
888.73
887.497
895.327
892.66
891.1
893.767
903.567
908.583
928.217
926.347
918.517
906.572
908.175
904.902
905.663
942.772
937.618
936.858
916.687
917.954
907.885
911.935
907.885
912.752
918.562
919.938
940.11
944.976
898.856
893.925
892.003
896.935
943.055
944.976
946.784
944.976
945.962
977.894
979.291
980.051
980.128
988.019
1003.087
1007.978
1012.693
1022.557
1020.635
1015.301
1007.257
997.188
992.034
993.305
992.545
991.277
988.538
1003.606
1005.209
987.938
977.418
962.349
972.87
971.267
966.113
960.599
966.113
968.034
985.305
983.384
988.538
956.606
948.716
947.955
955.846
954.449
954.526
969.594
984.949
984.872
985.858
986.618
1018.55
1003.481
1008.372
1007.385
1002.495
1003.892
1011.7
1035.269
1021.844
1011.776
1009.507
1011.521
1010.25
1008.236
1016.281
1029.705
1030.976
1007.408
999.363
1021.092
1036.974
1047.043
1025.313
1025.236
1020.346
1025.277
1017.387
1002.318
970.387
969.401
965.394
1011.514
1013.435
1014.832
1013.435
1021.325
1021.402
1007.978
961.858
960.05
964.94
963.019
958.087
959.896
960.656
975.724
1007.656
968.82
965.548
964.788
965.774
987.062
988.664
1000.979
1007.74
1044.685
1054.548
1034.377
1033.39
1034.151
1035.137
1003.205
1002.445
1001.048
1002.445
1002.522
1017.591
1002.522
994.632
1002.522
1002.445
1007.336
1002.445
1034.377
1041.137
1034.377
1038.897
1088.459
1083.938
1034.377
1030.182
1030.942
1035.832
1027.942
1012.873
1011.476
1019.366
1014.476
1013.49
1014.476
1014.399
1046.33
1047.728
1046.967
1047.045
1015.113
1030.182
1031.99
1033.911
1028.979
1027.058
1031.99
1078.11
1076.301
1030.182
1026.825
1058.757
1059.517
1060.503
1065.394
1064.634
1064.557
1032.625
1031.228
1026.337
1018.447
1017.461
1004.995
1005.07
1006.43
1014.11
999.443
978.293
999.443
983.985
961.045
959.808
972.875
974.112
983.912
970.845
986.303
988.263
980.433
970.633
993.573
1001.403
999.443
1001.393
999.443
998.483
990.803
1021.883
1036.55
1036.625
1036.55
1037.51
1038.25
1033.49
1032.13
1039.81
1041.17
1045.93
1045.19
1014.11
1026.825
1024.812
985.976
988.75
990.147
975.199
979.914
984.805
989.325
987.928
989.942
985.747
995.815
1010.884
1009.952
1010.884
1016.226
1017.829
1014.772
1010.252
1004.909
1000.193
995.303
993.7
1008.649
998.58
1001.92
1006.115
1002.776
1007.491
1010.548
1005.832
990.764
1029.599
1026.825
1024.904
978.784
976.976
972.045
987.113
1019.045
1019.805
1020.791
1020.868
1020.791
1019.805
1021.202
1029.092
1028.332
1020.442
1015.551
983.62
982.223
987.113
972.045
954.774
944.253
939.099
933.586
931.664
916.596
914.993
916.277
917.726
919.123
967.38
956.558
960.608
997.717
996.115
992.065
988.793
951.683
971.854
973.457
976.729
956.558
955.182
956.558
961.425
967.235
961.425
956.558
956.481
951.591
959.481
958.721
926.789
911.721
903.83
902.844
901.447
902.433
934.365
949.433
949.51
950.908
951.668
956.558
962.435
984.298
997.387
976.099
977.64
976.038
963.723
926.777
963.723
970.483
980.346
992.661
994.264
987.503
977.64
998.928
1000.195
1002.568
1046.521
1054.329
1069.683
1085.565
1146.438
1151.772
1188.717
1187.731
1172.663
1164.772
1164.695
1132.764
1131.366
1126.476
1125.716
1112.291
1110.277
1086.709
1070.827
1049.098
1039.029
1082.981
1081.711
1059.981
1051.937
1036.055
1096.928
1098.195
1092.861
1095.235
1103.043
1146.995
1110.05
1146.995
1103.043
1108.377
1124.259
1116.45
1101.096
1098.723
1037.849
1036.582
1023.885
1022.325
1019.355
1012.775
1008.375
1067.625
1019.385
1025.105
1019.385
1032.125
1010.845
1032.125
1019.385
1004.44
1040.4
1032.8
973.55
958.092
922.132
981.382
988.982
983.79
986.1
1028.88
986.1
988.308
977.195
974.945
976.146
981.203
980.002
978.784
980.157
978.638
979.963
981.18
979.807
978.482
1024.232
978.482
943.456
958.013
956.812
964.214
961.964
977.021
982.078
983.279
981.128
1016.154
1011.097
1068.808
1110.477
1103.075
1045.364
1058.295
1060.605
1017.825
1003.158
1005.958
1007.908
1005.958
1010.358
1025.817
1010.358
1005.167
1010.358
1008.048
972.088
957.143
999.923
1035.883
1037.117
1044.717
1047.027
1045.793
1038.193
1053.138
1083.495
1041.826
984.115
971.706
950.979
945.407
950.979
971.706
984.115
1019.141
1028.492
1048.674
1028.492
1026.972
1033.381
998.356
999.875
988.2
981.791
993.466
984.115
985.109
985.992
950.966
952.167
1009.878
1024.435
1039.492
1044.549
1051.951
1046.894
1044.644
1079.67
1065.114
1057.711
1026.667
1028.977
986.197
984.963
1027.743
1012.285
976.325
978.075
963.915
962.505
915.535
914.285
912.925
917.515
905.707
895.639
898.012
890.204
829.33
844.685
839.351
855.233
899.185
900.452
899.185
883.303
846.358
907.231
863.279
868.613
853.259
850.885
887.83
895.639
897.652
899.461
893.584
883.803
887.81
897.591
903.467
901.454
897.447
895.639
892.366
895.639
897.241
917.413
897.241
893.192
856.082
854.479
891.589
895.639
894.262
889.396
883.586
861.723
848.634
842.757
805.647
744.774
707.829
705.455
690.101
682.293
638.341
637.074
631.74
615.858
619.908
614.394
628.058
632.774
630.771
627.997
623.281
625.284
623.682
619.161
618.229
616.832
611.942
596.993
616.634
618.555
620.012
625.346
628.618
633.024
635.764
625.901
613.586
576.64
575.038
568.277
546.99
578.921
580.842
596.724
602.058
603.515
602.058
603.979
607.252
605.33
602.058
597.652
617.293
611.959
616.365
613.625
593.985
596.724
601.818
604.192
572.26
570.339
602.271
604.192
588.31
604.192
605.649
586.009
584.087
580.815
579.358
574.024
569.618
572.358
575.63
572.89
577.296
579.217
598.858
604.192
635.68
667.611
683.493
667.611
665.69
667.611
635.68
629.87
649.51
653.916
649.51
652.783
647.449
627.808
629.265
627.808
630.548
632.469
630.548
627.808
624.536
629.87
631.873
582.312
598.193
603.515
587.634
555.702
553.781
555.702
552.43
555.702
553.781
534.14
529.735
531.656
530.199
534.604
537.344
534.604
554.245
559.579
561.036
555.702
550.986
537.322
550.986
555.702
535.531
538.803
540.406
544.455
507.346
505.743
502.471
522.642
559.752
555.702
587.634
585.712
601.594
603.515
598.193
582.312
576.435
577.884
579.341
584.675
587.414
589.336
593.741
597.014
595.557
592.817
589.545
609.185
603.851
601.93
582.289
577.884
575.88
577.884
579.341
574.625
606.557
622.438
624.36
592.428
576.546
574.625
577.897
597.538
600.277
605.611
610.017
608.096
604.824
600.418
598.961
593.627
590.887
592.344
594.265
574.625
569.111
572.384
585.808
624.644
628.651
626.729
648.459
653.39
655.438
657.36
660.632
628.7
660.632
665.152
681.034
665.152
726.026
747.755
746.298
740.964
721.324
716.918
714.178
712.257
708.985
712.041
714.815
714.892
736.296
755.937
779.505
792.93
798.264
813.212
818.555
802.673
770.741
768.82
769.231
779.094
800.824
794.947
808.611
812.341
816.861
817.848
822.563
836.228
831.512
817.848
821.187
860.022
864.217
825.382
835.45
830.108
826.769
816.7
831.769
829.755
814.687
816.7
811.985
808.928
813.644
809.449
814.791
817.848
815.844
817.848
821.897
784.788
783.185
786.457
766.286
762.236
799.346
800.949
797.676
817.848
831.512
833.115
834.563
837.337
852.406
860.296
892.228
892.151
897.493
892.159
878.735
863.786
844.146
865.55
889.118
908.759
913.649
918.983
920.38
920.457
921.443
916.101
892.533
905.957
903.183
903.26
904.021
882.616
897.565
893.045
896.774
859.664
846
836.137
897.01
901.531
897.801
911.466
906.575
874.644
906.575
921.644
921.721
922.707
921.31
913.42
898.351
898.274
897.514
905.404
906.801
911.692
910.705
911.466
896.111
897.509
898.966
920.695
924.745
929.635
940.457
945.173
949.18
941.372
936.44
875.567
880.087
883.36
885.408
907.137
912.068
972.942
969.67
947.94
945.892
941.372
973.303
968.413
967.426
966.029
967.426
982.495
967.426
959.536
960.522
968.413
968.49
973.38
974.14
973.38
941.449
941.372
947.248
962.197
978.079
979.476
980.236
978.839
983.729
1015.661
1010.771
1018.661
1018.738
986.807
971.738
986.807
987.793
986.807
986.729
985.969
978.079
963.13
902.257
882.086
882.846
887.401
887.478
888.464
925.409
924.012
955.943
957.341
958.101
926.17
931.06
938.95
954.019
953.033
953.11
948.219
933.151
925.26
924.5
924.423
925.409
911.745
908.015
903.495
907.224
911.745
920.108
924.303
937.967
951.632
937.967
933.252
937.967
936.426
933.55
925.187
933.077
932.091
947.159
948.557
949.543
917.611
916.851
917.55
902.481
902.404
903.164
895.274
927.205
925.808
920.918
920.995
922.998
920.995
911.132
912.529
927.598
927.521
927.443
928.204
943.152
951.043
949.646
948.947
949.024
954.358
959.248
960.235
959.474
959.551
991.483
959.551
962.325
983.729
1007.298
1012.64
1011.654
990.25
987.476
979.586
959.945
946.521
931.452
926.118
920.776
897.207
916.848
930.272
915.324
928.748
924.741
928.748
925.476
964.312
925.476
912.051
915.324
916.772
918.043
918.12
918.88
926.771
927.757
922.866
924.264
939.332
971.264
963.373
962.613
947.545
946.558
914.627
913.229
918.12
918.043
961.995
981.635
980.649
1017.594
1017.517
980.572
976.017
980.572
981.332
982.318
982.396
981.635
977.906
982.426
981.156
982.389
977.522
973.002
959.337
973.002
976.731
971.841
939.909
947.8
952.69
967.759
968.519
968.596
969.582
1001.514
993.623
992.863
994.26
979.192
979.115
978.128
976.731
974.923
980.8
976.793
970.916
968.902
978.683
980.697
982.505
972.724
976.731
972.682
969.409
967.807
930.697
910.526
909.068
910.466
915.356
920.072
916.065
894.336
892.938
888.048
877.226
881.276
892.098
913.827
917.834
919.291
914.575
910.526
905.635
873.704
858.635
857.875
856.478
848.587
847.601
847.524
845.983
848.937
859.457
867.502
888.906
890.303
894.033
896.772
898.82
912.485
912.562
868.61
890.339
951.212
955.733
934.003
929.072
924.551
922.503
927.435
929.483
932.755
871.882
868.61
867.849
830.904
826.349
825.363
826.349
830.904
831.664
868.61
868.533
868.61
872.339
876.86
872.339
858.675
854.945
860.039
873.704
868.988
873.704
887.368
873.704
854.063
848.721
833.772
833.695
810.127
804.793
791.368
769.964
767.19
765.187
767.19
770.529
794.098
793.166
794.152
789.598
752.652
751.666
756.221
756.981
756.221
756.144
793.089
793.166
789.437
787.639
783.118
769.454
765.447
776.269
754.539
755.937
757.394
762.11
758.06
779.789
783.796
782.399
777.509
782.399
786.449
775.627
770.911
769.454
790.858
794.587
808.252
764.3
808.252
788.611
808.252
829.981
825.932
847.661
850.034
849.957
850.943
846.389
883.334
882.574
845.628
850.183
849.197
849.274
850.034
851.491
846.776
833.111
831.108
833.111
854.515
859.61
854.515
841.091
837.084
798.248
794.976
792.928
771.199
766.678
761.747
700.873
697.601
696.553
701.108
696.587
682.923
696.587
717.991
721.721
724.993
721.264
725.784
704.38
704.303
703.543
698.988
662.043
661.057
663.104
666.156
669.033
667.029
662.313
677.382
678.779
682.786
693.608
695.065
693.668
688.777
687.32
692.036
687.986
683.271
672.449
677.339
655.61
659.659
681.389
677.382
655.652
716.526
685.038
685.969
689.026
727.861
731.2
725.858
687.022
692.365
677.296
679.31
675.115
672.058
676.253
674.24
684.308
680.969
696.038
685.969
690.685
685.969
687.647
695.692
739.644
759.284
715.332
695.692
692.635
682.772
680.769
694.433
673.029
676.759
663.094
684.498
680.769
659.039
657.591
655.217
655.978
654.521
593.647
598.363
599.76
610.582
599.76
601.217
606.108
604.651
599.935
603.985
602.587
598.538
594.531
572.801
594.531
598.538
593.647
592.199
595.255
610.324
614.053
592.649
606.313
627.717
623.988
610.324
611.865
614.022
613.611
663.173
667.579
670.533
650.892
606.94
605.67
610.824
601.043
601.536
616.604
638.009
635.995
638.009
634.002
632.193
634.002
643.783
649.659
643.783
653.563
657.57
662.091
663.077
662.091
660.642
663.693
659.498
663.228
649.563
645.834
667.238
645.834
659.498
662.375
660.772
649.95
645.235
643.837
638.947
634.94
613.211
611.753
607.704
621.128
625.135
663.971
667.243
662.149
667.08
677.601
683.478
714.966
701.301
713.616
714.027
708.151
709.608
729.248
732.521
736.926
738.848
741.587
746.921
750.651
729.247
742.911
729.247
725.517
746.921
752.075
750.618
747.878
750.618
748.697
745.425
765.065
760.659
763.932
765.853
767.31
747.67
752.075
757.409
752.075
751.998
757.808
756.575
733.007
734.815
713.086
718.599
738.24
718.599
721.339
722.796
728.13
726.673
729.945
734.351
732.43
728.024
729.945
726.673
723.933
718.599
720.521
721.452
705.57
706.967
711.858
719.748
751.68
752.44
753.426
753.503
768.572
765.3
768.039
765.3
763.842
744.202
745.659
750.993
746.587
766.228
760.894
762.815
766.087
770.493
768.572
767.812
772.702
771.716
763.825
763.902
764.889
772.779
787.848
819.779
818.382
803.313
803.236
803.997
772.065
773.462
768.572
783.521
781.147
812.635
791.231
796.565
793.825
791.904
786.57
782.164
801.805
803.262
806.534
786.894
785.437
782.164
784.086
788.491
791.231
786.341
786.264
785.503
790.394
790.471
791.457
792.217
784.327
816.259
801.19
797.461
796.474
775.07
776.467
744.536
730.872
744.536
765.94
764.543
772.433
787.502
791.231
795.238
800.17
802.183
835.433
840.149
836.877
834.137
814.497
810.091
804.757
802.836
801.378
803.3
822.94
824.397
827.137
832.471
836.877
840.149
872.08
857.012
855.615
857.012
872.08
873.067
877.957
873.067
841.135
849.026
848.265
847.279
839.389
839.466
840.226
840.149
857.42
855.962
855.885
856.872
871.94
871.18
870.193
868.796
853.728
854.488
822.557
830.447
862.378
862.455
863.853
858.962
863.853
855.962
875.603
872.33
852.69
847.356
851.762
853.683
856.423
853.683
849.277
847.82
851.092
856.426
857.884
855.962
848.072
849.058
844.168
844.245
845.005
860.074
867.964
867.887
852.818
884.75
883.764
888.654
887.894
889.291
887.894
855.962
853.223
851.301
848.029
846.572
826.932
821.598
817.192
849.123
850.521
865.589
866.349
867.336
875.226
875.149
873.752
858.683
857.923
856.937
835.207
836.81
836.887
831.793
836.683
828.793
823.902
791.971
805.396
820.464
824.471
829.813
825.807
830.522
791.687
788.414
791.687
830.522
834.717
873.553
860.128
863.467
858.125
843.057
804.221
805.659
808.716
810.729
807.673
803.478
800.139
795.423
793.409
783.341
780.002
780.079
748.147
749.545
764.613
796.545
797.305
798.291
783.223
782.462
781.065
788.955
781.065
785.955
781.065
780.988
780.002
758.598
744.933
741.204
746.07
742.798
774.729
775.49
790.558
789.798
757.866
756.469
757.866
757.943
765.834
765.757
750.688
742.798
743.784
748.675
747.688
742.798
744.339
758.003
759.236
762.592
743.597
751.197
756.563
724.2
719.4
717.44
719.4
751.763
756.563
741.897
741.822
710.742
703.062
701.702
700.742
695.982
695.242
696.742
697.762
699.122
703.712
711.312
708.342
722.892
720.898
723.565
736.865
747.105
749.098
747.738
751.368
772.202
768.572
776.402
773.527
774.887
767.057
756.817
735.983
733.317
720.017
722.892
741.32
740.087
743.443
741.902
728.238
720.43
714.916
716.457
730.122
735.635
737.012
738.245
746.053
742.697
738.142
759.872
763.921
771.966
773.764
775.442
769.43
771.3
765.823
764.94
799.966
804.284
805.005
805.94
806.013
811.24
809.779
808.474
801.071
795.844
799.026
795.844
782.89
784.058
797.013
804.416
805.721
807.182
806.013
810.299
812.24
797.955
804.364
806.068
813.695
834.295
832.474
818.188
816.597
812.758
805.131
808.971
823.256
802.656
800.951
802.773
804.364
800.078
804.549
802.607
799.425
792.023
790.562
810.303
804.937
812.537
817.903
819.243
820.743
807.443
810.71
824.01
822.81
824.01
825.97
821.17
788.807
786.847
819.21
824.01
825.428
822.628
858.588
863.022
862.062
862.137
863.097
863.022
827.062
827.802
823.368
822.628
823.648
825.148
824.128
831.728
827.138
825.638
818.038
819.398
823.988
822.628
823.648
822.148
818.882
811.282
812.622
811.422
806.055
804.715
807.982
794.682
800.048
801.548
814.848
822.448
823.648
825.518
827.268
825.518
821.577
842.727
841.093
826.427
828.06
826.19
830.132
822.302
836.968
844.798
823.648
808.982
807.022
805.262
801.362
791.842
793.602
803.122
797.402
801.302
803.262
808.982
807.348
803.06
799.793
805.16
818.46
821.727
829.327
830.827
829.327
821.727
820.527
819.187
805.887
800.52
801.86
803.06
804.4
821.21
825.37
825.85
874.09
875.05
875.125
839.165
838.425
839.385
834.952
833.992
833.917
869.877
874.31
875.05
889.717
868.567
853.9
855.533
876.683
872.742
864.912
872.742
874.612
878.553
876.92
875.05
873.3
875.05
815.8
814.3
810.4
823.7
818.333
805.267
802.082
764.282
762.782
768.148
775.748
768.148
769.488
770.988
774.255
772.915
769.648
768.448
769.648
756.348
755.388
745.868
760.535
770.055
774.455
759.788
754.772
759.788
755.388
776.222
777.182
776.702
777.182
756.348
753.373
766.113
770.913
803.277
770.913
776.633
771.833
769.873
771.833
793.113
790.143
822.703
827.293
828.793
830.153
828.793
827.773
823.183
821.683
829.283
830.303
822.703
824.573
822.823
801.673
803.423
824.573
822.94
837.607
839.24
837.37
841.312
837.37
823.247
815.62
801.334
801.802
818.175
814.123
767.136
765.831
767.136
771.188
754.815
801.802
801.334
804.516
801.789
800.328
801.497
794.094
801.497
798.315
803.542
805.003
803.834
790.88
785.653
798.607
799.912
798.607
794.289
795.224
795.151
760.125
760.846
760.125
764.443
764.516
799.542
798.607
790.981
803.39
824.117
803.39
797.818
785.409
790.981
786.305
787.299
781.727
780.558
793.513
792.208
790.747
787.565
782.338
769.383
772.565
765.162
766.468
773.87
779.097
780.266
781.727
783.549
779.709
781.3
779.479
800.08
813.585
828.252
826.618
824.868
803.718
811.548
796.882
798.632
802.573
805.823
757.583
756.243
773.053
821.293
773.053
768.893
768.413
751.603
752.943
757.103
757.583
752.217
758.55
753.533
750.658
745.292
746.032
745.957
781.917
782.877
782.952
787.385
782.952
782.212
781.252
773.652
772.452
771.112
769.612
766.345
730.385
717.085
729.825
708.545
706.585
700.865
688.125
683.325
650.962
652.922
658.642
679.922
712.285
717.085
719.785
719.045
755.165
753.415
751.545
759.375
755.433
753.8
774.95
767.12
781.787
783.537
762.387
747.72
749.353
753.295
755.165
747.565
742.975
744.335
743.315
741.955
746.545
748.045
755.645
756.665
755.165
757.965
762.125
763.485
764.445
764.52
772.2
772.94
804.02
818.687
823.447
821.347
821.272
826.032
818.352
817.392
816.652
785.572
785.647
770.98
802.06
809.74
811.1
812.06
812.8
811.44
826.107
821.347
822.687
823.167
822.687
774.447
822.687
821.347
825.507
821.347
838.157
821.347
815.627
802.887
781.607
781.532
780.792
776.358
775.398
739.438
754.105
785.185
792.865
794.225
798.985
767.905
768.865
768.94
769.68
769.605
764.845
764.105
749.438
741.758
740.798
739.438
741.308
733.478
754.628
750.687
748.817
747.067
751.008
736.342
715.192
713.558
721.388
723.022
737.688
739.438
741.538
741.463
772.543
773.283
772.323
771.583
771.658
786.325
755.245
756.605
764.285
769.045
764.285
762.925
748.258
740.578
741.538
739.438
754.105
739.438
734.678
736.038
735.078
735.003
742.683
741.323
741.398
740.658
709.578
740.658
732.978
733.718
734.678
739.438
743.522
745.482
740.682
773.045
777.845
745.482
743.522
764.672
750.005
748.372
740.542
742.412
744.045
747.987
749.737
745.795
744.045
758.712
756.842
764.672
743.522
726.712
722.552
721.212
721.692
723.032
727.192
678.952
678.472
695.282
743.522
728.972
745.219
759.437
804.327
805.233
769.113
764.353
765.313
765.238
764.278
763.538
778.205
778.945
764.278
765.638
764.278
764.353
733.273
725.593
730.353
761.433
769.113
770.133
771.633
764.033
762.533
761.173
756.583
755.563
763.163
764.523
769.113
772.088
809.888
806.913
808.873
806.913
811.503
796.837
792.753
796.003
800.087
794.887
757.087
752.497
767.163
763.913
769.113
778.913
777.513
782.705
772.465
793.615
762.535
770.215
769.255
769.18
770.14
769.4
761.72
761.795
747.128
747.868
762.535
757.775
756.415
787.495
792.255
793.615
798.015
793.425
781.438
819.238
821.108
821.033
806.367
807.727
800.047
798.687
767.607
766.647
767.387
766.647
774.327
769.567
784.233
785.193
789.953
790.028
821.108
822.742
801.592
803.342
818.008
819.878
818.128
822.07
843.22
835.39
831.448
816.782
814.912
822.742
821.108
806.442
806.517
775.437
775.362
767.682
768.422
767.682
762.922
770.602
771.962
772.922
771.562
802.642
817.308
822.068
821.108
822.742
824.842
840.3
855.245
891.365
893.315
952.565
957.365
970.665
922.425
905.615
901.455
900.975
899.635
898.728
868.08
860.4
860.325
845.658
840.898
839.938
808.858
807.498
806.758
812.533
825.833
829.018
832.96
853.793
857.423
842.873
885.653
906.803
905.243
890.577
888.943
887.073
883.132
861.982
854.152
852.402
847.665
804.885
800.085
798.125
830.488
798.125
800.085
804.885
820.343
825.103
827.77
832.57
868.69
855.38
878.949
877.027
859.757
859.346
860.394
859.346
860.743
862.284
854.476
859.192
857.651
865.459
860.743
859.346
855.339
861.216
909.473
910.757
912.154
913.603
911.795
948.74
950.743
964.408
962.404
960.726
962.404
901.531
887.866
850.757
855.688
857.846
842.491
857.846
918.719
955.829
950.897
948.74
964.622
948.74
947.283
955.091
960.901
929.413
924.892
929.759
933.098
927.221
923.214
929.091
931.104
929.296
933.303
935.111
944.892
942.878
933.098
966.348
968.361
973.293
940.043
935.111
933.098
935.101
937.474
940.248
956.13
969.219
975.152
999.197
997.149
1010.813
1012.861
1011.577
974.467
973.019
973.95
975.399
979.954
1028.211
1026.813
978.557
979.841
981.238
979.697
971.889
970.491
965.776
964.728
980.61
997.24
994.93
992.98
980.24
964.782
977.522
980.222
982.172
987.947
982.172
984.482
981.782
966.837
1026.087
1028.187
1043.645
1045.278
1047.228
1060.528
1058.428
1063.228
1047.77
1045.82
1009.7
994.755
981.455
996.4
994.767
1030.887
1026.087
993.325
990.551
988.178
972.296
959.207
953.274
959.207
961.981
977.863
980.236
982.24
995.329
993.325
1025.257
1011.592
1025.257
1029.307
1026.034
1021.985
1000.58
1004.31
998.377
1004.31
1000.58
1021.985
1025.257
1041.139
1028.05
1041.139
1038.365
1022.483
1016.55
1018.923
1024.856
1027.63
1029.634
1027.26
1025.257
1062.202
1070.01
1084.257
1099.202
1101.41
1130.513
1131.714
1136.771
1139.021
1140.963
1139.021
1126.067
1126.95
1122.631
1126.95
1139.904
1139.021
1140.843
1153.252
1151.002
1156.627
1153.997
1156.247
1143.838
1145.737
1160.794
1155.169
1153.269
1138.213
1140.843
1182.511
1185.239
1183.088
1218.114
1220.364
1221.565
1226.622
1284.333
1242.664
1250.067
1224.152
1206.912
1199.51
1197.26
1162.234
1157.177
1173.09
1188.548
1187.315
1186.065
1184.655
1137.685
1136.325
1133.525
1131.575
1136.085
1133.775
1131.075
1115.617
1102.877
1097.102
1099.052
1101.362
1116.82
1122.595
1135.335
1138.035
1123.368
1122.888
1123.368
1144.202
1139.185
1153.852
1158.252
1163.268
1162.308
1171.828
1162.308
1163.268
1158.868
1138.035
1139.995
1107.632
1112.432
1144.795
1139.995
1138.035
1078.785
1073.593
1081.193
1083.503
1068.558
1067.325
1072.517
1029.737
1042.067
1034.259
1071.204
1034.259
1035.526
1033.152
1049.034
1109.908
1125.262
1138.035
1137.128
1150.428
1154.862
1152.868
1153.775
1140.475
1136.042
1141
1142.993
1144.943
1150.718
1153.418
1168.877
1166.177
1164.227
1158.452
1145.712
1143.402
1127.943
1140.683
1142.993
1127.535
1125.585
1117.985
1177.235
1192.693
1196.74
1198.64
1140.929
1139.338
1137.292
1151.849
1159.252
1163.927
1149.37
1207.081
1202.406
1187.349
1152.167
1166.724
1109.013
1111.058
1112.26
1127.317
1114.598
1127.898
1130.208
1166.328
1167.962
1153.017
1147.825
1159.68
1158.479
1156.229
1121.203
1108.248
1113.305
1117.981
1148.253
1150.851
1146.175
1150.812
1148.214
1143.578
1148.253
1145.623
1133.214
1131.315
1146.372
1144.122
1146.021
1148.271
1160.68
1155.055
1157.685
1163.31
1148.253
1145.088
1114.815
1108.406
1073.38
1058.323
1065.726
1070.339
1083.937
1086.037
1080.845
1083.645
1086.52
1072.336
1116.288
1115.021
1119.295
1058.421
1061.473
1062.74
1069.5
1130.373
1167.318
1183.2
1185.574
1168.903
1174.095
1171.785
1164.185
1148.727
1146.027
1143.717
1130.977
1129.027
1123.252
1130.932
1128.938
1130.932
1126.498
1113.198
1117.632
1118.538
1117.632
1130.932
1146.562
1207.435
1212.769
1210.396
1166.443
1168.817
1176.625
1177.892
1117.019
1115.752
1107.943
1123.825
1167.777
1183.132
1177.798
1214.743
1198.861
1161.916
1165.255
1164.207
1161.253
1159.856
1156.127
1148.082
1137.562
1123.897
1121.158
1099.753
1097.705
1092.99
1032.116
1026.783
1029.156
1030.423
1022.615
1027.949
1043.83
1059.185
1096.13
1094.863
1050.911
1013.966
1057.918
1055.545
1116.418
1100.536
1108.344
1092.99
1139.11
1144.041
1145.962
1147.771
1144.997
1142.983
1109.733
1129.373
1124.442
1126.12
1065.247
1049.892
1110.765
1126.647
1163.757
1150.092
1134.368
1136.318
1141.118
1125.66
1089.54
1046.76
1031.302
1044.602
1039.802
1038.168
1030.568
994.608
992.658
994.758
993.525
991.425
989.115
974.17
914.92
909.728
905.295
907.288
911.722
910.815
908.822
922.122
908.822
909.728
888.895
885.265
888.45
875.15
871.208
892.042
895.672
908.972
903.197
908.972
912.913
909.728
914.928
913.908
935.188
939.988
941.858
943.618
938.818
937.058
892.168
912.719
910.898
908.17
910.112
878.398
882.716
905.295
918.595
920.588
921.495
919.502
918.595
914.162
900.862
905.295
903.425
901.665
880.248
882.057
928.176
930.098
935.029
930.098
925.382
921.187
923.2
933.269
930.212
935.555
930.212
915.144
905.075
920.144
918.13
921.187
925.382
886.546
891.262
930.098
926.759
930.098
940.166
1001.039
1016.394
1000.512
1037.622
1035.464
1021.8
1026.731
1028.409
1023.478
1008.123
1024.005
1026.009
1024.005
1022.327
1024.604
963.731
965.889
928.779
882.659
880.738
875.807
873.998
878.93
925.05
926.971
928.779
942.443
941.512
936.957
941.512
927.848
925.8
926.731
928.779
933.646
940.406
937.452
934.575
937.627
941.901
944.854
940.58
937.529
930.769
928.611
923.745
926.622
928.779
965.724
966.957
971.673
1004.923
1026.327
1039.752
1054.3
1056.221
1056.981
1088.913
1090.31
1090.387
1091.373
1099.264
1104.154
1119.223
1131.538
1133.459
1179.579
1181.387
1186.318
1140.199
1135.267
1133.346
1131.538
1132.298
1132.221
1147.289
1155.18
1160.07
1128.139
1113.07
1145.002
1145.988
1138.098
1137.111
1135.714
1130.824
1132.221
1132.298
1131.538
1142.058
1146.949
1142.058
1144.798
1149.729
1144.798
1142.058
1142.99
1138.435
1124.771
1138.435
1142.99
1145.038
1142.99
1142.058
1157.127
1165.017
1166.414
1151.346
1150.586
1118.654
1117.257
1109.366
1104.476
1103.49
1108.38
1109.366
1109.289
1110.05
1115.372
1115.449
1113.527
1098.459
1130.39
1138.281
1138.204
1153.272
1153.971
1149.08
1148.32
1140.43
1139.443
1140.43
1141.19
1141.267
1139.87
1134.548
1135.945
1138.103
1109.703
1108.07
1109.703
1071.903
1069.953
1065.153
1101.273
1114.573
1143.334
1128.778
1143.334
1128.278
1114.389
1110.44
1114.997
1113.003
1110.899
1076.608
1020.358
1022.133
1023.804
1046.022
1003.405
1001.734
1006.291
1001.734
1044.351
1045.902
1044.127
1038.644
1018.866
1015.842
1019.584
1015.842
1035.62
1038.644
1042.09
1047.573
1034.946
1031.5
1044.127
1043.481
1036.19
1036.892
1036.821
1038.112
1037.41
1037.481
1051.405
1050.114
1049.203
1056.494
1057.405
1027.899
1013.975
1018.494
1048
1070.218
1048
1049.551
1048
1048.071
1082.21
1082.913
1087.122
1088.033
1089.926
1102.552
1097.122
1097.983
1097.122
1084.495
1080.286
1060.207
1045.532
1049.741
1047.848
1047.146
1039.854
1017.636
1018.927
1018.016
1040.234
1035.715
1037.266
1038.177
1067.684
1068.386
1068.457
1068.386
1075.677
1089.601
1094.12
1092.829
1091.278
1077.354
1047.848
1005.231
1006.902
1005.127
1000.57
1005.127
1006.902
1005.231
1047.848
1054.095
1048.082
1049.633
1071.851
1049.633
1048.082
1040.791
1041.703
1048.994
1048.922
1048.22
1062.144
1066.663
1037.157
1036.245
1036.316
1065.823
1066.525
1067.816
1066.525
1052.601
1048.082
1049.858
1063.301
1094.025
1081.62
1077.263
1057.484
1077.263
1063.82
1033.095
1031.32
1043.725
1048.082
1043.153
1042.293
1064.511
1066.062
1064.511
1042.293
1042.222
1041.31
1042.601
1056.525
1086.032
1086.734
1079.443
1074.924
1061
1060.297
1067.589
1072.108
1073.019
1071.728
1042.222
1042.293
1036.862
1027.824
1025.964
1035.002
1036.862
1033.16
1031.489
1034.204
1037.907
1038.324
1052.248
1055.068
1057.631
1102.223
1107.653
1110.739
1114.916
1072.299
1074.074
1075.625
1074.074
1075.745
1097.964
1096.188
1100.745
1078.527
1121.144
1119.473
1114.916
1114.055
1101.429
1097.22
1095.328
1081.403
1095.328
1124.834
1132.125
1131.214
1129.922
1130.834
1131.536
1136.055
1128.764
1124.245
1094.739
1094.036
1093.965
1094.036
1095.328
1096.03
1095.959
1096.03
1130.169
1129.258
1125.049
1125.96
1091.821
1091.119
1095.328
1061.036
1059.486
1071.948
1058.994
1054.318
1039.761
1037.716
1035.817
1004.188
961.408
976.867
985.007
961.603
963.237
961.603
985.007
980.847
979.887
979.812
978.452
975.652
974.912
943.832
929.165
924.405
928.565
921.985
924.785
921.91
926.647
933.227
936.102
933.132
936.102
938.202
933.465
931.365
923.685
925.185
928.435
933.635
934.035
938.323
946.003
922.6
920.967
944.37
946.003
901.113
899.243
897.483
892.683
916.087
917.72
894.317
892.683
895.933
891.197
895.933
892.683
897.803
893.72
895.353
893.72
870.317
893.72
898.008
903.2
922.317
924.983
926.402
929.587
931.457
931.382
930.422
931.162
930.422
930.497
934.93
970.89
971.85
967.417
931.457
936.257
915.107
891.703
890.07
891.94
890.07
884.878
865.762
861.473
864.658
883.775
886.442
891.633
895.922
892.737
891.318
892.737
890.07
845.18
822.24
808.08
828.913
861.277
865.867
863.997
850.93
852.8
848.21
815.847
830.007
843.073
822.24
818.298
822.24
843.073
839.888
836.258
849.558
843.783
822.95
809.65
813.28
816.465
822.24
817.84
829.827
833.012
834.882
839.17
841.837
839.17
835.985
855.102
860.293
858.423
857.005
837.888
832.697
828.408
829.827
842.893
846.078
849.978
887.778
894.112
898.872
903.672
906.338
901.578
898.912
894.112
898.545
898.47
894.037
893.297
894.257
893.297
857.337
858.077
858.152
894.112
913.228
917.517
920.702
922.572
917.38
914.195
909.907
915.098
912.432
915.098
913.228
894.112
895.53
894.112
873.278
872.318
857.652
857.172
847.652
842.635
838.235
833.277
831.858
834.525
830.237
811.12
814.305
812.435
814.305
815.723
813.057
807.865
804.68
809.872
814.16
833.277
827.622
828.582
836.262
837.002
837.077
868.157
882.823
887.583
888.943
908.06
905.393
886.277
881.988
878.803
877.385
879.255
882.44
883.858
886.525
881.333
886.525
890.813
888.943
887.583
872.917
872.842
872.102
841.022
833.342
834.702
849.368
857.048
861.808
862.548
893.628
892.668
887.908
887.983
888.943
884.51
889.247
882.667
881.707
880.967
881.707
881.782
884.657
887.457
891.89
889.015
924.975
925.935
923.835
926.805
933.385
897.425
894.455
890.295
887.495
882.758
884.858
884.783
888.943
881.343
878.158
881.343
862.227
857.938
859.357
861.227
880.343
885.535
882.868
877.677
876.258
874.388
878.677
881.343
880.383
872.703
867.943
867.203
867.278
868.238
899.318
897.958
902.718
871.638
872.998
873.738
859.072
858.997
866.677
881.343
876.753
909.117
910.987
925.147
912.08
891.247
858.883
857.013
877.847
882.437
895.503
881.343
881.418
879.548
864.882
860.593
859.853
855.093
853.733
834.617
803.537
798.345
799.705
798.745
798.67
797.252
794.585
795.325
803.005
803.965
800.78
831.86
846.527
838.847
843.607
807.647
807.572
776.492
771.732
771.807
764.127
765.487
780.153
811.233
818.913
818.173
822.933
821.573
822.313
821.353
806.687
807.647
776.567
774.697
770.263
734.303
734.228
733.488
732.528
731.788
736.548
736.473
751.14
750.18
750.255
742.575
750.255
751.215
752.575
721.495
720.135
715.375
716.115
747.195
732.528
728.018
704.615
709.205
747.005
732.338
736.422
736.347
705.267
707.227
707.967
706.607
698.927
684.26
681.01
680.27
711.35
712.71
711.75
721.55
726.31
729.56
724.36
719.77
717.81
713.727
703.927
706.902
669.102
666.127
661.367
662.327
667.527
682.193
696.86
696.935
704.615
694.375
704.615
698.84
714.714
736.118
732.068
735.341
741.274
745.324
758.988
755.259
733.854
737.584
723.92
723.842
708.774
676.842
676.082
668.192
663.301
664.699
663.301
663.378
671.269
672.255
687.324
719.255
724.146
723.159
723.92
719.029
750.961
752.358
767.426
772.317
772.24
780.13
780.207
780.967
781.954
780.967
765.899
733.967
732.57
724.68
723.92
722.687
721.7
716.81
701.741
700.981
700.904
699.507
691.616
659.685
657.764
662.479
677.027
698.432
683.884
685.805
652.555
685.805
672.38
685.805
664.401
659.685
673.11
669.837
665.83
669.103
673.11
711.945
673.11
659.685
667.915
664.482
659.412
656.595
651.567
648.43
651.467
655.861
652.903
655.861
648.91
651.129
656.132
663.083
660.046
655.651
653.433
656.57
651.567
646.496
709.085
712.449
717.097
711.604
709.498
731.84
723.727
728.798
730.903
735.752
740.6
750.952
813.54
835.882
847.009
857.15
902.34
936.734
914.255
947.086
963.415
965.391
960.708
940.514
907.683
909.658
907.683
912.532
896.202
862.016
894.847
896.822
874.815
869.967
855.009
877.016
890.819
907.148
922.106
956.292
942.489
940.514
918.507
912.407
934.414
940.514
944.678
941.313
937.15
940.984
937.15
923.1
937.15
940.514
937.493
939.563
943.683
949.725
945.606
935.549
945.606
947.465
947
944.93
977.761
979.736
977.761
994.09
961.259
944.93
961.259
994.09
961.259
944.93
942.954
944.93
928.6
961.431
977.761
979.736
977.761
944.93
928.6
936.871
939.688
940.991
942.967
953.319
958.618
959.4
992.231
959.4
957.424
959.4
975.729
959.4
957.181
954.044
949.65
954.044
947.093
944.056
947.014
942.011
947.014
949.232
952.269
955.407
952.449
959.4
967.671
969.15
958.798
958.016
952.717
950.741
952.717
951.414
954.231
945.96
943.143
948.442
949.224
950.526
952.632
957.702
953.055
890.467
885.396
883.29
879.926
896.255
873.914
835.928
833.952
856.294
860.942
862.917
866.282
899.113
882.783
849.952
912.54
920.569
922.544
920.569
935.526
901.34
935.526
957.533
962.382
940.375
935.526
921.724
935.526
920.569
921.35
918.533
917.231
922.53
932.882
927.583
926.801
918.53
917.051
919.026
927.298
928.6
926.625
929.442
913.113
880.282
878.306
874.187
870.822
830.893
817.09
810.139
803.449
802.146
799.329
797.354
789.083
799.435
789.083
791.9
786.6
785.819
794.09
795.393
800.692
802.667
803.449
798.445
795.012
782.35
781.569
779.593
780.375
785.674
788.491
785.674
787.65
795.921
806.273
798.002
799.305
798.002
787.65
782.35
804.357
782.35
768.301
774.401
788.451
782.35
785.715
781.88
777.717
781.88
778.516
782.35
776.942
785.213
788.03
779.759
769.407
768.625
767.322
768.625
766.65
777.002
777.783
772.484
777.783
774.967
776.942
776.16
765.808
764.505
765.287
767.262
761.963
772.315
769.498
770.801
773.618
771.643
776.942
768.671
776.942
766.125
770.974
757.171
722.984
736.787
758.794
756.819
758.794
736.787
770.974
785.931
770.974
766.125
757.854
756.551
754.576
749.276
738.924
738.143
735.326
730.678
735.326
797.914
785.252
778.301
781.665
786.06
791.13
793.236
796.373
791.725
769.384
706.796
729.137
726.18
721.109
716.715
711.711
714.669
711.532
709.426
706.389
703.025
700.806
707.757
712.761
714.979
718.016
709.417
703.924
707.357
702.509
712.861
709.718
694.225
699.718
697.648
693.335
697.648
694.215
697.357
702.206
704.276
664.347
653.995
669.488
709.417
704.569
670.174
659.822
614.632
603.505
593.364
588.516
593.364
603.505
613.857
676.445
654.104
658.952
596.364
618.706
653.1
664.227
709.417
704.347
670.16
648.153
633.195
619.393
614.544
612.569
590.562
586.398
580.298
576.933
562.884
559.049
553.979
531.637
469.049
464.401
462.296
458.931
461.889
468.84
465.803
468.84
461.889
466.893
462.498
465.636
463.417
458.414
460.632
465.026
462.069
458.931
454.812
452.952
450.882
444.84
434.783
385.167
381.734
378.597
375.745
360.252
354.21
351.991
358.942
363.945
366.903
371.298
374.435
367.484
364.526
360.132
357.095
352.092
348.954
351.173
354.21
343.857
281.269
303.611
338.005
383.195
388.044
392.893
382.752
392.893
404.019
399.171
394.322
359.928
314.738
292.396
354.984
343.857
354.21
348.717
345.283
337.171
335.586
335.164
330.634
322.606
282.676
277.827
274.394
270.081
266.938
264.868
259.375
243.882
233.53
230.393
225.998
223.78
220.743
215.739
212.782
205.831
268.419
279.546
268.419
290.761
335.951
346.303
356.444
334.102
338.951
293.761
328.155
323.306
288.912
278.56
215.972
220.82
215.972
205.831
200.982
155.792
150.944
116.549
94.208
84.067
21.479
10.352
0
