0.0394
0.0284
0.0158
0.0155
0.0174
0.0158
0.0179
0.0205
0.0243
0.0171
0.0154
0.0207
0.0214
0.0263
0.0184
0.0151
0.017
0.0159
0.015
0.0293
0.0165
0.0155
0.0186
0.0198
0.0364
0.0193
0.0195
0.0194
0.0191
0.0156
0.0155
0.0148
0.0174
0.0163
0.0184
0.0252
0.0158
0.0157
0.0161
0.0272
0.022
0.0159
0.0158
0.0161
0.0165
0.0205
0.0279
0.0157
0.0165
0.0226
0.0185
0.0339
0.0172
0.0175
0.0157
0.0218
0.0185
0.0305
0.0289
0.0178
0.0174
0.0212
0.0206
0.0225
0.0177
0.0251
0.0251
0.0204
0.0216
0.0183
0.0208
0.0149
0.0215
0.0264
0.0169
0.015
0.015
0.0162
0.0173
0.017
0.0518
0.0361
0.0176
0.0194
0.0215
0.0254
0.0152
0.0154
0.0166
0.0295
0.0175
0.0278
0.0167
0.0198
0.0221
0.0176
0.0162
0.015
0.0196
0.0231
0.0172
0.0159
0.0162
0.0308
0.0179
0.0184
0.0163
0.5865
0.0301
0.0297
0.0316
0.032
0.0305
0.0263
0.1165
0.1274
0.0557
0.2136
0.0401
2.077
0.0893
0.3375
0.0209
0.2199
0.0227
0.0229
0.0183
0.0161
0.0196
0.0283
0.0266
0.0206
0.0284
0.0358
0.027
0.0354
0.0245
0.0202
0.0216
0.0206
0.0159
0.0243
0.0164
0.0161
0.0162
0.0148
0.0261
0.0175
0.0156
0.0177
0.0155
0.0154
0.0163
0.0159
0.0154
0.0163
0.0196
0.0263
0.033
0.021
0.0218
0.0179
0.0182
0.0176
0.0186
0.0176
0.0176
0.0162
0.0174
0.0239
0.0162
0.0198
0.0227
0.0158
0.0151
0.0162
0.0162
0.0155
0.0154
0.015
0.0158
0.0156
0.0205
0.0203
0.0246
0.0192
0.0199
0.0181
0.0197
0.0203
0.0201
0.0188
0.0226
0.0226
0.0187
0.0192
0.0208
0.0218
0.018
0.0148
0.0167
0.0163
0.0168
0.0173
0.0185
0.0161
0.0152
0.0156
0.016
0.018
0.0188
0.0229
0.0159
0.0153
0.0289
0.016
0.0163
0.0188
0.0172
0.0179
0.0209
0.0163
0.0203
0.0275
0.0169
0.0153
0.0167
0.0268
0.0184
0.0218
0.0163
0.0161
0.0156
0.0241
0.0162
0.0166
0.0174
0.02
0.0159
0.0153
0.0275
0.0158
0.0368
0.0198
0.017
0.0163
0.0189
0.0184
0.0158
0.0153
0.0194
0.0153
0.0154
0.0154
0.0158
0.0188
0.0221
0.0168
0.0147
0.0276
0.0163
0.0158
0.0179
0.0177
0.0174
0.0479
0.0257
0.0168
0.0181
0.0268
0.017
0.018
0.0165
0.0171
0.0236
0.0169
0.023
0.0161
0.015
0.019
0.0239
0.0176
0.0162
0.0161
0.0271
0.0181
0.018
0.024
0.0199
0.0223
0.0152
0.0167
0.0205
0.0285
0.0205
0.0186
0.0174
0.0192
0.0173
0.0151
0.0188
0.0186
0.0167
0.0166
0.0374
0.022
0.0178
0.0202
0.0197
0.02
0.0186
0.0177
0.0159
0.0184
0.0169
0.0175
0.0249
0.0185
0.0194
0.0246
0.0203
0.0154
0.0198
0.0178
0.0156
0.0186
0.0318
0.0155
0.0309
0.0173
0.0162
0.0232
0.015
0.0188
0.0228
0.0233
0.0185
0.0163
0.0184
0.0164
0.0189
0.0265
0.0172
0.0344
0.0233
0.02
0.0163
0.0402
0.0222
0.0218
0.0185
0.0194
0.0645
0.0208
0.0154
0.015
0.0151
0.0157
0.0182
0.019
0.0223
0.0237
0.0387
0.0513
0.0385
0.019
0.0383
0.0263
0.0191
0.029
0.0184
0.0215
0.0254
0.0198
0.02
0.0184
0.0167
0.0207
0.0244
0.0149
0.0203
0.025
0.0165
0.0203
0.0212
0.021
0.0175
0.0152
0.0146
0.0232
0.0171
0.0155
0.0151
0.0275
0.0167
0.0157
0.0187
0.0166
0.0356
0.0173
0.023
0.0235
0.0196
0.0306
0.0238
0.0239
0.0377
0.0295
0.0481
0.0523
0.0344
0.0316
0.0332
0.0317
0.0245
0.0271
0.031
0.0267
0.0279
0.0418
0.0451
0.0472
0.0424
0.0505
0.0451
0.0325
0.0328
0.0348
0.0347
0.0382
0.0236
0.0317
0.0389
0.0383
0.0515
0.0467
0.0465
0.0464
0.0486
0.0507
0.0589
0.0547
0.0513
0.047
0.0491
0.0477
0.0457
0.0492
0.0482
0.0421
0.0496
0.0518
0.0436
0.2839
0.0695
0.0439
0.1258
0.0424
0.0809
0.0494
0.0415
0.4422
0.0978
0.0287
0.0612
0.0375
0.3018
0.019
0.0211
0.0221
0.0206
0.0253
0.022
0.0222
0.0185
0.0173
0.019
0.0301
0.0258
0.0182
0.0194
0.0361
0.027
0.0173
0.0243
0.0227
0.0263
0.0165
0.038
0.0206
0.0252
0.0228
0.0168
0.0228
0.0213
0.0193
0.02
0.0212
0.0253
0.03
0.0281
0.0276
0.0328
0.0261
0.0264
0.0287
0.0339
0.0463
0.0305
0.0255
0.0667
0.0284
0.0264
0.0313
0.0282
0.031
0.0333
0.0269
0.0269
0.0404
0.0282
0.0278
0.0292
0.0265
0.0323
0.0258
0.0491
0.0292
0.0603
0.0354
0.0298
0.027
0.05
0.0276
0.028
0.0257
0.0267
0.0255
0.0265
0.0264
0.0263
0.0423
0.028
0.0514
0.1476
0.0519
0.0345
0.0291
0.0307
0.0387
0.0358
0.0432
0.0294
0.0359
0.0309
0.0974
0.0673
0.0364
0.0472
0.0365
0.0335
0.0267
0.0322
0.0365
0.0364
0.0299
0.0299
0.0379
0.0469
0.0409
0.0321
0.0446
0.0392
0.0465
0.0338
0.052
0.0317
0.0352
0.0351
0.0371
0.0565
0.0448
0.0314
0.0423
0.0269
0.0302
0.0269
0.0336
0.0289
0.026
0.0288
0.0376
0.0323
0.0591
0.0285
0.0387
0.0623
0.0415
0.0321
0.0252
0.0286
0.0356
0.0263
0.043
0.0422
0.0413
0.041
0.0556
0.048
0.0538
0.0275
0.0367
0.0324
0.0313
0.0374
0.0326
0.0298
0.03
0.0513
0.0283
0.0305
0.0286
0.0294
0.0271
0.0659
0.0318
0.032
0.0296
0.0391
0.0435
0.0296
0.0342
0.0516
0.0457
0.0373
0.0593
0.0508
0.0443
0.0426
0.0276
0.0439
0.0739
0.03
0.0466
0.0286
0.0272
0.0319
0.0285
0.029
0.0426
0.0527
0.0516
0.0437
0.0324
0.0266
0.048
0.0431
0.0466
0.0361
0.0411
0.0451
0.0429
0.0306
0.0462
0.038
0.0437
0.0284
0.0382
0.0502
0.0427
0.0392
0.039
0.0458
0.029
0.0435
0.0373
0.0314
0.0508
0.0459
0.0495
0.0471
0.0383
0.0294
0.0291
0.0268
0.0299
0.0295
0.0542
0.0425
0.0278
0.0275
0.0271
0.0393
0.026
0.0442
0.0318
0.0283
0.0297
0.0258
0.0532
0.0315
0.0412
0.0307
0.0481
0.0339
0.0321
0.0282
0.0361
0.0585
0.0309
0.033
0.0426
0.0288
0.0397
0.0457
0.0465
0.048
0.0339
0.0298
0.0403
0.0414
0.0362
0.0402
0.1035
0.0373
0.0319
0.0302
0.0362
0.0296
0.0292
0.029
0.0404
0.0408
0.0461
0.0413
0.0448
0.0379
0.0486
0.039
0.0418
0.0269
0.0264
0.0284
0.0287
0.0273
0.0262
0.0272
0.0262
0.0428
0.0281
0.0288
0.0538
0.0313
0.0304
0.0304
0.0317
0.0433
0.0412
0.0424
0.0433
0.042
0.0295
0.0473
0.0353
0.0375
0.0335
0.0374
0.0322
0.0646
0.0374
0.0323
0.0324
0.036
0.0279
0.0329
0.0272
0.0252
0.0294
0.0289
0.0252
0.0508
0.0323
0.096
0.0349
0.0416
0.0419
0.042
0.1697
0.0679
0.4314
2.01
1.2325
0.1207
0.04
0.0329
0.0543
0.156
0.0693
0.0248
0.0482
0.0646
0.0279
0.0243
0.0238
0.0253
0.0208
0.0263
0.0245
0.0286
0.0266
0.0157
0.0208
0.0392
0.0203
0.0316
0.0208
0.038
0.0181
0.0218
0.0192
0.0265
0.02
0.0216
0.0191
0.0262
0.0331
0.0189
0.0175
0.0166
0.0183
0.023
0.0266
0.0183
0.0244
0.0326
0.0258
0.0186
0.0207
0.0174
0.0199
0.0262
0.0239
0.0264
0.0342
0.019
0.0218
0.0181
0.0169
0.025
0.0164
0.021
0.0163
0.0209
0.0166
0.0162
0.0157
0.0186
0.0162
0.022
0.0266
0.0166
0.0176
0.02
0.0248
0.0201
0.0189
0.021
0.0196
0.0204
0.0186
0.0185
0.0188
0.0198
0.019
0.0239
0.019
0.0178
0.0215
0.0383
0.0219
0.0305
0.0506
0.022
0.0234
0.038
0.0172
0.0333
0.0216
0.0221
0.0246
0.0187
0.0177
0.0192
0.0197
0.0249
0.0314
0.0206
0.0181
0.0295
0.0243
0.0251
0.0178
0.0314
0.0168
0.0214
0.0189
0.0165
0.0175
0.0209
0.0197
0.0178
0.0246
0.0628
0.0225
0.0179
0.0194
0.0253
0.0175
0.0434
0.0174
0.0173
0.0158
0.0187
0.0342
0.0166
0.0176
0.017
0.0165
0.0195
0.043
0.0182
0.0181
0.0256
0.0212
0.0257
0.0219
0.0211
0.0209
0.0192
0.0189
0.024
0.0201
0.0229
0.0175
0.0221
0.02
0.0197
0.019
0.0232
0.0177
0.0199
0.017
0.0208
0.0254
0.0212
0.017
0.0186
0.035
0.0221
0.0195
0.0194
0.0184
0.026
0.0179
0.0261
0.0216
0.0178
0.0222
0.0235
0.036
0.0178
0.0165
0.0177
0.0195
0.0175
0.0172
0.0316
0.0279
0.0363
0.0202
0.0245
0.0175
0.0195
0.0428
0.0177
0.0191
0.0226
0.023
0.0286
0.0202
0.0237
0.0238
0.0221
0.0209
0.0369
0.0342
0.0622
0.0215
0.021
0.0321
0.0288
0.0264
0.0207
0.0255
0.0227
0.0205
0.0185
0.0215
0.0229
0.0195
0.0178
0.0199
0.0172
0.0191
0.0382
0.0182
0.0174
0.0236
0.0244
0.0178
0.0175
0.0244
0.0232
0.0274
0.0245
0.0216
0.0175
0.0164
0.0169
0.0173
0.0174
0.0179
0.0236
0.0194
0.0175
0.019
0.0203
0.0189
0.0393
0.033
0.0219
0.0195
0.0196
0.019
0.0216
0.0229
0.0203
0.0167
0.022
0.0198
0.0202
0.0191
0.0224
0.0164
0.0157
0.0193
0.0284
0.0172
0.0288
0.0198
0.0223
0.0185
0.0205
0.0179
0.0215
0.0174
0.0215
0.0357
0.022
0.0196
0.0178
0.0224
0.0173
0.0184
0.0229
0.0233
0.031
0.0188
0.0209
0.0301
0.0296
0.0201
0.0193
0.0194
0.0217
0.0274
0.1688
0.1061
0.0993
0.3787
0.0618
0.0752
0.0457
0.0513
0.0419
0.0422
0.0453
0.8116
0.0475
0.018
0.0166
0.0184
0.0169
0.0343
0.0175
0.0175
0.0204
0.0229
0.0191
0.0212
0.0277
0.0219
0.0179
0.0212
0.0246
0.019
0.0245
0.0289
0.0195
0.0171
0.017
0.0306
0.0166
0.0191
0.0176
0.0186
0.0275
0.0319
0.0246
0.0196
0.0204
0.0177
0.0157
0.0257
0.0262
0.0247
0.0209
0.0221
0.0244
0.0245
0.0236
0.0177
0.0168
0.02
0.0243
0.0235
0.017
0.02
0.0444
0.0404
0.0328
0.0195
0.0164
0.0176
0.0173
0.0244
0.0236
0.0201
0.0244
0.023
0.0224
0.0236
0.0237
0.022
0.0203
0.0218
0.0235
0.0213
0.0214
0.0186
0.0186
0.0174
0.0235
0.0176
0.0193
0.0182
0.029
0.0239
0.0206
0.0172
0.022
0.0192
0.0168
0.0161
0.0251
0.0183
0.018
0.0176
0.017
0.028
0.0197
0.0368
0.0169
0.0209
0.0176
0.0193
0.0181
0.0193
0.0189
0.0174
0.0218
0.0381
0.0232
0.024
0.0204
0.0596
0.0221
0.0194
0.018
0.0284
0.0205
0.0167
0.0183
0.0268
0.0256
0.0219
0.0241
0.0256
0.0196
0.0252
0.0251
0.0197
0.0182
0.0327
0.0188
0.0217
0.0168
0.0222
0.0273
0.022
0.0194
0.0221
0.0192
0.0201
0.0191
0.0259
0.0223
0.0158
0.0189
0.0155
0.0167
0.0209
0.0203
0.0234
0.0248
0.0238
0.0223
0.0168
0.0163
0.0212
0.0317
0.0208
0.0201
0.0255
0.0258
0.0223
0.0315
0.0221
0.0211
0.0201
0.027
0.024
0.0257
0.0248
0.0223
0.0181
0.0262
0.0217
0.0219
0.0217
0.0211
0.0193
0.0264
0.0281
0.0172
0.0379
0.0373
0.0186
0.0396
0.0294
0.0222
0.0229
0.0233
0.0333
0.0277
0.0188
0.0173
0.0173
0.0174
0.0235
0.0256
0.0184
0.0339
0.023
0.0201
0.0206
0.0229
0.0315
0.0205
0.0167
0.023
0.0211
0.0299
0.019
0.0213
0.028
0.0239
0.0219
0.0215
0.0212
0.0196
0.0374
0.0216
0.03
0.0222
0.033
0.0202
0.0301
0.0212
0.0177
0.0443
0.0386
0.0175
0.0176
0.0263
0.0168
0.0247
0.0222
0.0185
0.0308
0.0268
0.0348
0.0314
0.0229
0.017
0.0186
0.0261
0.0219
0.0186
0.0172
0.0231
0.0204
0.0245
0.0199
0.0175
0.0256
0.0188
0.0179
0.0197
0.017
0.021
0.0204
0.0202
0.0304
0.0195
0.0175
0.0235
0.018
0.0243
0.0273
0.0185
0.0206
0.0193
0.0241
0.0294
0.0338
0.0184
0.02
0.0221
0.0215
0.0184
0.0176
0.0244
0.0228
0.0217
0.0214
0.0177
0.0223
0.0225
0.021
0.0184
0.025
0.0234
0.0188
0.0208
0.0208
0.0204
0.0244
0.0202
0.0206
0.0225
0.018
0.019
0.0182
0.0208
0.0161
0.0182
0.0342
0.0204
0.021
0.0175
0.0195
0.0209
0.0359
0.024
0.034
0.0278
0.0198
0.0235
0.0238
0.0184
0.0207
0.031
0.017
0.0176
0.0195
0.6676
0.0668
0.0277
0.0579
0.0297
0.025
0.0423
0.0559
0.0501
0.0381
0.071
0.0353
0.045
0.0415
0.029
0.0241
0.0208
0.0247
0.0223
0.0216
0.0184
0.021
0.0194
0.0227
0.0195
0.0181
0.0217
0.0184
0.0214
0.0211
0.0218
0.0243
0.0206
0.0285
0.0278
0.0241
0.0237
0.0204
0.0202
0.026
0.0239
0.0256
0.0218
0.0217
0.0382
0.0278
0.0255
0.0268
0.0282
0.0196
0.0303
0.0171
0.0251
0.023
0.0166
0.0166
0.0158
0.0197
0.018
0.0161
0.0168
0.0279
0.0197
0.0177
0.0162
0.0164
0.0165
0.0167
0.017
0.0302
0.0169
0.0213
0.027
0.0197
0.019
0.0253
0.0181
0.0211
0.0243
0.028
0.0198
0.022
0.0168
0.0274
0.0205
0.0269
0.0214
0.0249
0.0205
0.0203
0.0198
0.0228
0.0207
0.0196
0.016
0.019
0.0165
0.0165
0.0187
0.0206
0.0169
0.0213
0.018
0.0174
0.0216
0.0236
0.016
0.0264
0.0173
0.0245
0.023
0.0191
0.0227
0.0342
0.0217
0.0237
0.0426
0.0269
0.0225
0.022
0.0238
0.0182
0.0202
0.0208
0.0222
0.0195
0.0202
0.02
0.0178
0.0222
0.0201
0.0178
0.0289
0.0214
0.0222
0.0165
0.0232
0.016
0.0237
0.0234
0.0194
0.0164
0.0199
0.0275
0.0349
0.0166
0.0187
0.0206
0.0249
0.0205
0.0207
0.0181
0.0227
0.0215
0.0181
0.0236
0.035
0.0232
0.0226
0.0263
0.0161
0.026
0.0209
0.0245
0.0253
0.0209
0.0237
0.0175
0.0228
0.0208
0.0226
0.026
0.0201
0.0341
0.0191
0.0171
0.0182
0.0208
0.0216
0.0368
0.017
0.0187
0.0174
0.0188
0.0282
0.0173
0.0282
0.0207
0.0205
0.0171
0.0245
0.0276
0.0225
0.0197
0.0196
0.0222
0.025
0.0186
0.0287
0.0207
0.0198
0.0254
0.0239
0.0203
0.0181
0.0316
0.0187
0.0297
0.0203
0.0159
0.0315
0.0192
0.0296
0.0185
0.0172
0.0237
0.0318
0.02
0.0322
0.0202
0.0183
0.0491
0.0191
0.0213
0.0376
0.0206
0.0205
0.0184
0.0164
0.0164
0.0211
0.0168
0.0418
0.0188
0.0199
0.0209
0.0191
0.021
0.041
0.0185
0.0177
0.0218
0.029
0.0187
0.0191
0.0162
0.016
0.023
0.018
0.029
0.0161
0.017
0.0188
0.0169
0.0172
0.0441
0.0203
0.0287
0.0195
0.0222
0.0207
0.0167
0.0239
0.0186
0.0349
0.0198
0.0264
0.0277
0.0266
0.0169
0.0291
0.0185
0.0196
0.0259
0.0173
0.0187
0.0175
0.0196
0.0184
0.023
0.0185
0.0191
0.0183
0.0201
0.0365
0.0218
0.0196
0.03
0.0227
0.0207
0.0804
0.0246
0.0248
0.0282
0.0164
0.021
0.0196
0.0217
0.0244
0.0197
0.0206
0.0252
0.0186
0.0213
0.0195
0.0238
0.0219
0.0221
0.0179
0.0206
0.0246
0.0167
0.0168
0.0202
0.0202
0.0381
0.0219
0.0206
0.0176
0.0229
0.0226
0.0161
0.0198
0.0204
0.0188
0.0185
0.0274
0.0172
0.0239
0.0267
0.0163
0.0237
0.0192
0.0223
0.0234
0.0197
0.0202
0.0238
0.0223
0.0293
0.0249
0.0267
0.0229
0.0232
0.0344
0.0255
0.017
0.0233
0.0244
0.0272
0.0258
0.0246
0.0228
0.0241
0.0235
0.0159
0.0528
0.0239
0.0365
0.0256
0.0204
0.0418
0.0325
0.0429
0.0237
0.0223
0.0385
0.0285
0.0196
0.0256
0.0223
0.0364
0.3369
0.0817
1.8357
0.8879
0.041
1.7786
0.0467
0.0523
0.0232
0.0173
0.0169
0.0158
0.0158
0.0393
0.0177
0.0169
0.0165
0.0177
0.0171
0.0305
0.0201
0.0165
0.0176
0.02
0.0164
0.0149
0.0349
0.0179
0.0376
0.0273
0.0198
0.0474
0.0288
0.0283
0.0181
0.0156
0.021
0.0359
0.025
0.0203
0.0431
0.0299
0.0386
0.0871
0.0257
0.0174
0.0167
0.0217
0.0173
0.0174
0.0281
0.0195
0.0249
0.0182
0.0227
0.017
0.0197
0.024
0.0254
0.0205
0.0246
0.0181
0.0258
0.023
0.0178
0.0171
0.0201
0.0181
0.0203
0.0383
0.0328
0.0287
0.0285
0.0276
0.0256
0.0216
0.0201
0.0182
0.0237
0.0227
0.0193
0.0232
0.0322
0.0274
0.0246
0.0174
0.0199
0.0257
0.0232
0.0187
0.0188
0.0244
0.0353
0.0251
0.0385
0.0215
0.0243
0.02
0.0181
0.0194
0.0187
0.0236
0.0192
0.0238
0.0178
0.0203
0.0201
0.0236
0.0298
0.0234
0.0222
0.0233
0.0197
0.0241
0.0255
0.0208
0.0213
0.0254
0.0238
0.0173
0.019
0.0299
0.0224
0.0218
0.0174
0.0189
0.0201
0.0198
0.0211
0.0203
0.0217
0.0214
0.0187
0.0216
0.0186
0.0163
0.0148
0.0175
0.0167
0.016
0.0291
0.0153
0.0182
0.0182
0.0161
0.016
0.0171
0.0182
0.0161
0.0218
0.0201
0.0209
0.0209
0.018
0.0191
0.0213
0.0188
0.0176
0.034
0.0329
0.0168
0.0772
0.0203
0.0239
0.021
0.0249
0.0245
0.0225
0.019
0.0219
0.0187
0.0263
0.0224
0.0176
0.0221
0.0344
0.022
0.0175
0.0308
0.0189
0.0224
0.0197
0.0246
0.0357
0.0191
0.0198
0.0252
0.0183
0.0176
0.0213
0.0221
0.0187
0.0221
0.0206
0.0215
0.0193
0.022
0.0246
0.0167
0.0213
0.0194
0.0201
0.0198
0.019
0.0216
0.02
0.0247
0.0207
0.0174
0.0182
0.0227
0.019
0.0188
0.0251
0.0236
0.0238
0.0211
0.018
0.0258
0.0422
0.0218
0.0256
0.0329
0.0177
0.022
0.0164
0.0167
0.0184
0.0265
0.0249
0.0205
0.0254
0.0181
0.0212
0.0288
0.0261
0.0216
0.0175
0.0248
0.0224
0.0177
0.0188
0.0303
0.0215
0.0204
0.0208
0.0211
0.0196
0.0204
0.0186
0.0261
0.0215
0.0181
0.018
0.0213
0.0211
0.0187
0.0226
0.021
0.0441
0.0251
0.0203
0.0186
0.0172
0.0258
0.0208
0.0233
0.0231
0.0186
0.0253
0.0187
0.0186
0.0208
0.0211
0.0203
0.0163
0.0218
0.0246
0.0219
0.0211
0.0193
0.0161
0.0236
0.0193
0.0457
0.0438
0.0496
0.0502
0.0505
0.0548
0.0495
0.0392
0.0433
0.0412
0.034
0.0467
0.0445
0.0393
0.0435
0.0379
0.0501
0.0546
0.0394
0.0432
0.017
0.0207
0.0256
0.0219
0.0217
0.0225
0.0275
0.0202
0.0174
0.0222
0.0184
0.0317
0.02
0.0256
0.0194
0.0205
0.0177
0.0209
0.0173
0.0203
0.0166
0.0174
0.0239
0.0187
0.0279
0.016
0.0173
0.019
0.0161
0.0175
0.0354
0.0213
0.03
0.0247
0.0178
0.0184
0.0202
0.0274
0.0257
0.0268
0.0361
0.0216
0.0187
0.0164
0.0158
0.0159
0.016
0.0189
0.0152
0.0257
0.0166
0.0174
0.0312
0.0339
0.0189
0.0181
0.0171
0.0227
0.0226
0.0179
0.0257
0.017
0.0185
0.0382
0.0235
0.0184
0.0202
0.0179
0.0187
0.0283
0.0239
0.0182
0.0182
0.0257
0.0252
0.0227
0.0172
0.0197
0.0417
0.0171
0.0162
0.0221
0.021
0.0251
0.0282
0.0212
0.0217
0.0434
0.1353
0.3681
0.0835
0.0347
0.4123
0.0434
1.5231
0.021
0.0238
0.0228
0.023
0.0199
0.0183
0.024
0.0202
0.0199
0.021
0.0221
0.0195
0.0234
0.0174
0.0177
0.0193
0.0187
0.0176
0.0297
0.0217
0.0191
0.0192
0.0194
0.0248
0.0229
0.026
0.0229
0.024
0.0171
0.0169
0.0271
0.0168
0.0238
0.0197
0.0278
0.0237
0.0225
0.02
0.0266
0.0173
0.0395
0.0256
0.0198
0.018
0.0302
0.0282
0.0272
0.018
0.0262
0.0163
0.022
0.0171
0.0219
0.0193
0.0242
0.0175
0.0183
0.0231
0.0218
0.0232
0.0208
0.0187
0.0239
0.0183
0.0234
0.021
0.0236
0.0193
0.0268
0.0174
0.0173
0.0251
0.024
0.0181
0.0256
0.0264
0.0167
0.0245
0.0194
0.0194
0.0188
0.0183
0.0219
0.0188
0.0168
0.0188
0.0243
0.0174
0.017
0.0185
0.0243
0.0166
0.0193
0.0189
0.0236
0.0164
0.0172
0.0176
0.027
0.0223
0.0211
0.0155
0.023
0.0234
0.0166
0.0213
0.018
0.0224
0.0172
0.0176
0.0469
0.0445
0.0312
0.0191
0.0246
0.0241
0.0233
0.0254
0.018
0.0236
0.016
0.0236
0.025
0.0198
0.0173
0.0253
0.0174
0.0267
0.0176
0.0204
0.0213
0.0174
0.0166
0.0174
0.0176
0.025
0.0293
0.0173
0.0187
0.0274
0.0255
0.0185
0.0241
0.0168
0.0252
0.0165
0.0373
0.0172
0.0171
0.0378
0.0217
0.0246
0.0203
0.0282
0.0288
0.0223
0.0222
0.017
0.0172
0.0232
0.0179
0.0231
0.0207
0.0266
0.0255
0.026
0.0177
0.0201
0.0234
0.0247
0.0232
0.0176
0.0165
0.0161
0.0163
0.0256
0.0247
0.0194
0.0217
0.0175
0.0172
0.0159
0.0262
0.0188
0.0202
0.0161
0.0202
0.0177
0.0218
0.0254
0.0258
0.0168
0.0181
0.0272
0.0269
0.0207
0.0171
0.0171
0.0215
0.0165
0.0241
0.0158
0.0218
0.0212
0.022
0.0215
0.0239
0.0208
0.0275
0.0214
0.0202
0.0222
0.0205
0.0222
0.0227
0.0346
0.0226
0.0231
0.02
0.0166
0.017
0.0152
0.0306
0.02
0.0176
0.0207
0.0216
0.0401
0.0227
0.0193
0.0213
0.0158
0.0183
0.0182
0.0207
0.0245
0.0395
0.0616
0.0219
0.019
0.0228
0.018
0.0197
0.0196
0.023
0.0193
0.0192
0.0179
0.0178
0.0185
0.0219
0.0196
0.0176
0.0166
0.0265
0.0215
0.0205
0.0225
0.0174
0.0164
0.0244
0.024
0.0184
0.0228
0.0234
0.0202
0.0178
0.0165
0.0197
0.0386
0.0193
0.0171
0.0222
0.0238
0.0181
0.0234
0.0184
0.0207
0.0169
0.0175
0.0166
0.0217
0.0174
0.017
0.0171
0.0229
0.0219
0.0212
0.0193
0.0262
0.0247
0.0196
0.0184
0.0176
0.0202
0.0213
0.0168
0.0174
0.0226
0.0176
0.0257
0.0213
0.0201
0.0207
0.0191
0.0233
0.028
0.0231
0.0178
0.0221
0.0544
0.0222
0.0219
0.0342
0.0205
0.022
0.0241
0.0177
0.0223
0.0154
0.0356
0.0348
0.0255
0.0225
0.0362
0.0206
0.0288
0.0201
0.0242
0.0265
0.0211
0.0207
0.0209
0.0189
0.0215
0.0212
0.0246
0.0173
0.0196
0.0211
0.0234
0.0204
0.0172
0.0223
0.0214
0.0262
0.0301
0.0195
0.0182
0.0174
0.0224
0.0216
0.0206
0.0197
0.0175
0.0218
0.0199
0.0235
0.018
0.0199
0.0191
0.0209
0.0199
0.0399
0.0184
0.0188
0.0255
0.0223
0.0262
0.0385
0.0268
0.0396
0.0244
0.0262
0.028
0.0193
0.0279
0.023
0.0206
0.0199
0.0204
0.0185
0.0197
0.0212
0.0219
0.0171
0.0222
0.0233
0.0305
0.0171
0.0281
0.025
0.0342
0.0204
0.0191
0.0415
0.0316
0.02
0.023
0.0231
0.0256
0.0238
0.0214
0.1521
0.4548
0.466
0.074
0.962
0.0468
0.0429
0.0383
1.446
0.0273
0.0221
0.0299
0.0241
0.0249
0.0279
0.0214
0.0183
0.027
0.0163
0.0183
0.0247
0.0174
0.0242
0.0201
0.0266
0.0225
0.0206
0.0202
0.0242
0.0342
0.0178
0.0225
0.0183
0.0207
0.0275
0.0351
0.0204
0.0211
0.0271
0.0208
0.0191
0.0252
0.0189
0.0207
0.0238
0.0207
0.0218
0.0234
0.0171
0.0186
0.0165
0.0163
0.0167
0.0165
0.0256
0.03
0.0206
0.0183
0.0175
0.017
0.0204
0.0222
0.0189
0.0186
0.0175
0.0426
0.0183
0.0591
0.0487
0.041
0.0187
0.0206
0.0271
0.0245
0.0233
0.0213
0.0233
0.0233
0.0267
0.0205
0.0226
0.024
0.0192
0.027
0.018
0.0186
0.0202
0.0256
0.0259
0.0182
0.0208
0.0193
0.0229
0.0214
0.0263
0.021
0.0232
0.0187
0.0214
0.018
0.0186
0.0262
0.0171
0.0184
0.0244
0.0206
0.0207
0.0208
0.0222
0.0235
0.0229
0.0189
0.0173
0.0175
0.0168
0.0202
0.0188
0.0228
0.021
0.0354
0.0242
0.019
0.0216
0.0185
0.0298
0.0272
0.0229
0.0171
0.0233
0.0202
0.0243
0.0181
0.0225
0.0185
0.0207
0.0362
0.0332
0.0176
0.0186
0.0349
0.0291
0.0236
0.0249
0.0194
0.0357
0.0205
0.0228
0.0219
0.0188
0.0229
0.0202
0.0189
0.0288
0.0186
0.028
0.0203
0.0228
0.0191
0.0233
0.0198
0.0244
0.0205
0.0218
0.0176
0.0185
0.0167
0.0156
0.0201
0.0186
0.0209
0.02
0.0205
0.0241
0.0207
0.0237
0.0207
0.023
0.019
0.0188
0.0178
0.021
0.0198
0.0232
0.0237
0.0205
0.0176
0.0187
0.0171
0.0192
0.0181
0.0229
0.0201
0.0218
0.0179
0.0193
0.0182
0.0351
0.0198
0.0179
0.0178
0.0223
0.0244
0.0198
0.0188
0.0163
0.0223
0.0214
0.0189
0.0235
0.0189
0.0181
0.0214
0.0216
0.0227
0.0214
0.0231
0.0187
0.0212
0.019
0.0222
0.0222
0.0218
0.019
0.0289
0.0241
0.0202
0.0257
0.0203
0.0185
0.0168
0.0218
0.0173
0.0237
0.0179
0.0266
0.0183
0.02
0.0181
0.0249
0.0245
0.0207
0.0199
0.0229
0.0199
0.0179
0.0216
0.021
0.0227
0.0247
0.038
0.0177
0.0227
0.0241
0.0207
0.0744
0.0209
0.0274
0.0296
0.0204
0.019
0.0192
0.0239
0.0258
0.0267
0.0256
0.0195
0.0229
0.0222
0.0243
0.0233
0.0245
0.0233
0.0225
0.0213
0.0229
0.0191
0.0218
0.0206
0.0215
0.0242
0.0207
0.0212
0.0201
0.0262
0.022
0.019
0.0184
0.0232
0.0208
0.0195
0.0436
0.0219
0.0218
0.0174
0.0196
0.0206
0.0187
0.0187
0.0186
0.0179
0.0191
0.0194
0.0187
0.0201
0.0343
0.0184
0.017
0.0217
0.0198
0.0259
0.0214
0.0189
0.0202
0.0188
0.0254
0.0259
0.019
0.0185
0.023
0.024
0.0245
0.0223
0.025
0.0254
0.0239
0.0186
0.0186
0.0261
0.0174
0.0202
0.0167
0.0285
0.0186
0.0188
0.0173
0.023
0.0222
0.026
0.0224
0.0237
0.0261
0.0222
0.0201
0.0216
0.0199
0.039
0.0197
0.0205
0.0175
0.0259
0.0165
0.0203
0.0163
0.0204
0.0167
0.0258
0.0311
0.0256
0.0181
0.0167
0.029
0.0251
0.0213
0.0175
0.018
0.0208
0.0168
0.0229
0.0202
0.0174
0.0388
0.0235
0.0215
0.0195
0.0243
0.0202
0.0177
0.0182
0.0342
0.0222
0.0225
0.0253
0.0236
0.0267
0.0217
0.0236
0.0201
0.0196
0.0297
0.032
0.0273
0.024
0.0236
0.0179
0.0201
0.0329
0.0234
0.0256
0.0342
0.0175
0.0673
2.7541
0.0919
0.0522
0.0416
0.0391
0.0258
1.7909
0.0278
0.0303
0.0209
0.0328
0.0174
0.0307
0.0207
0.0271
0.0216
0.0188
0.0247
0.0422
0.0198
0.0188
0.0201
0.0163
0.0189
0.0364
0.0218
0.0202
0.0222
0.0259
0.0159
0.0203
0.0185
0.0273
0.0327
0.0227
0.0223
0.019
0.0296
0.0221
0.0206
0.0205
0.0225
0.0212
0.0238
0.0721
0.0279
0.0265
0.0249
0.0221
0.019
0.0208
0.0195
0.0187
0.0252
0.026
0.0173
0.0182
0.0197
0.0215
0.0177
0.0183
0.0255
0.0203
0.0167
0.0171
0.0264
0.0213
0.0173
0.0263
0.0196
0.0175
0.0229
0.0207
0.0165
0.0291
0.0208
0.0218
0.025
0.0364
0.0203
0.018
0.027
0.0272
0.0282
0.0253
0.0228
0.0272
0.02
0.0272
0.0234
0.0208
0.0234
0.0189
0.0284
0.0178
0.0271
0.0255
0.0214
0.0201
0.0226
0.0264
0.0181
0.0229
0.025
0.0202
0.0202
0.032
0.0183
0.0216
0.028
0.0215
0.0205
0.0207
0.028
0.0198
0.0309
0.0223
0.0261
0.0269
0.0235
0.024
0.0181
0.0241
0.0192
0.022
0.0181
0.0253
0.0274
0.0177
0.0218
0.0223
0.0211
0.0251
0.0249
0.0234
0.0242
0.0211
0.0235
0.0233
0.0188
0.0204
0.0291
0.0243
0.0195
0.0257
0.0199
0.0295
0.0254
0.0212
0.0233
0.0196
0.0265
0.0204
0.0175
0.0183
0.0272
0.0216
0.0203
0.019
0.0245
0.0193
0.0172
0.0218
0.0215
0.0215
0.0185
0.0235
0.0252
0.0228
0.0255
0.0224
0.0193
0.0191
0.02
0.0197
0.0283
0.0249
0.0271
0.0205
0.0206
0.0195
0.0183
0.0177
0.0886
0.0317
0.0292
0.0227
0.0205
0.0419
0.017
0.0286
0.0245
0.0203
0.0196
0.0207
0.0241
0.0165
0.0326
0.0189
0.0206
0.0228
0.0355
0.0214
0.0192
0.0197
0.0219
0.0312
0.0184
0.0456
0.0207
0.0176
0.023
0.0197
0.0285
0.0184
0.0229
0.0181
0.0174
0.0278
0.0272
0.02
0.0202
0.022
0.0822
0.0411
0.0364
0.0209
0.0317
0.0291
0.0206
0.0222
0.0203
0.0265
0.0236
0.021
0.0199
0.0179
0.0206
0.021
0.0257
0.0169
0.0198
0.0202
0.0245
0.0183
0.0179
0.017
0.0271
0.0176
0.0165
0.0176
0.0252
0.0426
0.018
0.0181
0.0184
0.0185
0.023
0.0272
0.0188
0.0293
0.0228
0.0216
0.0202
0.0171
0.0221
0.0232
0.0261
0.0277
0.02
0.0235
0.0246
0.0165
0.0311
0.075
0.0167
0.0253
0.0182
0.0177
0.0308
0.028
0.022
0.0211
0.0189
0.0189
0.0271
0.0217
0.0206
0.0186
0.0231
0.0187
0.0212
0.0204
0.0209
0.0241
0.0181
0.0204
0.0271
0.0162
0.0221
0.0237
0.0197
0.019
0.0257
0.0223
0.0198
0.0311
0.0204
0.0203
0.0189
0.0253
0.02
0.0222
0.0292
0.0231
0.027
0.0202
0.0318
0.0193
0.0202
0.0219
0.019
0.0202
0.0257
0.0194
0.0201
0.0219
0.0244
0.0195
0.0233
0.0213
0.0201
0.0239
0.0174
0.0167
0.022
0.0233
0.0218
0.0286
0.0244
0.0174
0.02
0.0285
0.0242
0.0209
0.0178
0.016
0.0247
0.024
0.0184
0.0183
0.0215
0.0216
0.0213
0.0181
0.0181
0.0196
0.0189
0.024
0.0224
0.0206
0.0223
0.0205
0.0225
0.0172
0.0205
0.0223
0.0221
0.0226
0.0197
0.0201
0.0193
0.0185
0.0193
0.0183
0.0173
0.0385
0.0218
0.0188
0.0176
0.025
0.018
0.0171
0.036
0.018
0.0302
0.0204
0.0258
0.0369
0.0243
0.037
0.0207
0.0183
0.025
0.0168
0.024
0.028
0.0228
0.0254
0.0223
0.0216
0.0292
0.0268
0.0983
0.1799
0.5638
0.849
0.049
0.0429
0.0698
0.0564
0.0437
0.3663
0.0262
0.2737
0.0266
0.0226
0.0229
0.0229
0.024
0.0266
0.0181
0.025
0.0184
0.0278
0.0214
0.0181
0.0288
0.0196
0.0216
0.0363
0.0186
0.0291
0.029
0.0213
0.0194
0.0174
0.0189
0.0271
0.0239
0.0229
0.0223
0.0216
0.0214
0.0248
0.0219
0.0225
0.0268
0.0224
0.0211
0.0214
0.0234
0.03
0.0218
0.0248
0.0227
0.0199
0.0196
0.023
0.0207
0.0197
0.023
0.0312
0.023
0.0276
0.0195
0.021
0.0283
0.023
0.0211
0.0209
0.0642
0.0378
0.0393
0.0478
0.4929
0.0203
0.0213
0.0203
0.0218
0.0188
0.0179
0.0254
0.0246
0.0244
0.0191
0.0283
0.0162
0.0175
0.0287
0.0261
0.0198
0.0185
0.0188
0.0217
0.0201
0.0212
0.0242
0.0192
0.0259
0.0234
0.02
0.0186
0.0201
0.0177
0.0264
0.0176
0.0183
0.0208
0.0271
0.0174
0.0277
0.0195
0.0192
0.0244
0.0201
0.0311
0.0176
0.0172
0.0258
0.0221
0.0177
0.0272
0.0256
0.0188
0.0211
0.0186
0.0171
0.0238
0.0192
0.0221
0.019
0.0178
0.0184
0.0181
0.018
0.0174
0.0241
0.022
0.0209
0.0223
0.0217
0.0214
0.0247
0.0262
0.0301
0.0242
0.0268
0.0254
0.0236
0.0484
0.027
0.0189
0.0259
0.0294
0.0279
0.0212
0.0245
0.0175
0.0195
0.02
0.0199
0.0306
0.0248
0.023
0.0214
0.0187
0.0251
0.026
0.0233
0.0197
0.023
0.0236
0.0241
0.0288
0.0241
0.0188
0.0241
0.024
0.0182
0.0227
0.0244
0.019
0.0212
0.0263
0.0229
0.0243
0.0271
0.0223
0.0267
0.0226
0.0189
0.026
0.0382
0.026
0.0269
0.0205
0.0171
0.0204
0.0213
0.02
0.02
0.0205
0.0195
0.0234
0.0221
0.0207
0.0172
0.019
0.0188
0.0213
0.0214
0.0209
0.0206
0.0281
0.0199
0.0395
0.0224
0.0235
0.0195
0.0216
0.0201
0.0267
0.0249
0.0169
0.0202
0.0239
0.0243
0.0181
0.0203
0.0252
0.0188
0.0203
0.0223
0.0367
0.0215
0.0231
0.0188
0.028
0.0289
0.0272
0.0181
0.02
0.0218
0.0189
0.0302
0.0272
0.0259
0.0214
0.0215
0.0265
0.0231
0.0239
0.0176
0.0208
0.0357
0.0184
0.0207
0.0268
0.0211
0.0165
0.0238
0.0214
0.022
0.0256
0.0216
0.0213
0.0222
0.0283
0.0431
0.0203
0.0188
0.0175
0.0258
0.0184
0.0265
0.0268
0.0225
0.016
0.0261
0.0238
0.0185
0.0232
0.0268
0.0204
0.0206
0.0264
0.0222
0.0211
0.0198
0.0218
0.0225
0.0231
0.0195
0.0186
0.019
0.0191
0.0198
0.0177
0.0181
0.0174
0.0195
0.0276
0.0249
0.017
0.0202
0.0186
0.0278
0.0233
0.026
0.0205
0.0201
0.0203
0.0201
0.0188
0.0196
0.0208
0.0201
0.0151
0.0177
0.0248
0.0204
0.0252
0.0202
0.0198
0.033
0.0173
0.0385
0.0187
0.0183
0.027
0.0212
0.0216
0.0207
0.0282
0.0231
0.0175
0.0206
0.0209
0.0358
0.0337
0.0307
0.0294
0.0315
0.0211
0.029
0.0233
0.0297
0.0229
0.025
0.0217
0.0205
0.018
0.0208
0.0258
0.0401
0.0207
0.0178
0.0183
0.0182
0.0236
0.0261
0.0412
0.0219
0.0337
0.0208
0.0186
0.0205
0.0254
0.0337
0.0195
0.0217
0.0294
0.0285
0.0461
0.0262
0.0284
0.0263
0.0216
0.0271
0.0229
0.0286
0.0213
0.0175
0.0269
0.0221
0.1582
0.7021
0.0433
0.0736
0.0381
0.0398
0.0576
0.0591
0.031
0.0258
1.3582
0.0466
0.3858
0.0372
0.0525
0.0457
0.0392
0.0399
0.0429
0.0547
0.0362
0.0434
0.0467
0.0428
0.0415
0.0441
0.0386
0.029
0.0463
0.0661
0.0392
0.0439
0.0686
0.0286
0.0411
0.0442
0.0456
0.0444
0.0517
0.0574
0.0336
0.0483
0.0406
0.0672
0.0627
0.0283
0.0235
0.0243
0.0201
0.0255
0.0229
0.0262
0.0251
0.0198
0.0195
0.0277
0.0267
0.0179
0.0205
0.0219
0.022
0.0224
0.0223
0.0306
0.0286
0.0342
0.0386
0.0216
0.0208
0.0256
0.0383
0.0214
0.0219
0.0234
0.0245
0.0239
0.0298
0.0233
0.025
0.0205
0.0211
0.0222
0.0234
0.0383
0.0175
0.049
0.0266
0.0221
0.0211
0.021
0.0215
0.0237
0.0218
0.0221
0.0174
0.0242
0.0214
0.0158
0.0219
0.0367
0.0412
0.029
0.0233
0.0194
0.0196
0.0255
0.0225
0.028
0.0264
0.0179
0.0193
0.0225
0.0215
0.0177
0.0197
0.0182
0.027
0.0301
0.0181
0.0219
0.0192
0.0243
0.0186
0.0225
0.018
0.0174
0.0233
0.0168
0.0187
0.0191
0.0185
0.0178
0.0174
0.0164
0.0174
0.0219
0.03
0.0164
0.0224
0.0389
0.0225
0.0248
0.0231
0.0238
0.0204
0.0203
0.0166
0.0298
0.0198
0.0182
0.0167
0.0221
0.0252
0.0206
0.0167
0.0286
0.0254
0.0232
0.019
0.0173
0.0225
0.0193
0.0199
0.0182
0.0353
0.0242
0.0375
0.0178
0.0235
0.0233
0.0168
0.0212
0.023
0.0197
0.0195
0.0276
0.0169
0.0226
0.0233
0.0251
0.0188
0.0352
0.0211
0.0208
0.0188
0.0197
0.0228
0.0338
0.0214
0.0194
0.0192
0.0199
0.0251
0.0195
0.0214
0.0338
0.0203
0.0215
0.0181
0.0177
0.0213
0.0193
0.0176
0.0214
0.018
0.0224
0.0171
0.0241
0.0251
0.0223
0.0199
0.0255
0.0231
0.0242
0.0196
0.0213
0.0226
0.0194
0.0204
0.0379
0.0214
0.0168
0.0183
0.0185
0.0152
0.0183
0.0172
0.0813
0.0964
0.0251
0.0179
0.0218
0.0318
0.0201
0.0193
0.0233
0.022
0.0308
0.0187
0.0242
0.0207
0.0256
0.0197
0.029
0.0215
0.0265
0.0168
0.0194
0.0172
0.0164
0.0273
0.0197
0.0217
0.0236
0.0193
0.0171
0.022
0.0328
0.0237
0.0198
0.0283
0.0222
0.0269
0.0188
0.0299
0.0329
0.0244
0.0224
0.0272
0.0294
0.0342
0.0264
0.0205
0.0163
0.0265
0.0207
0.0245
0.0205
0.0179
0.0224
0.0173
0.0171
0.025
0.0175
0.0203
0.017
0.0222
0.0224
0.0219
0.0199
0.0224
0.0217
0.0296
0.0188
0.0206
0.0194
0.0237
0.0215
0.0207
0.017
0.0171
0.0266
0.0253
0.026
0.0172
0.0176
0.0179
0.0212
0.0181
0.0174
0.023
0.017
0.0201
0.0346
0.0291
0.0329
0.0191
0.0186
0.0223
0.0188
0.018
0.0191
0.0381
0.0199
0.0205
0.0181
0.02
0.0177
0.0194
0.02
0.0165
0.024
0.0169
0.0242
0.021
0.0169
0.0235
0.0185
0.018
0.0181
0.0196
0.0209
0.0237
0.0217
0.0214
0.0246
0.0182
0.0175
0.0162
0.0187
0.0237
0.0163
0.0299
0.0249
0.0256
0.0176
0.0286
0.0259
0.0271
0.0193
0.0219
0.0353
0.0257
0.0167
0.0245
0.0218
0.0256
0.0268
0.0185
0.0479
0.049
0.0811
0.0396
0.0392
0.5899
0.0379
0.0288
0.0207
0.0303
0.0234
0.0222
0.0202
0.0183
0.0288
0.0232
0.0222
0.0404
0.0748
0.0707
0.1222
0.0218
0.0193
0.0192
0.0209
0.019
0.0246
0.0217
0.0213
0.0292
0.0224
0.0272
0.023
0.0238
0.0209
0.0454
0.043
0.0568
0.0491
0.0556
0.0433
0.0191
0.0276
0.0186
0.0231
0.0236
0.0207
0.0221
0.0206
0.0263
0.0267
0.0706
0.0182
0.0334
0.0198
0.033
0.031
0.0192
0.028
0.0335
0.0202
0.0181
0.018
0.0177
0.0202
0.0214
0.0264
0.0219
0.0199
0.0203
0.0172
0.0172
0.025
0.0206
0.0195
0.0222
0.0424
0.0211
0.0217
0.0251
0.023
0.0245
0.0323
0.0204
0.0255
0.0242
0.0213
0.0235
0.0232
0.0229
0.0169
0.0235
0.0202
0.0258
0.0228
0.0235
0.0177
0.0218
0.0194
0.0196
0.0179
0.0366
0.0309
0.0246
0.0167
0.0445
0.025
0.0218
0.0177
0.0355
0.0275
0.016
0.023
0.0216
0.0214
0.0256
0.0197
0.019
0.0232
0.0255
0.0238
0.0471
0.0356
0.0434
0.0619
0.0416
0.047
0.0601
0.0352
0.0415
0.039
0.0351
0.0298
0.0467
0.0322
0.0462
0.0477
0.0206
0.0176
0.0453
0.0402
0.0462
0.0373
0.0494
0.032
0.0199
0.0246
0.0369
0.034
0.0234
0.0225
0.0229
0.0362
0.0214
0.029
0.0248
0.0234
0.0214
0.0292
0.0207
0.029
0.0224
0.0197
0.0216
0.022
0.0409
0.0207
0.0208
0.0293
0.0207
0.0189
0.0244
0.022
0.0181
0.0334
0.018
0.0271
0.0163
0.0333
0.017
0.0233
0.0267
0.0375
0.0179
0.0287
0.0167
0.0269
0.0171
0.0198
0.0163
0.0213
0.0233
0.0411
0.0253
0.0216
0.0358
0.021
0.0255
0.0245
0.0209
0.0256
0.022
0.0194
0.0292
0.0187
0.0171
0.0245
0.0185
0.019
0.0202
0.0192
0.0259
0.0196
0.0175
0.0191
0.024
0.0164
0.0283
0.0211
0.0234
0.0255
0.0192
0.0189
0.0243
0.0175
0.0169
0.0158
0.0396
0.0165
0.0168
0.0165
0.0274
0.017
0.017
0.0195
0.0181
0.0319
0.0167
0.0184
0.0288
0.0343
0.02
0.0175
0.0376
0.0187
0.0185
0.0172
0.0182
0.0188
0.0244
0.0208
0.0298
0.0278
0.0214
0.0217
0.0228
0.0235
0.0204
0.0239
0.0175
0.0244
0.023
0.0212
0.0177
0.0188
0.0167
0.0358
0.018
0.0165
0.0164
0.0238
0.0262
0.026
0.0185
0.0271
0.0173
0.0203
0.0179
0.0209
0.018
0.0202
0.0186
0.0284
0.0225
0.0258
0.0252
0.0172
0.0212
0.0277
0.018
0.0222
0.0214
0.0219
0.022
0.0196
0.0227
0.0242
0.0189
0.0238
0.0171
0.0254
0.0192
0.023
0.0195
0.0262
0.022
0.0185
0.0376
0.0295
0.0188
0.0231
0.0231
0.034
0.0215
0.0214
0.0168
0.0256
0.0227
0.0211
0.0237
0.0204
0.0337
0.0207
0.0245
0.0252
0.0613
0.0276
0.0225
0.0296
0.0259
0.0393
0.0214
0.0186
0.0195
0.0179
0.0299
0.0262
0.021
0.0311
0.0206
0.0313
0.0188
0.0219
0.0172
0.0231
0.0419
0.0244
0.0248
0.0238
0.0172
0.0244
0.0214
0.0269
0.025
0.0198
0.0199
0.0215
0.0189
0.0186
0.0168
0.0189
0.0182
0.0248
0.0256
0.0343
0.0225
0.0228
0.0207
0.0207
0.0158
0.0299
0.025
0.0242
0.0179
0.0214
0.0193
0.0165
0.0256
0.0342
0.0237
0.0275
0.03
0.0189
0.0231
0.0206
0.027
0.0226
0.0223
0.027
0.0244
0.0375
0.0635
0.0259
0.0308
0.0418
0.0236
0.0182
0.0225
0.0229
0.0273
0.0308
0.0164
0.0357
0.0235
0.0247
0.0929
0.203
0.1797
1.7176
0.5278
0.3952
0.3566
0.0255
0.0262
0.0247
0.0239
0.0224
0.0238
0.0297
0.021
0.0219
0.017
0.0239
0.0166
0.022
0.0221
0.0248
0.0199
0.0174
0.0181
0.0162
0.0194
0.0205
0.0268
0.0199
0.0168
0.018
0.0177
0.0202
0.0175
0.0161
0.0321
0.017
0.0253
0.0296
0.0188
0.0187
0.0239
0.018
0.0175
0.0175
0.0365
0.0412
0.0261
0.0318
0.0246
0.0223
0.0185
0.0248
0.0239
0.0167
0.0203
0.0251
0.034
0.0239
0.0186
0.0271
0.0254
0.0193
0.0293
0.0241
0.0185
0.0268
0.0204
0.0215
0.0208
0.02
0.0231
0.0206
0.0232
0.0228
0.0208
0.0202
0.0208
0.0199
0.0215
0.0193
0.0188
0.0296
0.019
0.0466
0.0226
0.0184
0.0197
0.0193
0.021
0.0372
0.0181
0.019
0.017
0.0188
0.0164
0.0221
0.0193
0.0204
0.0175
0.0235
0.0309
0.0295
0.0171
0.0227
0.0208
0.0187
0.0226
0.0198
0.025
0.0225
0.0327
0.0251
0.1667
0.0277
0.0261
0.0276
0.0218
0.0244
0.0199
0.0264
0.0219
0.0192
0.0172
0.0188
0.0239
0.0252
0.0181
0.0264
0.0195
0.0195
0.0288
0.0171
0.0175
0.0165
0.0154
0.0154
0.0167
0.0158
0.0143
0.0264
0.0163
0.0166
0.0313
0.0214
0.0186
0.0198
0.0379
0.0247
0.018
0.016
0.0224
0.0286
0.021
0.022
0.0164
0.0186
0.024
0.0214
0.0197
0.0185
0.0188
0.016
0.0196
0.0211
0.0231
0.0192
0.0258
0.019
0.0205
0.0193
0.0205
0.0262
0.0174
0.0276
0.025
0.0229
0.0229
0.0178
0.0225
0.0204
0.0213
0.0232
0.0214
0.0255
0.0219
0.0337
0.0161
0.02
0.0208
0.0198
0.0157
0.019
0.0188
0.0218
0.0197
0.0212
0.0173
0.0204
0.0218
0.0165
0.022
0.0174
0.0172
0.0347
0.0201
0.0189
0.02
0.0213
0.0239
0.0166
0.0201
0.0174
0.0178
0.0233
0.0179
0.02
0.0195
0.0216
0.0163
0.0219
0.0222
0.0227
0.0184
0.0197
0.0333
0.0203
0.0246
0.0249
0.0272
0.0173
0.0191
0.0252
0.0311
0.032
0.0321
0.0217
0.0205
0.0185
0.0333
0.0262
0.0153
0.0226
0.0205
0.0217
0.0276
0.0178
0.0259
0.0273
0.023
0.0256
0.0177
0.0176
0.0308
0.0208
0.0269
0.0191
0.0206
0.0265
0.0174
0.0446
0.0198
0.0216
0.0332
0.0237
0.0268
0.0279
0.018
0.0248
0.0231
0.022
0.018
0.0192
0.0324
0.0236
0.0187
0.0284
0.0174
0.03
0.0516
0.0209
0.0185
0.0398
0.0338
0.0373
0.0182
0.0167
0.019
0.0437
0.0364
0.0392
0.0308
0.0326
0.0318
0.0821
0.0632
0.0295
0.0365
0.0442
0.0496
0.0362
0.0324
0.0339
0.0522
0.055
0.0317
0.0265
0.0445
0.0367
0.045
0.0259
0.024
0.0228
0.0204
0.0185
0.0212
0.0176
0.0202
0.02
0.0175
0.0192
0.0264
0.0198
0.0292
0.0299
0.0222
0.0187
0.0179
0.0278
0.0192
0.0242
0.0402
0.0248
0.0203
0.0235
0.0223
0.0243
0.0168
0.0223
0.0191
0.0195
0.0279
0.0187
0.0553
0.0222
0.0167
0.0348
0.0221
0.0183
0.0281
0.0189
0.018
0.0178
0.0171
0.0333
0.018
0.0227
0.0172
0.0174
0.0233
0.0189
0.0182
0.0362
0.0174
0.0189
0.0191
0.0212
0.0221
0.0366
0.0209
0.0182
0.4533
0.0571
0.0864
0.0655
0.0773
0.3617
0.0269
0.0231
0.03
0.0276
0.023
0.0283
0.0276
0.0217
0.0219
0.0192
0.0224
0.0218
0.0173
0.0224
0.0224
0.0235
0.0185
0.0219
0.0164
0.0172
0.0202
0.0164
0.0386
0.0159
0.0181
0.0156
0.0208
0.016
0.0222
0.0259
0.0462
0.0596
0.0239
0.0169
0.0178
0.0215
0.0293
0.0349
0.0247
0.0206
0.0218
0.0245
0.0224
0.0299
0.0165
0.029
0.0273
0.0435
0.0387
0.0639
0.0392
0.0325
0.0564
0.0384
0.0339
0.0308
0.0271
0.0323
0.0576
0.0334
0.0345
0.0308
0.0397
0.03
0.052
0.0737
0.0323
0.0331
0.0402
0.068
0.0309
0.0297
0.0482
0.0274
0.041
0.0401
0.0309
0.0391
0.0519
0.0383
0.0299
0.0344
0.0296
0.0372
0.0754
0.0293
0.0379
0.0559
0.0291
0.0636
0.0334
0.0451
0.0519
0.0484
0.0388
0.0335
0.0347
0.0362
0.0318
0.0313
0.0341
0.0443
0.0309
0.0379
0.0555
0.0417
0.0263
0.0332
0.0302
0.0471
0.0384
0.0411
0.0354
0.0346
0.0524
0.0358
0.0334
0.0306
0.0285
0.0309
0.0396
0.0298
0.0347
0.0389
0.0345
0.0597
0.0589
0.033
0.0327
0.0319
0.0285
0.029
0.0271
0.0284
0.0281
0.0379
0.0296
0.0339
0.1147
0.0364
0.0532
0.0341
0.0412
0.0429
0.0457
0.0326
0.0442
0.0821
0.0425
0.0305
0.0422
0.0346
0.0368
0.0987
0.0281
0.0251
0.0476
0.0202
0.0198
0.0384
0.0234
0.0189
0.0192
0.0168
0.0189
0.0291
0.0193
0.0243
0.0224
0.0174
0.0274
0.0208
0.0209
0.0166
0.0247
0.0258
0.0277
0.0203
0.023
0.0232
0.0246
0.0256
0.091
0.082
0.0262
0.0273
0.0282
0.0215
0.0247
0.0183
0.0272
0.0159
0.0278
0.0173
0.0437
0.0211
0.0221
0.0352
0.0225
0.0188
0.0249
0.0242
0.0228
0.0224
0.0199
0.0283
0.0186
0.0169
0.0219
0.0219
0.0209
0.0261
0.0315
0.0419
0.0202
0.028
0.0258
0.0205
0.0217
0.0198
0.0173
0.0231
0.0176
0.02
0.03
0.022
0.0255
0.0272
0.0197
0.0237
0.0236
0.0226
0.0261
0.0442
0.0171
0.0601
0.0201
0.0188
0.0283
0.0229
0.0581
0.0403
0.0175
0.0176
0.0438
0.0295
0.0168
0.0206
0.0185
0.0247
0.0259
0.0203
0.0315
0.0401
0.0384
0.044
0.0523
0.0352
0.0239
0.0211
0.0205
0.0222
0.0208
0.0196
0.0156
0.0161
0.0163
0.0158
0.0159
0.0171
0.0263
0.0316
0.0165
0.0275
0.0355
0.021
0.0249
0.0213
0.0382
0.0249
0.0202
0.0189
0.0203
0.0198
0.0186
0.0199
0.0195
0.0174
0.0165
0.0189
0.0206
0.019
0.0291
0.0328
0.0271
0.0209
0.028
0.0326
0.0257
0.0281
0.0215
0.0169
0.0217
0.0222
0.0198
0.0164
0.0185
0.0208
0.0199
0.0201
0.0218
0.0381
0.0275
0.0206
0.0223
0.0185
0.0173
0.0178
0.027
0.0213
0.0228
0.0216
0.0284
0.0173
0.0266
0.0254
0.0214
0.0228
0.0236
0.0194
0.0198
0.0229
0.0244
0.0221
0.0216
0.0187
0.0446
0.0274
0.0314
0.0174
0.0251
0.0178
0.0177
0.0333
0.0298
0.0181
0.02
0.0229
0.0178
0.095
0.0258
0.0224
0.0329
0.0216
0.0176
0.0444
0.0243
0.0219
0.0387
0.0205
0.0268
0.0244
0.0185
0.0188
0.0206
0.0197
0.021
0.0246
0.0223
0.0166
0.0256
0.0242
0.0185
0.0248
0.0214
0.0244
0.0167
0.017
0.0208
0.024
0.0424
0.0224
0.0173
0.0162
0.0285
0.0164
0.0271
0.0169
0.0278
0.0347
0.0282
0.0262
0.0201
0.0178
0.0197
0.0244
0.0218
0.0219
0.0222
0.0422
0.0214
0.0166
0.0279
0.035
0.035
0.0219
0.032
0.1528
0.552
0.0881
0.0563
1.3264
0.0602
0.1084
0.0519
1.507
0.0436
0.0328
0.0206
0.022
0.0162
0.0299
0.02
0.0254
0.0235
0.0229
0.03
0.0274
0.0334
0.0396
0.0178
0.0464
0.0473
0.0201
0.02
0.0241
0.027
0.0198
0.0296
0.0193
0.0202
0.0286
0.0227
0.0231
0.0263
0.0197
0.0178
0.0191
0.0184
0.0338
0.0298
0.0277
0.021
0.0177
0.0188
0.017
0.0209
0.0244
0.0197
0.0179
0.0158
0.0214
0.0209
0.0228
0.0241
0.0271
0.0221
0.0224
0.027
0.0177
0.0215
0.0243
0.0288
0.0197
0.0238
0.0212
0.0245
0.0229
0.0236
0.0179
0.0205
0.0268
0.0222
0.0173
0.0203
0.0224
0.0199
0.0226
0.034
0.0389
0.0196
0.0257
0.0256
0.0171
0.0186
0.0188
0.0241
0.0252
0.0189
0.017
0.0211
0.0218
0.024
0.0217
0.022
0.0204
0.0226
0.0215
0.0205
0.021
0.018
0.0193
0.0181
0.0183
0.0174
0.027
0.0245
0.0292
0.0167
0.022
0.0344
0.0239
0.0314
0.0247
0.022
0.0219
0.0169
0.0256
0.0179
0.0199
0.0225
0.0192
0.0259
0.0209
0.0211
0.0294
0.0227
0.0304
0.024
0.0231
0.0189
0.0304
0.0215
0.0194
0.0202
0.0227
0.0163
0.0201
0.0206
0.0188
0.0193
0.0217
0.0331
0.023
0.0551
0.0286
0.0227
0.03
0.0196
0.0286
0.0192
0.0198
0.0197
0.0184
0.0282
0.0247
0.0169
0.0229
0.031
0.0244
0.0256
0.017
0.0183
0.0351
0.0255
0.02
0.0357
0.0206
0.0177
0.0407
0.0235
0.0176
0.0245
0.0236
0.0263
0.0314
0.0211
0.023
0.0192
0.0229
0.0198
0.0258
0.018
0.03
0.0194
0.0182
0.0415
0.0181
0.0239
0.0204
0.0187
0.0195
0.024
0.0245
0.0237
0.0349
0.0211
0.0198
0.0287
0.0198
0.0219
0.0241
0.0219
0.0231
0.0197
0.0176
0.0179
0.0177
0.0218
0.0164
0.0261
0.0367
0.0217
0.019
0.0261
0.0176
0.0261
0.0256
0.0216
0.023
0.0283
0.0192
0.0194
0.0217
0.0181
0.0177
0.0165
0.0212
0.0191
0.0171
0.0169
0.0207
0.0206
0.0185
0.0213
0.0369
0.0172
0.0166
0.0164
0.0251
0.0191
0.0179
0.0187
0.0177
0.0289
0.0167
0.0174
0.0388
0.0216
0.0175
0.0193
0.019
0.0219
0.0185
0.0184
0.0207
0.023
0.0177
0.0237
0.0256
0.0217
0.019
0.0215
0.0181
0.0208
0.0239
0.0209
0.0224
0.0214
0.0166
0.0694
0.0496
0.0259
0.0188
0.0254
0.0229
0.0411
0.0277
0.0244
0.0324
0.0235
0.0201
0.0323
0.0441
0.0222
0.0191
0.0217
0.0202
0.0223
0.0238
0.0254
0.0364
0.0555
0.0269
0.0183
0.0203
0.023
0.0278
0.0211
0.0247
0.0258
0.0217
0.0188
0.0199
0.0197
0.0168
0.0216
0.0174
0.0238
0.0206
0.0157
0.0247
0.0217
0.0216
0.0219
0.0208
0.0217
0.0169
0.0214
0.0271
0.0187
0.0182
0.0232
0.0281
0.0206
0.0184
0.0198
0.0355
0.0221
0.0192
0.016
0.0295
0.0201
0.0174
0.019
0.0185
0.0353
0.0251
0.0166
0.0207
0.0227
0.0177
0.0184
0.0214
0.0203
0.0243
0.0209
0.0193
0.0216
0.0263
0.0177
0.0231
0.0185
0.0277
0.0199
0.0166
0.0157
0.0199
0.0217
0.0196
0.0216
0.0182
0.0219
0.0355
0.0294
0.0239
0.0232
0.0317
0.0227
0.021
0.0262
0.0218
0.0214
0.0241
0.0201
0.0293
0.0285
0.0161
0.0265
0.0253
0.0258
0.027
0.0394
0.0221
0.0371
0.0408
0.0235
0.0299
0.0272
0.0204
0.0276
0.0218
0.0161
0.0285
0.0228
0.0186
0.0215
0.0242
0.023
0.0158
0.0339
0.0256
0.0236
0.0239
0.0186
0.0321
0.0252
0.0248
0.0202
0.0205
0.025
0.0258
0.0183
0.0181
0.0228
0.0199
0.0217
0.0191
0.1913
0.3588
0.0641
0.0431
0.9317
2.2686
0.0399
0.0985
0.0389
0.0256
0.8569
0.0546
0.054
0.0303
0.0216
0.0186
0.0176
0.0192
0.0188
0.0184
0.0323
0.0196
0.0235
0.0228
0.0207
0.0211
0.0201
0.0176
0.0233
0.0207
0.0178
0.0183
0.0196
0.0207
0.0194
0.0162
0.0268
0.017
0.0286
0.0173
0.0163
0.019
0.0184
0.0187
0.018
0.0219
0.0247
0.0172
0.0161
0.0154
0.0152
0.0247
0.0176
0.017
0.0169
0.0169
0.018
0.0282
0.0167
0.0354
0.0186
0.018
0.0243
0.0284
0.0272
0.0196
0.0175
0.0314
0.0235
0.0186
0.0159
0.0188
0.0179
0.0201
0.02
0.0341
0.0189
0.0171
0.0168
0.0202
0.0202
0.0162
0.02
0.0202
0.0266
0.0228
0.0175
0.0198
0.0157
0.019
0.0165
0.0159
0.0167
0.0264
0.0162
0.0205
0.0152
0.0178
0.0235
0.0345
0.0174
0.0351
0.017
0.0289
0.0202
0.0205
0.0172
0.0164
0.0379
0.0162
0.0197
0.0174
0.0186
0.0172
0.0222
0.0214
0.0217
0.0213
0.0241
0.0297
0.0177
0.0179
0.0221
0.0304
0.0164
0.0388
0.0279
0.0228
0.0203
0.0219
0.0218
0.0184
0.0174
0.0204
0.0161
0.016
0.0182
0.0228
0.0163
0.0166
0.0738
0.0207
0.0275
0.0204
0.0209
0.0217
0.0169
0.0188
0.0163
0.0139
0.0187
0.0208
0.0175
0.0163
0.0158
0.0291
0.0211
0.0156
0.0296
0.0221
0.0227
0.0181
0.0212
0.0194
0.0172
0.0176
0.0171
0.019
0.0188
0.0201
0.02
0.0158
0.0375
0.0164
0.0239
0.0218
0.0185
0.033
0.0242
0.0298
0.0228
0.0186
0.0242
0.0165
0.0184
0.0203
0.0229
0.0226
0.0273
0.0221
0.0211
0.0194
0.022
0.0237
0.0186
0.0386
0.0233
0.0185
0.0186
0.0222
0.0367
0.0363
0.0323
0.0201
0.026
0.0221
0.0232
0.0202
0.0189
0.0212
0.0249
0.0193
0.0189
0.0184
0.0244
0.0159
0.0242
0.0242
0.0237
0.0258
0.0219
0.0169
0.0245
0.025
0.0223
0.0202
0.0183
0.0162
0.0215
0.0235
0.0209
0.0295
0.0222
0.0305
0.019
0.0192
0.0197
0.023
0.021
0.0196
0.0273
0.0188
0.0172
0.0241
0.0338
0.0192
0.0244
0.018
0.0208
0.0165
0.0205
0.0193
0.0203
0.0164
0.0207
0.0215
0.0191
0.0307
0.0381
0.0174
0.0204
0.0418
0.0185
0.02
0.0375
0.0226
0.0217
0.0208
0.0174
0.0253
0.0213
0.0222
0.0211
0.0225
0.0187
0.0194
0.0246
0.0167
0.0205
0.0196
0.0205
0.0201
0.0169
0.0167
0.0214
0.0193
0.0205
0.021
0.0293
0.022
0.0173
0.0174
0.0182
0.0225
0.0161
0.0171
0.0222
0.0198
0.0441
0.0204
0.0358
0.0239
0.0177
0.02
0.0259
0.0371
0.0314
0.0521
0.0551
0.0294
0.0303
0.0254
0.0181
0.0253
0.0242
0.0288
0.023
0.0171
0.0203
0.0203
0.0201
0.0168
0.0322
0.022
0.0244
0.0226
0.0229
0.0164
0.0181
0.0225
0.0261
0.0267
0.0176
0.0161
0.0193
0.0225
0.0179
0.0215
0.0182
0.0191
0.0213
0.0249
0.0343
0.0196
0.0231
0.0207
0.0244
0.0215
0.019
0.0238
0.0171
0.0194
0.0197
0.019
0.0177
0.0187
0.0209
0.0192
0.0217
0.0178
0.0173
0.0172
0.0269
0.0204
0.022
0.0237
0.0441
0.0261
0.0253
0.0182
0.03
0.0473
0.2459
0.038
0.0418
0.0386
0.0475
0.0395
0.0285
0.0351
0.0355
0.0339
0.0267
0.0321
0.0418
0.0314
0.0321
0.0308
0.0338
0.0317
0.0267
0.0279
0.0507
0.0315
0.0296
0.0293
0.0336
0.0316
0.0597
0.0611
0.0296
0.0372
0.0333
0.0374
0.0305
0.0307
0.0524
0.039
0.0501
0.0317
0.0292
0.0437
0.0311
0.0505
0.0384
0.0318
0.029
0.0355
0.0614
0.066
0.057
0.0745
0.0849
0.065
3.5419
0.2168
0.0344
0.0279
0.02
0.2792
0.0169
0.0263
0.0245
0.0178
0.0163
0.0192
0.0266
0.0241
0.0197
0.0248
0.0194
0.0163
0.0171
0.0224
0.0189
0.0165
0.02
0.0334
0.0241
0.025
0.0177
0.0169
0.0187
0.0255
0.0173
0.02
0.0195
0.0209
0.0246
0.0161
0.0211
0.0192
0.0235
0.0197
0.0238
0.0229
0.0196
0.0231
0.0177
0.0206
0.0197
0.0206
0.0294
0.0182
0.0257
0.0279
0.0272
0.0186
0.026
0.0172
0.0296
0.0187
0.0171
0.0151
0.0161
0.0244
0.0188
0.017
0.0146
0.0169
0.0228
0.0308
0.0172
0.0168
0.0168
0.0166
0.0352
0.03
0.0222
0.0239
0.0171
0.0206
0.0217
0.0212
0.0165
0.0224
0.021
0.0336
0.0186
0.0209
0.0211
0.0247
0.0233
0.0212
0.0203
0.017
0.0273
0.0174
0.0272
0.0185
0.0163
0.0197
0.0171
0.0164
0.0163
0.0305
0.0167
0.0301
0.0183
0.0169
0.0315
0.0189
0.0192
0.0239
0.0168
0.0174
0.018
0.0174
0.0164
0.026
0.0232
0.0272
0.0225
0.0188
0.0188
0.0193
0.0215
0.0187
0.0223
0.0197
0.023
0.0205
0.0233
0.0234
0.0203
0.0208
0.0248
0.0177
0.0167
0.0165
0.0236
0.021
0.0243
0.0216
0.0185
0.0201
0.0188
0.0172
0.0185
0.0351
0.0163
0.0182
0.0336
0.0222
0.0233
0.019
0.0307
0.0321
0.0167
0.0275
0.0196
0.0188
0.0163
0.0204
0.0192
0.0195
0.0316
0.0166
0.0165
0.0224
0.0177
0.0294
0.0172
0.0266
0.0249
0.0252
0.0324
0.02
0.0199
0.022
0.0261
0.0174
0.0253
0.0214
0.0196
0.0439
0.0351
0.0234
0.0238
0.0202
0.0255
0.0208
0.0178
0.0225
0.0265
0.0209
0.017
0.0232
0.0188
0.0184
0.0261
0.0202
0.0258
0.0186
0.0264
0.0308
0.0176
0.0173
0.0182
0.0284
0.0192
0.0274
0.0258
0.0258
0.0165
0.0267
0.0271
0.0212
0.0183
0.0185
0.0182
0.0192
0.0183
0.0295
0.021
0.0229
0.0172
0.0357
0.0195
0.0175
0.0173
0.0239
0.022
0.0244
0.0157
0.0328
0.0236
0.0229
0.0173
0.0168
0.0222
0.0202
0.0222
0.0169
0.0216
0.0181
0.029
0.0201
0.0237
0.0187
0.0175
0.0183
0.0188
0.023
0.0199
0.0217
0.0323
0.0183
0.0252
0.0269
0.0222
0.0195
0.0252
0.0239
0.022
0.0169
0.0199
0.023
0.0158
0.018
0.0174
0.0183
0.0182
0.029
0.0352
0.0186
0.0182
0.0197
0.019
0.0252
0.0251
0.018
0.0209
0.0194
0.0225
0.0205
0.0225
0.0244
0.0235
0.0189
0.0185
0.0371
0.0206
0.0225
0.0208
0.0199
0.0196
0.0255
0.0181
0.0169
0.038
0.019
0.0229
0.0198
0.0212
0.0228
0.0181
0.0341
0.0641
0.027
0.0175
0.0348
0.0301
0.0219
0.0243
0.0182
0.0257
0.0269
0.0254
0.0253
0.0213
0.0232
0.0166
0.0201
0.023
0.0211
0.0234
0.0266
0.0228
0.016
0.0208
0.0205
0.0202
0.0229
0.0277
0.0225
0.0166
0.0168
0.0172
0.0219
0.0352
0.0178
0.0174
0.0255
0.0222
0.019
0.0542
0.024
0.0246
0.0177
0.0252
0.0228
0.0203
0.0191
0.0879
0.0205
0.0271
0.019
0.0299
0.0285
0.018
0.0202
0.0305
0.0372
0.0251
0.0225
0.0349
0.0202
0.0196
0.0267
0.023
0.0254
0.0177
0.0255
0.0242
0.0195
0.0177
0.0219
0.0272
0.0196
0.0244
0.0197
0.0328
0.2566
0.0452
0.0581
0.0492
0.0272
0.0438
0.039
0.0675
0.0332
0.059
0.063
0.0597
0.0325
0.1431
0.0796
0.118
1.2488
1.5253
0.4131
0.0205
0.0231
0.2526
0.0249
0.0505
0.0417
0.0373
0.0472
0.0486
0.0561
0.0213
0.0209
0.0193
0.0275
0.0213
0.0225
0.0279
0.0208
0.02
0.0176
0.0181
0.0183
0.0336
0.017
0.0195
0.0192
0.0201
0.02
0.0254
0.0186
0.0263
0.0252
0.0265
0.0302
0.0262
0.0205
0.0235
0.0266
0.0187
0.0195
0.0254
0.0341
0.0202
0.0183
0.0249
0.0205
0.0267
0.026
0.0184
0.0207
0.0214
0.0221
0.0242
0.0176
0.0276
0.0212
0.0193
0.0257
0.0242
0.0282
0.0272
0.0196
0.0214
0.0346
0.027
0.0274
0.0295
0.0199
0.021
0.0226
0.0233
0.0269
0.0295
0.0289
0.0258
0.0303
0.0448
0.0388
0.036
0.0276
0.0376
0.0494
0.0435
0.0293
0.0336
0.0211
0.0231
0.049
0.0557
0.0305
0.0242
0.0244
0.0304
0.0246
0.025
0.0216
0.0203
0.0695
0.0401
0.0298
0.0523
0.0372
0.0517
0.0324
0.0315
0.0476
0.0299
0.031
0.0439
0.0419
0.0509
0.0403
0.0323
0.0387
0.0304
0.0331
0.0524
0.0376
0.0306
0.0353
0.0282
0.0422
0.0343
0.0293
0.0375
0.0284
0.0557
0.0297
0.0354
0.0409
0.033
0.0577
0.0396
0.0358
0.0317
0.0368
0.0302
0.0391
0.0502
0.0356
0.0343
0.0275
0.0577
0.0456
0.0366
0.0437
0.0298
0.0425
0.0403
0.0461
0.0445
0.039
0.0451
0.0417
0.0368
0.0353
0.036
0.0415
0.0638
0.0373
0.0465
0.0338
0.0312
0.0627
0.0449
0.0312
0.0367
0.0316
0.0311
0.0307
0.0274
0.0501
0.0483
0.0496
0.0384
0.0454
0.0382
0.0435
0.0351
0.0457
0.0366
0.0384
0.0234
0.0183
0.0346
0.0202
0.0184
0.0581
0.065
0.0275
0.0235
0.0226
0.0253
0.0203
0.0168
0.0262
0.0226
0.0168
0.0226
0.0244
0.0223
0.0259
0.0251
0.0219
0.0357
0.0199
0.0279
0.0214
0.0195
0.0179
0.0167
0.0186
0.0171
0.0165
0.0159
0.0192
0.0171
0.017
0.0169
0.0266
0.0163
0.0232
0.0159
0.0243
0.0185
0.0266
0.0174
0.0209
0.024
0.0262
0.0193
0.022
0.0211
0.0258
0.0181
0.0216
0.0177
0.0185
0.0254
0.0212
0.0259
0.0176
0.0164
0.0228
0.0288
0.0258
0.0207
0.0176
0.0163
0.0205
0.016
0.0192
0.018
0.0197
0.0211
0.0163
0.0171
0.019
0.0171
0.0173
0.0296
0.0253
0.0198
0.0281
0.0188
0.0191
0.025
0.0224
0.024
0.0203
0.0212
0.0183
0.0188
0.019
0.0198
0.025
0.0194
0.0193
0.0239
0.0199
0.0202
0.0163
0.0252
0.0317
0.0219
0.0183
0.0202
0.0231
0.0163
0.0262
0.0188
0.0202
0.015
0.0297
0.0161
0.0365
0.0186
0.0203
0.0195
0.0174
0.019
0.0205
0.0249
0.0252
0.02
0.0225
0.0179
0.0191
0.0286
0.0213
0.0174
0.0332
0.0254
0.0242
0.0163
0.0234
0.0212
0.0162
0.023
0.0233
0.0241
0.0174
0.0158
0.017
0.0171
0.0175
0.0211
0.0291
0.0179
0.0175
0.0176
0.017
0.034
0.0174
0.0159
0.0165
0.022
0.016
0.0186
0.0173
0.0162
0.049
0.0205
0.0178
0.0174
0.0336
0.0313
0.0223
0.0226
0.0166
0.0371
0.0364
0.0256
0.0231
0.0198
0.0352
0.0215
0.0254
0.0383
0.0191
0.0365
0.0237
0.0206
0.0207
0.027
0.0257
0.0204
0.0213
0.0179
0.0266
0.0193
0.0167
0.0237
0.0168
0.0205
0.0166
0.0173
0.0303
0.0196
0.0391
0.0262
0.016
0.0253
0.0302
0.0302
0.0199
0.0171
0.03
0.0213
0.0197
0.0274
0.0181
0.0172
0.0271
0.035
0.016
0.0297
0.0165
0.0243
0.0292
0.0242
0.0283
0.0285
0.0204
0.0278
0.0267
0.0205
0.0249
0.0301
0.0222
0.0199
0.2625
0.072
0.0495
0.0475
0.0484
0.0518
0.1195
0.0307
0.0347
0.0368
0.0311
0.039
0.0643
0.0237
0.0374
0.0415
0.025
0.0278
0.0503
0.072
0.0296
0.0539
0.0474
0.0482
0.0403
0.0279
0.0476
0.0433
0.056
0.0301
0.2365
0.0225
0.0209
0.0177
0.0208
0.0177
0.0214
0.021
0.0188
0.017
0.0381
0.0169
0.0189
0.0163
0.0157
0.0161
0.0168
0.0168
0.0245
0.0164
0.0169
0.0174
0.0165
0.0308
0.0308
0.017
0.0391
0.018
0.0172
0.0169
0.0243
0.0177
0.0218
0.0177
0.0256
0.0155
0.02
0.0203
0.0202
0.0191
0.0179
0.0229
0.021
0.0234
0.0277
0.0194
0.0191
0.0261
0.0206
0.0244
0.0224
0.0199
0.0223
0.0226
0.0199
0.0185
0.0168
0.0204
0.0178
0.0202
0.024
0.0236
0.0207
0.0174
0.0187
0.0207
0.0176
0.0195
0.0183
0.0302
0.028
0.0254
0.0213
0.0213
0.024
0.0188
0.0246
0.0189
0.0176
0.0205
0.0187
0.025
0.0172
0.0221
0.0222
0.0214
0.0241
0.0226
0.0187
0.0205
0.017
0.0202
0.0188
0.0311
0.0172
0.0227
0.0338
0.0192
0.0195
0.0166
0.0236
0.02
0.0196
0.0392
0.0298
0.0291
0.0283
0.017
0.0193
0.0258
0.0223
0.0229
0.0164
0.0215
0.0274
0.0248
0.0246
0.0216
0.0216
0.0247
0.0845
0.0256
0.0197
0.0222
0.0186
0.0203
0.0203
0.0172
0.0167
0.018
0.0344
0.0207
0.0174
0.0218
0.0206
0.0246
0.0177
0.0252
0.0209
0.0213
0.0263
0.0164
0.0184
0.0196
0.0263
0.017
0.0205
0.0182
0.0204
0.0304
0.017
0.0207
0.0212
0.0348
0.0173
0.0173
0.0277
0.0383
0.0266
0.0216
0.0188
0.0186
0.0195
0.022
0.0199
0.019
0.0192
0.0169
0.0173
0.0195
0.0159
0.0182
0.0181
0.0227
0.0207
0.019
0.0219
0.0202
0.0171
0.0154
0.0171
0.0154
0.0151
0.0155
0.0169
0.0292
0.0169
0.0194
0.0164
0.0156
0.0191
0.0284
0.0207
0.017
0.0161
0.0197
0.0195
0.0221
0.0239
0.0353
0.0223
0.0201
0.0186
0.0177
0.0174
0.0169
0.0194
0.0224
0.0187
0.0183
0.0161
0.0165
0.0192
0.0188
0.0338
0.0176
0.0416
0.0171
0.0224
0.0167
0.0244
0.0174
0.0322
0.0294
0.0309
0.031
0.0186
0.0198
0.0176
0.0172
0.022
0.023
0.0219
0.0264
0.0214
0.0174
0.0181
0.0293
0.0824
0.0204
0.0181
0.0202
0.02
0.0156
0.0183
0.026
0.024
0.0203
0.0158
0.015
0.082
0.0211
0.0206
0.019
0.023
0.0246
0.0229
0.0189
0.0242
0.0265
0.0223
0.0204
0.0168
0.0422
0.0201
0.0211
0.0225
0.0213
0.0213
0.0175
0.0378
0.0185
0.0201
0.0161
0.0166
0.0364
0.0212
0.0271
0.0203
0.0275
0.0188
0.0163
0.0207
0.0203
0.0159
0.0271
0.0207
0.024
0.0199
0.0202
0.0244
0.025
0.0209
0.025
0.0258
0.0263
0.0252
0.0222
0.0255
0.0197
0.0209
0.0209
0.0256
0.0232
0.0194
0.0266
0.0203
0.0195
0.0185
0.0233
0.0202
0.0232
0.0224
0.0182
0.0228
0.0237
0.0178
0.0188
0.0202
0.0195
0.0257
0.0262
0.0157
0.0167
0.0162
0.0243
0.0165
0.0253
0.024
0.0202
0.0262
0.0253
0.0251
0.0207
0.0207
0.0213
0.0215
0.0272
0.0183
0.0219
0.0225
0.0238
0.0185
0.017
0.0208
0.0244
0.0193
0.0207
0.0237
0.0218
0.0189
0.0169
0.0182
0.0246
0.0184
0.0205
0.0189
0.0233
0.0176
0.0231
0.0187
0.0202
0.0289
0.0214
0.0181
0.0218
0.0448
0.0352
0.0231
0.0191
0.0186
0.0236
0.0193
0.0175
0.0181
0.0225
0.0223
0.0194
0.0209
0.0259
0.0199
0.0212
0.0203
0.0283
0.0255
0.0215
0.0158
0.0211
0.0198
0.0205
0.017
0.0201
0.016
0.0158
0.0169
0.0267
0.0223
0.0178
0.0179
0.0164
0.0176
0.0189
0.0164
0.0303
0.0161
0.0293
0.0218
0.0235
0.0205
0.0234
0.0204
0.0221
0.0199
0.0205
0.0202
0.043
0.0238
0.0206
0.0209
0.0217
0.0191
0.0194
0.0197
0.0206
0.02
0.0241
0.0181
0.0183
0.0164
0.0217
0.0261
0.0215
0.023
0.0208
0.0206
0.2456
0.0477
0.0584
0.1739
0.0725
1.3486
5.4765
0.1658
0.0347
0.2872
0.0371
0.0269
0.0472
0.0312
0.0513
0.028
0.0439
0.0444
0.0434
0.0309
0.0425
0.0387
0.0438
0.0462
0.0546
0.0399
0.0415
0.0404
0.0389
0.0434
0.0421
0.0417
0.0391
0.0405
0.0372
0.038
0.0377
0.0386
0.0362
0.0265
0.0412
0.0386
0.0696
0.0547
0.0307
0.0314
0.0345
0.0282
0.0617
0.0354
0.0301
0.0262
0.0279
0.0305
0.0367
0.0299
0.038
0.0282
0.0448
0.059
0.0258
0.0314
0.0431
0.0469
0.0315
0.0357
0.0314
0.0319
0.0364
0.0364
0.0584
0.0299
0.0412
0.0436
0.043
0.0424
0.0342
0.0271
0.0278
0.0247
0.0245
0.0277
0.0407
0.0274
0.0277
0.0514
0.0364
0.0325
0.0295
0.027
0.0631
0.0304
0.0324
0.0296
0.0338
0.0778
0.0288
0.0419
0.0371
0.0365
0.0413
0.0487
0.0407
0.0397
0.0365
0.042
0.0322
0.0375
0.0479
0.039
0.0343
0.0505
0.0285
0.0266
0.0266
0.029
0.0356
0.0451
0.0322
0.0333
0.0292
0.0287
0.0409
0.027
0.0289
0.0508
0.0282
0.05
0.0354
0.035
0.0433
0.0421
0.0408
0.0507
0.0217
0.0226
0.0228
0.0258
0.0217
0.0158
0.0251
0.0199
0.0235
0.0249
0.0199
0.0268
0.0217
0.0195
0.0214
0.0209
0.0193
0.0206
0.0243
0.0184
0.0205
0.0174
0.0182
0.0172
0.019
0.0178
0.02
0.02
0.0168
0.0158
0.0167
0.0178
0.0243
0.0545
0.0257
0.1182
0.0333
0.0276
0.035
0.0195
0.0289
0.0248
0.0185
0.0214
0.0159
0.0399
0.0166
0.019
0.0199
0.0165
0.0228
0.0203
0.0225
0.0204
0.0236
0.018
0.0355
0.0163
0.0179
0.0176
0.0222
0.0175
0.0183
0.0215
0.022
0.0212
0.0214
0.0248
0.0205
0.0209
0.0175
0.016
0.0214
0.0233
0.0272
0.0182
0.0191
0.0187
0.0204
0.0229
0.0359
0.0178
0.0189
0.0271
0.0231
0.0213
0.0179
0.0182
0.0264
0.024
0.0238
0.0213
0.0238
0.0207
0.0219
0.0174
0.0221
0.0252
0.0241
0.0224
0.0205
0.0242
0.0229
0.0264
0.019
0.0204
0.0223
0.0201
0.0188
0.0201
0.0271
0.0172
0.0189
0.0175
0.0234
0.0196
0.018
0.0169
0.0204
0.0205
0.0209
0.017
0.0154
0.017
0.0195
0.0194
0.0219
0.0288
0.0225
0.0277
0.0193
0.0223
0.0213
0.0248
0.0202
0.0223
0.0159
0.0274
0.025
0.0171
0.0319
0.0166
0.0218
0.0228
0.0184
0.0237
0.0178
0.0179
0.0241
0.02
0.0209
0.0175
0.0177
0.023
0.0172
0.0246
0.0237
0.0222
0.0185
0.0161
0.02
0.0241
0.0251
0.0212
0.0269
0.0205
0.0181
0.0316
0.0442
0.0491
0.0294
0.024
0.0163
0.0235
0.023
0.0228
0.0202
0.0299
0.0188
0.025
0.0206
0.023
0.0248
0.0197
0.0226
0.0201
0.023
0.024
0.0181
0.0186
0.0198
0.0283
0.0193
0.0313
0.0239
0.02
0.0171
0.019
0.0322
0.0181
0.0229
0.0218
0.0215
0.0168
0.0184
0.0238
0.0369
0.0231
0.035
0.0165
0.0168
0.0265
0.0168
0.018
0.0203
0.0174
0.0246
0.0705
0.0217
0.0341
0.0268
0.0198
0.023
0.0221
0.0332
0.0243
0.0268
0.0225
0.0256
0.043
0.046
0.0159
0.02
0.0228
0.0258
0.0304
0.0195
0.0387
0.0451
0.0226
0.0199
0.031
0.0172
0.0191
0.024
0.0242
0.0277
0.0217
0.0235
0.0338
0.0216
0.0321
0.0165
0.0255
0.0196
0.0283
0.0191
0.0191
0.0269
0.0193
0.0459
0.025
0.0353
0.0336
0.017
0.0329
0.0242
0.0349
0.0272
0.0182
0.027
0.0263
0.021
0.0405
0.0208
0.0283
0.0208
0.0401
0.0426
0.032
0.0201
0.1282
0.0985
2.5327
0.3536
0.6573
0.0447
0.2721
0.0187
0.0255
0.0204
0.0241
0.0281
0.0197
0.0155
0.023
0.0238
0.0252
0.0206
0.0227
0.02
0.0353
0.0447
0.0206
0.0206
0.017
0.0254
0.0217
0.0178
0.0244
0.0216
0.0271
0.021
0.0204
0.0274
0.0248
0.0252
0.0191
0.0238
0.0213
0.0231
0.0281
0.0186
0.027
0.0271
0.0278
0.0214
0.0265
0.0186
0.0269
0.0253
0.0203
0.0437
0.0212
0.0189
0.0245
0.0178
0.0255
0.0221
0.0166
0.0259
0.0184
0.0253
0.0293
0.0259
0.0189
0.0303
0.0203
0.0202
0.0175
0.0236
0.0316
0.0177
0.0202
0.0183
0.0257
0.0174
0.0252
0.0338
0.0262
0.0509
0.0199
0.0224
0.0199
0.019
0.0189
0.0188
0.017
0.0177
0.0199
0.0298
0.0205
0.0281
0.0179
0.0217
0.0193
0.0256
0.026
0.0175
0.019
0.0169
0.045
0.0974
0.0332
0.0218
0.0235
0.03
0.0211
0.0177
0.1009
0.0346
0.0287
0.0212
0.0306
0.0226
0.0168
0.0222
0.0163
0.0178
0.0207
0.0257
0.0282
0.028
0.0217
0.0159
0.0242
0.0191
0.0197
0.0558
0.023
0.0229
0.0208
0.0214
0.0169
0.0205
0.0192
0.0225
0.0209
0.0201
0.0248
0.0181
0.017
0.0192
0.0216
0.0316
0.0202
0.016
0.019
0.0179
0.0276
0.0202
0.0162
0.017
0.0152
0.0251
0.0206
0.0294
0.0172
0.0204
0.0171
0.0192
0.0231
0.0259
0.0258
0.0297
0.0203
0.0294
0.023
0.025
0.0185
0.0181
0.0272
0.0243
0.0198
0.0208
0.0233
0.0174
0.0259
0.0256
0.0208
0.0184
0.0166
0.0296
0.022
0.0253
0.0167
0.0161
0.0218
0.0202
0.0221
0.0162
0.023
0.0216
0.0281
0.0171
0.0197
0.0251
0.0246
0.0161
0.025
0.0171
0.0281
0.0167
0.0163
0.0154
0.0282
0.0184
0.0173
0.016
0.0353
0.0167
0.0176
0.016
0.0173
0.0217
0.018
0.0282
0.0264
0.0218
0.0164
0.0191
0.0166
0.0256
0.0227
0.0199
0.0232
0.0197
0.0185
0.0195
0.0222
0.0233
0.016
0.0182
0.0277
0.0211
0.0215
0.0221
0.033
0.0172
0.0199
0.0188
0.0872
0.0252
0.023
0.0216
0.0194
0.0177
0.0169
0.0189
0.0156
0.0155
0.0249
0.0308
0.0167
0.0318
0.0173
0.019
0.0159
0.0193
0.0203
0.0196
0.0193
0.0196
0.0239
0.0237
0.0247
0.0179
0.03
0.0313
0.0205
0.0196
0.0196
0.0204
0.0192
0.015
0.0193
0.02
0.0408
0.0312
0.0329
0.0197
0.0252
0.0219
0.0234
0.0185
0.016
0.0232
0.0239
0.0301
0.0193
0.0175
0.0193
0.0206
0.0234
0.0403
0.0212
0.0194
0.0193
0.0191
0.0183
0.0197
0.0193
0.0199
0.0198
0.0215
0.0184
0.0201
0.021
0.0185
0.0188
0.0189
0.0204
0.0187
0.0179
0.0177
0.0166
0.0179
0.021
0.045
0.0229
0.0188
0.0196
0.053
0.0204
0.0314
0.0172
0.0163
0.0177
0.0193
0.0177
0.0325
0.0218
0.0208
0.0176
0.0256
0.0171
0.0214
0.0228
0.0201
0.0189
0.0214
0.0157
0.0188
0.022
0.0189
0.0195
0.0183
0.0219
0.0217
0.0286
0.0186
0.0204
0.019
0.0195
0.017
0.0187
0.0183
0.027
0.0187
0.0227
0.0255
0.0166
0.0287
0.0151
0.0174
0.0196
0.0208
0.0195
0.0178
0.0229
0.0207
0.025
0.0153
0.0249
0.0743
0.0284
0.0263
0.0218
0.0251
0.0212
0.0208
0.028
0.0202
0.0235
0.0211
0.023
0.0236
0.0193
0.0244
0.0162
0.0247
0.0226
0.0195
0.0219
0.0221
0.0193
0.0196
0.0155
0.0215
0.0203
0.0247
0.0194
0.0172
0.0196
0.0212
0.0377
0.0181
0.0234
0.0201
0.0203
0.0254
0.0174
0.0205
0.0202
0.0252
0.0212
0.0181
0.0193
0.0204
0.018
0.016
0.016
0.016
0.0242
0.0241
0.0207
0.0159
0.0218
0.3068
0.0479
0.0534
0.0435
0.0273
0.0409
0.0629
0.0334
0.0358
0.03
0.0338
0.0301
0.0274
0.0254
0.393
2.0568
1.7233
0.0782
0.262
0.0302
0.0199
0.0247
0.0208
0.0161
0.019
0.0209
0.0167
0.0164
0.0272
0.0216
0.0201
0.026
0.0223
0.0203
0.0326
0.0249
0.0174
0.0241
0.0305
0.0494
0.0197
0.0193
0.0209
0.0181
0.0195
0.0186
0.0194
0.0196
0.0175
0.0167
0.0181
0.018
0.0208
0.0378
0.018
0.0168
0.0244
0.0355
0.0177
0.0181
0.0182
0.0174
0.0184
0.0173
0.027
0.016
0.0174
0.0197
0.0282
0.0209
0.0218
0.0186
0.017
0.0169
0.0165
0.0176
0.0168
0.0183
0.0184
0.0224
0.0174
0.0193
0.0187
0.0186
0.018
0.0229
0.0327
0.0162
0.0265
0.0247
0.0156
0.0309
0.0255
0.0228
0.0238
0.0207
0.0252
0.0204
0.0226
0.0194
0.024
0.0194
0.0283
0.0167
0.0167
0.0185
0.0188
0.0171
0.0377
0.0178
0.0174
0.0168
0.0159
0.0222
0.0302
0.0172
0.021
0.0381
0.0171
0.0173
0.0222
0.0156
0.0262
0.0334
0.0197
0.0221
0.0214
0.0228
0.0204
0.0194
0.0187
0.0215
0.0194
0.0168
0.0191
0.0163
0.0178
0.0287
0.0225
0.0257
0.0218
0.0323
0.0184
0.0208
0.0212
0.0164
0.0184
0.0239
0.0172
0.0163
0.0529
0.0207
0.0221
0.0246
0.0259
0.0174
0.0268
0.0352
0.0268
0.0243
0.0299
0.0182
0.0213
0.0167
0.0185
0.0164
0.0195
0.0243
0.0227
0.0192
0.0278
0.0276
0.0177
0.0181
0.0295
0.0189
0.0181
0.0254
0.0214
0.0201
0.0162
0.0198
0.0207
0.0179
0.0215
0.0189
0.0182
0.0255
0.0183
0.0236
0.0169
0.0162
0.0213
0.0213
0.0201
0.0376
0.026
0.0226
0.0229
0.0222
0.0222
0.0229
0.0214
0.0183
0.0221
0.0216
0.0188
0.0189
0.0172
0.0219
0.0223
0.0379
0.0233
0.0222
0.02
0.0154
0.0254
0.0164
0.0221
0.0206
0.0208
0.0219
0.0193
0.0172
0.0175
0.0173
0.0208
0.0191
0.0174
0.0178
0.0161
0.0216
0.0213
0.0193
0.0155
0.0208
0.0205
0.0252
0.0234
0.0232
0.0216
0.0178
0.0208
0.0248
0.0194
0.0194
0.0205
0.0195
0.0188
0.0202
0.019
0.0237
0.0165
0.0186
0.0274
0.0216
0.0235
0.0185
0.0278
0.0273
0.0232
0.0232
0.0263
0.0171
0.0171
0.0233
0.0191
0.0199
0.0173
0.0272
0.017
0.0168
0.0191
0.0217
0.0233
0.0203
0.0253
0.0225
0.0293
0.021
0.0201
0.0174
0.0187
0.0166
0.0248
0.0229
0.0161
0.0163
0.0187
0.015
0.016
0.0249
0.0165
0.0271
0.0169
0.018
0.0161
0.0177
0.0192
0.1075
0.0187
0.0236
0.0183
0.0219
0.0257
0.0179
0.0165
0.0254
0.0231
0.0172
0.0179
0.0166
0.0161
0.0344
0.0182
0.0195
0.0181
0.0181
0.032
0.038
0.0195
0.0192
0.0224
0.0185
0.0217
0.0209
0.0246
0.022
0.018
0.0175
0.024
0.0238
0.0187
0.0248
0.0192
0.0177
0.0163
0.0199
0.0289
0.0254
0.0161
0.0209
0.0206
0.0216
0.0212
0.0207
0.0209
0.0234
0.0185
0.0165
0.0221
0.0339
0.0245
0.0233
0.0184
0.0177
0.0206
0.0248
0.0175
0.0328
0.0179
0.0201
0.0214
0.0229
0.0183
0.0176
0.0305
0.0242
0.0243
0.0214
0.023
0.0172
0.0212
0.0248
0.022
0.0246
0.0249
0.0292
0.0174
0.0262
0.0214
0.0211
0.0186
0.0183
0.0177
0.0167
0.0196
0.0165
0.0173
0.0349
0.0196
0.0184
0.0197
0.024
0.021
0.0272
0.0192
0.0245
0.0226
0.0216
0.0216
0.0219
0.0233
0.023
0.0197
0.1475
0.0574
0.0398
0.0403
0.0308
0.0383
0.0452
0.0449
0.0292
0.0267
0.0488
0.0767
1.2622
0.2756
0.0254
0.0215
0.0224
0.0526
0.0411
0.0403
0.0255
0.0175
0.0153
0.0151
0.0162
0.0247
0.0151
0.0189
0.0237
0.0235
0.0197
0.0328
0.024
0.0165
0.0442
0.0168
0.017
0.0274
0.0213
0.0372
0.017
0.0255
0.0194
0.04
0.0221
0.0237
0.0216
0.0242
0.0297
0.0184
0.0162
0.0192
0.019
0.0223
0.0196
0.0274
0.022
0.0231
0.0212
0.0215
0.0273
0.0201
0.0202
0.0229
0.0235
0.0278
0.0208
0.0237
0.0199
0.0208
0.03
0.0202
0.0276
0.0178
0.0231
0.0173
0.0192
0.0211
0.0313
0.0221
0.021
0.0204
0.0195
0.0168
0.0173
0.0199
0.0209
0.021
0.0198
0.0233
0.0169
0.0198
0.0192
0.0212
0.0161
0.0174
0.0247
0.021
0.0162
0.0194
0.0219
0.0191
0.0183
0.0182
0.0225
0.0173
0.0186
0.038
0.0179
0.0174
0.0275
0.0203
0.0169
0.0253
0.0205
0.0183
0.0246
0.0187
0.019
0.0178
0.0173
0.0247
0.0224
0.0175
0.0225
0.0232
0.0202
0.0225
0.0216
0.0208
0.0187
0.0191
0.0185
0.0222
0.0193
0.0176
0.0181
0.0233
0.0161
0.0199
0.0234
0.1064
0.0243
0.018
0.0194
0.0182
0.0162
0.0269
0.0205
0.0269
0.0229
0.0235
0.0183
0.0262
0.018
0.0201
0.0182
0.02
0.019
0.0226
0.0183
0.0227
0.0205
0.0177
0.0186
0.0216
0.0225
0.024
0.0208
0.0201
0.0195
0.0199
0.0164
0.0215
0.0204
0.0189
0.0188
0.0274
0.0207
0.0231
0.0199
0.0191
0.0224
0.0178
0.0238
0.0232
0.0222
0.0254
0.0198
0.019
0.0234
0.0185
0.0219
0.0301
0.0258
0.0186
0.0254
0.0186
0.0216
0.0204
0.0169
0.0175
0.0197
0.0267
0.0189
0.0203
0.026
0.0178
0.0195
0.028
0.0213
0.0273
0.0214
0.0181
0.0233
0.0236
0.018
0.0181
0.0266
0.0162
0.0238
0.0189
0.0229
0.0208
0.0253
0.0176
0.0198
0.0231
0.0341
0.023
0.0191
0.0228
0.0194
0.0195
0.0199
0.0215
0.0148
0.0194
0.0221
0.0311
0.0209
0.0215
0.0195
0.0192
0.0191
0.0168
0.0175
0.016
0.0163
0.0194
0.0157
0.0244
0.0159
0.0166
0.0319
0.0655
0.018
0.0201
0.0169
0.018
0.0191
0.0225
0.0172
0.02
0.0243
0.0245
0.0207
0.0254
0.0188
0.0189
0.0191
0.0177
0.0258
0.0186
0.022
0.0208
0.0211
0.0166
0.0233
0.0225
0.0189
0.036
0.02
0.0194
0.0199
0.0216
0.0217
0.0227
0.0234
0.019
0.017
0.0169
0.0265
0.0164
0.0163
0.0174
0.0163
0.0186
0.0186
0.0291
0.0185
0.0231
0.0216
0.0216
0.0238
0.0204
0.02
0.0214
0.021
0.0195
0.0202
0.0192
0.0195
0.0186
0.0186
0.0175
0.0187
0.0176
0.0163
0.0196
0.0173
0.0241
0.0185
0.016
0.0179
0.0209
0.0192
0.0361
0.0181
0.0172
0.018
0.0199
0.0185
0.0268
0.0198
0.0279
0.0211
0.0175
0.0195
0.018
0.0297
0.03
0.0195
0.0174
0.0378
0.0168
0.0214
0.0273
0.0218
0.0205
0.0192
0.0172
0.0273
0.0228
0.019
0.0195
0.0194
0.0196
0.0178
0.0215
0.0163
0.0249
0.0212
0.0193
0.0229
0.022
0.0301
0.0239
0.0225
0.0192
0.0243
0.0211
0.0207
0.0231
0.0254
0.0212
0.0198
0.0221
0.0349
0.0239
0.0271
0.0221
0.0258
0.0263
0.0308
0.1162
0.0233
0.0231
0.0244
0.0247
0.0278
0.0245
0.0236
0.04
0.0302
0.0246
0.0717
0.0251
0.0276
0.0265
0.0186
0.0216
0.0246
0.0169
0.0171
0.0218
0.019
0.0288
0.0163
0.0215
0.0188
0.0279
0.0281
0.0407
0.0174
0.0179
0.0164
0.0164
0.0244
0.0268
0.0241
0.0323
0.018
0.0279
0.0255
0.0212
0.0313
0.0229
0.0182
0.0185
0.0185
0.0254
0.0218
0.0234
0.0183
0.0274
0.0308
0.0163
0.0182
0.0246
0.0222
0.0239
0.0188
0.0333
0.0254
0.0208
0.0278
0.0204
0.0193
0.0288
0.0247
0.0316
0.1194
0.0339
0.0335
0.0244
0.024
0.0228
0.027
0.0248
0.0188
0.0189
0.2002
0.0722
0.0267
0.0229
0.0504
0.0381
0.0279
0.0332
0.0361
0.0259
0.0319
0.0241
0.0308
0.0206
0.0216
0.0174
0.0263
0.0242
0.0165
0.026
0.0258
0.0215
0.0217
0.0237
0.018
0.0207
0.0211
0.0208
0.0163
0.0227
0.0177
0.0164
0.0161
0.0161
0.0158
0.0157
0.0153
0.0159
0.0251
0.0203
0.0191
0.0156
0.0157
0.0307
0.0178
0.0198
0.017
0.016
0.032
0.0172
0.0236
0.0196
0.0226
0.0228
0.0223
0.0304
0.0266
0.0309
0.0234
0.0255
0.0169
0.0165
0.015
0.0147
0.0157
0.0238
0.0159
0.0175
0.029
0.0212
0.0188
0.0167
0.0165
0.0343
0.0171
0.021
0.0173
0.0197
0.0166
0.0163
0.0249
0.0157
0.0178
0.0174
0.0308
0.0355
0.0188
0.0174
0.0193
0.0189
0.0205
0.0183
0.0214
0.0201
0.0212
0.0189
0.0194
0.0161
0.0158
0.0161
0.0164
0.0283
0.0161
0.0172
0.0162
0.0518
0.046
0.1126
0.0705
0.0445
0.5142
0.0281
0.0714
0.0274
0.0186
0.0274
0.0212
0.0393
0.0241
0.0201
0.0188
0.0214
0.0277
0.0201
0.027
0.0199
0.0236
0.021
0.0207
0.0198
0.0181
0.0225
0.0207
0.0204
0.0248
0.0193
0.0186
0.0226
0.0179
0.019
0.0177
0.0168
0.0173
0.0292
0.0196
0.0255
0.0217
0.0271
0.0206
0.0157
0.0191
0.0207
0.0169
0.0191
0.0168
0.0246
0.0214
0.0212
0.0208
0.0196
0.0172
0.0275
0.0196
0.0209
0.0241
0.0151
0.0209
0.0285
0.018
0.0247
0.0213
0.0156
0.0208
0.0244
0.0236
0.0208
0.0254
0.0187
0.0261
0.0162
0.0266
0.0175
0.0243
0.0255
0.0202
0.02
0.0234
0.0247
0.0194
0.0182
0.0186
0.0174
0.0151
0.0161
0.0204
0.0194
0.0231
0.0212
0.0196
0.0184
0.0186
0.0174
0.0242
0.0188
0.0164
0.0179
0.0212
0.0182
0.0241
0.0164
0.0185
0.0202
0.0186
0.0167
0.0176
0.0159
0.0207
0.0166
0.0227
0.0154
0.0165
0.0255
0.0237
0.0203
0.0184
0.0319
0.0209
0.0223
0.0209
0.0219
0.0217
0.024
0.026
0.0163
0.0204
0.0267
0.0215
0.0218
0.0197
0.0218
0.0232
0.0181
0.0289
0.0217
0.0425
0.0303
0.0199
0.0218
0.0183
0.019
0.028
0.0344
0.0198
0.0188
0.0197
0.0239
0.0215
0.0201
0.0381
0.0377
0.0203
0.0199
0.0194
0.0226
0.0208
0.0343
0.0266
0.0188
0.0184
0.023
0.0281
0.0168
0.0245
0.021
0.0205
0.0177
0.038
0.0178
0.0209
0.0242
0.0324
0.0222
0.0263
0.0263
0.0178
0.02
0.0207
0.0201
0.0211
0.0156
0.019
0.0215
0.0215
0.021
0.0218
0.0214
0.0201
0.0193
0.0203
0.0169
0.0205
0.0193
0.016
0.0227
0.019
0.0185
0.0185
0.0171
0.0173
0.0303
0.0248
0.0225
0.0189
0.0184
0.0227
0.0214
0.0252
0.0258
0.0188
0.0194
0.018
0.0158
0.019
0.0179
0.0201
0.0264
0.017
0.0333
0.0328
0.0217
0.0363
0.0314
0.0204
0.0262
0.0246
0.0255
0.0238
0.0194
0.021
0.0188
0.0418
0.0235
0.0315
0.0397
0.0374
0.0331
0.047
0.0389
0.0361
0.0388
0.0412
0.0226
0.0214
0.0183
0.0176
0.0161
0.0161
0.015
0.0253
0.0183
0.0156
0.0907
0.0351
0.0176
0.016
0.0206
0.0338
0.0213
0.0172
0.0189
0.0216
0.0282
0.022
0.0232
0.0261
0.0214
0.0343
0.0222
0.0227
0.0204
0.0288
0.0216
0.0196
0.0198
0.0205
0.0255
0.0196
0.0205
0.0179
0.0174
0.0216
0.0168
0.0187
0.0246
0.0179
0.0156
0.0195
0.02
0.0171
0.0288
0.0198
0.0207
0.0265
0.0228
0.0233
0.0178
0.018
0.0202
0.0191
0.0209
0.02
0.0182
0.0156
0.0214
0.018
0.0195
0.0193
0.0252
0.0188
0.0225
0.0159
0.0235
0.0214
0.0186
0.0307
0.0224
0.0219
0.0242
0.0207
0.0196
0.0252
0.0212
0.0195
0.0176
0.0182
0.0169
0.0166
0.0178
0.0172
0.0451
0.0214
0.018
0.0233
0.0241
0.0229
0.0177
0.0255
0.0265
0.0295
0.021
0.0305
0.0332
0.0256
0.0167
0.0223
0.0226
0.0185
0.0176
0.0174
0.0257
0.0272
0.0201
0.0195
0.023
0.0186
0.0295
0.0279
0.0224
0.0227
0.0275
0.0162
0.1484
0.0353
0.0872
0.0536
0.0437
0.271
0.0783
0.8073
0.0462
0.0224
0.0233
0.018
0.024
0.0204
0.0162
0.0209
0.0161
0.0163
0.0271
0.0311
0.0266
0.0251
0.0217
0.0239
0.0505
0.0211
0.0216
0.0306
0.0209
0.0211
0.0181
0.0163
0.027
0.0173
0.0272
0.0228
0.0165
0.0223
0.0196
0.0163
0.02
0.0337
0.0235
0.0195
0.0193
0.0193
0.0224
0.025
0.0192
0.0214
0.0224
0.0223
0.0205
0.0217
0.0199
0.0219
0.0205
0.0173
0.0205
0.0216
0.0208
0.0251
0.0223
0.0185
0.0216
0.0212
0.0172
0.0191
0.028
0.0235
0.0178
0.0191
0.0252
0.0196
0.0208
0.0202
0.0164
0.0209
0.0171
0.0247
0.0172
0.0271
0.0197
0.0441
0.0191
0.0209
0.0177
0.0182
0.0203
0.0205
0.0205
0.0159
0.0255
0.021
0.0294
0.0217
0.0266
0.0177
0.0251
0.0239
0.0219
0.0218
0.0248
0.0213
0.0442
0.0231
0.0221
0.0251
0.0184
0.0213
0.0223
0.02
0.0275
0.0172
0.0273
0.0168
0.019
0.0242
0.0163
0.0199
0.0173
0.0253
0.0186
0.0511
0.0338
0.0472
0.3785
0.0283
0.0169
0.018
0.0211
0.0235
0.0246
0.0199
0.0195
0.0188
0.0255
0.0208
0.0399
0.0209
0.0201
0.0243
0.0185
0.023
0.0234
0.0285
0.0199
0.0336
0.0197
0.0232
0.0194
0.0199
0.0184
0.0176
0.0266
0.0259
0.0177
0.0187
0.0198
0.0234
0.0198
0.0211
0.0279
0.0216
0.0184
0.0264
0.0272
0.0242
0.0256
0.0254
0.0192
0.0155
0.0177
0.0155
0.016
0.0156
0.0155
0.0154
0.0258
0.0169
0.019
0.0292
0.0363
0.018
0.0175
0.0173
0.019
0.0233
0.0181
0.0474
0.0187
0.0322
0.0246
0.0209
0.0216
0.0242
0.017
0.0238
0.019
0.0183
0.021
0.0168
0.0382
0.0237
0.0298
0.0279
0.0203
0.0254
0.0187
0.022
0.0203
0.0201
0.0207
0.0179
0.024
0.0242
0.0179
0.0744
0.0261
0.0204
0.0227
0.0202
0.0267
0.0266
0.0424
0.0237
0.021
0.0196
0.0187
0.0163
0.0196
0.0331
0.0194
0.0237
0.0218
0.0267
0.0201
0.0208
0.0231
0.0233
0.0222
0.0244
0.021
0.0207
0.0165
0.0204
0.0253
0.0204
0.022
0.0192
0.0198
0.0212
0.0224
0.0163
0.0227
0.0267
0.0225
0.0202
0.0253
0.0217
0.0194
0.0167
0.0187
0.0173
0.0207
0.0257
0.0191
0.026
0.0506
0.0226
0.0272
0.0178
0.0413
0.0199
0.0212
0.0206
0.0221
0.0215
0.0267
0.0245
0.0191
0.0254
0.0207
0.0253
0.0241
0.0176
0.0193
0.0192
0.0243
0.0204
0.0199
0.0197
0.0239
0.02
0.0272
0.0192
0.0223
0.0185
0.0193
0.0197
0.0218
0.0196
0.0177
0.0178
0.0158
0.0167
0.0231
0.0169
0.0393
0.018
0.0231
0.0762
0.0202
0.0172
0.0197
0.0172
0.0253
0.0196
0.0323
0.0239
0.025
0.022
0.0213
0.0192
0.0168
0.021
0.0199
0.0198
0.0207
0.0198
0.0232
0.0236
0.019
0.0162
0.0196
0.0463
0.0235
0.0216
0.0202
0.0223
0.0221
0.0208
0.0183
0.0207
0.0206
0.017
0.0237
0.0168
0.0176
0.0172
0.0387
0.0207
0.0183
0.0179
0.02
0.0221
0.0168
0.027
0.017
0.0425
0.0188
0.0189
0.0175
0.0228
0.0226
0.0172
0.0232
0.0221
0.0211
0.0235
0.0201
0.0188
0.0223
0.0407
0.0201
0.0384
0.0255
0.0201
0.0182
0.0225
0.0167
0.0227
0.0191
0.0238
0.0207
0.0166
0.0246
0.0203
0.0425
0.0247
0.0175
0.0242
0.0165
0.0212
0.0182
0.0177
0.0342
0.0237
0.0258
0.0215
0.0239
0.02
0.0198
0.0209
0.0316
0.024
0.0187
0.0255
0.0256
0.0195
0.0359
0.0241
0.0253
0.0163
0.0205
0.0271
0.0203
0.0246
0.0266
0.0299
0.0179
0.0243
0.0199
0.0285
0.0289
0.0243
0.0193
0.0176
0.0172
0.1415
0.031
0.1289
0.2236
0.0754
0.0564
0.147
0.0564
0.1288
0.0291
0.0256
0.0241
0.2812
0.0202
0.0445
0.0214
0.0221
0.0189
0.0198
0.0198
0.0185
0.018
0.0181
0.0168
0.0182
0.0188
0.0384
0.027
0.0209
0.0199
0.0212
0.0193
0.0205
0.0194
0.0202
0.0213
0.0201
0.0157
0.0203
0.0225
0.0269
0.0363
0.0198
0.0187
0.018
0.017
0.0161
0.0273
0.0237
0.019
0.0213
0.0165
0.0301
0.0203
0.0247
0.0203
0.0176
0.018
0.0222
0.0218
0.0201
0.0195
0.0213
0.017
0.0228
0.0171
0.0204
0.0186
0.0192
0.0167
0.0214
0.0174
0.0177
0.017
0.0185
0.0161
0.038
0.0184
0.0159
0.0161
0.0174
0.0265
0.0167
0.017
0.0168
0.0212
0.0332
0.0188
0.0246
0.0245
0.0177
0.0194
0.017
0.0207
0.0581
0.0174
0.0206
0.0174
0.0206
0.0196
0.0213
0.0234
0.0183
0.0248
0.0437
0.0264
0.0184
0.0238
0.0226
0.0252
0.023
0.0182
0.0226
0.0273
0.0244
0.0236
0.0193
0.0227
0.0188
0.0201
0.0234
0.0191
0.0196
0.0228
0.0231
0.0344
0.0164
0.0198
0.0207
0.0221
0.0203
0.0172
0.0164
0.0309
0.0175
0.0181
0.0181
0.0155
0.0343
0.0184
0.0255
0.0168
0.018
0.0215
0.0184
0.0162
0.0181
0.0184
0.0191
0.0654
0.0411
0.0188
0.0188
0.0161
0.0188
0.0176
0.0176
0.0257
0.0221
0.0198
0.0217
0.0218
0.0229
0.0198
0.0205
0.0191
0.0187
0.0227
0.0174
0.0174
0.0202
0.0375
0.0185
0.0215
0.0175
0.0365
0.0204
0.0162
0.0169
0.0266
0.0618
0.03
0.0325
0.0229
0.0299
0.0207
0.0192
0.0187
0.0179
0.0204
0.0318
0.0226
0.0235
0.0203
0.0522
0.02
0.0176
0.0267
0.0212
0.018
0.0491
0.0248
0.0164
0.0178
0.0213
0.0173
0.0202
0.0357
0.0216
0.0272
0.0221
0.0243
0.0324
0.0201
0.0223
0.0211
0.0244
0.026
0.0313
0.0215
0.0421
0.0185
0.034
0.0246
0.0222
0.0212
0.0226
0.0169
0.0263
0.0223
0.0206
0.0269
0.0322
0.0257
0.0171
0.0206
0.027
0.0273
0.0339
0.02
0.0205
0.0188
0.0238
0.0225
0.0184
0.0214
0.0225
0.0269
0.0203
0.0186
0.019
0.0164
0.0223
0.0243
0.0166
0.0235
0.0208
0.0242
0.0251
0.0167
0.0216
0.0172
0.0262
0.0217
0.0443
0.0358
0.017
0.0225
0.0237
0.0207
0.0197
0.0213
0.0213
0.0228
0.0359
0.0224
0.0226
0.0219
0.0191
0.0234
0.0165
0.0206
0.017
0.0176
0.0249
0.0215
0.02
0.0267
0.0234
0.021
0.0219
0.0162
0.0173
0.017
0.015
0.0286
0.0256
0.0181
0.0178
0.0202
0.0239
0.0214
0.0214
0.0179
0.022
0.0185
0.0157
0.0172
0.0204
0.021
0.0166
0.0167
0.0349
0.0174
0.0245
0.0217
0.0233
0.0208
0.0219
0.0196
0.0218
0.02
0.032
0.0194
0.0336
0.0219
0.0166
0.0363
0.022
0.0222
0.0247
0.0208
0.0206
0.0248
0.0188
0.0247
0.0166
0.0153
0.0181
0.0198
0.0173
0.0193
0.0185
0.0187
0.0823
0.0349
0.0248
0.0249
0.0184
0.022
0.0172
0.0202
0.0271
0.0192
0.018
0.0319
0.0221
0.0239
0.0223
0.0282
0.0279
0.0206
0.0174
0.0174
0.0205
0.0293
0.0163
0.0198
0.0194
0.0197
0.0212
0.0254
0.0242
0.0306
0.0305
0.0193
0.0197
0.0166
0.0175
0.0162
0.0211
0.0201
0.0365
0.0206
0.0244
0.0152
0.0185
0.0171
0.0222
0.0214
0.0224
0.022
0.0183
0.0193
0.0179
0.0183
0.0194
0.0184
0.0175
0.0179
0.0245
0.0351
0.0201
0.0177
0.0202
0.0243
0.0156
0.0227
0.0218
0.023
0.0227
0.0243
0.0177
0.0176
0.0175
0.0252
0.0303
0.0291
0.0171
0.0355
0.0226
0.0326
0.0239
0.0172
0.0155
0.0227
0.024
0.0204
0.0221
0.0381
0.0214
0.0217
0.0173
0.1266
0.2956
2.1273
0.4507
0.5822
0.041
0.0457
0.0649
0.0267
0.0302
0.026
0.0168
0.0218
0.0194
0.0205
0.0207
0.0197
0.0166
0.0382
0.024
0.0303
0.045
0.0232
0.0204
0.0199
0.0189
0.0279
0.0281
0.0478
0.0418
0.0448
0.0418
0.0315
0.0315
0.0485
0.0456
0.0359
0.0521
0.0327
0.0533
0.0593
0.0587
0.0623
0.044
0.0457
0.0359
0.03
0.0318
0.0347
0.0367
0.0293
0.0543
0.0301
0.0388
0.0276
0.0395
0.0457
0.0348
0.0369
0.0366
0.0406
0.0523
0.0395
0.0285
0.0445
0.0372
0.0408
0.0379
0.0434
0.04
0.0338
0.0323
0.0319
0.0311
0.0312
0.0213
0.0198
0.0185
0.0279
0.0445
0.0451
0.0241
0.0181
0.0233
0.0375
0.0212
0.0291
0.0235
0.0204
0.0235
0.0209
0.0197
0.0194
0.0345
0.0276
0.0217
0.0218
0.0352
0.0327
0.0397
0.0204
0.0262
0.0173
0.0224
0.0187
0.0179
0.0251
0.0202
0.0198
0.0224
0.0203
0.0188
0.0176
0.0217
0.02
0.0228
0.0341
0.0375
0.021
0.0207
0.023
0.0221
0.0288
0.0167
0.0202
0.0295
0.0202
0.0172
0.0213
0.0171
0.0179
0.0202
0.0347
0.028
0.0221
0.0195
0.022
0.023
0.0184
0.0345
0.0164
0.022
0.0206
0.0271
0.0163
0.0243
0.0184
0.0247
0.0236
0.0221
0.0188
0.0187
0.021
0.0256
0.0197
0.0205
0.0164
0.0185
0.0183
0.0187
0.0167
0.0187
0.0222
0.0322
0.0291
0.0192
0.0336
0.0181
0.0343
0.019
0.0192
0.0209
0.0197
0.0233
0.0232
0.0203
0.0225
0.0352
0.0324
0.0287
0.0315
0.0355
0.0375
0.0389
0.0301
0.0312
0.0298
0.0278
0.0282
0.0288
0.0329
0.0309
0.0279
0.033
0.0332
0.0525
0.0507
0.0338
0.0466
0.0372
0.0533
0.0414
0.0406
0.0429
0.0441
0.0351
0.0349
0.0479
0.042
0.0317
0.0398
0.0332
0.0558
0.0434
0.0283
0.0411
0.0506
0.142
0.0383
0.03
0.0306
0.0352
0.0335
0.0327
0.0332
0.031
0.0311
0.0292
0.0323
0.0325
0.0275
0.0282
0.032
0.0636
0.0367
0.028
0.0407
0.0262
0.0271
0.0266
0.0427
0.0282
0.0279
0.0292
0.0291
0.0273
0.0255
0.0517
0.028
0.0631
0.0327
0.0293
0.0292
0.0337
0.0274
0.0433
0.0475
0.0427
0.0408
0.0385
0.0386
0.0434
0.0288
0.0285
0.0289
0.0485
0.0414
0.051
0.0385
0.0467
0.0348
0.0372
0.0359
0.054
0.0302
0.0274
0.0298
0.0415
0.0312
0.0451
0.0451
0.0367
0.0386
0.0378
0.0439
0.0466
0.0294
0.0298
0.0466
0.0284
0.0421
0.0354
0.0386
0.0354
0.0339
0.0327
0.0356
0.0365
0.0309
0.0348
0.0322
0.0311
0.0271
0.0324
0.0388
0.0305
0.0484
0.0316
0.0319
0.0297
0.0446
0.0455
0.0335
0.0401
0.0303
0.0271
0.0372
0.0273
0.0278
0.047
0.0273
0.0318
0.0275
0.0282
0.0269
0.0681
0.0353
0.0262
0.0283
0.031
0.0268
0.024
0.0582
0.0287
0.0315
0.0324
0.0313
0.0258
0.0279
0.0252
0.0256
0.0448
0.0295
0.0381
0.06
0.0415
0.0373
0.0441
0.0401
0.0529
0.0268
0.0345
0.0374
0.0339
0.0419
0.0434
0.0446
0.0416
0.0363
0.0295
0.0307
0.0282
0.0369
0.0358
0.0312
0.0382
0.0308
0.0334
0.0316
0.0422
0.0324
0.0576
0.0326
0.0312
0.0298
0.0332
0.0319
0.0348
0.0426
0.03
0.0262
0.0416
0.0436
0.0529
0.0331
0.0286
0.034
0.0861
0.0337
0.0368
0.0411
0.0314
0.0366
0.0341
0.027
0.0506
0.0463
0.0392
0.0464
0.0428
0.0474
0.0407
0.0338
0.0491
0.0505
0.0256
0.0376
0.051
0.034
0.0413
0.0459
0.0398
0.0502
0.0567
0.031
0.0383
0.0348
0.0541
0.0364
0.039
0.0369
0.0534
0.0389
0.0497
0.0514
0.0357
0.0497
0.0475
0.0382
0.0272
0.0342
0.0415
0.0461
0.038
0.039
0.0315
0.0378
0.0412
0.0366
0.043
0.2225
0.5119
0.0521
0.0525
0.0423
0.0611
0.0392
0.0237
0.0187
0.0213
0.0386
0.0177
0.0159
0.0168
0.0174
0.0175
0.0167
0.0175
0.0164
0.0165
0.0155
0.0161
0.0154
0.039
0.0205
0.0257
0.0171
0.0162
0.0278
0.0216
0.0239
0.0208
0.0239
0.0192
0.0184
0.0197
0.0212
0.019
0.0489
0.0818
0.021
0.0178
0.018
0.0185
0.0167
0.0224
0.0166
0.0208
0.0276
0.0181
0.0179
0.0369
0.019
0.0224
0.0246
0.0201
0.0222
0.0271
0.0175
0.029
0.0177
0.0233
0.023
0.0152
0.0168
0.0192
0.0211
0.0225
0.0176
0.022
0.0238
0.0219
0.0244
0.0235
0.0166
0.018
0.0272
0.0158
0.0251
0.022
0.0216
0.023
0.0201
0.0212
0.0238
0.0222
0.0208
0.0176
0.0254
0.0227
0.0173
0.0215
0.0209
0.0155
0.0218
0.0167
0.0246
0.0259
0.0174
0.0235
0.0172
0.0184
0.0159
0.029
0.0231
0.0232
0.0239
0.0171
0.0163
0.0207
0.0184
0.0236
0.0199
0.0198
0.0198
0.0219
0.0152
0.0257
0.0224
0.0218
0.0197
0.0192
0.0228
0.0201
0.0187
0.0164
0.0218
0.0206
0.0191
0.0318
0.0266
0.0204
0.0231
0.0189
0.0195
0.0232
0.0183
0.0267
0.0213
0.0219
0.0324
0.028
0.02
0.0173
0.0208
0.0205
0.041
0.0238
0.0174
0.0207
0.0215
0.0196
0.0226
0.0178
0.017
0.0159
0.0213
0.0295
0.0188
0.0205
0.026
0.0217
0.0237
0.0208
0.0172
0.0278
0.0352
0.0245
0.0196
0.0259
0.0191
0.0253
0.0249
0.0175
0.0169
0.021
0.0224
0.0209
0.0165
0.0292
0.0214
0.0223
0.0204
0.0195
0.0156
0.0186
0.022
0.0201
0.0249
0.0231
0.0255
0.0154
0.0205
0.0193
0.0187
0.0299
0.0237
0.0272
0.0209
0.0354
0.0196
0.0226
0.0836
0.0356
0.0208
0.0347
0.0327
0.0176
0.0216
0.0189
0.0171
0.0209
0.024
0.0221
0.0231
0.0183
0.0399
0.0172
0.0185
0.0248
0.0239
0.0199
0.0199
0.0314
0.0261
0.019
0.0289
0.0321
0.0173
0.0221
0.0367
0.0259
0.0265
0.0198
0.02
0.0338
0.0286
0.0276
0.0219
0.0337
0.0264
0.026
0.02
0.0199
0.0205
0.0204
0.0191
0.0203
0.0195
0.0226
0.0197
0.0188
0.0229
0.0381
0.0204
0.0355
0.0183
0.0223
0.0292
0.0191
0.0186
0.034
0.0197
0.019
0.0179
0.0176
0.0965
0.021
0.0189
0.0224
0.0473
0.0331
0.0478
0.0395
0.0415
0.0393
0.021
0.0372
0.0685
0.0331
0.0365
0.0555
0.0534
0.0643
0.0347
0.0365
0.0391
0.082
0.0483
0.0465
0.0412
0.032
0.0382
0.0435
0.0357
0.0589
0.0407
0.0516
0.0308
0.0273
0.0277
0.0268
0.0357
0.0251
0.0397
0.0341
0.0371
0.0375
0.0368
0.0585
0.0895
0.0449
0.0491
0.0433
0.0692
0.0911
0.0548
0.0469
0.0674
0.0484
0.0349
0.0355
0.0305
0.051
0.0387
0.0335
0.0477
0.0386
0.0406
0.0413
0.0476
0.063
0.0487
0.0451
0.0409
0.0409
0.0353
0.0353
0.0565
0.0545
0.06
0.0446
0.0374
0.0271
0.0518
0.0429
0.0497
0.0345
0.0444
0.0317
0.0304
0.0321
0.036
0.042
0.0447
0.0373
0.0468
0.0316
0.0397
0.036
0.0424
0.0368
0.0416
0.0349
0.034
0.0304
0.0317
0.0325
0.0398
0.0333
0.0337
0.0298
0.0397
0.0327
0.0378
0.0259
0.0257
0.0373
0.0272
0.0259
0.033
0.0564
0.032
0.0356
0.0669
0.0359
2.1987
0.0555
0.0825
2.154
0.0441
0.0216
0.2513
0.0201
0.0191
0.021
0.0193
0.0157
0.0199
0.019
0.0173
0.019
0.0227
0.0426
0.0462
0.0449
0.0294
0.0241
0.0179
0.019
0.0327
0.0184
0.0219
0.0251
0.0209
0.0177
0.0235
0.0183
0.0186
0.0194
0.0344
0.0276
0.0303
0.0208
0.041
0.0227
0.0165
0.0199
0.0202
0.0213
0.0234
0.019
0.0193
0.0247
0.0209
0.02
0.0255
0.0199
0.0341
0.02
0.0172
0.017
0.0162
0.0163
0.0164
0.0171
0.016
0.0157
0.0276
0.0169
0.0164
0.0169
0.0166
0.0262
0.0161
0.0219
0.016
0.0169
0.0209
0.0246
0.0195
0.0194
0.0202
0.0204
0.0201
0.0223
0.0178
0.0179
0.0236
0.0183
0.0213
0.0232
0.0172
0.0237
0.0222
0.0205
0.0238
0.0236
0.0235
0.0218
0.0237
0.0208
0.0188
0.0195
0.0249
0.021
0.0326
0.0273
0.0197
0.0308
0.0241
0.0283
0.0245
0.0226
0.0299
0.0235
0.0226
0.0248
0.0216
0.0261
0.0277
0.0193
0.024
0.0237
0.0207
0.0189
0.1013
0.0174
0.0168
0.0163
0.016
0.0172
0.0161
0.0165
0.0217
0.026
0.0176
0.0169
0.032
0.0171
0.02
0.021
0.0175
0.019
0.0294
0.0224
0.0183
0.0261
0.0263
0.0176
0.021
0.0209
0.0266
0.0208
0.0221
0.0184
0.0433
0.0186
0.019
0.0262
0.0254
0.0259
0.0249
0.0258
0.0251
0.0232
0.0215
0.0225
0.0197
0.0312
0.0242
0.019
0.0334
0.0198
0.0209
0.022
0.0208
0.0179
0.0245
0.0223
0.0498
0.0398
0.0406
0.0205
0.0256
0.022
0.0223
0.0228
0.0262
0.0373
0.0457
0.0199
0.0235
0.0217
0.0177
0.0213
0.0191
0.0289
0.023
0.0215
0.0236
0.0183
0.0191
0.0317
0.0204
0.0196
0.0228
0.0248
0.0214
0.0204
0.0351
0.0298
0.0211
0.0204
0.0226
0.0217
0.0231
0.0176
0.0394
0.0232
0.0215
0.0512
0.0505
0.0368
0.0398
0.0463
0.0407
0.0411
0.0368
0.0532
0.0483
0.0423
0.037
0.0351
0.0353
0.034
0.0292
0.0312
0.0331
0.0409
0.0373
0.0424
0.045
0.0362
0.0407
0.0419
0.0463
0.0403
0.0304
0.0378
0.0228
0.0198
0.0253
0.0289
0.0248
0.0203
0.0174
0.0221
0.0361
0.0241
0.0245
0.0266
0.02
0.0213
0.0305
0.0191
0.0203
0.017
0.0204
0.019
0.0204
0.0195
0.0199
0.02
0.0242
0.02
0.0245
0.0285
0.0261
0.0191
0.0223
0.0204
0.0258
0.0241
0.0241
0.023
0.0173
0.021
0.0234
0.018
0.0209
0.0186
0.0187
0.0246
0.0198
0.017
0.0319
0.0196
0.0241
0.0233
0.0162
0.0285
0.0178
0.0231
0.0222
0.0212
0.0234
0.0215
0.0223
0.0252
0.0254
0.0258
0.0168
0.0414
0.021
0.0245
0.0236
0.0396
0.0242
0.0197
0.0208
0.0183
0.0203
0.0198
0.0161
0.0186
0.0173
0.0198
0.0166
0.026
0.0208
0.0228
0.0168
0.02
0.0165
0.0179
0.0155
0.0169
0.0174
0.022
0.0173
0.0217
0.0269
0.0204
0.0287
0.0244
0.0208
0.0269
0.0216
0.021
0.0221
0.0223
0.0223
0.0216
0.0344
0.0197
0.0186
0.0184
0.0206
0.0259
0.0321
0.0196
0.0166
0.017
0.0159
0.0196
0.0174
0.0172
0.0167
0.0162
0.0292
0.0165
0.025
0.0239
0.024
0.0212
0.0206
0.0263
0.0205
0.0223
0.0187
0.0205
0.0194
0.0178
0.0213
0.0182
0.0252
0.0266
0.0167
0.0167
0.038
0.0299
0.0235
0.0222
0.0257
0.0198
0.037
0.0239
0.0474
0.0565
0.0391
0.0406
0.0503
0.0192
0.0171
0.0702
0.0414
0.0262
0.0341
0.0345
0.0409
0.1189
0.0221
0.0281
0.0225
0.0237
0.0244
0.0282
0.0177
0.024
0.0281
0.0197
0.02
0.022
0.0218
0.0174
0.0241
0.0156
0.0181
0.0403
0.0216
0.021
0.0163
0.0416
0.0427
0.0216
0.0566
0.0215
0.038
0.0247
0.0273
0.0352
0.0211
0.0334
0.0207
0.0309
0.0245
0.0173
0.0202
0.048
0.0217
0.0261
0.0271
0.0264
0.0338
0.0211
0.0376
0.0224
0.0177
0.0273
0.0221
0.495
0.0675
0.0366
0.0337
0.0725
0.0548
0.0771
0.0802
0.0727
0.075
2.6796
0.0307
0.1316
0.0324
0.0258
0.0222
0.0184
0.0166
0.027
0.0224
0.0374
0.2165
0.0272
0.0232
0.0179
0.0242
0.0252
0.0221
0.0348
0.0233
0.0261
0.0254
0.0181
0.0206
0.0207
0.0175
0.0166
0.0265
0.0156
0.0215
0.0163
0.0285
0.0255
0.0169
0.0185
0.0295
0.0224
0.026
0.0271
0.0267
0.0233
0.0177
0.0208
0.0247
0.0169
0.0222
0.0195
0.0339
0.0295
0.0213
0.0286
0.0209
0.0215
0.0186
0.0288
0.0263
0.0192
0.0253
0.0187
0.0183
0.02
0.0191
0.0253
0.0438
0.0506
0.0319
0.0233
0.0172
0.018
0.0279
0.019
0.0225
0.0179
0.0215
0.0175
0.0229
0.0221
0.0224
0.0216
0.0207
0.0345
0.0693
0.0178
0.0222
0.0253
0.0255
0.031
0.0224
0.0221
0.0202
0.0254
0.0312
0.019
0.0244
0.0197
0.0213
0.0327
0.0202
0.0246
0.0216
0.0208
0.0255
0.0233
0.0206
0.0218
0.0208
0.0229
0.0191
0.0181
0.0198
0.0185
0.0179
0.0209
0.0245
0.0177
0.0306
0.0342
0.0186
0.0191
0.0182
0.0402
0.0351
0.02
0.0223
0.0435
0.0253
0.0291
0.028
0.0234
0.0483
0.0269
0.0201
0.017
0.0163
0.0164
0.034
0.024
0.0161
0.0379
0.0172
0.0264
0.0196
0.0273
0.0212
0.0182
0.0181
0.0214
0.0172
0.0171
0.0192
0.0316
0.0219
0.0187
0.0177
0.0243
0.0222
0.0288
0.0199
0.0293
0.0286
0.0184
0.0615
0.0206
0.0193
0.0237
0.0184
0.0169
0.0278
0.0229
0.0193
0.0256
0.0245
0.0174
0.0227
0.0172
0.0271
0.0256
0.0307
0.0165
0.025
0.034
0.0209
0.0255
0.0237
0.0244
0.0271
0.0188
0.0197
0.0208
0.0272
0.0248
0.0408
0.0389
0.0321
0.0238
0.0168
0.0281
0.017
0.0194
0.0226
0.026
0.023
0.021
0.0193
0.0204
0.017
0.0242
0.017
0.0174
0.0223
0.0347
0.0263
0.0188
0.0176
0.0232
0.0231
0.0187
0.0189
0.0187
0.0475
0.0313
0.0217
0.0205
0.0249
0.0209
0.0191
0.0339
0.0303
0.0438
0.0279
0.0306
0.0253
0.0375
0.0264
0.0308
0.0276
0.0171
0.0335
0.0421
0.0425
0.0168
0.0217
0.0208
0.0279
0.0257
0.026
0.0222
0.0175
0.0286
0.0231
0.0182
0.0272
0.0197
0.0272
0.0281
0.0204
0.026
0.0218
0.0193
0.0191
0.0184
0.0445
0.0266
0.0184
0.029
0.0193
0.0227
0.0342
0.0369
0.025
0.0425
0.0306
0.0182
0.023
0.0781
0.0293
0.0228
0.0248
0.0205
0.0326
0.0287
0.0178
0.0172
0.024
0.0176
0.0198
0.0156
0.0161
0.0493
0.0166
0.0199
0.0166
0.0176
0.0276
0.0164
0.0185
0.0174
0.0165
0.0181
0.0159
0.017
0.0173
0.0277
0.0192
0.0174
0.018
0.0184
0.0187
0.0178
0.0204
0.0188
0.0182
0.0189
0.016
0.0349
0.0187
0.0178
0.0168
0.0287
0.0171
0.0219
0.0178
0.0198
0.0227
0.0197
0.0184
0.0187
0.0172
0.0465
0.0183
0.0362
0.0251
0.0229
0.0421
0.0241
0.0188
0.0214
0.019
0.0226
0.0173
0.0245
0.0223
0.0183
0.0176
0.0425
0.0394
0.0234
0.0186
0.0198
0.0178
0.0165
0.0167
0.0175
0.0163
0.0165
0.0212
0.0285
0.0184
0.016
0.0262
0.0281
0.0314
0.0199
0.0174
0.0176
0.0176
0.0185
0.0178
0.018
0.0342
0.0177
0.0169
0.0281
0.026
0.0293
0.0256
0.0374
0.023
0.0219
0.0189
0.0283
0.0261
0.0234
0.0229
0.0196
0.021
0.0192
0.0217
0.0191
0.0245
0.0186
0.0227
0.0224
0.0661
0.0792
0.0243
0.0902
0.0211
0.0179
0.0181
0.0161
0.0415
0.0243
0.0158
0.0168
0.0165
0.0198
0.0167
0.0276
0.0244
0.018
0.0273
0.0161
0.0191
0.0169
0.0167
0.0189
0.0291
0.0278
0.0172
0.0364
0.0188
0.0202
0.025
0.0193
0.0183
0.029
0.0259
0.0268
0.0286
0.0182
0.0248
0.0209
0.0156
0.0228
0.0199
0.0229
0.0316
0.0231
0.0292
0.0236
0.0174
0.0204
0.0168
0.0215
0.0193
0.028
0.0177
0.192
0.0301
0.061
0.5691
0.4446
0.4475
0.0332
0.0335
1.3004
0.028
0.5715
0.035
0.029
0.0436
0.0211
0.0467
0.0206
0.0292
0.0223
0.0192
0.0189
0.0195
0.0175
0.0166
0.0474
0.0435
0.0382
0.0359
0.5229
0.0542
0.0286
0.019
0.0203
0.0177
0.0209
0.0172
0.022
0.0163
0.021
0.0283
0.0212
0.0159
0.0191
0.0221
0.0249
0.0163
0.021
0.0211
0.0213
0.0282
0.0198
0.0192
0.0201
0.0229
0.0231
0.017
0.0256
0.0213
0.0214
0.0214
0.0163
0.0183
0.0184
0.0173
0.0164
0.026
0.0209
0.0304
0.0201
0.0239
0.0187
0.0205
0.0189
0.0366
0.0206
0.0172
0.0166
0.0195
0.0166
0.0167
0.023
0.0172
0.0164
0.0168
0.0292
0.0159
0.0205
0.0237
0.0182
0.02
0.0171
0.0168
0.021
0.0195
0.0228
0.019
0.0168
0.0169
0.0164
0.0194
0.0315
0.0203
0.0163
0.0316
0.0181
0.0194
0.0192
0.0176
0.0162
0.016
0.0206
0.0219
0.0213
0.0205
0.017
0.0218
0.0164
0.0196
0.029
0.019
0.0197
0.0286
0.0178
0.0197
0.0187
