2856
3672
3717
4293
4737
23385
32185
36793
35977
35932
35356
34912
26112
7464
8280
5424
5469
8325
12933
8325
26973
27417
27993
36793
33937
33892
33316
32872
14224
5424
816
0
816
861
3717
22365
31165
31609
32185
36793
18145
21001
25609
34409
29801
30245
30821
49469
48893
48938
49754
46898
46082
46037
45593
36793
33937
33121
33076
32500
32056
23256
18648
0
816
1392
1836
20484
29284
33892
36748
36793
32185
31369
31324
30748
30304
11656
2856
3432
576
1020
19668
28468
31324
35932
36748
36793
32185
31369
31324
30748
30304
11656
2856
0
816
1392
1836
20484
29284
33892
36748
36793
39649
38833
38788
38212
19564
19120
23728
23773
20917
16309
17125
8325
8901
9345
27993
36793
43113
44049
44625
46350
49422
72102
97770
116159
119255
122375
124135
124625
125801
148481
154361
156311
158096
160850
142202
146810
145994
145949
148805
148229
147785
138985
139561
136705
137521
137566
156214
165014
165458
160850
157994
157178
157133
156689
147889
143281
142705
124057
128617
157561
158365
168451
168739
171235
183667
190859
196739
201228
213996
225466
226282
227032
255214
256060
237671
231351
231927
232863
235935
213255
187587
184491
181419
180483
182208
180483
202155
208475
226864
252532
257068
256492
253996
254284
256780
257584
247498
247210
246406
256492
285436
256492
258092
259268
268235
279705
282585
295085
294335
293489
265307
264491
265307
293489
294335
295085
298517
304229
305405
307745
308801
311921
312857
319739
320147
320351
329151
332371
335251
336307
363241
364363
354277
325333
327829
328117
332941
343027
342223
339727
339439
339573
345453
372387
383857
391049
378281
382425
370955
358523
351331
345451
358219
353730
354990
355806
381474
383259
386139
385017
382137
355203
355943
359063
385997
387053
390168
391290
395898
394842
397938
401010
394690
395626
373954
374530
356141
360677
362402
365029
371349
366813
341145
339420
336348
335772
334836
339114
351882
353598
357420
359331
360453
362053
364626
376096
379211
380062
379928
377432
377144
367058
367192
372016
374512
374800
384886
380062
379312
378466
377650
349468
322534
321478
318598
317476
318532
345466
348346
349468
346895
348495
349617
348017
348868
350779
353352
352501
341031
352501
355616
354494
352583
349468
349513
352369
353185
353761
372409
381209
385817
386261
388626
401316
402167
405023
411343
413683
414499
417253
428723
429574
432689
434600
437173
438773
439895
438773
437922
436011
433438
421968
418853
417253
413431
426199
429631
427915
415147
422791
427399
427444
446092
446668
449524
451284
451728
448872
448428
429780
428964
428919
428343
419543
414935
415751
414629
413573
413837
410957
413837
386903
413837
414959
404873
400049
400853
400719
410805
415629
415917
418413
415917
415629
418202
419053
416480
418080
429550
430672
433787
432971
431849
430998
427883
416413
414502
412902
415758
415713
415137
419745
421656
440304
440748
441324
441369
450169
447313
442705
440945
422297
421853
422669
425789
430397
430637
431537
433487
436060
436105
437865
437289
437733
436917
437493
437448
438264
437820
456468
437820
429020
424412
421556
421964
426572
423457
425368
423768
422917
421006
418433
406963
418433
421548
420426
422999
423850
424972
426572
427628
432117
434997
435184
434062
407128
406864
403984
408592
414304
420448
428428
430924
456592
476010
478366
481376
454442
465912
458268
465912
469344
482112
509046
521478
515598
521478
534246
530814
518046
505278
493808
489664
482472
484270
484714
503362
512162
512738
515594
515639
520247
519803
519758
519350
514742
512982
494334
493758
492942
493758
490686
487590
487014
509694
512766
534438
529902
530838
529113
533391
532455
535082
536807
532529
529902
523582
524158
527318
524745
521630
520508
509038
507438
518908
520508
521359
523270
525843
524992
528107
526196
527318
528122
531515
534357
534801
537657
542265
542310
560958
562718
561902
561326
561902
561458
552658
534010
529402
526546
527362
527317
524821
524017
513931
509107
508819
505939
507061
507781
506725
506989
533923
533736
529247
528125
526525
529098
540568
543683
545283
544432
546343
547194
548316
545743
534273
532362
529247
530063
530639
531047
539847
558495
558939
558984
563592
560736
556128
554368
553552
553507
534859
534283
533839
526195
513427
509995
514603
517459
517414
526214
544862
544046
525398
524822
524867
525683
525275
520667
511867
512443
512887
512443
510532
507959
504844
493374
492252
491401
489801
483481
481116
483972
484823
482069
469379
468563
466223
465372
467712
468528
481218
483583
489903
492657
489801
495945
503925
508533
506037
480369
478013
497431
503143
502879
521527
516919
519275
521771
513791
516801
511089
491671
488661
489783
515451
518331
517755
516633
518393
515537
510929
502129
504985
505030
505606
506050
487402
488218
515152
515107
514291
518899
512755
513811
486877
486157
485713
488833
485713
484973
480365
477250
481050
480234
501810
500025
500765
499505
504113
508721
509981
484313
491423
494538
497610
498100
500673
502059
509899
511684
537352
538168
531286
530878
533998
535758
536370
539590
539998
536878
535942
527142
526938
523718
524654
531536
530720
530144
530099
528339
523731
520875
520431
501783
502905
505785
506841
505719
504663
477729
504663
501783
500607
502557
479877
478117
474997
473212
467332
464578
462628
465078
466838
469958
471743
472583
475337
476513
476023
480559
480069
476997
455421
454035
446925
451533
448960
441120
436512
472062
474635
477707
479093
481543
483503
484453
506029
502229
508549
520019
532451
539643
545523
532755
526875
514443
512645
531034
552706
557195
530261
552941
557219
558944
559880
572648
569488
566861
562583
540911
529441
532513
531577
531001
531577
529852
507172
504100
515880
510168
513178
515674
519952
527932
529262
535406
541118
533138
552556
547948
541804
516136
496718
495596
468662
467606
465110
462100
463189
464509
469117
466761
463881
467681
475521
476907
441357
438784
436334
433262
428654
433262
431302
409726
408776
444326
446776
449349
455493
459089
457703
454861
457703
461096
460292
456899
457703
470203
479170
477994
479594
480770
492240
480770
471803
470203
457703
454823
457703
460043
460859
458105
451785
449420
436730
435914
433058
435423
441743
444497
442157
443008
443416
445531
444680
445802
467378
464928
472768
474154
478762
481212
487356
489929
485321
520871
517275
521075
513235
511849
476299
473726
467582
463782
473057
474179
492827
495005
502985
501665
500576
503216
501886
509726
532406
534317
536657
537779
528504
509856
508734
518009
536657
542801
548513
542801
539791
537295
533017
513599
505619
493839
489231
492241
494737
506517
532185
551603
556211
557807
551663
552107
554767
554812
576388
576964
573164
551588
554161
551588
516038
511430
515230
513844
549394
546944
549394
554002
546162
547548
555388
576964
570820
576964
581524
582340
583240
585994
586606
585484
566836
576111
577233
595881
586606
589233
610905
609180
610905
613977
636657
642977
668645
665573
647184
642906
620226
621162
599490
598914
597978
598554
592234
586354
599122
603611
615081
627513
616043
621923
617434
605002
597810
585042
592234
593559
612207
613329
594681
585406
584284
576304
573664
574753
577393
575215
576545
585275
606851
603051
605501
611645
614218
649768
641928
620352
584802
580194
577744
571600
572986
576786
574213
582053
586661
585275
563699
564275
564719
586295
585719
588379
585719
585674
585230
585275
559607
562727
563467
566582
567842
568658
594326
596111
600719
599597
604205
602880
604002
622650
631925
630140
627020
626204
623089
618481
617221
616481
597833
596657
590945
587513
588689
589745
588689
592121
597833
600173
597833
602111
599615
602111
610091
614699
617473
619829
622839
619829
600411
574743
570135
568539
556759
550615
544903
545719
551863
554203
551838
564528
558208
559024
558173
564493
564085
561331
563696
566450
564335
563213
564335
582983
592258
582983
564335
561995
564851
565702
564886
562436
565009
543433
578983
576410
570266
565658
570266
562426
566226
562426
526876
533020
535470
557046
555660
557046
564886
560326
563182
566062
567662
564269
561427
560623
557403
571167
564285
563877
563265
563877
562941
559821
560757
569557
572413
575533
578753
576993
575904
574574
576752
584732
587372
584732
585854
595129
576481
595129
594007
584732
584120
584732
583916
579356
578456
575702
578456
583016
583832
584732
585308
585752
607328
606752
606797
585221
582561
585221
585176
584732
586517
590317
598157
619733
621119
617319
619769
624377
626950
619110
626220
623770
619162
597586
596200
590056
593128
590555
555005
545730
544608
525960
527241
526665
527241
524614
521542
519817
518881
497209
519889
494221
487901
490973
491909
495005
496730
503050
521439
547107
524427
550095
555807
563787
568395
587813
599593
602603
608747
607931
603653
601157
598801
595791
593017
588409
580429
574285
576781
583973
576781
570901
597835
585403
586243
599011
610481
597713
610145
598675
594186
597618
599238
608038
609988
611770
615796
612724
620704
618254
611144
589568
581728
577120
574547
577301
573501
572115
569475
567297
559317
561495
564135
572115
593787
593832
594408
594852
613500
622300
626908
629764
630580
627920
606344
606920
607364
610024
613620
613044
612600
612555
612600
611784
611739
602939
607547
607103
602495
605351
605396
586748
587324
586748
583892
587000
595800
596244
597060
606335
610895
611831
619475
618624
620964
621780
618924
616559
629249
628433
630798
637118
639872
640723
643579
641239
638485
625795
619475
610675
613531
622331
640979
641024
645632
646076
645632
642524
639668
635060
634484
634439
635015
635831
635015
634199
629639
630251
633005
637565
638465
637853
636953
634199
635015
636926
659606
657266
634586
626746
624835
627175
635015
640727
646871
644015
648623
640643
634499
628787
640567
643063
647341
642733
645507
647103
649959
652969
657577
654937
673585
682385
679889
671909
669731
669686
668870
657090
656514
637096
634086
615438
606638
602030
576362
577178
577223
577799
577355
577799
582407
582851
582035
581990
578394
578970
597618
606418
605842
605887
603031
602455
624031
615231
596583
599439
598995
599439
599394
594786
595602
595647
598307
595647
596223
595779
603619
617383
619003
619048
630518
643018
651748
654863
657983
661079
638399
612731
594342
617022
642690
649010
647285
649010
649586
667975
671047
670111
671047
670471
667399
664303
657983
662591
665663
665219
668075
665219
664403
655603
655027
636379
645179
640571
659219
659663
660239
660284
661100
661055
660315
634647
633831
632571
629456
624848
621728
619943
619898
620714
619898
615290
614846
611990
612434
615290
619898
628698
610050
610626
632298
650946
650991
629319
628743
619943
612751
585817
573049
560617
559777
548307
540327
548307
551061
548307
547731
546915
546870
546915
542307
541863
523215
514415
511559
520359
520803
539451
544059
544635
545043
545859
543085
548797
554941
550333
552829
564609
552829
550333
547323
545727
539583
533871
538479
557897
583565
579287
587267
590277
568701
566041
565597
565552
564976
563376
566256
563376
572343
571167
562200
563800
552330
553506
566006
553506
564976
560368
579016
579061
579877
580321
584929
587785
587377
596177
595361
586561
587137
587092
586516
586072
567424
570280
567424
564544
566144
569024
567424
566608
569362
570178
565618
566518
565906
563152
563764
562864
567424
565059
562203
561352
558598
557782
545092
542752
536432
535856
535811
517163
516719
507919
503311
500455
499639
513681
514661
523461
524397
510633
513853
514465
511609
514465
521347
518227
517291
516679
513459
504659
507779
510533
512318
515438
524238
522288
524238
521788
520003
518827
516073
511537
508417
506657
505817
528497
530947
531787
532963
547005
532963
531983
532963
534085
536995
538955
539735
539780
545660
547260
550375
555073
546343
546787
549797
561267
573767
575387
589151
589106
585991
578151
575031
575771
562007
560387
547887
536417
537397
536417
522375
536417
535481
541801
540076
558465
555393
554817
529149
526053
551721
574401
577497
578073
555393
557118
538729
532409
535481
536417
514745
536417
530537
532137
531693
530953
532075
530475
529353
535233
539931
536921
539931
540671
541115
536417
533921
522141
502723
498115
490135
484423
481413
455745
449601
435559
434579
448621
449601
450581
464623
463643
449601
444903
444459
445581
446321
445199
445643
444903
447913
446313
440433
437423
443303
444869
446469
438489
435735
443715
446469
445489
446469
460511
446469
446654
440774
442374
445384
446506
445384
444644
444200
450080
447070
451768
452212
450646
449046
448146
452706
452094
454848
454032
454644
455460
456360
453606
449046
435004
435984
435004
449046
454926
455906
457506
462204
462944
463388
462266
476308
474708
468828
467848
453806
450796
450352
450539
450354
445656
448666
451522
460322
478970
479414
479990
480035
480851
482387
480047
457367
455456
447616
436146
449910
453025
450115
437615
435655
434875
433255
433300
441140
452610
465110
461995
463615
472345
475465
475420
461656
447614
448594
462636
461656
460056
459612
458872
455862
455675
449795
454493
460373
461973
463095
463539
464279
467289
462591
462147
462258
462303
462879
465987
457187
454331
458939
459755
459179
459587
458051
466851
448203
448158
447342
449348
450328
449348
435306
413634
413589
413013
413457
404657
401549
400733
400622
419270
422126
430926
434319
434364
435180
447870
456670
461278
464134
463726
459118
459694
461294
464304
465426
470124
470864
476744
475622
470924
470184
469740
466730
460850
461294
459694
468661
466655
465675
462603
460878
460302
437622
431302
405634
404698
386309
383213
383168
364520
369128
368552
369368
372224
369368
368552
368597
369173
369617
369173
387821
396621
392013
383213
374246
373802
373062
371462
365582
364460
359762
356752
361360
370160
367304
370160
361360
361936
361981
362797
344149
343705
343129
343084
342268
342712
361360
356752
357652
354898
353998
353182
348622
348826
349744
350560
352840
352228
357940
356884
354544
353368
355708
356764
360196
356764
351052
352228
360208
362962
360208
352228
351784
351829
351253
332605
333421
328813
327997
330853
335461
344261
362909
363353
363929
355129
355084
352228
353164
362439
373909
375505
389269
392023
389143
386287
389143
392023
390423
392023
391579
386971
387787
384931
366283
357483
358059
357483
349839
349023
349959
350004
359279
368079
367143
371751
390399
390843
393699
393654
401298
405858
396583
392023
378259
375139
373519
373474
370359
361629
350159
337659
329819
338619
343227
346083
364731
346083
346659
346704
347520
344664
340056
331256
330812
329996
329420
329375
329486
329531
330107
330923
328067
328022
336822
341430
336822
355470
358326
339678
339567
338991
330191
329375
329486
326630
319748
310948
310012
306892
310012
309400
318200
318812
322032
324888
338652
335432
336368
335552
316904
308104
308059
311174
311063
306455
303599
308159
309545
318512
317936
318676
354226
375802
385077
410745
409623
410745
413318
432854
441821
438706
403156
401770
392495
418163
419549
414989
419549
418809
397233
371565
362598
398148
401263
422839
424164
424904
424088
421808
421604
420704
419786
420908
421759
423670
426243
437713
440828
442428
433461
407793
406468
384892
388488
387748
396715
432265
436825
439940
441265
436705
462373
463759
460644
461384
459998
424448
425504
451172
454292
464378
456398
453644
461624
464378
452908
451732
450132
447252
444679
433209
424242
411742
410891
411742
413342
415253
414131
416704
428174
431289
429689
430811
427696
425785
422670
418110
443778
453053
474629
477744
478484
477098
476358
440808
445368
446754
482304
456636
455311
451715
452996
444029
445629
446751
447602
450175
447060
435590
433017
431106
430255
429133
432248
434159
432559
444029
450173
445565
481115
485393
486718
508294
511409
515969
524936
520376
518990
517709
482159
483545
480430
458854
449579
450319
424651
423911
424045
442693
450673
453123
455619
455730
456906
465706
466282
463167
462045
464618
453148
451548
454663
456574
457425
468895
466984
468106
469706
467133
466282
463167
427617
406041
405301
401023
392056
387496
413164
417724
419110
417724
426691
462241
462981
466096
487672
488997
487672
484557
496027
497627
499538
502111
490641
488068
486157
485306
484184
482584
485699
486550
487672
496639
501199
502585
538135
537395
558971
584639
580079
544529
545854
542739
545854
524278
522953
523693
522307
496639
487672
491065
499865
502721
499865
496472
487672
500362
487672
478942
477342
476220
487690
485779
488894
488043
489165
490765
487650
488501
477031
478942
481515
478942
477556
468589
433039
432299
430974
405306
400746
379170
376055
374455
375306
377217
378339
375224
363754
361181
360330
359208
362323
360412
371882
374455
376055
373301
365321
362465
365345
368201
369801
368201
365321
363536
362685
361085
359963
358052
354937
352364
340894
342514
341233
343144
355834
358474
359670
362550
369660
366540
364590
387270
390390
393144
399024
400809
403259
412059
413235
411450
410610
407856
406680
404230
381550
383500
374700
372750
370177
367057
366157
365917
361309
360697
346933
338133
335277
332057
328937
328001
339471
337875
335121
321357
329337
338612
327142
340906
331631
330695
331631
334385
333809
336174
338085
349865
351041
342241
343177
335197
343177
361825
362401
364897
365008
364897
362447
363251
372051
374501
396173
394997
392501
373853
373719
374570
383845
391489
396049
395113
385838
378194
373634
374570
376530
402198
410178
412089
416913
419667
420567
429063
441831
454331
462171
463293
482711
485465
487289
484217
487682
488852
490472
498116
507391
508777
534445
533249
536129
540077
545837
547748
583298
570608
573248
594824
602016
602952
601041
593931
606363
603723
600843
602039
614729
607085
597810
594345
601989
603375
601755
600585
609860
611030
609644
613109
614729
624004
625174
632818
636283
637669
639289
635824
634204
633034
623759
622373
614729
613553
611213
610157
612497
614213
615029
616205
617261
613829
608117
620807
624200
620807
629607
620807
617951
605261
608117
598842
597456
589812
599087
600707
608351
609521
610907
614372
613202
609737
608117
605261
602381
600781
599977
599041
590241
592152
594517
616189
617125
614760
615936
616740
595068
595512
614160
616656
604876
602426
600515
592535
592424
593000
590504
602284
601108
609088
611538
620338
601690
601114
608758
612190
624958
623572
615928
614758
615928
606653
608273
611738
608273
609659
617303
615683
624958
646630
627212
635708
643548
662966
664088
676588
673834
661334
664088
656248
647752
646630
648016
646846
648016
649341
647955
651420
653040
660684
653040
643765
642145
638680
645872
646808
634376
646808
639616
661192
657244
635668
629908
635668
634732
638680
635215
627571
626185
629650
630820
632145
633531
635151
633826
641470
639850
638680
635248
642892
646324
659092
651448
638680
644824
638680
635215
633890
626246
627866
629036
638311
639697
647341
650806
649186
647800
646630
644680
635880
631854
630072
626640
625020
625836
631548
631836
637980
639705
642547
643669
653755
662555
665565
668785
669721
662077
658612
656992
655822
646547
645161
647072
659762
658566
684234
681354
683994
684894
686854
691678
686854
688765
724315
727069
729949
731145
729234
716544
718140
715386
714486
712575
704595
678927
676967
674327
638777
637721
663389
673475
676595
666509
663389
664445
638777
651545
643901
640469
627701
635345
638777
639628
640750
649246
651906
644066
641312
644066
631566
639406
619988
618866
610370
629788
642288
642748
643192
670126
682894
694364
697206
689226
688290
676820
674066
660302
651027
647079
646143
651903
664335
658575
662523
663459
651027
658219
636643
629451
651027
651603
651648
652092
654948
659556
668356
687004
687820
685324
693304
695754
696930
678282
677106
676302
668322
670818
671262
670818
671394
673305
672369
650697
648786
637006
637942
659614
678262
680627
681431
693211
690846
699646
697196
696620
687820
684388
671620
663976
663532
644884
644068
635268
630660
631104
628248
627672
627717
646365
655165
659773
662629
663205
664021
663976
664384
664624
665374
668034
668079
667503
664647
655847
637199
636755
636710
637526
636710
637286
637730
656378
665178
669786
670194
665586
662576
656432
662576
672662
671726
672662
671540
674760
677770
686570
683350
674550
675672
665586
656786
656741
656297
659405
658829
667629
668073
668649
668694
669510
669102
650454
655062
655638
651030
650214
653070
652626
655846
644376
631608
632052
605118
604658
601816
613286
626054
652988
655830
681498
682314
685170
689778
698578
717226
717670
718246
717430
714574
709966
701166
701121
700677
700101
700146
697038
697854
696129
701841
702129
703854
706696
705880
700168
697326
697038
697854
697278
696462
691854
683054
687662
687218
705866
706310
706355
706931
715731
712875
694227
694182
697038
684348
675548
672155
684845
687701
684845
693645
697038
661488
649056
645108
643197
637437
615861
603171
602235
601039
598159
590967
588327
592935
592491
591675
591630
591054
588198
589014
584406
575606
578462
587262
605910
606354
606930
606975
588327
568909
560413
552573
571991
569237
571991
559491
567331
575827
588327
589449
588327
595519
598015
600871
602831
598271
588996
581352
580416
574536
571782
569997
568047
576847
578632
569832
572952
575706
573256
550576
556456
558406
555286
554110
555286
557736
580416
580860
580905
580329
583185
584001
588609
589185
570537
561737
557129
554273
554228
572876
572432
571616
580416
591886
594728
591508
604276
631210
634430
634874
622106
595172
592330
591886
580416
583536
582960
582516
563868
555068
550460
547604
547649
546833
547409
547853
566501
575301
575256
578112
578928
583536
612480
638148
640108
641008
636184
634273
608605
611359
609399
608499
605745
613725
615636
614040
632688
629832
625224
616424
597776
597200
597155
596339
595895
587095
584645
587095
586291
588787
587611
587167
584671
584095
565447
574247
582227
574247
575423
574487
574931
553259
551348
539568
540504
543600
545965
546769
558549
560460
563568
564144
561779
560928
564148
560928
550842
551964
548954
542810
541874
533074
536084
542228
543164
551964
550842
560928
564148
563704
536770
525300
525744
528586
525744
537214
564148
551380
564148
560928
568120
565264
568120
560928
558968
556472
558432
560928
562124
561002
562124
569964
572718
592136
604636
592136
589382
597878
589382
569964
562124
564035
571875
594555
596895
599737
594025
593737
595462
592620
590895
591711
597423
597711
596895
595275
594831
591611
588769
576001
564531
567751
568195
571037
597971
610739
622209
595275
582507
584467
577275
580131
578171
575675
578171
585363
582507
586307
583087
576943
579953
578831
568745
559945
559009
559945
570031
567021
570241
571363
577507
586307
585251
588683
589739
592079
593255
598967
598151
596975
594635
592919
586775
598555
599491
590691
589515
586407
595207
597657
605637
605771
606947
607391
609887
610463
613571
611206
608710
605614
604678
604234
596254
595678
594874
592963
594874
597239
618911
607131
604681
601461
614229
618718
618274
615432
618274
591340
593634
582164
569396
569856
570300
569400
567440
541772
512828
541772
543732
544632
547386
545475
537495
545475
542721
568389
570300
550882
543042
555542
574960
566464
569218
568096
555596
556718
564558
573054
570300
573156
585846
589239
576549
573693
564893
561500
570300
571104
574497
577339
582037
584893
577701
580197
587389
589349
586493
583997
582037
583093
584215
587095
614029
614473
614013
626781
653715
650873
646384
633616
631322
634542
637384
648854
648410
646685
652397
654122
654410
653594
647882
648698
645856
647032
649874
649586
650522
640436
637426
634206
628062
627126
618326
621336
630136
631258
641344
647488
650708
649586
639500
613832
610712
609656
607832
582164
581108
554174
551294
550172
551228
578162
581042
582164
595928
598043
605883
606723
615998
620696
621872
622614
631344
638536
641392
639432
632240
629744
626888
628848
631344
638536
637414
649914
641418
622000
614160
622656
619902
639320
640442
627942
635782
638536
627066
600132
597290
584522
581302
580858
588698
611378
588698
586358
584447
576607
578947
580858
583738
584860
557926
556804
553924
580858
579802
580858
592638
591787
588679
588103
585738
587649
578849
600521
588741
586830
565158
564222
566587
564137
561641
553661
553527
552351
551907
552843
553743
556497
561057
561873
562485
571760
563920
563080
576844
589534
594232
584957
585699
586875
592755
600595
599853
598677
584913
580215
578100
556428
559308
560364
559242
556362
529428
528372
529494
556428
555624
552782
553586
556979
559821
556428
554517
553617
527949
525195
517215
515255
486311
485375
482365
479145
473001
464201
454115
452993
456003
462147
463083
471883
475103
476225
486311
505729
508609
509785
509035
508795
508387
505727
508583
511243
511483
512233
510273
512769
505577
503081
500225
502185
509377
512233
485299
486355
485299
488179
485299
484177
485299
489788
491513
494355
492630
493446
499158
499446
498630
495788
495500
489788
491573
505337
506079
507255
506513
497238
483474
478776
466086
468201
476041
476881
478206
477030
478596
472716
464876
465692
468548
468593
473201
473777
492425
492869
501669
510165
529583
537423
549923
551045
549923
547169
527751
530505
518005
510165
501669
500853
492053
510701
510656
506048
487400
486824
486380
486956
495756
498612
499056
499872
499917
504525
501669
510469
509293
511743
512919
518799
520584
523704
521754
499074
496320
490440
488655
485535
476735
499415
501365
504119
501669
500853
499953
504513
505329
504717
507471
508083
503523
504423
501669
500547
496058
493178
494234
497114
524048
522992
524114
524159
523343
526199
534999
553647
554223
558831
540183
540627
540051
539607
540423
531623
528767
524159
524114
498446
511136
507743
498943
486253
483397
480541
479965
475357
475312
474496
465696
447048
449904
449460
458260
461653
466261
466306
466882
467326
470182
488830
489646
498446
512210
498446
496880
496040
488200
488942
490118
488793
487617
485502
484760
489458
498733
506573
519263
520103
521159
522281
495347
494291
491411
494291
521225
520103
520511
523007
521047
513855
511359
513157
510301
512261
521061
516453
513597
512781
513597
513642
514218
514662
533310
536166
540774
540198
539754
539709
530909
528544
540324
539388
520740
542412
543348
545713
543802
522130
524041
526897
515117
534535
531655
532831
513413
516293
515117
517757
525737
527915
536715
518067
517623
518067
518883
518928
510128
509552
510128
528776
527960
532568
535424
532568
532523
527915
526979
520835
517615
514605
523405
526625
529697
519611
522621
521499
522621
523557
514757
524843
525965
526685
526949
525827
522947
496013
494957
521891
524747
529355
520555
520600
521176
521620
540268
549068
549884
547028
546983
546167
527519
527075
526499
521891
518498
517694
518890
519434
522094
519252
527232
524376
524421
519813
511013
492365
491921
492737
491921
491345
491789
510437
519237
519192
523800
526656
527232
536507
522743
518045
531809
531067
529891
522051
527931
535771
540469
553159
553901
544626
543786
531096
532272
527712
526896
527796
528408
527508
524754
525570
524958
527712
532272
512854
511732
503892
495396
492642
489982
477482
469642
467731
465391
442711
444311
447167
450047
431399
450047
449603
449027
449843
449888
450464
450419
441619
437011
436195
436639
445439
442583
447191
450047
448925
448205
421271
421007
420431
422051
419209
419497
417319
409339
406699
408877
416857
419497
420313
426025
427750
430592
429776
424064
423776
422051
424547
431739
429941
427445
425485
425077
427037
429893
427037
426593
407945
399145
394537
394492
393676
393100
393644
401624
393644
390984
393644
393100
391904
393100
389980
387100
389980
409398
408222
388804
389980
377290
380405
375707
361943
360767
351492
350750
344870
356340
358913
360824
361675
362797
354957
356557
360505
358165
354733
355789
350077
348901
347845
353557
354733
357073
360505
361309
368419
368863
371523
371568
393144
393720
392869
389754
387181
375711
377311
378433
379284
381195
383768
382168
381046
392516
390605
393720
396360
394182
386202
383562
385740
393720
390500
400586
401708
410508
411444
417588
420808
423818
422696
412610
409538
406528
405592
396792
388812
386152
394132
393588
392392
393588
394132
396792
395856
417528
395856
396792
415181
417092
414727
412816
424596
426961
415181
416032
417943
420516
418916
430386
433501
432889
421419
418665
415550
412977
411066
415626
416526
419280
420096
419280
418380
419980
421102
420251
415691
414569
415181
417677
419637
422493
429685
426829
419637
417677
415181
417092
418692
415577
414726
412153
413275
411364
413937
425407
428522
426922
425800
414330
415181
416303
415107
415347
427847
429527
432599
435172
435616
437236
466180
466920
468540
480010
493774
502504
510344
513459
513504
526004
529124
529700
551276
553936
554380
554425
553849
551189
551144
550700
529124
527928
527384
519404
516744
517940
525920
528580
529124
537104
539744
541922
539282
531302
529124
510476
512387
509814
521284
522884
524006
524857
527430
530545
529423
528572
526661
515191
512076
510476
509300
512180
513356
493938
491058
510476
509354
506781
487245
475775
477686
475775
476897
473782
471209
472060
483530
486103
485252
484130
487245
485645
487245
488970
488682
489498
495210
495498
498340
496615
493773
488061
487245
483852
471162
462362
459506
470976
467861
456391
453818
451907
450307
449456
448334
450907
451758
453669
455269
456391
459506
451526
448866
456846
455650
458310
458854
460050
459506
457546
450354
447498
445002
442342
420766
420190
420235
420811
423471
445047
444603
444558
445002
440304
441024
443778
451758
452574
457134
454956
446976
447876
448488
445848
445032
442278
444456
443556
446196
445584
441024
432224
435444
425358
426294
425172
421952
422139
425149
431293
428283
427347
437433
446233
440089
438489
435374
423904
423053
421142
420020
417447
413647
416767
430531
432151
444651
441531
450261
447146
439306
430576
430531
418031
416411
402647
410487
410532
413647
415941
404471
407327
404471
401591
403191
401591
404471
403927
404471
407131
404471
403275
395295
396491
404471
403535
425207
427572
429483
441263
439352
440288
418616
406836
404471
404759
407639
427057
428233
425353
405935
404759
402099
401523
401568
402012
402588
402543
424119
423675
426335
404759
402119
394139
391961
410350
414958
423925
437967
440721
441146
433166
430506
431702
439682
440226
439682
442342
441146
440246
437492
436676
441236
442052
442952
438392
441146
440534
441146
432416
440912
441200
443696
447089
450309
468698
473396
478094
478638
500214
500259
497599
497554
497998
476422
475846
478506
479082
478638
475796
478638
468552
462408
459398
450598
448873
447937
447121
452833
453121
454846
449134
448846
445626
446442
446255
444635
444590
430826
427711
430831
432451
444951
436221
433927
447691
439851
427351
430466
438306
438351
447081
458551
455431
452771
453967
453423
452227
460207
460751
463411
455431
457051
457495
459175
488119
488859
491931
504431
503691
502071
501831
500151
487651
490224
461280
458208
457764
455191
455431
490981
483871
484005
483201
477321
454641
452691
454641
445841
442721
440936
438182
439358
436908
440028
441813
444567
453367
455817
461697
460521
483201
476009
474833
476009
478889
459471
456591
476009
476825
479165
481530
494220
496974
503294
506150
507001
507241
510097
510847
508187
505331
507991
507751
507001
508123
510238
511218
513583
514633
523433
528131
525471
503895
503319
503274
502830
501045
492549
495942
498438
498726
480337
483557
488255
496751
493358
490138
487642
487354
482656
501045
503705
504249
512229
511033
503053
500393
501589
501045
502645
490865
502645
480973
480037
477672
479583
477672
480037
480973
502645
498085
497269
496369
493615
493003
493579
494023
512671
521471
524327
524372
525188
529796
528620
519820
518840
517718
522416
524531
519833
528633
529613
530735
533100
530985
528620
527570
528620
547009
549984
535942
533188
532763
537371
551413
554167
549559
540592
522203
531170
526562
535362
539970
543078
540222
541038
541083
532283
532859
533303
532727
532682
531866
532274
513626
513182
511562
503722
489958
486838
478108
466638
454138
451023
450978
447870
447915
456715
452107
451663
442863
445719
445311
445887
464535
463719
463143
463959
464403
469011
468966
466306
458326
457782
456586
457756
460612
461788
464668
445250
464668
461788
462604
462028
461983
461167
452367
451191
432543
429687
425079
425124
425700
426144
444792
453592
458200
457756
458926
455533
452313
454809
458202
458490
455994
464490
469188
464490
464202
467422
458926
440537
458926
459906
461028
458663
457541
456561
447761
445646
440948
442708
443758
448456
450821
449771
451886
453486
456342
459222
457622
454766
451886
451070
445358
445070
442228
440503
439687
436831
436255
436210
427410
408762
404154
404199
404775
407883
416683
421291
424147
423703
424519
424963
428183
432743
434703
435603
436407
444387
445107
442353
443204
446060
448814
446449
440129
442494
429804
436124
433784
432933
430077
432417
433233
445923
445107
436307
433451
433007
432191
432146
431570
428462
428507
447155
455955
460563
463419
458811
459387
459831
460647
460602
459786
458664
456549
455499
453739
444939
426291
444939
440331
437475
438291
438336
438912
438336
438780
447580
452188
452596
451616
446918
449033
450083
458883
459863
460985
463350
468048
465683
465239
460679
465239
464339
463535
462815
459595
451615
452515
453319
454039
462019
460059
462019
465239
465284
446636
446192
447008
446963
447539
446963
455763
460371
460815
452015
451607
446999
446183
449039
467687
461975
463151
466583
465407
467747
465407
464351
465407
471119
467687
468231
463533
462989
467687
472385
453996
450603
447383
444887
453383
455879
459272
462492
480881
480593
480881
472385
467687
458887
458842
454234
453658
450802
450358
431710
432286
436894
439750
440566
449366
449810
468458
468503
467687
470907
471627
473587
478147
486127
486261
487161
489526
491311
483331
480111
479391
478587
477687
475727
471167
471983
469618
470368
498550
499396
477724
476788
465008
462152
460241
461291
470091
468969
467989
459189
471879
470829
468714
473412
475777
476899
477879
473181
470816
470771
469955
467099
448451
439651
439207
438631
434023
432847
413429
410549
429967
431143
434023
446523
447263
450335
448655
436155
435415
433795
433351
430279
430039
401095
403668
403908
405588
434532
431959
432403
434023
455599
452845
438803
452845
449870
452845
461812
463348
466102
484491
475524
470916
452527
453331
445351
444631
444497
443597
441637
438417
440377
435817
440377
448357
451577
452477
453197
454247
449549
451914
443114
455804
464604
463624
464746
463624
468322
465957
464907
452217
453197
452381
450041
452795
459115
446425
447276
450132
448347
450712
451528
453313
455653
452797
451946
449192
442872
455562
457927
455562
453197
453741
449043
446547
443327
424938
424650
421257
412761
409541
408821
408017
407117
405157
407117
411677
419657
422877
418317
419037
419841
420741
412761
377211
377077
412627
413431
419191
421945
422925
441573
443298
444684
445404
449430
452502
451656
423474
422658
423504
422754
423504
424320
425580
424600
415800
403110
407808
410173
409123
410103
411225
412275
424965
422600
421478
430278
425580
424680
423960
422000
426560
429780
430500
431304
432204
434164
429604
421624
420820
417600
425580
427945
425580
427365
425580
426756
429636
410218
409042
406162
425580
426070
428076
427586
425580
439622
440602
439702
440602
436042
434082
433278
432558
429338
431298
423318
427878
428598
431818
439798
440602
441092
428402
433100
432050
440850
439870
438748
439870
431070
426372
424007
425057
427422
440112
442968
444568
445288
442432
439552
437952
423910
437952
438932
437952
437106
433080
432330
431514
445556
446536
432494
431514
428294
436274
439494
437534
436634
435830
435110
432745
434705
430145
434705
437070
437204
438104
439889
440609
432629
430844
412455
414055
413335
410479
411330
414084
413268
410928
398238
400578
403434
402583
403399
397079
394714
407404
413724
416089
413335
412615
415369
416349
418074
409107
427755
428475
434235
436989
439964
458353
462961
448919
446165
443190
442210
423821
437863
446830
441070
439684
421036
419500
420886
406844
405119
419161
416407
415427
416407
415357
420055
407365
408487
409467
418267
430957
428592
427470
418670
421035
420545
421595
416897
430939
431919
417877
416897
417441
422139
417441
416897
415277
423257
422357
426917
424957
428177
429077
431037
431757
423777
420557
419837
419703
415143
415947
429989
415947
414967
415947
413067
411891
420691
416743
397325
411367
397325
396345
397325
395540
397905
399690
397325
384825
385269
386889
385209
388281
389961
387388
388128
400628
397556
397796
400369
371425
371185
370741
399685
398065
397325
399690
404388
399828
399108
398304
399354
412044
407346
406366
405244
396444
395394
382704
381804
378584
376624
385424
383059
375079
376059
377181
378161
364119
378161
377181
380037
384645
384690
385266
385710
404358
405174
413974
433510
442310
443360
443904
444624
447398
449018
449063
449981
451763
452579
466621
465641
451599
452579
454364
452579
455699
452945
447065
424385
421265
412465
421265
422441
424891
447571
449521
448345
454225
451775
449825
452579
461379
464235
468843
469659
469704
488352
483744
474944
472088
471644
471068
471023
470207
470651
471227
452579
438537
437557
438133
433525
433570
434014
415366
424166
428774
431630
428774
447422
438622
435868
435424
433699
415051
414331
420091
420811
439459
441184
442570
436810
435424
434444
435424
436240
435424
435379
434803
437557
428757
416067
415087
410389
408024
406974
405852
404067
406432
408217
405852
387204
382596
401244
401688
402264
402309
399453
402309
393509
394325
393749
393704
392888
397496
406296
405852
399532
397192
400048
397192
398043
385353
382988
382137
384502
386842
387658
400348
406668
409422
408606
405852
406296
406872
425520
422664
427272
428088
428133
436933
432325
431749
413101
412657
403857
403812
402996
405852
402996
400336
399586
399346
398224
412266
407658
398858
380210
379766
379811
376955
376910
376094
378848
364806
383195
387803
396770
394016
391041
372652
368044
367468
368284
371259
362292
362868
365724
366168
384816
393616
398224
395859
398224
396439
398224
399040
394432
403232
394432
393628
358078
357262
338614
338569
339145
339949
358597
358153
358597
358021
393571
390715
390760
393616
398224
397936
398752
395896
396472
396517
405317
405761
424409
427265
426449
426404
425960
407312
398512
403120
402544
397936
396336
410378
407522
405922
405202
404386
404962
404917
404341
403897
385249
380641
377785
378601
378646
379090
360442
369242
373850
368090
367370
365984
384632
382907
380153
379173
370373
373229
359187
358611
349811
347446
342838
345203
343418
343373
342557
344342
341486
322838
322394
332480
331936
332480
337178
332480
331629
328875
322555
320190
307500
306684
304344
301488
298714
299434
302188
300568
319986
319068
319023
318207
316425
316969
315919
315199
316249
317869
317914
318730
320512
319968
316536
318876
320052
325764
326820
325764
329196
328020
325680
319968
321090
339738
349013
347843
350915
353488
353728
355408
367908
368648
370268
369528
340584
369528
366456
364836
365280
352780
350207
349967
349523
347843
345478
343693
344815
363463
372738
371616
352968
343693
344269
353544
372192
353544
344269
345391
344269
362658
365633
356666
338277
333669
336423
341031
349998
347023
332981
330227
332233
333355
332233
313585
304310
313585
332233
339425
338303
319655
310380
329028
338303
339425
342540
323892
314617
315739
334387
343662
342540
343662
362310
353035
334387
333265
342540
345420
380970
383610
396300
398211
399407
418825
419369
420089
421871
422687
421067
418313
398895
398351
397631
395849
395804
398558
397508
396692
398312
398357
379709
380759
379637
370362
396030
394770
430320
431060
434175
435561
444836
470504
475064
484031
505607
541157
505607
504803
505607
504437
501365
536915
532355
496805
501365
502751
511718
512458
511718
533294
534619
560287
558901
549934
546819
525243
499575
502690
493415
493959
489261
488717
493415
484448
482442
479688
476713
458324
453716
458276
483944
485330
494297
529847
530587
533702
508034
517309
538885
534325
533000
529885
529145
507569
498602
497216
461666
432722
435295
433615
421115
420375
418755
418311
415239
444183
445803
447483
459983
460723
461167
464239
463999
461426
461666
460926
461666
460280
451313
476981
486256
483141
478581
479862
482977
487537
461869
452594
431018
432404
453980
418430
453980
489530
494138
500282
502732
506532
528108
530681
532067
539907
544467
539907
530632
509056
544606
518938
519678
541254
544369
553644
562611
561225
559944
524394
523654
520539
546207
547593
555237
558669
571437
574143
575743
578858
581431
592901
594023
595934
596785
595609
593824
595609
586809
584359
561679
558925
561375
563135
585815
579935
585815
588569
589745
587795
584675
587795
589745
625295
623909
624649
627764
629150
638425
664093
659533
668500
673060
637510
636770
633655
612079
602804
577136
568169
589745
568169
566569
568909
591589
593500
601340
599954
601340
603913
605824
609624
631200
639040
643648
646098
652242
664932
700482
736032
732232
724392
719784
698208
692064
689491
688295
690935
655385
658265
659461
656581
653941
651491
638801
636890
601340
599429
596856
597978
594863
593741
592890
594490
592890
581420
592890
595463
597374
598225
601340
601784
637334
635948
631388
632128
635243
656819
666094
630544
621577
647245
644130
622554
613279
587611
596578
597964
602524
601784
601240
597808
610576
614008
621652
614008
601240
603813
602691
601840
603440
604562
605413
607324
604209
615679
613106
611195
614310
612710
601240
603022
603067
604687
605737
602983
602167
600385
603139
622557
623373
622323
620703
620658
601240
600696
599976
600520
601240
598125
619701
623501
618941
611101
609715
608329
599054
577478
578864
578124
552456
557064
592614
598758
601331
565781
561981
540405
504855
502282
496138
493688
489080
496920
499370
490403
489552
486437
489010
490610
491732
493643
505113
493643
494494
492583
491461
489861
492976
490403
470867
468956
466383
454913
451798
450676
453249
454849
455700
454100
455222
458337
469807
471718
470867
473440
478048
476662
472054
475854
440304
437731
431587
429137
421297
442873
439073
474623
480767
483217
484603
492443
470867
474299
487067
479423
487067
474299
470867
468956
467834
466983
465383
468498
470409
467836
469436
466321
468894
469745
470867
482337
470867
479363
470563
474363
452787
454173
458781
461231
467375
469948
467375
475215
467375
462767
484343
480543
516093
514707
508563
506113
470563
459093
455978
458551
470021
468899
468048
466448
464537
465388
466510
468110
465537
468652
470563
475261
475805
475261
470563
467131
459487
446719
444146
442546
440635
429165
426050
424928
424077
422881
420001
384451
381811
369121
404671
402760
398960
377384
375998
368158
370731
376875
374425
376336
384176
405752
409552
412432
425122
422549
458099
422549
423745
425131
418987
423595
418987
421627
424077
453021
456093
456537
458157
458897
471397
473077
473317
444373
441301
443874
441301
441061
439441
426941
426201
425757
424077
424122
424566
443214
452014
456622
459478
460294
460870
457438
459778
457438
456262
457318
458494
452782
456214
461926
460870
425320
424516
424471
423895
405247
406063
405247
423895
426751
431359
430915
431359
431935
423135
418527
415671
415716
424516
419908
417458
411314
419154
416581
415195
417645
409805
406005
409805
388229
423779
426352
447928
454072
455458
419908
424516
427981
429601
438876
446520
447906
449076
449031
448455
448500
448056
447240
450096
454704
463504
454704
455148
455724
474372
455724
456540
453684
449076
450858
431440
431984
451402
454156
454201
455821
456871
454117
454837
454293
455109
453327
452511
452466
450846
449796
449076
448500
450678
458658
461298
459678
456213
454827
445552
453196
445552
454827
455997
457617
456447
459912
461298
479946
480522
461874
453074
461874
459018
459834
459879
464487
464043
463998
466854
466278
461670
460854
461298
453458
451547
428867
426527
434367
457047
459387
461298
455154
450546
448096
451896
450510
442670
438870
474420
476993
483137
487745
495585
517161
495585
493012
457462
459912
461298
462468
464088
462468
471743
475208
474038
470573
478217
479603
470328
468942
461298
460482
459906
459951
460527
460971
479619
484227
487083
495883
491275
482475
463827
463383
463338
464154
461298
456690
447890
447845
447269
446825
428177
428621
425765
426341
429197
429242
447890
456690
461298
460482
461298
462918
470562
471732
475197
476583
468939
471599
480874
479254
475789
474619
465344
463958
428408
406832
398992
394384
392998
390548
384404
381831
378031
378076
378892
370092
388740
389184
388608
387792
388368
387924
385068
376268
380876
376268
385068
385023
387879
369231
371409
368769
371409
379389
377211
369231
361587
358122
359508
368783
367163
374807
373637
364362
362976
366441
367611
369231
394899
402879
407487
426905
433049
444829
447325
450335
456047
460655
461231
464087
472887
491535
491979
489123
489078
488262
489078
470430
461630
457022
457067
456623
456047
456787
457909
462607
464207
467217
473097
473541
465897
469362
478637
479807
478421
469146
467976
466356
462891
470535
471921
473541
463455
463410
462594
457986
476634
457986
457542
462150
470950
471394
471970
474826
475642
472786
463986
464031
463455
460575
425025
423829
411139
409228
406588
403578
406588
405848
399968
399524
399968
400708
399108
400708
396010
400708
399586
405466
406588
404968
403582
394307
393137
389672
391058
400333
401503
403123
406588
414232
406588
406543
397743
396927
378279
377835
377259
372651
369795
370965
372087
373473
381117
382737
386202
378558
369283
367897
369497
378772
377602
371722
374732
373132
377830
377386
377830
376210
382090
380968
381708
378698
377958
373260
369795
372435
380415
382593
374613
371973
369795
365097
365641
370339
369795
368625
367005
365619
357975
354510
345235
349795
349351
348611
347011
347751
348873
350473
355171
350473
344593
341583
342027
347907
346785
349795
346785
343670
349382
351878
359858
362868
369012
362868
337200
341808
316140
311532
299752
297256
289276
290016
301796
321214
301796
327464
321752
321308
327188
328788
325778
319898
315200
313600
312478
315488
315932
316672
321370
320630
321752
324506
323786
323741
322925
342343
344125
344845
343063
343879
343924
345544
346594
343840
324422
323878
322828
321208
321752
320072
307572
305952
305212
276268
276028
275584
273011
269939
278739
286719
287523
288699
291195
291639
310287
312737
313313
314435
315491
342425
345305
343127
335147
332507
334685
337325
345305
350003
349559
346549
340669
342269
343391
342651
343391
346401
352281
351159
349559
344861
345305
342295
341173
339573
334875
335319
337659
336919
336475
339229
339969
345849
359891
354011
356376
361074
362674
363796
364340
367046
370056
367176
366054
364998
338064
339186
342066
369000
370056
373066
367354
359374
354766
357262
351118
362898
360402
379820
384428
381418
389398
369980
372836
398504
386724
361056
366768
372912
372468
366588
365466
363866
359168
358428
355418
353658
347778
345993
344817
341697
350497
348047
346097
323417
320663
343343
345793
346969
349723
355603
357388
360508
362458
359602
357424
349444
351622
348982
351622
359602
336922
334582
332671
324831
321951
295017
297897
324831
325887
327009
325887
324831
332811
335565
336621
335565
308631
305751
308631
335565
336687
335565
328373
332981
326837
352505
364285
367295
361583
356975
348995
352067
354563
328895
317115
314619
315435
323415
320405
339823
320405
317765
309785
307607
305111
307607
316407
308427
307623
306447
306003
297203
296627
315275
312825
315275
316079
317255
317831
325811
326255
307607
280673
277793
276671
277727
304661
307541
308663
307607
309389
306635
287217
286497
284715
283899
283854
284904
284360
285980
284360
285080
285624
305042
307796
306746
307562
307607
321649
307607
305242
302488
305242
304698
307038
309403
307063
309769
310313
307607
302909
302365
306313
335257
337897
340777
337897
364831
365887
364765
337831
336775
337897
312229
292811
289801
285193
290905
279125
276053
275237
281381
273401
270905
275183
277679
285659
290267
309685
312695
324475
297541
296419
295363
296419
299299
300421
297541
324475
332455
335209
327229
324475
324031
325207
321775
322831
328543
330883
329827
327487
326311
320599
324031
325153
324097
326977
300043
301099
299977
297097
324031
327041
330156
324012
312232
306520
298540
310320
318300
298882
294604
297100
301708
321126
346794
342186
339176
336680
342392
348536
347732
339752
330952
330376
327880
327436
326260
323810
305162
323810
326260
334240
335044
336220
336664
339160
339736
348536
362578
362034
364740
362400
359694
360238
357873
355119
357459
359824
345782
348536
345656
344534
317600
316544
313838
317786
320426
316478
345422
342782
313838
313793
333211
332395
331345
329725
331345
329563
328843
309425
309969
310689
312471
313287
313332
316086
317136
314382
313838
332486
344266
345106
366778
367954
369124
369866
392546
384566
392546
389792
392546
386402
366984
361272
358262
346482
320814
316206
308226
305730
308740
334408
353826
358434
366414
372558
375054
380766
392546
393716
385220
397000
402712
407320
410330
418310
413702
419846
439264
433552
407884
396104
398600
410380
390962
384818
376838
373828
371332
397000
399706
396952
382910
382366
384731
387071
384365
382025
396067
396611
394246
397000
425944
421996
425944
423304
394360
391700
394340
403140
400690
403186
403762
404566
423214
422410
414430
395782
394606
402586
405036
404592
405036
402540
401964
403140
394340
371660
394340
395082
396252
397428
416076
437748
437006
448786
447616
446440
427792
416012
415172
416012
394340
420008
417254
425234
417254
420008
422762
421712
421667
420851
419069
417449
416905
397487
397532
398582
400202
401018
402800
403520
404064
423482
422762
420008
420758
415046
408902
383234
378626
375616
363836
344418
336438
333942
333987
334431
335247
335823
354471
363271
367879
370735
369565
370735
361935
363885
362100
356220
353466
352290
349840
358640
355520
356696
362576
364361
367481
365531
342851
365531
368285
370735
371279
374135
382935
401583
406191
406767
388119
387303
387258
386814
386238
377438
372830
369974
370790
371234
371279
362479
362035
362851
362035
361990
361414
342766
338158
335302
335878
336322
354970
363770
368378
371234
371279
371234
380034
380478
385086
384270
383694
384270
387126
405774
396974
392366
392411
389555
370907
371723
371279
373985
376350
371790
385832
388586
390926
390382
387628
385288
382582
368540
369084
366719
367461
345789
348449
371129
371705
393281
393725
381945
381105
379929
378759
378017
355337
367117
372997
394669
413317
414493
415078
415123
396475
405275
404831
404015
403970
422618
423062
423107
423683
426539
417739
418555
423163
418555
417979
399331
396475
393835
364891
360943
389887
393835
396475
395899
391291
382491
363843
363399
362583
363399
360543
361119
361563
380211
389011
393619
396475
396430
396475
404455
407209
399229
396475
395735
403715
402539
402095
383447
382643
374663
372213
381013
372213
374663
374087
375263
372767
375263
375707
376511
377087
395735
395291
395246
394670
385870
367222
362614
367222
367798
367843
368659
367843
370699
379499
398147
398591
395735
396857
415505
424780
421924
440572
441016
441592
441637
442453
441637
432837
414189
413745
413169
413124
414660
417516
426316
421708
443284
447232
452992
453928
466360
473552
474722
473552
495128
497788
497833
497788
476212
473552
473108
472532
473108
473552
474128
474572
483372
502020
501975
504831
509439
510255
509439
507903
499103
480455
480011
479435
479480
476624
477746
487021
477746
496394
495272
476624
475808
475763
472907
468299
459499
440851
440275
439831
420413
419363
418547
418502
415748
415204
414484
412864
411082
420357
439005
440127
430852
412204
411082
419062
409787
391139
390017
408665
409787
419062
417886
420226
416794
415738
410026
415738
416914
414574
415630
419062
397486
378838
372958
371782
393454
381674
381098
381053
382223
379563
385443
384701
385443
386619
405267
404682
404238
404283
381603
403179
403623
415403
393731
396391
396967
419647
405605
405061
402696
400356
397650
398194
412236
409482
412236
412687
415027
416209
445153
442513
438565
441205
412261
421536
420414
401766
392491
393613
412261
416209
413455
405475
411235
407287
394855
398803
399925
407117
408053
402293
420941
413749
412813
403538
384890
406466
418898
417776
427051
405475
424893
425478
424308
430020
432660
435670
448170
456970
457546
457834
456658
456214
457336
475984
485259
475984
474862
472366
471790
453142
455592
464392
465568
466012
468508
469084
450436
469084
477064
468264
465814
457834
457030
457834
457789
436213
457789
455129
455705
456149
455705
455750
458410
457834
477252
478428
481308
480186
470911
452263
454174
457639
460004
467984
480484
482662
486055
488897
489701
467021
466577
478357
484237
502885
502840
500180
478604
479774
479198
479243
478073
476897
458249
436577
430697
431273
452849
455509
477181
476439
477615
478059
478801
501481
489701
490637
484877
477685
476749
464317
471509
467561
473321
477269
489701
468125
489701
492407
492951
492500
489746
475704
475160
489202
491542
493907
491567
494321
493139
514811
517451
546395
542447
539807
510863
514811
517931
531695
533315
545815
545860
548975
556815
565545
577015
573900
573315
574485
573309
576189
556771
557947
577365
574485
574440
573996
571336
549760
549184
548380
539580
531600
512952
510502
508006
507562
506986
505810
493378
489430
483670
476478
454902
453966
457062
475710
498390
499560
500302
506182
507358
519138
497466
496724
495548
476900
471020
459240
458070
435390
446860
455660
457610
459230
487412
489194
492626
495468
498861
498057
494664
491822
492626
480126
477006
465536
465581
451817
465581
465536
468656
465541
478041
476421
478041
489511
498241
506081
509196
500466
492626
500606
502971
505149
492649
494560
492649
484669
482304
478839
491339
489161
492626
504096
505696
508811
509662
511573
514146
515268
513318
516438
539118
541068
543822
549702
551487
560287
557167
534487
532037
530861
528107
522227
520442
522892
524068
515268
512903
510563
507857
505103
491061
493426
496180
510222
512928
510048
508872
489454
492334
491790
494130
495306
495850
515268
519216
548160
550800
521856
519216
515268
516438
515268
514518
513667
514789
513189
510074
510925
499455
498333
496422
499537
511007
513580
515491
517091
514518
515640
527110
529683
531594
532445
530845
529723
531323
534438
531323
529412
528561
525988
514518
503048
500475
499353
500953
502075
502926
504837
501722
500122
503237
502386
500475
503048
514518
502738
499623
500745
501596
503196
505107
507680
519150
517550
516428
515577
513666
502196
499623
502738
508618
485938
487108
487850
509522
521302
520560
519390
518214
515118
509238
497458
498634
517282
521818
503170
491700
482970
470470
478310
464546
456706
455086
451971
455091
468855
470475
482975
494445
503175
503220
500100
500055
503170
522588
519708
520884
523764
504346
503170
500055
499204
496631
498231
499353
500204
502115
490645
493218
504688
507803
506203
504292
503170
525850
527020
528640
534784
536566
539681
542254
544165
545016
546616
547738
546138
543565
541654
540803
539681
536566
525096
536566
533173
532369
529527
530697
529527
531867
534232
536938
539692
553734
550980
548274
545909
531867
529527
532167
561111
532167
529527
528983
532931
533475
529527
518057
516146
514546
511431
510580
508007
506885
481217
473237
475415
483395
485306
497806
501271
499093
497182
494817
497182
493717
481217
480041
474329
477761
474329
475505
481217
480161
477821
478877
481217
499865
502721
511521
512241
512817
513261
513306
514122
518730
515610
506880
506835
503720
495880
494260
482790
469026
456526
455806
455761
451153
442353
423705
420849
421665
421221
421266
421842
422286
440934
449734
454342
457198
456382
455806
458686
439268
440444
439268
458686
455806
474454
469918
469176
490848
513528
514698
515874
494202
488322
487152
498932
487152
468504
467328
468070
473950
473134
475990
476434
495082
503882
504458
504503
503927
503483
508091
508907
506051
501443
492643
473995
473950
473905
473461
454813
453997
445197
453997
458605
461461
456853
453997
454813
454858
455434
455878
474526
473950
454532
462176
464136
462966
464136
461280
460464
455856
456300
456255
457071
456627
447827
447251
456051
456627
475275
475320
479928
482784
464136
472116
474294
476934
476390
467590
463642
434698
433882
433837
436693
436249
417601
418417
413809
418417
417841
417886
419646
420222
417582
418026
436674
433818
433274
430568
416526
414161
411821
409067
409809
406799
394299
395899
398755
401635
401347
401635
395923
395347
398357
400997
409797
422297
419657
420233
425945
417145
417721
420577
419761
424369
433169
451817
452261
452306
453122
452546
452102
452057
433409
428801
427041
424185
425165
428021
432629
441429
460077
460122
457266
457710
448910
444302
425654
426230
425414
426230
425654
425210
425165
423989
425165
444583
425165
422285
425165
425609
424793
426553
445201
448057
445201
446017
450625
446017
445972
445396
445441
444997
426349
417549
418125
420765
428745
430923
428283
420303
418125
429595
455263
457213
460055
481727
487607
486865
485695
484519
465871
484519
478639
479815
480985
481727
459047
447267
425595
448275
460055
460871
463943
477985
486481
487057
495037
503767
506132
498152
500330
508310
510221
513686
511775
524275
521910
518445
505945
503767
499159
498583
497767
497323
497278
495518
492662
474014
480158
481778
482948
505628
504458
502838
480158
474014
482814
483426
484362
487582
501346
504466
507322
514966
516136
514966
517144
514966
517606
525586
517606
514966
522610
526042
538810
558346
560026
562882
567442
571390
574365
566385
569241
570057
582747
585501
587841
594161
595012
596194
599074
600250
580832
579656
576776
578954
586934
606352
618852
623412
625908
626958
628283
631125
643557
644001
658043
659023
663583
664483
665095
665911
668665
654623
662267
663247
659815
672583
686625
673857
672877
676309
668665
666487
658507
661147
663325
671305
668665
669841
651193
650017
648847
648105
625425
631305
652977
671625
672795
673537
661757
655877
634205
645985
668665
662785
665539
667545
658745
656960
655784
652664
658544
660329
663449
672249
673229
659187
658207
660157
682837
685287
686463
683709
681259
679309
656629
659383
686317
699085
701658
702509
701529
702509
700503
714545
726015
700347
726015
714545
723512
725877
729309
741809
750305
751905
752449
755424
768114
767298
766722
769794
783836
769794
761814
762390
753894
750822
759318
750588
758568
767298
768114
767134
753092
754072
768114
766944
759300
761124
764556
751788
748356
756000
743500
745678
758178
766158
758178
756000
770042
769062
755020
756000
758975
762923
759948
740412
737556
742116
737556
739236
758772
761628
759948
756000
758640
760818
768798
766620
763980
756000
744530
757030
754665
742165
738700
736789
728809
726631
730096
732461
734372
736550
744530
763948
762772
765652
762772
763948
744530
742930
745810
748666
750266
747386
744530
745510
731468
730488
744530
745652
742898
755588
756439
754099
760419
763275
765640
766456
760136
759320
746630
745448
742592
744932
747686
746835
745855
746835
732793
746835
749589
750201
751017
751917
756477
755865
753111
752211
751395
746835
745011
741579
733935
747977
748957
747977
733935
735941
734961
720919
721899
719721
717081
709101
731781
737925
736755
738375
732231
733401
731781
709101
697321
691441
690271
671623
670447
648775
626095
625353
624373
622367
626167
604495
602317
610297
612475
624975
612475
604495
606991
609833
608783
618058
605626
606070
618502
619552
618227
617783
614941
612445
598681
595825
587025
583805
582869
579749
593513
596369
599589
600201
609001
609937
613057
612445
631863
633039
635919
616501
615325
612445
599677
596923
569989
596923
609691
612445
609872
612445
610765
607909
612469
592933
589958
586010
589958
592814
612350
614030
617005
612445
621245
639893
642749
643193
647801
647846
648662
649238
660708
635040
660708
649238
650414
648074
651506
657218
656162
654986
649274
645842
646658
648998
648386
648998
644438
643622
648182
647282
644528
645428
648182
649238
657968
672010
672826
674156
673340
673916
659874
659298
650568
642588
651084
654156
651084
642588
643132
644914
642549
629859
630675
633429
646119
646527
648867
648051
645195
646046
639726
636972
636121
637303
634963
641283
640467
641043
622395
622440
623256
623700
642348
639492
639048
630248
639048
638472
638427
643035
645891
641283
637851
646347
658847
658303
655328
646361
633671
632071
644761
647736
649336
649880
658847
661212
658847
650351
637851
641283
659931
659355
658539
658494
649694
649250
649826
652682
652727
657335
657779
639131
639947
637091
632483
641283
643461
655961
663941
661763
649263
641283
643194
651174
653352
655717
643217
639752
637574
650074
642094
640183
637818
641283
642099
633299
651947
633299
633254
628646
625790
625835
630443
630887
639687
639111
638295
638871
641727
641283
641859
660507
669307
673915
674359
673543
674359
674404
669796
660996
642348
641904
641328
638472
641328
641283
660819
659643
640225
637345
655993
664793
669401
672257
671441
670865
662065
662881
660025
655417
655993
656038
655993
637345
636901
637345
634370
632690
613154
610298
606350
610910
612590
608030
610886
630422
633397
637345
637789
634933
643733
662381
661565
660989
660545
641897
642473
633673
633718
636574
636529
637345
632737
637345
650035
654595
655411
656311
659065
659677
655117
654301
653401
650647
650035
647179
645579
647179
650035
647155
650035
654643
655459
646659
646704
665352
674152
669544
669499
666643
667087
666643
669499
668923
668107
668683
650035
652877
653321
665753
675028
676078
675028
665753
665309
652877
655373
652531
650035
651995
650035
657679
650035
642055
629555
637535
635357
637535
650035
650080
662848
665602
668175
695109
692355
689499
662565
659992
647224
628576
629392
628816
628372
627392
636192
640800
659448
659892
651092
650276
650231
645623
648479
649055
649871
647531
646715
649055
648647
645893
633203
632021
634136
636501
635650
629330
635650
636501
639255
642111
642156
642600
645260
666836
667412
669985
671896
672747
674347
677462
678584
690054
689238
688794
688218
679418
660770
656162
653306
653261
641791
616123
615547
618619
632661
633237
619195
610699
601969
610699
609883
606811
614791
615607
624103
622773
617061
617637
617925
620565
608065
605425
604849
604561
601551
592751
598463
610963
613973
622773
623895
624746
623624
620509
609039
606466
604555
602955
606070
617540
620113
622024
623624
622773
630753
666303
675270
696942
697922
699092
700352
677672
680552
679382
688657
682513
705193
706363
707983
714127
712507
718267
720840
722440
723291
734761
732850
731250
730128
731250
733161
730046
718576
716003
719118
718267
716485
719917
707227
694727
703223
715723
714123
710691
712291
703795
716485
719460
728427
730792
728427
727883
724908
715941
716485
716041
713381
712805
712760
713336
691760
694420
694465
694909
716485
713629
694093
692413
688465
683905
686761
706297
709272
710952
714900
711925
716485
702721
693921
690801
704565
701709
704829
701609
704465
705401
704789
708009
707073
707685
716485
719239
720139
720955
718201
722761
721861
721249
720433
715873
716485
719058
717458
720573
732043
733643
734494
733643
732521
734432
732521
729406
717936
719058
716485
708505
706327
714307
726807
728985
716485
728985
721005
718827
721005
728985
727074
714574
711109
713474
716939
714574
716485
718085
729555
732128
729013
726171
724221
727063
728185
716715
718626
717504
715904
715053
713142
710569
713684
714535
716485
724325
726236
748916
751256
752378
753229
754829
753978
750863
739393
736820
735698
737609
740182
751652
754767
753167
751256
760531
782203
774223
773053
772073
774953
783920
785180
820730
821710
822880
820000
811033
819013
783463
782203
760531
751256
752072
754437
760757
761608
764362
777052
779392
778541
775787
769467
767102
764987
764171
761831
758975
761831
753031
751081
749299
745867
744247
716065
737641
740301
740412
740457
739881
718305
715645
716221
715777
715732
704262
702351
699778
700900
700049
698927
695812
694212
705682
706533
708444
711017
714132
715732
718182
719358
722112
744792
747912
725232
727182
735982
741862
735982
737767
735317
734141
731387
729602
726482
717682
715732
712978
686044
683471
670703
683471
686225
713159
715732
706457
709299
711795
710944
709894
707052
704556
705606
714881
715325
727757
727313
714881
711766
709193
707282
706431
705309
693839
692239
679739
681917
689897
702397
694417
692239
687679
686779
683804
682124
677564
680420
699956
702931
704611
708559
704611
704815
705733
706633
703879
703267
707827
708643
689107
688291
685435
687715
701757
687715
688291
679795
676723
675907
667927
670999
679729
687709
688525
679795
688291
687715
688561
716743
717559
718309
718753
718708
718597
715937
694361
693785
715361
715937
718597
718642
717042
719922
722778
719898
717042
718642
717472
725452
716177
694505
658955
656075
654815
653835
644868
666540
675815
677075
679955
681125
673145
674125
683092
718642
717520
709876
721346
712850
703883
712850
715825
716369
717969
714994
712629
725319
724775
733271
720581
722946
721346
708846
705414
708846
721346
720604
714284
711428
710577
707823
707007
694317
691952
689612
692272
689612
690056
690011
689567
689612
711188
689612
689036
689612
692622
693066
703152
706952
694452
692274
684294
681929
680018
667518
659538
657360
659538
663003
665368
661903
663814
676314
684294
683478
655296
656142
656958
657708
656862
685044
684294
661614
659994
653850
652680
661480
680128
680704
680749
681565
686173
689029
689473
684913
683995
683179
680899
680695
679795
680239
677383
679143
679188
679764
680580
680535
679959
684567
703215
702399
701955
683307
674507
669899
672755
668807
667127
664152
665832
646296
649152
644592
647567
651515
656075
653219
672755
680735
671768
670598
689246
690368
668696
633146
623871
622611
619731
618751
610771
611751
633423
668973
677940
687215
688475
691355
692525
701800
698944
698989
699805
700381
681733
700381
703237
698629
699073
707873
707429
706853
705093
704277
704232
708840
735774
733201
735774
738528
751296
738528
735774
708840
708795
708351
705691
684115
683539
697303
700159
697039
697975
706775
709995
709059
709671
709059
705839
708959
706103
692339
683539
683095
682519
663871
664687
667543
672151
680951
699599
690799
687943
687898
687943
688519
688963
684355
683539
682417
701065
702187
692912
702187
683539
680697
693129
690633
691077
678645
678201
677151
686426
689268
691764
682489
683539
681199
683539
684715
690427
693859
692803
691627
688195
682483
683539
691519
683023
668981
665909
665093
657113
648383
647807
648383
651455
660185
661001
675043
683539
684115
688723
691831
691942
691987
694843
676195
675379
675334
676150
673294
668686
659886
668686
668242
667666
666850
638668
636328
644168
646079
668759
666848
666002
665252
657412
634732
637072
618424
617302
635950
637072
627797
637072
633272
636128
635312
634736
634625
631517
622717
619861
615253
615298
615874
616318
634966
643766
648374
648329
649145
639870
621222
630497
649145
648023
649145
653753
654161
654737
653921
653876
653300
634652
643452
643896
635096
630488
627632
628448
628493
628049
646697
649451
640176
639054
620406
629681
648329
649451
627779
630659
631919
641194
650161
685711
650161
642181
650161
648901
646021
645041
643871
634904
625629
626609
627779
649451
648635
648590
648014
648422
653030
634382
625582
620974
620566
621382
630182
648830
649406
649451
649895
649451
629915
628235
625260
620700
616752
613896
613320
631968
632412
632988
633033
633849
642649
647257
650113
649705
649660
631012
630568
629752
620952
616344
629034
620067
620611
623586
623042
621442
629938
633370
634970
647470
644495
646860
644495
635999
623499
620067
607377
608658
617933
636581
635459
616811
607536
608658
621348
629328
627546
626730
626685
608037
603429
600573
599997
591197
590753
581478
582600
563952
562830
581478
590753
596897
588917
587006
574506
571041
568676
566498
563618
562018
559162
558040
548765
530117
539392
541965
542715
544101
517167
544101
531333
528579
526006
528579
531333
544101
508551
499584
498324
506304
503424
481752
472477
471497
507047
499067
520739
529706
530966
533846
534826
535996
534826
544101
546441
537945
538761
541833
555875
564605
561533
547491
546675
537945
529965
530541
538521
547017
546441
552761
540329
540773
539723
530448
527606
525110
524666
537098
546373
549215
551711
552761
550801
558445
560405
552761
533225
536618
542330
529640
531818
539798
541398
544518
548466
549662
555542
563382
576072
585347
586523
587265
601029
605727
605183
599423
599135
598559
592847
580347
577337
574697
565897
566713
567693
570573
578553
569278
560311
524761
533728
569278
547606
556881
578553
575673
574503
575673
574413
573433
574693
566713
563857
564469
567589
568525
582289
585509
588365
597165
593945
593333
584533
583597
580477
566713
567835
565495
542815
540904
533064
535429
537029
545525
537029
534664
547164
543732
531232
543922
542322
539347
548314
551289
551833
555265
554721
542031
540750
542661
543857
546737
582287
584402
587042
600806
601548
610823
616703
624543
637233
638409
637667
642365
633090
627210
619370
606680
601982
588218
587042
584288
583112
605792
606968
603848
605798
608552
606767
604317
606767
604817
613617
615402
621282
624402
615602
609722
587042
584288
557354
544586
542013
544586
547340
560108
587042
587888
597163
622831
625946
647522
683072
692039
693425
697985
698725
696775
693933
694509
686529
685713
682641
668599
676579
668083
668899
671971
686013
694509
685779
685203
693933
692673
657123
648156
638881
636001
634831
626851
625871
604199
604939
603553
598993
624661
633936
655512
619962
655512
629844
631230
635790
626823
629938
629198
607622
598347
595232
604199
594924
589044
576354
577096
572398
558634
567909
560069
559327
560503
574267
578965
591655
599495
605375
604199
613474
614860
615610
606335
604949
604199
606772
604199
622847
624629
625685
630293
642725
645175
647929
648775
675709
677309
676113
684093
688041
680061
677883
681003
679403
675455
677633
678829
675709
676525
677101
677545
686345
690953
693809
693854
712502
709660
712156
711106
701831
689399
686903
687953
687509
687953
697228
700070
712502
713888
710773
710033
674483
652907
662182
666742
641074
666742
662182
653215
656330
657070
692620
701587
723163
713888
712502
713318
712742
711926
707318
710174
714782
714737
714293
714338
705538
702682
684034
692834
711482
711926
712502
721777
757327
758067
722517
721777
724892
746468
741908
738793
737407
763075
772042
750466
741191
745751
747137
738170
712502
717110
719966
720011
720587
717731
717287
735935
735890
727090
726514
726958
722350
731150
730334
731150
712502
711326
698636
693938
680174
679358
679934
679192
679147
679963
677107
672499
663699
645051
663699
663744
655904
661784
675548
674972
669092
669536
678811
683419
674144
674886
674442
679140
691830
700630
703486
704662
712502
676952
673837
652261
642986
617318
608351
606965
611525
614640
610080
611466
637134
636394
637134
646101
667677
676952
712502
713318
708710
705854
724502
723926
723881
728489
731345
731921
731966
740766
731966
713318
712874
713318
712502
715142
712262
714173
678623
691313
694193
692997
690882
688242
686331
693441
694637
730187
733302
734042
743009
752284
756844
752284
750898
752284
726616
705040
696073
660523
659783
681359
678244
668969
694637
675989
677045
679495
698143
695693
693911
691157
692939
666005
666851
662243
661187
660341
663095
690029
702461
707069
694637
691781
692597
692642
691826
692270
687662
706310
697510
706310
687662
687218
686642
686597
687173
690029
694637
697612
710112
718608
720973
708283
717250
720682
722282
713786
712186
724876
724332
721357
712390
708958
696458
697002
694637
690077
688691
679724
654056
653316
650201
671777
636227
645502
671170
661895
662635
698185
707152
708538
713098
691522
694637
695213
698069
702677
711477
710661
711105
711150
729798
730614
727758
718958
700310
699866
699290
694682
694637
707405
704651
707405
680471
667703
670276
697210
694637
686797
680917
686797
686055
673365
682640
668876
667700
680390
675692
666417
667159
668335
682099
686797
694637
694061
689453
692309
691493
682693
682249
663601
668209
665353
666169
666214
666658
685306
694106
694061
694637
691522
686962
677687
656111
647144
621476
585926
584540
583800
580368
586080
585024
588456
589632
591972
593028
591852
586140
583800
583224
591720
605762
591720
583740
586812
583740
582924
590904
599634
600450
591954
592530
583800
579852
577674
576074
580022
572042
580022
582200
585320
586920
585724
586920
583800
582984
582939
578331
577887
559239
550439
547583
548399
548444
549020
553628
572276
581076
581520
580944
583800
575000
572144
558380
555160
552040
551104
550492
556636
550492
549676
549631
549187
530539
521739
517131
514275
513699
502229
510069
483135
480381
479535
477085
464653
460045
458989
471421
452773
450991
453441
458049
476697
478479
505413
508167
509013
510069
522837
526269
533913
541893
543089
543633
546293
541595
540853
539677
533797
524522
511832
498068
490228
502660
490228
487732
484890
483840
484284
475009
476059
485334
484890
487732
490228
492801
492051
501326
502712
493437
494187
495243
493857
496737
497859
495286
522220
522832
510064
506632
498988
502420
510064
522832
520172
512192
514852
522832
523376
524572
523376
522832
523768
522646
525526
552460
553516
550636
549580
548384
545504
538394
535754
508820
506909
508105
510985
546535
549175
561865
563776
564898
552208
539518
538672
557320
555538
558292
585226
597658
602266
603322
605772
607554
588906
589752
587302
586246
581638
569206
542272
539518
512584
499816
497062
494489
507179
508779
517746
505246
505790
497294
509794
512769
521265
508575
508031
505056
496089
493724
490292
488692
491057
494489
493293
490173
486225
478245
476067
474467
471587
470531
473411
500345
501401
505349
478415
479537
481137
484257
486435
494415
495611
494489
486845
483413
496181
483413
491057
494489
486509
483849
482653
485313
484769
485313
486509
494489
502985
511715
514787
528829
529645
537625
538201
529705
515663
512591
503861
495881
495065
494489
493367
494423
491543
494423
493367
520301
521423
494489
505959
507559
508681
509532
512647
515220
517131
504363
500931
493287
493831
491171
492367
500347
492367
491171
490627
493287
485307
489915
488133
489915
492669
519603
518547
519393
520449
532881
551529
549079
530431
525823
498889
496135
495289
482857
485307
488772
490392
491562
492948
500592
509867
508811
509867
482933
487422
486300
489180
490302
487422
490537
487964
486053
485202
484080
486653
485053
486964
487815
488937
490537
479067
475952
487422
486978
484136
481640
469208
470258
482690
485532
485976
488472
479197
478147
487422
485462
477818
470174
479449
481069
484534
483148
490792
489622
491008
487543
485923
487093
477818
480391
481991
483113
485024
488139
499609
500460
499338
498487
496576
494003
482533
479418
477818
485462
477482
468207
467037
468207
471672
473292
482567
483953
482333
481789
480593
483253
491233
491777
492973
491587
483943
481283
477818
465128
463932
461052
425502
422862
420951
418071
420951
419895
415406
414284
441218
442274
443396
444518
446118
447504
448254
445681
444931
443545
446118
455393
446118
446969
435499
434377
445847
448962
447362
446511
444600
442027
438912
441485
443396
442010
438545
439931
430656
434121
432951
440595
449870
451040
452660
451040
443396
445574
453554
445574
444378
441258
437310
441258
442454
440276
441876
444996
443396
446516
437716
436540
434090
432140
440940
438186
432306
409626
415506
412386
414171
416925
418101
420551
443231
445181
443396
445969
457439
460554
459432
456859
454948
443478
442627
443478
440363
439547
440669
437276
435676
437587
439187
452951
456071
467541
476271
479386
479431
487271
488891
501391
502777
510421
506956
505336
506956
510421
519696
518526
509251
501607
500221
501391
502513
505393
532327
533383
530503
503569
502513
501391
474457
462025
488959
486509
485663
486509
489263
484655
497087
495305
496361
496851
498633
479985
483093
480339
479283
483891
478179
480933
479737
487717
488261
487717
479737
477077
479737
480933
469463
470314
471914
468799
466226
477696
478818
476907
478818
481391
484506
482906
482055
480933
478568
478024
465334
463734
460302
447802
438835
430339
427364
418089
419709
418539
416919
413454
421098
422484
431759
432929
425285
428750
427364
426788
418292
404250
401178
400362
392382
383652
380898
377783
376183
374272
362802
360229
359378
360978
359856
360707
362618
365191
376661
379776
380898
384363
375088
373918
372298
368833
370219
379494
380664
382284
374640
382284
380898
374578
401512
400390
373456
370576
371632
370576
371698
374578
375964
379429
381049
382219
391494
399138
397968
396348
387073
385687
378043
374578
372005
360535
358624
357502
354387
352787
351936
354596
353400
345420
342760
343956
344500
352480
351936
350814
358794
361434
380970
381514
380128
370853
363209
361589
358124
356954
355898
328964
326084
324962
325778
325823
326267
326843
335643
340251
343107
361755
359415
360261
364869
377301
404235
406989
403881
406331
404549
403493
398885
386453
359519
360575
379223
381005
380159
377405
376915
368185
360345
357230
357185
368655
370275
373390
382120
382165
379045
382165
369665
358195
344431
342811
355311
363151
376915
379555
387535
389713
371065
362265
357657
354801
355617
364417
364993
365437
384085
384130
388738
391594
391150
391105
390055
380780
377938
375442
363010
362194
361750
361174
362370
359710
362370
361826
360630
368610
369154
361174
355030
354985
354169
345369
340761
337905
338349
338394
338970
347770
366418
371026
371842
367894
371842
370646
373502
375680
367700
365522
362402
363598
361998
365118
366718
366142
365698
347050
355030
352174
347566
338766
320118
319674
319098
319053
327853
328669
328714
331570
336178
354826
355270
355846
355030
355075
355891
358747
363355
372155
372731
391379
391823
388967
388151
388106
383498
382922
364274
355474
355030
352852
350212
352390
360370
363010
355030
353834
361814
362358
359698
351718
351174
353834
355030
357603
366878
366128
364742
365492
366878
357603
355030
336382
336427
337243
334387
329779
320979
325587
325143
325719
325674
324858
333658
352306
352750
352174
352582
358294
354862
349150
347974
350314
349258
352690
353866
354922
352582
350800
355408
374056
374546
374810
356162
368594
363986
365768
363014
389948
392702
393548
392702
391646
364712
352280
349830
351790
359770
360670
363424
389092
418036
419947
420391
420346
419770
419326
400678
403534
408142
416942
435590
435635
426835
422227
421411
422227
421819
422395
431125
442595
431125
417361
414246
417361
425201
422081
430811
418311
416691
429191
430811
444575
435845
428005
428050
431170
431125
431569
450217
453073
461873
462449
462494
463310
463265
458657
440009
431209
435817
435373
434797
433981
431125
423145
421949
421405
418745
419561
419606
420182
417326
412718
394070
393626
393050
393005
392189
383389
383833
386689
405337
414137
418745
416105
408125
410303
412943
420923
418745
409945
391297
390853
390277
390232
389416
386560
381952
378152
377708
367622
364612
365808
368928
364980
363784
365384
363206
360086
364034
372014
374192
366212
364612
365592
374392
347458
342850
324202
322420
321930
324684
312252
309498
308652
309498
336432
341040
340776
343226
345008
363656
376088
377144
368344
390016
392194
384214
381574
384214
382036
390016
368344
367498
369283
369238
356738
353623
352003
344163
330399
318929
310199
307079
312839
314519
327209
330324
331224
334296
348338
351092
354067
372456
377064
386031
388671
385917
383277
385455
384609
382431
390411
363477
351045
346437
345381
342931
341149
322501
314521
306681
328353
329739
339014
341587
342337
340951
331676
330926
328353
326393
327293
298349
297449
271781
269027
261047
263007
288675
291429
299409
297498
326442
328353
331425
332271
331335
339315
331335
327387
325787
323609
324805
323609
325209
329157
326037
329157
331335
338979
330999
328359
326181
330207
334767
336447
342207
345279
348394
361084
359404
360304
359404
356289
343599
340527
334767
337887
346687
344737
338857
336407
338192
344072
345248
322568
325018
323842
322057
318937
310137
332817
334767
337521
334767
313095
334767
334155
337275
339057
340677
344109
352909
381091
383041
380287
398676
401430
404405
418447
423055
414088
411334
397292
406259
401651
398676
380287
378687
375567
367587
363639
362443
360265
362605
363421
369741
372597
375351
376202
378567
391257
393897
401877
404949
417639
416739
404049
405729
406629
409744
403984
409744
406629
403557
401877
403788
406128
413968
436648
427373
426623
424050
422664
424050
424800
434075
436648
444628
446588
475532
501200
503954
501994
503905
504805
496825
494914
465970
463216
437548
436648
458320
436648
434008
434552
434008
414472
417112
425092
444628
436648
444628
448060
453772
448060
445720
446776
449116
450292
446860
445804
444628
426239
412197
403230
417272
412664
409689
406935
409689
418656
421631
426239
444628
450388
447273
450345
463035
466150
453460
447700
449380
450280
448600
447700
444628
446968
434278
433462
430708
428368
425512
426328
420008
422373
420008
419157
425477
428333
431087
443777
444628
422956
425452
434727
435849
454497
453597
451637
425969
397025
394271
396182
397082
399042
427986
453654
451743
443763
451743
454497
453747
451174
449788
440513
468695
469445
470261
471107
490525
491647
510295
501020
499898
509173
490525
503215
497455
494383
481693
484765
483085
488845
487945
484830
486510
487410
490525
492436
494776
517456
525296
522956
515116
513205
490525
490570
493230
514806
515382
515826
515010
515826
518166
517315
520171
517831
505141
517831
511511
508757
505901
508655
509506
515826
513461
515826
520434
523290
532090
532534
533110
533155
533971
552619
561586
575628
578382
596771
601379
587337
584583
581608
563219
554252
549644
552619
561894
560772
551497
532849
551497
552619
543819
552619
551803
551359
551803
552379
571027
570451
575059
575014
575830
572974
568366
549718
549763
552619
555839
557799
558699
559419
563979
564783
572763
591411
572763
571641
580916
571641
572763
577371
580227
575619
566819
585467
584891
566243
563387
562943
562898
563714
563759
564335
564779
563963
572763
584543
581471
582287
583037
582287
581441
553259
554105
553289
581471
590271
593127
597735
598311
597495
616143
616587
617403
614547
614592
614547
609939
601139
582491
582047
581471
572196
553548
572196
571074
572196
581471
578811
578367
578322
580982
559406
558830
558875
559319
580895
581471
586031
578051
580011
579111
578307
577587
574367
569807
567847
568747
569551
570271
573491
581471
562823
562379
561803
561758
558902
550102
549286
544678
545122
553922
572570
575426
576002
580610
580655
581471
584481
594567
595763
615181
618037
643705
646045
647995
666643
657368
656246
637598
646873
647995
647149
639505
630705
627849
627033
626988
626544
607896
603288
607896
608712
608757
609333
609777
628425
637225
640081
639505
638785
646765
651325
650425
649621
646401
647301
645341
637361
638081
641301
643261
638701
639505
658153
667428
658153
639505
638383
639505
640321
643177
651977
670625
671069
671645
671690
676298
671690
668834
660034
659590
659014
658969
658153
639505
626815
629887
642577
645692
646592
652352
649237
650917
650017
648337
642577
639505
630775
652351
652306
652882
652927
652351
630775
628115
627671
628115
630775
621500
602852
601730
602306
605162
607112
588464
579664
575056
572302
573118
572674
572098
572053
571237
568117
566332
560452
557596
556420
547620
524940
529548
548196
548640
557440
554990
556775
562655
565775
566951
569401
592081
592126
600926
598976
601730
614420
616760
619616
620467
626787
629152
629968
632722
629866
627526
626675
613985
613169
610804
604484
601730
600884
608864
613424
614144
617364
609384
608568
607818
579636
581596
577036
577936
574716
573996
573192
572292
570332
571136
568280
568325
568901
564293
564737
583385
592185
595041
586241
567593
567149
566573
566528
565712
566528
571136
572072
574826
579386
579998
580898
581714
580898
580853
580409
579429
577644
577068
558420
553812
550956
542156
540245
532265
533165
535125
530565
535125
531905
529945
530665
522685
519931
520735
520015
523235
494291
502271
476603
475799
473839
472939
472039
453650
456404
453650
439608
430641
426033
444422
441447
455489
458464
463072
472039
493615
494191
496851
475275
475320
475275
472615
473059
472615
472039
468919
476899
480119
484679
481459
479499
478599
480559
479839
471859
467299
468019
468919
469723
468919
469159
472591
477289
481897
482713
508381
511501
512241
514026
517141
518401
517501
511741
517501
514429
512749
509634
496944
500059
501739
502639
505711
518401
495721
487881
485970
483630
484530
486490
494470
499030
499834
495274
494470
491250
490530
493750
494470
493570
491610
483630
485995
486571
486526
508102
510762
511206
510630
489054
486394
485950
485995
486846
484481
482141
484506
483690
486546
489300
488449
501139
501955
504295
501439
488749
485995
479675
485995
481969
477409
478309
481063
476503
477115
476299
475399
472645
473461
472849
477409
480629
485189
487149
482589
481785
481065
480165
488145
480165
478205
474985
475789
476689
477409
478531
481104
500640
512420
509200
508300
507496
506776
504816
496836
485056
485956
486760
487480
490700
498680
494120
498680
500640
502980
506412
504072
502896
499464
500520
494808
493752
499464
500640
500595
500151
497491
475915
475339
455803
463783
483319
475339
475883
478523
475883
475339
472364
463397
458789
440400
437646
442254
451221
469610
472585
475339
489381
475339
474535
472575
471855
467295
466395
463175
455195
454295
457367
455687
452572
439882
436810
431050
436810
449500
452615
454295
455195
456175
461935
480583
482308
483694
484414
487168
487984
507402
508524
517020
524860
527614
540114
539214
536460
537072
532512
531696
532596
533412
536166
535554
540114
535416
538848
539088
538848
535416
540114
527424
526608
523752
521387
520536
517782
515442
509122
506626
507748
513628
514072
517082
521780
523380
515400
516140
528908
532340
539984
543104
547712
573380
572640
573456
568848
570108
571893
572633
569518
566398
564613
538945
538129
536869
539984
534104
535226
536826
541524
542264
542708
543548
542426
540826
536128
535388
534944
531934
534944
536669
537389
538369
544129
562777
564163
563443
566197
565217
563831
562106
559352
553592
534944
536066
537666
536544
534944
530246
529506
528666
533364
530354
529910
530650
531094
534104
539984
539084
533324
531644
518954
515839
512767
509335
496567
509335
512767
520411
512767
515521
510961
510349
510961
511777
516337
513583
512683
511867
512767
532185
529431
516931
518053
525893
517397
520151
519029
499611
508107
500267
512767
510127
511249
511989
516687
518287
515277
518287
517165
515565
510867
510127
509683
510127
504247
510127
507152
493110
488502
470113
467359
458392
450412
453422
453866
453126
450116
449672
448550
454430
452830
448132
448872
449994
451594
456292
450412
453844
446200
453844
441076
437644
450412
451534
453134
457832
458572
459016
457416
463296
462174
457476
456736
456292
453282
447402
450412
446980
447220
442522
442282
445138
449836
458636
477284
477728
478304
478349
479165
482597
487205
467787
470797
476677
475555
474815
470117
469673
466663
460783
462383
462827
463567
468265
469387
467787
476587
478927
478111
479233
479809
479233
478789
460141
451341
446733
443877
444693
444738
445182
463830
468438
471294
496962
494622
495818
498674
498629
495619
496675
523609
525559
506141
504945
507825
482157
472071
469215
472577
475587
478361
476411
477391
478111
496759
499513
501238
506998
508384
506659
505273
504553
501799
500819
482171
476411
473555
468947
468131
468086
467510
467066
478846
460198
463054
467662
476462
495110
495554
496130
496175
496991
488191
476411
474811
470113
468991
468547
462667
461927
458917
446149
442717
435073
434257
429697
428797
431551
428797
429409
430225
434785
434173
435073
437929
419281
423889
432689
451337
451781
452357
453173
450317
445709
445265
444689
444644
443828
443873
435073
454491
455342
458222
459398
458276
461030
469010
470132
469076
496010
469076
466196
469076
470132
471254
463414
482832
495332
482832
481710
484464
492960
500800
481382
472886
470132
467378
458578
461332
462508
485188
487138
490258
492043
500843
478163
475713
474537
476987
471107
469157
466037
464252
470132
451484
470132
469316
468872
477672
468872
464264
464219
465035
462179
466787
469643
469067
469643
469688
470132
471112
485154
483534
488142
488958
489534
508182
516982
515032
517888
509088
505656
501048
498192
498237
496455
468273
467457
467901
467325
466881
448233
448188
439388
438408
424366
425346
439388
440510
439388
466322
439388
440444
443324
440444
439388
447228
448424
451304
459284
471064
484828
485570
487748
489698
490418
490994
509642
510086
514694
514250
513674
513629
512813
521613
521658
522474
519618
515010
506210
487562
490418
489438
475396
473611
474591
473851
470731
484773
487893
489153
488337
492945
467277
492945
488337
489153
487893
488633
490418
487303
490418
491398
491974
492019
473371
468763
469207
455165
473813
478421
492463
501263
500819
501635
498779
501635
501590
500610
500034
499218
490418
492758
494669
502509
525189
522435
516675
515695
513970
512584
493936
493216
494338
493282
496162
523096
524152
523030
520150
493216
492236
478194
479174
493216
488608
489184
480384
477528
478344
478299
482907
491707
510355
510799
513655
512839
512884
512308
511864
493216
493828
496582
495970
496786
492226
496786
495886
493132
494032
493216
494196
480154
479174
493216
473798
476678
476234
477410
496828
496012
495967
477319
476143
467343
464463
461031
465729
465969
469401
464703
464463
459855
456999
456423
457403
471445
457403
456423
455367
428433
429555
426675
425553
426609
453543
456423
468923
477419
496837
504677
503555
484137
475641
463141
460387
461509
453669
456423
454058
462038
454058
456812
454058
456008
456750
448770
450948
464712
476492
479372
487212
488408
496388
488548
486370
484420
483678
482698
483678
469636
455872
469914
458134
456938
454058
440016
440996
440016
454058
451178
452234
451178
450056
423122
450056
451178
454058
455038
469080
455038
454058
455658
457569
458420
459542
471012
474127
476700
462658
461678
462734
463910
469622
468771
465656
463316
460743
463083
463934
467366
463934
462878
460967
464082
452612
451490
462960
464560
462960
464871
467444
468566
462854
461678
461066
459944
461000
462122
461306
434372
433472
428912
427856
454790
457670
454916
452036
471454
468574
469750
450332
453212
452036
460016
462194
460244
458066
450226
436462
424682
416702
418652
417456
431220
443000
445880
446622
454462
455658
452778
452036
448921
450043
461513
464628
463028
461906
464479
466079
454609
452036
450125
449274
451185
452036
451100
450044
447164
446042
419108
421988
423110
424166
451100
454215
462711
482129
489969
491569
504069
506823
507945
508796
510707
522177
513681
512559
504719
507292
487874
476404
473831
471920
459420
458569
457447
454693
453093
454215
451100
462880
451100
443120
451100
453854
451100
431564
428924
428380
420400
423832
419134
423832
424072
420640
420400
415792
412672
414272
412487
386819
386003
384743
381628
378513
376913
374340
372429
371578
370456
369716
372831
384301
386874
388785
389907
378437
379288
378232
351298
350176
347296
346174
343059
331589
329016
327105
338575
336975
336124
337724
338575
339697
342812
344723
347296
350138
353531
354335
342555
341813
333973
332777
324797
327677
335657
343497
341547
342743
344921
331157
328277
340057
353821
354563
352385
354335
356246
364086
386766
364086
362175
354335
356675
354335
355935
357057
355146
354295
351180
350058
348458
345885
348458
336988
348458
351573
353484
354335
353159
350279
351455
370873
351455
354335
352735
351613
348498
345925
344014
343163
331693
340189
331693
351111
358951
351111
353865
354987
352233
332815
320315
319193
331693
334549
339157
339973
358621
359065
359641
359686
368486
360506
357752
360506
368486
363878
364454
367310
385958
386402
386447
395247
392391
373743
372927
372882
373698
373254
364454
369062
368486
356706
355964
369728
371678
363838
362642
359762
371542
374422
372244
358480
360658
368638
366688
367884
375724
367744
368486
371342
370526
370082
361282
361237
362053
343405
343450
342874
347482
344626
363274
372074
372518
373094
368486
368042
368087
368531
387179
395979
400587
403443
384795
385611
381003
381579
381003
380958
378102
377286
368486
363788
360356
359180
339762
339522
336642
337818
341250
341490
344370
349068
368486
367670
370035
371085
379885
381007
385705
398395
399375
403983
406839
406884
403522
405862
405418
414218
405418
405862
406438
407254
404398
401388
400812
419460
416686
391018
389068
388252
369604
369559
368363
363755
389423
391373
394229
413647
416657
426743
424403
421547
422743
426136
426270
429112
428308
424915
422073
433543
446311
473245
473689
476909
479751
461103
479751
478935
478890
478314
477870
469070
464462
461606
462422
462467
463043
463487
472287
476895
479751
461103
460287
455679
446879
447695
447740
444884
444440
463088
463043
463487
464063
472863
475719
480327
479751
484449
486814
487936
486814
487794
475104
474054
465254
462889
458191
470881
471931
480731
479751
488247
475747
474625
471871
472993
492411
483915
486669
499169
507009
499169
479751
480947
488927
491105
493985
494727
506507
494727
496677
510441
502461
510301
508123
494359
493163
491213
490471
482631
479751
482201
476321
473567
471782
470606
468156
445476
443526
446646
437846
443726
446480
447656
456456
479136
481086
477966
479751
480327
477471
476895
476079
476034
476850
476406
476850
495498
504298
508906
511762
507154
498354
479706
479751
484359
484935
493735
512383
512827
512872
513688
510832
506224
497424
478776
478332
478287
477471
476895
479751
476997
479751
487731
499511
487731
479751
501327
501372
504032
504608
505052
502210
489442
486222
459288
462130
461686
474454
462984
466204
477674
478118
505052
509660
508844
508799
508223
507779
498979
480331
477475
472867
473989
472939
477637
478687
491377
500177
501157
500035
499055
490255
509673
507308
510188
512553
507855
495165
475747
472867
471691
472867
472147
470236
462396
439716
437376
436634
439514
441692
449532
461312
475076
477026
469186
467236
467978
459998
461194
469174
467978
465098
453318
439554
437376
438426
436061
444861
445841
446963
449328
436638
441336
440214
439234
430434
429384
442074
437376
442074
441834
442074
445506
440808
437376
437952
437508
434848
434272
412696
413140
415800
437376
437331
437376
436525
433305
430463
403529
406749
406305
393537
393981
396823
423757
436525
447995
436525
437647
440401
459819
468315
480815
468315
460475
468315
459819
440401
437647
436525
433683
430290
430156
431136
432816
435181
439879
448679
449659
450781
451831
439141
438091
437111
428311
427189
424824
420126
432816
431640
412222
415102
434520
431640
432816
430062
422082
421638
421062
421017
421461
422037
400461
400506
397846
400506
422082
421638
418418
421260
421704
410234
407392
420160
423380
425674
412906
385972
412906
412164
425928
427878
414114
402334
399454
391614
403394
395414
393236
396116
396858
404698
406876
414856
412906
411710
412906
413450
414430
412065
410943
402143
401163
413853
412803
400113
401163
396465
398830
403528
412328
413450
419162
420218
421394
424826
427166
423734
418022
415682
414626
413450
435026
437686
438262
437818
438262
438307
437731
416155
416110
413450
414572
427262
429627
428577
433275
434255
443055
444105
439407
437042
435920
434940
422250
413450
394032
391278
383438
370938
369816
361320
358100
361320
359026
385960
386404
389246
388802
401570
413040
386106
373338
370496
367616
368792
349374
352254
371672
371432
366734
365558
362126
369008
380788
383668
371888
373084
381064
383242
380362
382312
380134
380876
379680
371840
371098
369148
355384
363224
355244
350546
351526
350476
341676
340696
339574
337209
349899
350949
352071
354436
359134
346444
355244
358100
360980
362580
363156
363111
362667
360007
359431
359875
338299
359875
359920
362580
374360
362580
385260
394535
413183
414305
425775
438543
465477
465921
454451
451609
454829
442061
444903
444459
441239
414305
423580
422458
413183
394535
413183
414305
405505
404525
403475
402353
407051
414891
417231
439911
441822
444187
452987
453967
455017
467707
463009
460644
447954
449076
451716
452838
462113
452838
471486
470364
451716
430140
429564
426904
426460
426415
424237
416257
415061
407221
406479
403599
401649
394767
382987
395677
376259
373379
376259
375083
394501
395677
409441
412195
423665
424990
425926
433906
443181
442059
432784
433906
452554
433906
430686
433528
432478
431498
418730
417608
417164
408364
409486
410466
419266
420316
433006
421536
421980
419615
416773
389839
392204
395424
382734
387432
398902
411670
438604
433906
443181
444303
435028
416380
435028
433906
445376
447287
450402
451524
453124
455697
456548
465044
483692
492967
511615
502340
483692
482570
483692
495162
496762
495640
494789
491674
480204
478604
481719
484292
482381
483503
480930
472130
467432
454742
453692
452712
451590
449225
451136
451987
432569
429713
419627
416617
414277
412327
386659
385463
366815
365693
374968
365693
384341
385463
358529
355687
355243
352023
340553
327785
316315
313742
315653
318226
329696
332811
331211
330089
329238
330360
331960
332811
329696
327785
309137
308015
298740
297564
294684
275266
274415
276015
264545
265667
263756
266329
269444
271355
282825
281225
278652
277530
278381
275266
266466
263346
260592
266472
264522
273322
276442
278892
281646
283431
282255
304935
306885
284205
281755
275875
274090
275266
276526
274926
273804
285274
287847
289758
292873
293724
292873
290300
278830
275715
276837
274926
276526
279186
282042
282792
283032
294502
308266
310051
311651
310051
311962
312813
313935
316508
305038
316508
315386
314535
312624
310051
313166
310051
311651
310051
307195
304315
307171
310051
312805
319125
325269
322696
325811
327722
326871
325749
323838
312368
323838
322238
324811
325662
327262
324147
325269
326120
319976
308196
307345
305434
293964
292364
291242
288669
285554
287894
310574
308234
316074
308234
306323
283643
285554
298054
299230
300830
309797
312677
324147
331987
327379
328183
330633
331209
333705
334149
342129
343305
352105
370753
369631
367058
347522
350637
352587
353763
363849
365025
361593
363933
362757
360417
363849
362793
368505
362793
363849
364599
376069
384049
384985
394260
397014
410778
408024
400044
388574
387638
373874
372549
380193
383625
396393
399786
435336
448026
450906
452817
455457
456653
456698
457142
457958
458003
458579
477227
486027
490635
493491
485847
473079
469647
482415
485847
493491
484691
493491
498099
498054
497478
496662
492054
492870
474222
477078
476634
477210
477654
496302
493446
493491
496371
493515
495115
497971
496371
493491
494067
496923
501531
501975
520623
520047
519231
519186
518742
500094
491294
486686
483830
484646
484691
493491
492947
492371
492326
491510
491555
492371
501171
519819
520263
520839
517983
522591
525447
520839
502191
501747
492947
485303
472535
485303
488735
496379
492947
495397
501541
506149
541699
523051
525624
527010
529866
529050
529095
536935
537511
542119
539263
534655
525855
526299
544947
566523
568283
569099
569054
568610
568034
571834
563994
562083
559743
537063
539513
537017
544997
553797
552621
552045
551241
550797
542817
540367
531567
532371
533547
533991
552639
555135
555711
537063
537914
538730
537914
537470
537425
532817
532241
513593
511833
508977
511833
512409
512454
512898
521698
526306
544954
573898
574702
577198
587284
587572
587617
606265
605449
602593
602149
606757
609613
618413
599765
600341
599765
600581
601025
600980
592180
587572
583772
605348
613188
614574
619182
621632
627776
630349
665899
658059
656673
652065
649615
643471
640898
605348
583772
587572
584140
576496
563728
564784
590452
593572
603658
603082
603526
594726
594681
590073
587217
587262
591870
610518
619318
620134
622990
622174
621730
622306
603658
601978
614746
613550
610670
608030
595340
596536
599416
606526
619216
621127
585577
588217
586306
589421
588245
578159
576209
577385
587471
589421
586306
581698
584554
581698
580882
580306
584914
566266
566221
565777
566593
566638
567214
567658
586306
595106
586306
589378
584770
620320
618934
621507
617707
596131
588291
585841
591985
589412
594020
558470
562270
583846
591686
593072
586928
589378
584770
584725
575925
573069
572625
553977
553401
552585
551781
561867
532923
522837
523641
523929
552873
550377
550089
552585
551605
552991
517441
516055
518628
554178
550378
556522
534946
532496
527888
535728
539528
561104
563554
568162
562018
559445
551605
543109
545989
547165
545565
536598
535422
522922
511452
520419
522019
519139
531639
543109
565789
574589
577039
575089
577039
578215
580969
572169
569719
568543
565789
559909
558124
555004
558124
559909
565789
543109
520429
523309
533395
562339
564835
565123
555037
526093
525805
523309
522505
549439
550561
551617
552421
546277
543704
542318
534478
512902
509102
544652
547225
544775
547225
551833
553219
561059
582635
547085
542477
548621
552421
571069
568573
576553
579003
587803
569155
569959
569515
572011
572455
571879
573055
572251
569801
570377
569201
561221
552421
549781
552637
555517
552661
551061
552661
551605
552661
555541
556663
553783
550903
549781
522847
549781
547027
539047
538111
528836
517366
503602
504988
526564
520420
528260
525810
523237
518629
517243
509403
487827
484027
519577
522150
486600
492744
495194
499802
503602
497282
496022
495171
498027
498315
500811
501615
491529
491769
492519
495179
494891
523835
521339
520589
520349
517689
514833
524919
546591
545787
516843
529533
516843
514203
511323
512519
510608
503498
505409
504213
506853
542403
545283
542403
515469
514413
517293
518415
545349
544227
525579
526635
526680
527124
529784
551360
551936
547328
550924
586474
580330
586474
584024
576184
540634
538061
540634
539248
535448
537898
542506
543892
522316
530156
533956
545426
543641
532171
533956
547720
533956
531202
530080
531202
534082
561016
559960
557080
530146
531202
495652
489508
493308
488700
510276
518116
519502
524110
526560
532704
568254
564454
556614
555228
551632
549182
546609
549182
559268
561218
564333
563157
564333
561218
559268
549182
548894
558980
587924
588212
578126
549182
551678
552482
549986
549182
567571
572269
580765
583985
587378
589874
590162
587502
587457
588033
609609
612269
612713
612137
590561
590117
590162
589040
589280
616214
619094
618038
619094
616214
617336
590402
587829
581685
577885
542335
539885
532045
530659
509083
504475
506653
514633
517273
516697
517273
519723
522219
513419
522219
521775
522219
530199
527703
509055
507879
507075
525723
523273
515293
516469
517273
504583
504343
498631
499687
503119
502063
503239
502063
504403
510115
506683
504343
494257
465313
465025
464221
461725
460669
433735
434857
433735
460669
457789
458845
461725
461680
461236
463896
463941
464385
442809
440149
461725
462301
461725
453229
455725
458945
440556
443949
444237
440844
449340
467729
463031
462743
460247
457027
461725
460529
457649
455009
442319
440408
404858
414133
418693
421808
457358
458744
484412
493379
494119
515695
513517
505537
502897
505075
513055
515695
517420
517708
520550
526262
527078
519238
492304
489424
490480
517414
520294
521416
520294
519238
521023
523388
526398
527520
529120
535000
535740
536184
537750
534635
533249
532509
533249
568799
577766
552098
542823
507273
498306
501421
522997
524383
533658
559326
537750
542310
537750
556139
553479
553035
531459
530883
530928
531372
534032
533987
555563
556139
556184
559304
573068
574688
587188
598658
607388
615228
618343
624223
624963
626563
627685
632383
635393
629513
628391
626791
623781
622215
621475
621031
621475
630442
635002
599452
596596
593716
620650
623530
659080
660136
655576
653976
655098
653712
655098
658213
649246
674914
649246
658521
680097
679357
680097
653163
650283
649161
639886
618310
615195
614139
614955
615399
615444
624244
642892
647500
650356
650932
659428
650932
653428
658126
658414
661807
680196
661807
657109
660329
657833
657545
654152
650932
647922
642042
639864
639124
631144
635842
633202
635380
643360
646000
645556
648566
649010
647410
649010
649750
650872
649750
645052
650932
655492
664459
663719
660604
651329
629753
604085
605471
604085
639635
640375
661951
687619
683059
692334
683367
647817
650932
651508
654628
655072
657437
659222
656857
657433
666233
666278
669134
687782
685997
690605
671957
671141
671096
670520
670076
667220
662612
653812
654628
627694
633454
630061
629005
626125
625003
624559
622959
623699
622959
617079
612381
615391
614269
620149
620593
625291
626891
628013
625003
626389
635356
613780
610665
609925
574375
565408
564022
559462
533794
543069
564645
567760
568500
604050
594775
599335
625003
633803
638411
641267
659915
659339
658523
658478
658922
654314
655130
652274
643474
624826
624382
624958
625003
633803
636253
644233
645037
645481
626833
627409
618609
617805
609825
608649
608205
605709
605133
607629
626277
623827
625003
624253
623809
626924
624264
624219
622269
632355
632931
632976
632400
633576
634020
612444
634020
636680
626594
625418
627368
624253
618373
617251
624443
636875
663809
675279
681159
693927
695049
700929
701669
703269
702825
702085
697387
695787
700485
703495
703939
700929
701745
683097
678489
683097
682653
682077
679221
670421
670466
671042
671486
690134
698934
698118
700974
700929
704044
729712
725152
726538
735813
744780
780330
781070
771795
746127
724551
721436
720696
685146
676179
674793
696369
700929
713361
715539
723519
715539
712899
710721
713361
716217
727687
726087
735054
747554
749154
750330
749154
736654
725184
722304
723120
714153
714108
713292
717900
726700
745348
745792
746368
749248
740448
737592
732984
714336
713892
713937
713361
712305
709185
683517
684573
687693
713361
723447
713361
710351
710795
711917
711473
710733
715293
714171
712571
718451
721461
722201
726899
721019
716321
717921
719307
721092
721832
724197
721832
720047
729014
732129
706461
697186
694071
693331
671755
662788
627238
631798
627238
625852
661402
670677
692253
717921
722619
719226
721722
718502
718214
736603
745099
742603
724214
719516
711020
714240
717633
717921
729391
728815
729391
741891
745006
744190
744145
743701
744517
744961
748081
743473
740617
759265
759310
750510
731862
739702
728232
725117
733847
742647
747255
747210
748830
745710
731946
731991
734847
722347
713617
705777
719541
717921
720931
722053
723653
724393
724837
729535
727935
727195
721315
718305
724185
723063
718365
717921
692253
682978
647428
625852
622737
621997
620611
611644
607084
609926
604214
602489
602201
601385
603110
603926
609638
606796
607084
616051
597403
592795
595651
600259
609059
627707
627662
627086
627530
627575
628391
619591
618775
619351
616495
613835
613259
591683
591638
591194
590750
590010
588888
587288
582590
576710
573700
573256
573211
573166
581966
586574
583718
584534
584579
585023
603671
604247
599639
598823
598247
601103
582455
573655
573211
575851
573211
575389
573211
581191
573211
574996
572631
570846
573211
572635
571819
571774
590422
590998
591043
599843
604451
604895
605711
602855
598247
589447
570799
570355
573211
572395
569539
560739
560694
560250
559674
555066
536418
533025
514636
506140
501442
498946
495726
495438
488246
482366
469934
464054
462269
461093
449623
462391
449623
476557
488989
494869
467935
479405
486597
477797
475043
476993
454313
476993
474543
472593
481393
484513
481393
487273
490027
491203
493653
495438
486708
495438
506908
514748
517863
517908
519528
516413
530177
518707
506207
504587
496747
482983
479863
492363
492318
495438
493653
491013
483033
484818
482453
484818
482640
483816
484260
481810
484306
484882
503530
484882
485686
477706
486506
488956
487780
486976
486532
484036
483460
491440
482640
511584
519424
521335
544015
546355
536269
539384
537434
539384
540560
537445
536269
546355
543990
545775
548140
546355
549197
547472
544630
550342
544630
545446
545734
547459
547171
546355
565003
574278
575400
572328
593904
593859
581359
579739
571009
567889
556419
553304
545464
531700
534360
537216
537456
537216
534360
533610
534360
531700
540975
559623
550348
531700
530578
531700
534556
535407
538161
544481
546846
559536
560352
562692
575460
563028
589962
601432
594240
567306
574498
580378
567610
556140
550260
562692
560327
562692
560907
562692
581340
582462
573187
554539
553417
562692
541020
540169
527401
508753
509875
500600
509875
508753
527401
518601
518157
517581
509601
508797
507621
505125
486477
484027
482242
468478
457008
455832
453492
447780
444348
443292
446724
452436
453612
455952
457008
438360
437238
427963
429085
447733
457008
455223
457588
455223
457008
466283
467405
448757
439482
438360
457008
485190
485940
486756
487602
489780
471132
480407
479285
470010
488658
489780
488055
485213
484397
484109
478397
481239
481527
487239
488055
489780
487415
485630
488486
475796
472940
470575
473329
475694
488384
489235
491575
492391
491540
488786
482466
488786
486446
485630
476355
475233
456585
447618
446018
443138
430638
429462
417992
444926
452118
457998
450806
462276
449508
462276
450806
438374
450806
444926
417992
418928
423488
431132
440407
441583
439633
442748
439633
441583
440407
450493
440407
441223
440377
412195
411379
410629
411475
439657
440407
448247
440407
442318
440407
463087
460747
463087
440407
422018
424591
423535
420415
394747
384661
385512
386634
388234
390807
392718
395833
407303
406457
405641
377459
376709
374369
373553
360863
358498
352178
349424
351789
352605
354945
361265
358409
357558
360312
361163
364019
376709
364277
365257
367168
368019
367731
368853
367253
368853
370578
371394
365514
359802
358986
356144
367614
373326
375899
379014
379302
392070
390159
389308
392150
389577
378107
374992
362560
389494
400964
374030
361262
367142
374334
386766
385041
377849
376727
365257
365302
383950
384394
384970
387826
392434
401234
402050
402901
391431
392553
395126
397037
400152
398552
397701
399301
398179
395606
393695
405165
402050
402494
393694
392878
392302
373654
373210
368602
365746
374546
374591
375167
379775
382631
382586
383402
402050
398930
400550
409825
411211
418855
422320
423490
434960
423490
425090
421975
422826
424737
427852
426252
424341
421768
420917
423490
424612
423490
424306
442954
445810
442954
451754
456362
456806
457382
452774
443974
443530
442954
442909
442093
442138
423490
415846
406571
405401
407021
403556
411200
409814
411200
420475
421645
425110
423490
417730
422338
423154
426010
434810
426010
426454
426499
407851
404995
405571
405127
404551
404506
403690
399082
417730
406260
403687
400572
399721
402294
400694
402294
403416
404267
406178
404267
415737
418852
417730
419515
425395
428149
429325
420525
419349
422469
431269
425389
423439
400759
398309
400259
422939
425389
422269
420484
417730
408455
407285
410750
420025
418639
420259
416794
409150
407530
408916
410086
417730
413122
413938
413122
412678
394030
385230
382374
382329
382374
381798
386406
389262
407910
408354
408930
417730
406260
417730
416879
415757
418872
421445
422567
424478
425329
422214
423814
421903
420303
417730
416554
413439
411489
401403
406011
406587
405201
412845
409380
407760
410616
401341
404806
413606
422881
424267
423097
424267
416623
418243
419059
419503
400855
396247
387447
387003
405651
405606
404790
401934
401979
401403
404518
407374
408974
410096
410947
422417
424990
423390
422268
425022
424171
426082
438772
426082
423717
417397
414643
413792
410936
413276
414092
416457
422777
421961
419621
417048
417899
406429
404518
401403
392436
391860
391416
386808
385992
404640
404595
401739
401163
401979
402423
411223
415831
418687
409887
391239
391815
391860
401135
402755
410399
411569
415034
411569
409949
408779
401135
399749
390474
391860
387300
394492
381724
370254
357822
350630
323696
336464
363398
374868
380748
393180
387300
385700
382585
381734
379161
367691
366569
364658
360050
360095
359651
358835
358790
355934
360542
361118
342470
341894
344750
335950
344750
345194
346010
364658
368123
366953
363488
361868
352593
353979
355599
356769
364413
373688
366044
364658
362747
340067
337727
329887
311239
306631
306586
306010
305566
306382
306826
306871
298071
295215
294399
303199
307807
326455
327031
329887
342655
346087
353731
348019
346294
345478
345190
346915
349757
355469
355757
352915
353731
355351
358816
359986
352342
350956
341681
340511
338891
335426
343070
344456
353731
324787
325687
324871
324826
324250
323806
305158
296358
291750
288894
290280
299555
298385
296765
289121
279846
281016
282636
281250
277785
285429
288894
281250
277785
276165
274779
265504
264334
242758
229990
226558
218914
226558
229990
242758
248902
248086
235396
234545
232180
229426
227086
229942
223622
226376
239066
241406
238550
239366
241731
248051
248902
250862
258842
284510
286421
315365
316265
319019
316163
313503
313263
312513
311577
302302
294658
290098
297742
307017
307953
312513
299745
303177
310821
303177
299745
312513
299745
298689
292809
285617
273185
261715
265147
266203
271915
273091
269659
263947
262771
260431
233497
235837
223069
219637
211993
211177
216889
218614
221456
221744
221456
222272
220547
217705
211993
230641
258823
260443
263875
272675
274625
276407
278857
279301
281961
303537
304113
304158
303342
300486
299635
293315
290950
278260
275920
273166
273610
282410
285266
289874
308522
309098
309143
309959
313179
319323
320445
323455
332255
333191
343277
352077
349221
348777
330129
321329
316721
317537
316961
317537
317981
336629
335813
335768
340376
343232
343277
343721
344297
344252
346912
346468
346513
345937
324361
321701
343277
343721
342905
342860
342284
341840
323192
314392
317248
314392
315208
315253
315829
320437
329237
347885
343277
335297
333386
307718
278774
277874
275914
273160
302104
304015
306769
307669
315649
317609
343277
347885
356685
375333
375777
375732
375288
366488
365912
366488
365672
362816
365672
365717
366533
361925
343277
334477
334522
333706
333661
333085
332641
313993
314437
315253
315829
334477
337333
346133
350741
346133
343277
341552
341264
340448
343290
344106
344394
338682
335840
341552
343277
341099
343739
372683
376631
376586
377162
398738
401398
400822
398162
376586
376631
376187
376631
377447
377003
374147
374591
374636
375212
393860
398468
401324
382676
378068
386868
386052
386007
385431
376631
376055
375611
375566
356918
357734
348934
348118
345262
340654
340699
341143
359791
368591
373199
376055
376631
372023
371579
362779
344131
344575
343999
343954
344770
344815
341959
346567
365215
374015
376871
377447
376631
385431
382421
383357
384479
390623
389501
392721
383921
394007
383921
386931
385995
379851
376631
381191
380375
389175
392031
391986
391410
390966
372318
363518
360662
361478
361523
362099
362543
381191
385799
381191
359615
359171
359126
356466
357042
357087
359747
360191
359615
381191
400609
426277
438057
441067
443563
448171
454315
460027
468007
466057
464881
462431
459677
461462
464582
470462
447782
448958
451408
474088
476038
472918
464118
472918
467038
465253
468007
468247
474567
469959
461159
442511
441695
441650
441074
440630
437774
449554
471226
473591
474527
476438
477014
476570
476525
498101
497525
500185
500629
500674
479098
476438
472490
443546
472490
475130
472490
476438
470294
476438
471878
479522
484082
476438
477374
468099
467163
476438
473942
467798
487216
491824
497968
494958
500670
508650
500670
494958
520626
516018
519028
499610
487830
490326
464658
476438
476150
473308
471583
470767
465055
465667
466567
467383
471943
474697
477451
474697
482677
480766
479866
481777
452833
427165
425205
426105
428065
453733
445753
474697
482537
483473
486693
485571
476771
479781
480903
487047
495847
494911
491901
488681
482537
492623
482537
479877
479433
479388
457812
457236
454663
459271
467251
462643
436975
434479
426499
423489
417345
420355
422851
448519
460299
454587
459195
464907
471051
459271
439853
459271
460327
462667
463843
462787
466219
471931
466219
463879
462703
459271
458455
453895
456649
457261
458161
436489
441049
429269
426515
427331
425420
424808
423872
425783
423418
435198
437563
459235
460171
459271
430327
426379
455323
457963
461911
459271
458291
470071
471007
470071
461271
455127
456249
466335
475135
465049
468269
471279
477423
476301
473291
470071
465463
457483
460493
479911
477415
483559
477415
483127
487735
495715
498211
492499
518167
498749
473081
461301
473081
470071
470615
479345
482201
483821
484637
485573
488213
490967
490067
487617
490371
488411
514079
488411
459467
458567
455813
447833
449744
478688
480648
481548
479637
487617
487005
487821
486921
491481
492381
489627
490239
485679
484863
487617
485121
479409
474801
455383
429715
423571
411791
414287
411277
414287
426067
431779
437923
429943
434551
453969
479637
487617
458673
454725
457365
461313
458673
487617
465945
465009
466920
488592
500372
502737
490957
488592
489528
487617
490732
493952
483866
482744
488888
497688
498624
501634
492834
491898
485754
486876
483866
480646
490732
488236
513904
516400
519410
513698
507554
504544
485126
473346
465366
460758
435090
446870
452582
457190
465170
484588
490732
489916
485356
486172
490732
491344
490732
487978
488878
487978
490732
472084
493756
500076
522756
525096
532936
534847
525572
524636
516992
512432
513368
507224
528800
531460
531505
531949
532525
524545
536325
539335
533191
552609
558321
583989
579381
585525
590133
598113
578695
553027
541247
535535
532525
530029
532525
529305
523161
525915
524979
516179
507379
506257
509377
508201
505191
482511
480061
482917
480163
474283
472498
469378
467428
457342
466142
465326
474056
482856
488736
490521
491457
493907
495083
497033
519713
522467
528611
525971
528981
529797
528861
531501
534721
535657
526927
524071
525691
524071
523527
533613
530859
531981
532525
536473
539113
535165
506221
535165
532525
529771
504103
502143
494163
465219
464319
462408
462984
463800
466656
471264
480064
498712
499156
499201
500101
511881
514635
515247
514347
513531
508971
506606
484934
483998
483386
487946
489857
487103
485192
473412
474348
475164
496836
499201
508001
510857
515465
496817
497261
497837
497882
516530
513674
504874
504430
503854
503809
502993
498385
499201
499777
521353
521308
520864
518204
496628
496052
496097
496541
499201
490401
487545
468897
468081
468657
468702
469518
464910
467766
486414
495214
499822
499777
499333
498757
499201
498961
524629
527125
538905
533193
552611
546467
554447
560591
534923
540635
538139
535129
538139
518721
514113
506133
510741
498961
499537
499981
481333
485941
485125
485080
484504
503152
511952
511508
512324
509468
509513
500713
503569
498961
499777
481129
481084
472284
467676
464820
464376
463560
464136
464580
483228
492028
491452
494308
498916
498961
498916
507716
498916
517564
516748
516172
520780
520336
501688
502132
502708
505564
506380
503524
503569
498961
477385
477829
477874
499450
498874
499450
499405
498961
501621
498961
500083
501019
509819
503675
513761
510751
516895
519905
518969
510169
500083
498961
495741
498961
480313
477457
477412
472804
464004
464820
465396
464580
465560
479602
479647
482503
482059
486667
495467
514115
514559
513983
516737
517553
522113
522725
523625
522809
518249
517349
514595
513983
516623
487679
485039
488987
517931
513983
513003
498961
499941
513983
513407
510551
505943
497143
478495
478051
478006
477190
478006
480862
481438
481882
500530
509330
513938
513983
510973
508477
500497
495889
476471
470759
445091
438947
427167
429507
452187
455067
441025
438685
440596
439616
447456
461498
462554
460643
452803
453925
480859
458179
459159
459735
459780
468580
469396
488044
490900
491344
488488
488443
487867
487423
468775
473383
464583
459975
459159
452839
466881
467861
466881
452839
452884
474460
477120
477564
455988
455412
452752
452707
452263
452839
449407
452839
451783
451207
448867
447691
441979
441535
442711
442666
424018
425074
427414
433126
428518
419718
418902
416046
417957
396285
393920
392009
380229
381165
392945
414617
416982
416046
415066
401024
402004
416046
417168
420048
418992
420048
418926
416046
389112
416046
411486
412226
424916
429614
431214
431658
432834
433576
447340
452038
455048
462888
464010
469890
479165
485045
486025
471983
486025
485045
486025
485045
499087
485045
484601
483001
478303
472423
471683
470561
467551
470561
471683
473283
477981
478721
479165
485045
485981
483341
480587
479651
479107
487837
490693
491509
492053
494693
497447
488717
485861
487481
486665
485045
482291
477731
476831
476219
475403
502337
488295
485415
458481
459603
460659
459679
460659
474701
473579
472523
475403
474827
472167
480967
481411
480967
502543
503119
504055
506715
506670
506715
503495
481919
478909
485053
488273
487151
490161
481361
482483
472397
471461
465317
475403
475847
476969
477709
482407
485417
487017
484007
483563
489443
488703
484005
482405
476525
475403
473621
445439
442007
440387
431587
429637
443679
442699
428657
429637
423757
414482
415224
419922
433686
434862
427022
425846
431726
427028
414338
427028
436303
444143
443401
429637
428657
414615
428657
429637
430081
431203
432803
437501
438241
441251
440129
438529
433831
433091
432647
429637
423757
429637
458581
429637
433585
429637
426997
429637
430759
457693
456571
453691
426757
427813
430693
429637
425029
424049
410007
415887
411189
412789
409779
409335
408595
402715
401115
401559
406257
405135
405875
408885
410007
402167
401723
401678
401102
379526
376866
377988
376932
374052
372930
373986
400920
403800
376866
377310
374300
375422
377022
381720
382460
382016
376136
382016
380894
379294
378554
373856
376866
363102
368982
378257
379433
393197
385357
376082
371384
372126
370950
375648
374906
387596
395436
389556
376866
378036
372156
350484
348119
348859
349795
338015
335005
356677
354766
357131
357575
360585
372365
371921
373043
372107
376805
378716
374018
372418
371296
372896
378776
378036
378840
382233
385075
382195
381073
380017
406951
409831
410953
384019
385075
393875
398483
401339
401783
402359
421007
421823
421868
418753
424513
418633
417033
414023
413579
412839
408141
407019
417105
418227
421447
418227
417105
414095
422895
421959
413159
414095
420239
423249
417105
407019
409875
401075
419723
420167
420743
417887
418703
414095
395447
400055
399611
399566
398750
407550
407595
407019
411579
412321
398557
393859
381169
390444
396324
404164
416854
421552
435316
434574
435750
434574
425299
419419
411579
410523
413379
386445
385323
386379
383499
375659
373319
377927
386727
405375
382695
380784
381228
381273
380457
377601
372993
364193
345545
345101
344525
344480
371414
371990
373112
373928
376808
382568
386516
408092
409028
421460
428652
416872
419728
416872
421480
416872
408072
416872
435520
435475
436291
435715
434899
434455
415807
416383
416428
416872
419512
416872
445816
449764
420820
416872
417448
426248
425672
426488
421880
422324
419468
419513
438161
438116
437672
440528
421880
413080
412264
416872
415816
388882
386002
384880
385936
388816
389938
416872
416056
420664
429464
448112
448556
449132
449177
449993
452849
449993
441193
422545
422101
421525
421480
416872
404182
416872
407597
412295
426059
427235
421355
407591
402893
402151
400975
393135
399015
399757
407597
416872
418042
416872
416827
419683
424291
423475
442123
442567
443143
440287
441103
449903
445295
436495
417847
417403
417448
416872
418822
441502
443952
442002
444756
446541
443421
440667
431867
430082
424202
401522
399072
407872
410992
416872
418048
418984
417808
418352
419972
420788
423428
426182
417452
420308
418688
417872
417328
414688
411934
420664
419728
416872
415750
388816
387760
384880
384064
365416
362560
357952
349152
348708
349524
358324
361180
360604
360559
360604
361180
361624
380272
384880
381660
372860
366716
365780
364658
361648
351562
345242
346058
374240
375086
375836
397508
396572
374900
372535
360755
363120
374900
372989
373925
375836
372443
371639
374481
377874
378678
375836
376280
379136
387936
406584
407160
407205
406389
401781
402597
402552
401976
399120
403728
403284
384636
375836
388604
392036
399680
400580
393388
371812
370876
383308
387256
408832
416024
416960
413012
407252
413012
400580
401966
427634
463184
467744
489320
498595
499335
502450
511417
510973
508117
507301
488653
488608
484000
475200
474624
460860
456162
443472
435632
429752
428576
427834
418559
421674
420288
411321
406761
432429
441704
463280
437612
446579
482129
482869
484255
488815
485700
464124
463384
427834
418559
414611
411971
383027
386459
373691
381335
394103
386459
383027
392302
391562
390176
390916
394031
415607
416993
442661
451628
425960
461510
439934
430659
427544
432104
396554
387587
383027
383777
384593
412775
412025
383843
382997
383843
382907
382091
381351
355683
346408
367984
364869
343293
338733
303183
294216
329766
330506
333621
359289
368564
367178
368564
377531
382091
380921
382091
384731
363155
358595
357209
321659
320919
322305
296637
332187
341154
345714
348829
374497
365222
374497
371382
372122
363155
384731
371963
364319
360887
368531
381299
384731
397163
402923
424499
431691
435639
423207
419259
418323
411131
405371
383795
384731
375456
349788
375456
366489
330939
330199
327084
305508
314475
309915
310655
319930
323045
327605
349181
384731
383345
384731
385781
385031
356849
356033
355187
353801
344834
347949
326373
325633
316358
290690
312266
337934
347209
344094
308544
309930
318897
354447
355187
350627
355187
352847
351671
350615
354047
356387
362099
363155
357443
358619
355187
333515
331150
330214
318434
340106
342471
340560
352340
353276
355187
354383
350990
348148
344716
337072
324304
302632
298072
289105
287719
266143
263028
227478
218203
217463
191795
199775
202529
201713
198857
190127
189583
187963
185323
184153
183217
184387
181633
193103
194225
195076
198191
200102
202675
204275
197083
191323
169747
157315
156379
152431
161706
180354
181476
178903
180025
181936
182787
181665
180814
178903
167433
169033
180503
177388
175788
178903
181476
184451
183329
164681
173956
192604
193726
184451
185573
188146
190057
191657
203127
206242
204642
205493
204642
202731
200158
199036
187566
184451
193726
212374
213496
204221
203099
184451
187566
188417
190328
187213
198683
187213
184640
183789
184911
183311
185884
187484
185573
184451
185621
166973
165851
156576
157698
176346
185621
188736
200206
198606
197755
199355
201266
202117
199002
200124
198213
195640
184170
186743
185621
193601
196355
193601
185621
197401
196465
194554
192189
180409
202081
204446
206357
184685
185621
194896
185621
184499
203147
204269
185621
182506
193976
192065
189492
178022
176422
177273
176151
178724
180635
181757
183357
182506
185621
184451
185621
166973
157698
158820
168095
166973
185621
183048
181137
182259
170789
167674
166552
165701
166552
169667
181137
183710
185621
187221
185621
193461
216141
218052
220392
233082
234993
225718
234993
253641
234993
270543
269421
272301
273423
276063
277259
274144
262674
260101
258501
257650
256528
258313
256402
259517
262637
270477
270522
279252
290722
303222
304842
318606
309331
308209
289561
295321
295897
303877
306055
308695
316675
313921
305941
308695
311815
313600
319480
322234
324684
347364
349314
347364
324684
322899
321723
318969
320145
317695
308895
305775
314575
308695
307525
308695
287023
284658
282747
281811
282747
304419
316199
304419
306330
308695
308740
307120
309976
296212
293092
293668
293713
294529
297644
298088
305928
317398
326128
339892
327392
315922
307192
299352
296237
314885
318005
317960
322568
331368
332988
345488
343310
351290
353468
350828
342848
345488
354288
335640
354288
354864
354909
355725
352869
344069
343625
344069
339461
339416
344024
343208
346064
345488
347828
348679
349495
362185
364550
367304
373624
376480
371920
370724
367844
332294
319604
317693
315053
316964
352514
355394
368084
370724
371920
353272
356128
360736
356128
355312
355267
354691
345891
346707
346263
346308
346884
347328
365976
374776
371920
381195
384627
385071
387927
406575
415375
415951
411343
411298
415906
415462
396814
395998
395422
396238
396283
393427
384627
385071
387731
387776
409352
409928
409484
404876
396076
393220
393265
392689
392644
391828
392644
401444
406052
408908
390260
390704
409352
409928
412568
420548
422726
420548
412568
409928
407174
399194
401948
409928
414536
417392
414536
413720
422520
423336
422760
423204
423159
418551
409751
409796
409352
390704
391280
409928
408758
409928
404168
395368
392248
389133
381293
372563
361093
348593
346973
333209
333164
332588
335708
349472
351092
363592
375062
383792
365144
369752
370568
370613
371189
371633
390281
399081
394473
397329
394473
394029
393213
393168
393213
396328
404168
406508
398668
421348
398668
396757
404597
406508
404168
405014
405756
405180
404736
404691
386043
377243
374387
369779
369824
369008
373616
374192
374636
393284
402084
404940
405756
417226
442894
464470
461810
440234
440189
440633
441209
440633
440678
443338
442894
440254
442432
450412
448234
440254
442894
434094
429486
430302
429726
429282
410634
411078
411033
411078
411654
410838
429486
438286
442894
445750
442894
443950
445126
450838
453178
452122
449782
448606
442894
439462
442894
421222
420286
418375
406595
404230
406595
419285
421625
422441
423292
426046
432366
429612
428761
425905
419585
417220
404530
403714
401374
404230
403654
385006
380398
380353
371553
370737
370293
367437
366537
367353
375333
376529
378707
391207
392932
399076
400676
405374
369824
371735
407285
409925
412805
425495
426691
424780
412090
409210
406570
405374
404930
404354
382778
383222
383267
385927
407503
408079
405419
405374
407552
405374
397394
394754
397394
405374
402620
394640
402620
405374
396644
393524
382054
369554
355790
352675
352630
351010
343170
342000
343170
345120
358884
380460
358884
358308
358353
361013
361589
358929
358485
358440
358884
356706
348726
346086
345036
342696
345061
347917
345552
344736
338416
335662
334811
331955
338275
340615
341466
354156
356910
357726
345036
347214
355194
367694
356224
330556
342026
367694
369080
368636
369212
366552
366507
369167
369611
348035
348080
369656
369080
361100
358346
359516
358346
361321
358346
356006
348166
325486
323575
288025
286829
284918
272228
269588
266708
269368
271279
268639
266461
258481
245981
253961
266461
268639
265979
265403
243827
243383
243338
242168
243019
242203
244543
241687
244543
242203
248523
250888
251704
239014
236649
230329
227575
240265
243019
242168
240383
237629
236453
234003
232053
240853
242638
248518
251272
252448
254898
277578
271698
273648
270528
247848
250968
242168
230698
205030
230698
242168
236408
234623
233453
241433
228933
220953
233453
231275
233453
235793
242113
242964
242113
244969
245785
239465
226775
224021
223205
225959
223103
225468
223128
220763
233453
241433
253933
241433
233453
231275
233453
207785
196315
195573
192141
197853
198429
200769
206481
209913
208857
206517
206805
207981
220481
229281
231921
234931
235987
234811
229099
228523
227677
235657
233479
245979
248157
235657
227677
226826
224072
217752
215387
212531
210191
197501
196685
219365
221705
229545
231456
249845
246413
249528
251128
252250
253101
255012
257585
269055
261075
248575
256555
254377
256555
269055
272065
268950
257480
258331
259453
258331
260242
262815
260904
272374
275489
272916
272065
270465
272065
273121
259357
260479
257364
245894
246745
244172
242261
241410
243010
241888
240288
243403
254873
257446
259357
250082
268730
277530
277575
278019
278595
279411
282267
286875
287997
284882
296352
297952
295379
297290
299863
302978
301378
300256
299405
297494
286024
286875
295675
291067
293923
298531
317179
316603
316648
317464
314608
305808
306384
305568
305523
305079
305523
286875
285489
284638
282727
280154
283269
281669
284242
286153
287004
288126
276656
273541
285011
283889
285489
304137
301281
302097
302142
302718
303162
298554
298110
306910
298110
300288
312788
320768
318590
317774
309794
297294
297249
296673
278025
280881
285489
288243
291123
292299
311717
308602
307002
295532
292959
291048
289926
292499
291648
303118
305029
305880
307002
308602
311717
312161
320961
312161
311345
312161
312116
314972
315548
296900
315548
312692
317300
316856
316280
311672
311717
293069
284269
287125
286309
286264
285688
285244
294044
298652
317300
317744
318320
318365
319181
316325
311717
300247
297132
298254
299105
301016
303589
315059
318174
316574
315452
314601
312028
310117
311717
293069
284269
279661
276805
276850
277426
286226
286670
289526
288950
293558
293114
293930
293885
293069
311717
308602
297132
294559
292648
291797
290197
289075
289120
270472
267497
267053
258253
253645
250789
251605
252181
251605
256213
259069
259513
259468
258652
277300
286100
284315
278435
275681
274505
272055
275175
273225
270105
271890
277770
255090
246290
247466
256266
258216
260970
262881
285561
293401
291061
293401
291490
283650
306330
308780
286100
284150
287006
282398
287006
286190
286145
285569
285125
276325
273469
274285
274330
274906
275350
293998
302798
284150
281972
269472
261492
259581
268381
267937
268381
268426
267610
248962
249538
244930
236130
236085
238941
243549
262197
263013
260157
259581
267561
270781
271501
272401
274361
275165
279725
282605
263187
260307
259131
260307
279725
276869
272261
271685
271241
252593
243793
242977
242932
243832
244444
249004
249820
252574
240074
233930
229232
230048
227870
219890
218290
217094
218819
231319
233497
232681
233877
238575
236850
242994
250974
252574
253294
254098
254998
258218
266198
270758
267538
262978
261018
260298
262258
261454
260554
252574
249914
254612
256977
258099
266899
267949
280639
281619
282195
282639
282684
285344
306920
306116
301556
298336
300296
298336
297436
296716
288736
289456
297436
301996
302800
303700
306920
309560
310756
311736
312858
311808
299118
307918
312616
313666
316031
311333
308968
307988
299188
298066
310756
313510
312790
308230
306270
305370
304566
301346
305906
306710
314690
317910
318630
319530
311550
313510
332928
335808
316390
315214
316390
313510
314361
292785
290125
289681
311257
311833
312277
312322
312277
311701
314361
315177
316077
318831
319443
314883
313983
311229
310617
315177
314361
313641
310421
309617
310517
308557
300577
305137
304237
305041
305761
308981
316961
312401
314361
315483
313118
321918
317220
321918
324283
325263
324141
323161
314361
313311
314361
301671
314361
313305
314361
312021
310845
313185
307473
304041
309753
310929
314361
311141
311861
309901
309097
308377
303817
304621
305521
297541
300761
308741
313301
315261
314361
324447
325251
327747
328035
356979
335403
334959
335535
335979
336024
335448
332788
332743
354319
356979
359344
360466
365164
366214
353524
362324
359959
360939
359889
351089
350109
345411
358101
356979
355019
354215
356175
357075
357879
358599
361819
369799
361819
366379
365659
361099
360199
357859
335179
333268
325428
322208
322496
319856
319280
310480
307470
308046
307758
320258
314546
302046
307758
310398
319198
322208
341626
344506
345682
326264
329696
326816
334460
347228
346052
341492
340676
337922
337310
337922
342482
343298
344198
343298
346052
343687
348385
350750
351872
352852
361652
356954
348154
360844
359722
358742
357692
345002
346052
374996
385082
387578
388382
378296
349352
348548
348836
346340
346052
345248
344528
341308
333328
335288
336188
339408
347388
348192
348912
346952
342392
346952
346052
346007
345563
345608
324032
323456
320796
342372
345032
345476
346052
358820
362252
358820
346052
353696
346052
346664
349884
357864
362424
360464
359564
358760
350780
350060
345500
347460
348360
349164
349884
346664
345542
350240
349190
336500
337550
346350
348715
349695
340895
339915
341037
338672
351362
346664
348614
358700
387644
390140
390944
380858
381146
380858
378362
377558
348614
345604
337624
316048
314088
313188
312384
311664
307104
306528
306084
303424
300204
302864
302909
303485
325061
325016
325460
338228
341660
342836
323418
326298
345716
342836
330068
337712
330068
326636
325460
347132
349497
340697
341747
340697
341677
342799
351599
338909
351599
350477
349497
347132
342434
347132
344378
345194
344582
345194
344294
343478
338918
341672
342572
347132
348812
353420
372068
372644
373460
382260
382704
382749
385605
384789
384744
385188
385764
386580
391188
394044
412692
421492
421537
416929
408129
389481
389037
388461
385605
383109
393195
422139
424635
425439
415353
414549
414261
414549
385605
382173
374529
361761
361185
339609
336949
336505
336460
317812
326612
345260
348116
352724
353300
353345
353789
354605
354161
353585
352769
343969
339361
336505
336460
337440
346240
358930
354232
351867
352989
355354
360052
351252
350272
351322
350272
337582
336460
333604
336460
341068
349868
350684
351128
351704
351749
350933
350888
350444
331796
322996
318388
337036
336460
336505
317857
318301
322909
325765
326341
321733
312933
312489
311673
311628
330276
339076
338500
339316
336460
317042
319922
339340
336460
337636
336460
345260
332570
331520
322720
335410
334430
333308
330943
331993
332973
335338
340036
341158
336460
326374
328870
329674
339760
340048
368992
366496
366208
337264
336460
358132
385066
385610
363938
345290
340682
343538
348146
348191
345335
346151
337351
337795
356443
365243
364799
364223
364178
363362
363938
364754
369314
364754
364142
361388
360488
359672
360284
363038
363938
365723
366899
389579
391529
394283
400163
403283
412083
410133
408348
405898
404722
401968
396088
392968
384168
386618
363938
376628
379743
376887
376071
384871
403519
403963
404539
404584
405400
400792
391992
373344
376200
375756
375180
375135
379743
376989
376173
376128
375552
366752
369608
365000
346352
347168
347213
347789
366437
375237
379845
379401
379845
376989
389679
380879
379899
378777
376412
371714
359024
363722
366087
367209
376009
374959
375939
376989
358341
349541
349586
346730
346685
346241
341633
342077
341501
344357
348965
357765
358581
359157
358341
376989
398661
406641
407621
408791
410051
419326
428293
463843
466723
465919
463423
463135
434191
424105
405716
405272
386624
386048
385232
382376
373576
368968
368923
381423
384888
387253
389431
397411
399322
424990
416190
415140
410442
409320
408340
395650
393285
392109
389229
408647
389229
390405
393285
367617
369217
372073
374953
396625
374953
370393
367639
372199
371383
372199
371299
372199
374953
375565
374953
375769
403951
404797
405547
404491
426067
424807
421927
443599
479149
488116
497391
498651
489684
490854
481579
484459
485439
477459
455787
420237
419257
418087
426067
425216
428609
425969
428811
430761
433101
438813
437637
438813
433101
429669
433101
432045
429705
430761
429585
449003
450179
453059
433641
430761
438405
440025
441411
450686
451856
455321
454125
453375
431703
430857
438837
439381
440577
443237
444053
472235
473081
444899
445649
444833
440273
437519
436907
436007
435191
436577
433112
436577
437747
447022
454666
453046
443771
445391
444005
436361
435191
413519
422486
414506
378956
377976
399648
396768
387801
386631
385371
420921
428901
430071
431051
433931
443206
444466
435191
436811
444455
453730
454900
458365
459751
456286
448642
447472
438197
436811
435191
453839
451661
453572
445592
453572
455937
468437
471902
469991
467626
455126
457304
453839
455459
458924
460310
461480
458015
456845
466120
464734
463114
455470
463114
453839
479507
488782
493342
514918
523885
524625
527740
529126
564676
556696
559356
560552
559356
558812
556152
556696
564676
565798
566968
568588
560944
570219
571605
575070
582714
573439
571819
570433
569263
565798
556523
578099
556523
553408
548848
553408
517858
508891
508151
482483
491450
517118
526393
525007
528122
528862
564412
565798
565048
564232
563386
535204
533584
532198
533818
524543
523373
515729
525004
526174
527560
535204
538669
535204
522704
523280
517568
520578
526290
525714
528354
519554
532054
531766
532054
529044
526404
535204
532324
551742
550566
553446
554622
535204
513628
535204
530644
521369
530644
504976
508091
508831
544381
570049
579016
580402
584962
549412
548672
539705
538319
535204
543184
545844
544648
544104
544648
541988
543184
535204
542848
539383
530108
528722
521078
522464
520844
530119
531289
532909
536374
535204
556780
559895
560635
596185
605152
609712
612592
613762
612782
609902
600627
591660
590400
568728
533178
542453
550433
524765
546437
524861
489311
488141
478866
514416
523383
532658
533918
525938
516971
518357
517617
516231
511671
537339
534224
535204
538084
539684
536804
539660
538060
535204
533818
543093
544713
548178
538903
540073
532429
533815
541459
537994
536374
535204
533254
542221
506671
507411
510526
546076
544690
540130
541516
563092
562352
571627
562352
553385
557945
583613
580498
554830
557672
558932
562880
564662
567158
568838
547262
548987
539712
536247
535077
527433
526047
524427
532407
532951
535611
536807
536263
533603
532407
524427
498759
477183
467908
489484
486369
495336
521004
530279
525719
524979
516012
519127
483577
484317
488877
490263
525813
524427
518283
510303
497803
496203
494025
493209
492013
487315
485590
482836
482096
486656
488042
523592
522206
513239
538907
517331
491663
482388
446838
456113
477689
473129
470014
478981
479721
482836
485716
512650
513706
514828
513652
510772
491354
502824
505704
506684
507854
516821
495149
516821
481271
490546
526096
517129
509149
499874
474206
438656
429689
426809
425639
424659
420099
410824
407709
386133
387393
386653
385393
384007
391987
392531
389871
397851
389871
389327
388131
390791
391987
394352
397817
385317
381852
389832
402332
400421
398243
395878
387898
390076
391987
391375
392431
391309
364375
363319
390253
393133
390253
391375
389695
392355
400335
399139
396479
397675
398219
397675
389695
388639
389761
392641
419575
420631
393697
390817
389695
398495
401615
403400
406154
408604
385924
408604
406654
407830
405076
410956
408506
399706
396586
394801
388921
390871
389695
388525
410197
418177
427144
428404
463954
462974
472249
473419
470539
434989
425714
416747
395075
387095
389975
390955
389695
388573
389695
386815
387871
390751
417685
416629
389695
392355
384375
385571
386115
385571
384375
381715
389695
390955
388113
386853
388635
390360
393202
397150
395470
393745
396241
397921
395425
393643
389695
390415
402915
405669
414165
433583
441423
442545
447153
447198
450054
450630
451446
470094
478894
479338
486530
513464
514520
515642
518522
517466
490532
487652
486530
477730
496378
496423
497239
494383
489775
489331
488755
488710
489286
488470
469822
472678
477286
486086
486530
492674
489794
486938
485338
486938
489794
492674
491478
490934
493594
494138
491478
492674
484694
492674
493118
484318
483874
465226
465271
460663
457807
457231
458047
466847
471455
490103
490058
489242
489818
492674
492230
492806
492230
492185
473537
473582
472766
473582
474026
469418
478218
469418
466562
471170
474026
492674
483707
492674
483399
482139
479259
478089
470109
491781
527331
526351
490801
493681
494941
504216
505196
506366
514346
492674
465740
464684
463562
460682
463562
477604
478584
505518
506574
507696
495196
493018
485038
483127
480762
477297
489797
492162
494073
502053
504231
507696
512304
511728
493080
484280
487136
486320
495120
513768
514344
513900
513945
514761
511905
511860
512304
507696
506716
520758
506716
507696
507741
510401
531977
532553
532997
535657
534461
531801
523821
523277
531257
531801
532997
520307
519491
522347
522392
531192
517150
521758
512958
508350
508305
507325
507769
508585
527233
527809
528789
525933
507285
521327
520751
520307
521363
548297
547241
544361
547241
548363
521429
520307
521287
507245
506265
520307
538955
536099
536915
536099
536144
531536
522736
523180
504532
507388
511996
520796
520352
520307
520883
520307
523061
503643
504765
513261
512139
499639
491799
489045
508463
516303
528803
520307
519763
516648
530690
531670
517628
516648
513792
513837
514413
517269
521877
513077
494429
493613
493568
492992
488384
488828
507476
516276
517092
516648
515592
516648
518988
520164
514452
517884
514452
512112
510936
516648
520080
522030
523650
551832
553614
562414
563394
562414
563470
536536
550578
549522
548400
545520
531478
534358
535480
562414
559754
558558
558014
550034
545426
536626
536581
536005
535561
516913
514057
514501
514546
515122
533770
542570
547178
550034
549218
550034
571610
568950
547374
546930
547506
550166
550610
550655
550079
550034
542054
540884
539904
537024
528057
526797
517522
495850
460300
474342
475322
461280
460300
464248
465973
467653
470149
471931
473191
470349
473191
469243
467518
462910
460414
457558
448758
430110
429666
427986
427170
427125
426549
425289
423507
423747
424647
427767
429717
432290
436898
422856
421876
435918
436898
409964
407084
406028
404906
403926
417968
418948
404906
406856
409698
407748
404906
390864
404906
403926
404906
408021
409143
410743
422213
424786
425637
427548
428124
449700
449745
449169
427593
424933
424489
424444
424888
427548
426568
412526
410926
412526
413648
415559
412986
401516
404631
401516
400665
399543
400394
411864
414437
412526
385592
393432
401928
399174
418592
419714
432214
424374
404956
396460
399214
398092
385592
387770
389681
397661
400026
398115
410615
408437
400457
398092
385592
382127
385592
387503
390076
386961
375491
372918
373769
372918
371796
370196
381666
384781
385903
383992
385592
393432
395772
418452
420363
418763
415907
418763
420363
423243
420363
420408
398832
399276
398700
420276
420852
418192
418147
417703
420363
418763
416190
414279
413428
414550
416461
419034
430504
433619
430504
432104
430982
419512
420363
414651
414363
411723
399223
396213
395637
386837
384926
383804
380689
379838
377265
375665
376787
377638
379549
382122
393592
395192
383722
386837
383444
388052
390908
391352
391928
391973
392789
411437
420237
419386
416271
404801
402228
400317
411787
410187
413302
415875
417786
418637
419759
421359
420237
401589
401145
400569
400524
399708
395100
395916
395961
387161
390017
387161
395961
396537
396981
415629
420237
398661
400443
401019
398177
396917
395192
393410
390914
389234
393182
394442
396167
395723
395147
391199
412775
415435
415879
415924
415879
417559
414899
417741
420237
417664
416064
416915
418515
419637
421548
424121
435591
438706
435591
434469
433618
431707
420237
421053
416445
415629
416073
416028
415452
415008
412152
412197
412773
403973
412773
417381
420237
401589
420237
400819
388319
400819
409315
428733
436573
437695
429855
421359
420237
422991
420237
420813
418902
419346
437994
446794
451402
454258
452658
451536
450685
448112
447536
448352
445237
426589
415119
414303
411447
406839
398039
397994
398039
397595
376019
376595
385395
390003
392859
411507
411951
411906
411951
411507
410691
410115
405507
386859
378059
375203
376019
374897
356249
355673
353013
352569
352524
330948
328092
346740
347184
346368
347184
338384
338960
320312
315704
315128
323928
328536
331392
330948
330903
330948
331524
340324
343444
348052
356852
362732
363176
362360
361784
380432
378482
369682
365074
362218
362263
361819
361774
343126
320446
321622
322438
320653
323407
314607
311487
313272
316128
313374
312198
309748
311698
334378
336828
330948
337092
330948
333126
320626
318261
330761
322781
320870
318692
320603
317138
319503
322968
330948
331524
331968
350616
359416
364024
366880
364024
355224
350616
350172
350217
349401
350217
349641
349596
330948
326340
307692
307248
306672
306627
305811
306255
297455
294599
303399
303975
304791
323439
326295
330903
330948
330228
311580
310764
310719
310275
301475
296867
294011
293435
294557
297311
309811
329229
337725
318307
315553
307713
315553
314431
301931
293435
285595
283684
261004
258664
261004
262915
285595
293435
291835
288979
286099
287881
285385
287065
283117
280275
279015
277290
278550
281046
279366
283314
285039
287881
286099
298789
300700
303340
338890
341770
342966
355656
361976
364730
400280
406040
408794
428330
453998
459878
469153
487801
488923
477453
476331
456913
447638
444884
432384
424544
443962
445084
453580
454702
462542
475042
466546
469300
468178
477453
458805
477453
469473
471838
469660
471838
479818
481729
469229
466864
464953
468418
480918
477453
478509
484221
483165
480825
479649
473937
470505
473937
476277
477453
458805
449530
458805
477453
478575
477453
478575
487850
506498
487850
478575
477453
496101
497223
496101
477453
468178
477453
478575
481585
487465
487909
488649
493347
494947
513595
512473
493825
503100
493825
494947
496627
498409
500134
501394
504236
502556
499714
497932
496207
494947
490999
493495
490999
494947
493825
494269
497279
503159
502715
501115
496417
498017
498757
498017
495007
489127
490249
494947
493825
512473
514384
515506
518146
530836
521561
557111
538463
547738
548934
547023
534333
533137
530257
494707
492067
494947
499507
491667
488913
476413
479167
480289
471793
479633
492133
511551
492133
500629
499507
500629
499507
493627
488929
485919
487519
487075
487815
493695
494139
497149
496409
501107
499507
490232
471584
470462
462622
460282
458371
435691
440389
439945
441067
438057
439657
438917
437795
438535
438979
441989
447869
441989
440389
435691
433741
430899
423707
424151
427161
428283
429883
429143
435023
433423
432301
431857
428847
422967
427665
428405
423707
421796
419431
421609
418144
410164
397664
410164
413629
421609
423974
425885
423707
424151
423707
429587
428465
426865
422167
421427
418417
412537
417235
418835
419957
422967
423707
422967
424089
422489
424089
423645
418947
415937
421817
424827
418947
419391
420131
424829
423707
417563
426059
445477
432977
434099
414681
411927
403431
402309
405063
417563
425403
417563
415963
411265
410525
409403
408959
405949
400069
397429
384739
380791
382702
385198
420748
423628
424824
437514
439296
441936
439056
437145
438825
437629
434787
433107
431382
429600
427104
391554
392814
395656
399604
398344
400069
402019
424699
415899
410019
412469
413645
416399
418184
426984
425034
402354
399904
397150
403030
401245
398125
401245
400069
402823
390133
364465
358585
339049
351739
377407
396943
390623
355073
390623
396503
402263
405017
402263
399509
393749
400069
380651
372155
371033
358533
350693
347939
344474
342109
340198
332218
330040
317540
316344
314433
311553
308913
273363
260673
263169
264429
261587
260327
258602
256820
254324
252644
256592
259434
255486
257211
258993
260673
257241
251529
250473
248133
246957
243525
241905
240123
231323
229373
201191
199511
197729
194887
193627
191902
189406
185458
186718
188443
190225
192721
194401
197243
201191
203945
168395
181085
206753
226289
232169
234923
228603
234363
228483
234803
232049
226289
223535
203999
178331
165641
201191
200291
197171
196931
194358
189750
187800
183240
174440
171320
165440
163655
162479
160529
157775
155325
132645
130965
129183
126341
122393
120668
119408
116912
91244
55694
52940
50186
44426
38546
19010
6320
41870
44624
47378
53138
59018
78554
104222
116912
110592
116912
104222
101468
95148
59598
53838
47958
28422
25668
0
