6.125
33.042
59.958
67.563
93.063
123.396
96.479
90.354
117.271
123.396
97.896
67.563
40.646
33.042
63.375
88.875
115.792
123.396
124.896
136.396
143.59
194.257
168.757
162.632
155.028
128.111
101.194
70.861
78.465
105.382
135.715
162.632
168.757
194.257
218.146
271.146
281.063
287.521
365.688
373.292
551.354
525.854
498.938
468.604
461
486.5
516.833
524.438
551.354
524.438
518.313
545.229
551.354
525.854
498.938
491.333
461
468.604
498.938
524.438
551.354
567.396
567.785
545.647
650.013
625.167
597.167
573.628
566.609
591.455
598.474
622.013
650.013
625.167
619.513
612.494
587.647
559.647
536.109
572.519
583.135
747.5
753.462
808.744
817.154
841.192
864.731
890.577
1076.964
1089.881
1124.548
1129.423
1146.506
1204.839
1208.839
1264.339
1270.5
1309.767
1310.667
1345.778
1359.378
1364.278
1363.378
1358.478
1319.211
1228.761
1215.161
1264.339
1306.411
1224.217
1225.117
1238.717
1273.828
1364.278
1350.678
1260.228
1220.961
1216.061
1215.161
1264.339
1361.25
1403.321
1404.286
1441.905
1350.678
1364.278
1331.922
1315.978
1264.178
1259.628
1205.183
1201.45
1162.183
1148.583
1152.317
1206.761
1287.708
1292.583
1291.619
1254
1288.667
1191.756
1208.839
1264.339
1301.958
1316.53
1321.78
1322.744
1325.011
1364.278
1325.011
1311.411
1308.173
1307.208
1301.958
1264.339
1265.304
1362.214
1404.286
1409.536
1424.107
1461.726
1437.726
1534.41
1265.179
1279.09
1437.726
1364.278
1377.111
1425.022
1467.422
1609.872
1519.422
1484.311
1445.044
1444.144
1439.244
1425.644
1430.544
1452.078
1447.178
1425.644
1356.729
1361.323
1312.76
1297.813
1293.547
1242.505
1239.005
1208.672
1257.234
1308.276
1323.224
1353.557
1357.823
1361.323
1341.135
1425.644
1447.178
1452.078
1458.161
1472.494
1473.944
1505.5
1483.967
1479.067
1483.967
1505.5
1505.189
1492.356
1401.906
1482.042
1502.042
1598.952
1599.286
1613.036
1589.964
1584.714
1432.089
1380.756
1335.327
1321.577
1367.006
1519.631
1533.381
1584.714
1588.732
1712.946
1700.03
1561.571
1663.701
1955.368
1830.801
1844.712
1850.365
1821.321
1826.036
1863.655
1909.083
1952.512
1918.594
1966.506
1967.956
1904.125
1793.176
1808.176
1813.544
1864.809
2070.691
2074.809
2091.279
2043.24
2039.225
2025.157
1979.451
1950.902
2069.333
2073.599
2088.547
2011.397
2059.436
2087.985
2091.279
2010.282
2037.116
2055.06
2060.13
2089.389
2102.676
2025.482
2032.43
2053.491
2112.07
2089.883
2090.117
2163.908
2167.408
2181.708
2186.025
2208.758
2238.05
2243.517
2246.383
2260.683
2313.971
2314.846
2333.046
2336.546
2345.588
2272.782
2439.448
2462.56
2506.369
2534.417
2541.226
2624.036
2654.94
2672.274
2686.845
2737.595
2743.262
2749.548
2758.159
2809.587
2747.504
2750.686
2753.292
2769.246
2818.337
2819.326
2700.804
2747.141
2750.011
2776.446
2852.054
2869.75
2901.417
2807.108
2823.781
2870.156
2959.188
2963.076
2852.6
2855.54
2874.953
2894.273
2787.599
2800.022
2829.907
2832.948
2856.503
2859.96
2921.75
2976.41
2993.25
2997.299
3006.157
3033.133
3056.688
3070.244
3083.244
2995.747
3026.872
3043.777
3082.348
3089.491
3110.414
3010.095
3019.957
3020.578
3021.181
3025.345
3036.121
3036.724
3043.759
3076.103
3080.701
3085.253
3089.417
3111.417
3148.658
3167.279
3174.693
3158.703
3164.731
3193.781
3213.414
3213.569
3203.841
3223.454
3229.906
3250.841
3289.282
3210.773
3239.211
3254.305
3265.273
3273.711
3274.997
3329.341
3331.638
3358.872
3360.63
3277.985
3295.833
3328.871
3331.699
3340.972
3343.801
3376.838
3317.424
3320.108
3334.314
3337.873
3359.294
3273.771
3295.971
3326.829
3330.6
3332.6
3357.5
3267.014
3280.162
3309.766
3323.766
3332.738
3333.961
3335.523
3337.468
3362.6
3360.766
3362.329
3308.124
3315.421
3316.935
3341.8
3261.226
3278.305
3285.673
3306.121
3334.542
3311.607
3313.081
3313.436
3315.232
3328.496
3345.575
3349.851
3358.351
3360.752
3362.489
3371.726
3373.998
3392.91
3393.033
3409.412
3423.272
3428.535
3431.667
3349.957
3356.88
3370.726
3372.521
3329.917
3253.394
3305.51
3315.437
3315.01
3322.002
3348.593
3350.203
3373.081
3388.593
3406.122
3407.52
3410.472
3432.667
3447.033
3455.959
3478.026
3480.929
3481.417
3455.423
3458.374
3460.813
3380.163
3385.282
3389.587
3389.909
3425.048
3445.798
3419.298
3422.583
3423.917
3422.552
3424.302
3446.635
3432.159
3420.603
3402.103
3382.659
3381.034
3375.339
3374.006
3379.7
3398.2
3338.165
3339.467
3341.054
3352.341
3358.271
3343.543
3329.845
3317.597
3314.527
3305.221
3306.244
3312.174
3316.651
3318.773
3320.781
3334.405
3335.362
3339.839
3325.184
3330.979
3338.32
3369.155
3385.489
3385.807
3386.301
3348.124
3368.23
3368.53
3365.885
3328.982
3308.982
3309.938
3278.553
3282.085
3274.211
3294.353
3313.715
3330.246
3334.821
3348.395
3350.722
3351.913
3346.824
3344.932
3342.988
3330.783
3319.811
3333.061
3344.311
3322.108
3322.472
3261.524
3268.687
3268.32
3279.068
3287.235
3293.827
3299.031
3294.867
3300.255
3311.99
3313.852
3311.99
3324.398
3327.214
3345.99
3323.949
3325.119
3330.833
3323.405
3329.997
3354.316
3353.872
3361.036
3370.696
3306.532
3364.772
3343.172
3279.06
3279.923
3280.315
3284.09
3288.779
3291.152
3298.998
3317.038
3317.9
3318.327
3327.797
3340.307
3349.778
3359.059
3312.667
3323.369
3324.638
3353.019
3334.814
3338.683
3359.452
3362.577
3362.913
3369.952
3379.054
3380.545
3352.78
3359.78
3303.78
3292.294
3293.539
3277.096
3275.335
3246.884
3248.106
3208.537
3195.228
3191.664
3179.886
3193.373
3189.648
3193.213
3206.522
3202.796
3242.366
3254.144
3286.347
3274.532
3257.681
3243.292
3239.31
3221.779
3220.742
3166.816
3224.505
3228.561
3222.699
3234.514
3192.917
3207.044
3208.062
3210.05
3226.595
3223.995
3224.08
3217.462
3215.765
3215.85
3204.335
3210.208
3210.453
3212.15
3215.808
3212.171
3200.571
3202.767
3182.944
3199.394
3203.103
3172.77
3236.406
3229.752
3241.552
3236.461
3248.024
3252.661
3239.418
3227.618
3221.745
3223.909
3225.897
3248.806
3250.97
3239.915
3237.515
3263.765
3254.983
3255.347
3256.37
3272.915
3311.765
3304.365
3303.342
3308.555
3310.755
3320.873
3319.6
3299.964
3288.164
3298.282
3329.9
3280.375
3237.152
3241.889
3253.082
3247.201
3241.925
3271.908
3265.009
3270.578
3278.945
3275.828
3270.034
3209.69
3214.61
3217.675
3169.647
3171.631
3181.394
3163.632
3167.882
3138.899
3142.232
3145.246
3169.843
3182.793
3170.654
3182.793
3181.86
3193.999
3206.04
3211.424
3215.674
3216.629
3204.651
3186.651
3187.338
3185.515
3187.528
3187.194
3185.372
3136.451
3126.068
3132.628
3127.94
3126.735
3138.675
3154.052
3166.79
3164.997
3154.538
3139.019
3126.281
3078.544
3075.019
3060.101
3110.169
3125.336
3138.286
3141.869
3142.803
3101.74
3149.478
3151.27
3115.712
3123.046
3132.546
3135.462
3136.563
3146.821
3152.427
3158.779
3175.922
3142.005
3118.579
3092.098
3077.737
3078.784
3081.553
3095.69
3074.818
3075.095
3089.095
3089.956
3101.91
3087.479
3101.633
3102.515
3098.115
3096.712
3100.865
3101.915
3102.25
3101.173
3151.265
3165.185
3170.785
3160.8
3157.03
3161.924
3153
3158.515
3156.686
3153.034
3149.825
3140.302
3132.243
3130.272
3114.153
3112.351
3115.56
3117.362
3125.422
3134.944
3151.063
3153.034
3151.044
3152.029
3165.036
3165.892
3153.703
3153.442
3153.24
3158.479
3166.34
3169.384
3170.673
3166.867
3168.499
3163.678
3163.939
3111.7
3100.103
3103.76
3107.417
3113.491
3121.551
3124.596
3168.058
3154.476
3203.073
3210.317
3201.526
3189.929
3185.899
3186.735
3188.024
3144.561
3142.501
3145.504
3144.847
3143.862
3145.668
3161.575
3162.963
3128.959
3131.58
3136.855
3123.522
3117.623
3118.638
3119.761
3140.685
3145.989
3147.561
3146.761
3139.827
3136.411
3125.311
3124.336
3112.669
3080.331
3083.7
3084.488
3095.432
3102.268
3103.229
3082.894
3081.678
3111.773
3111.708
3112.669
3116.613
3117.829
3118.864
3106.589
3106.836
3123.62
3115.056
3114.021
3112.805
3103.847
3103.65
3109.383
3155.242
3162.045
3155.641
3155.335
3153.634
3150.606
3149.066
3138.122
3125.305
3111.972
3102.986
3061.972
3061.183
3074.516
3087.333
3078.376
3078.566
3076.252
3079.238
3088.1
3089.618
3093.021
3061.295
3062.229
3062.997
3059.161
3022.361
3013.767
3007.24
3005.044
3009.963
3017.26
3011.116
3007.67
3001.143
2992.373
2993.295
2994.07
2989.705
2997.225
2990.667
2988.883
2970.548
2999.423
2952.126
2954.059
2952.797
2957.541
2961.189
2962.973
2971.532
2972.306
2975.617
2982.176
2986.541
2990.905
2989.959
2975.226
2974.466
2970.243
2947.698
2954.509
2951.806
2950.573
2954.938
2955.931
2943.705
2941.261
2917.761
2928.261
2923.518
2925.302
2932.113
2939.684
2932.964
2930.398
2936.838
2930.367
2927.178
2936.76
2936.58
2940.313
2947.513
2947.451
2961.851
2974.358
2977.024
2976.784
2974.102
2963.742
2967.142
2960.831
2951.12
2974.307
2975.551
2977.458
2977.644
2973.338
2977.418
2982.844
2982.094
2982.361
2977.681
2976.068
2990.908
3010.586
3019.092
3019.842
3019.256
3015.442
3032.242
3026.907
3025.293
3031.356
3002.215
3000.649
2994.294
2998.066
3004.241
2968.781
2969.702
2986.281
2947.965
2945.136
2943.697
2931.241
2919.268
2918.531
2910.136
2899.912
2900.069
2908.355
2918.446
2919.866
2894.568
2897.325
2908.991
2909.709
2909.485
2913.491
2905.338
2921.491
2920.616
2921.463
2929.014
2929.956
2957.35
2945.751
2945.924
2947.031
2991.903
2969.608
2960.27
2968.45
2968.674
2968.899
2968.001
2985.395
2992.318
2986.25
2996.72
2994.637
2997.201
2997.028
3015.949
3031.226
3026.534
3045.044
3027.65
3027.371
3019.86
3022.424
3010.757
3011.285
3010.721
3009.779
3004.649
3006.418
3013.552
3018.683
3014.183
3018.106
3032.375
3043.974
3030.311
3043.974
3046.293
3041.793
3035.331
3031.19
3030.455
3026.78
3004.485
3009.177
3018.391
3029.99
3029.272
3030.821
3028.502
3042.771
3045.838
3064.759
3061.169
3072.768
3076.909
3076.063
3072.794
3064.64
3063.905
3053.943
3051.475
3042.138
3038.676
3004.465
3002.959
3001.693
3006.136
2997.921
3004.064
3015.517
3009.403
3031.416
3016.331
3014.803
3015.36
3022.815
3011.784
3007.695
3014.739
2992.805
2996.711
2984.878
2982.191
2945.791
2936.078
2924.703
2923.336
2915.361
2914.661
2916.028
2891.715
2927.666
2938.9
2939.592
2949.184
2920.999
2923.621
2922.508
2928.427
2929.565
2946.111
2944.973
2931.399
2924.814
2935.442
2948.439
2949.271
2928.064
2902.006
2899.089
2887.65
2892.614
2895.833
2903.424
2867.912
2863.448
2869.367
2869.102
2851.104
2858.287
2861.506
2861.287
2871.915
2869.427
2836.561
2842.707
2834.951
2835.88
2838.47
2838.259
2856.04
2844.739
2841.365
2835.663
2838.12
2845.619
2866.571
2872.644
2877.547
2876.23
2874.051
2873.117
2872.274
2865.178
2878.587
2879.265
2877.307
2885.127
2886.849
2887.345
2884.273
2895.237
2874.285
2874.341
2853.39
2853.179
2847.476
2808.247
2799.542
2778.59
2787.365
2784.942
2773.978
2768.275
2757.775
2757.279
2756.783
2757.605
2760.858
2761.069
2735.739
2737.156
2733.941
2729.608
2733.965
2732.879
2729.034
2732.367
2734.927
2736.498
2736.29
2735.62
2731.287
2737.715
2736.299
2737.132
2739.066
2738.191
2743.941
2737.316
2739.019
2746.614
2755.285
2734.582
2730.249
2716.063
2707.507
2682.069
2674.498
2672.206
2697.644
2705.215
2713.771
2716.063
2716.271
2714.83
2708.205
2713.84
2707.215
2707.43
2703.584
2729.022
2729.855
2719.084
2724.672
2718.894
2709.644
2708.831
2705.984
2696.262
2695.595
2694.929
2660.262
2651.012
2639.742
2632.147
2630.845
2628.286
2648.988
2652.119
2659.714
2639.561
2648.702
2649.988
2652.518
2663.224
2663.882
2661
2660.482
2661.285
2663.685
2664.759
2664.814
2677.52
2678.806
2687.947
2688.771
2676.065
2675.241
2679.371
2672.606
2674.973
2675.49
2674.687
2670.405
2672.317
2670.405
2676.758
2663.931
2662.833
2628.575
2627.559
2626.782
2626.576
2633.729
2614.102
2610.502
2609.843
2609.067
2603.357
2620.342
2634.362
2634.526
2634.368
2634.885
2638.562
2636.162
2635.487
2631.358
2632.781
2645.875
2628.513
2653.651
2660.974
2664.774
2671.666
2673.066
2674.081
2678.211
2685.364
2674.72
2666.265
2666.939
2668.563
2667.142
2664.613
2663.06
2655.554
2649.201
2636.495
2637.916
2645.422
2658.127
2660.657
2667.01
2668.563
2666.196
2653.49
2649.184
2656.337
2663.267
2660.267
2658.002
2656.602
2631.464
2623.958
2637.052
2626.228
2610.267
2599.443
2598.64
2600.905
2597.799
2593.999
2592.575
2591.914
2594.727
2591.727
2592.504
2588.375
2587.551
2590.727
2597.08
2597.883
2587.06
2573.04
2573.525
2574.945
2585.198
2588.492
2595.975
2597.886
2629.592
2626.22
2622.42
2620.292
2619.618
2629.225
2630.512
2598.806
2588.162
2573.338
2571.785
2574.599
2570.47
2570.305
2564.375
2589.514
2588.44
2585.44
2590.228
2591.405
2611.864
2609.736
2605.783
2564.607
2538.693
2540.796
2551.821
2518.35
2517.093
2506.212
2505.568
2503.097
2492.637
2514.203
2534.64
2535.299
2544.44
2555.577
2566.283
2568.813
2572.803
2574.075
2581.493
2575.214
2575.423
2564.903
2552.345
2518.484
2512.205
2511.973
2511.118
2491.719
2491.952
2494.054
2514.275
2522.801
2521.215
2522.602
2521.798
2524.11
2521.007
2526.8
2516.783
2511.231
2512.223
2497.74
2491.007
2493.219
2490.403
2490.35
2486.637
2487.629
2485.417
2502.011
2501.506
2511.523
2510.678
2503.345
2502.454
2499.236
2490.975
2480.515
2472.255
2464.944
2454.163
2452.772
2452.013
2479.859
2479.207
2478.203
2478.413
2482.645
2479.506
2483.738
2477.459
2472.172
2461.266
2455.622
2453.519
2452.357
2442.223
2442.066
2441.211
2424.05
2450.039
2460.863
2454.667
2453.802
2447.449
2459.987
2457.634
2462.983
2456.787
2453.787
2456.317
2446.709
2447.574
2441.864
2445.236
2443.554
2443.07
2445.883
2458.977
2449.37
2453.17
2440.631
2453.458
2448.67
2447.867
2473.008
2469.163
2468.954
2469.621
2483.808
2490.433
2501.203
2506.049
2505.525
2490.525
2479.754
2438.087
2438.346
2435.311
2436.612
2438.184
2463.621
2476.309
2480.666
2493.353
2486.115
2487.702
2489.29
2509.992
2509.31
2493.158
2488.394
2491.537
2495.87
2497.308
2494.748
2493.446
2485.851
2480.717
2471.355
2470.681
2459.275
2448.311
2449.918
2437.077
2438.8
2442.848
2403.619
2408.029
2428.981
2424.16
2425.364
2429.13
2411.348
2398.508
2400.098
2400.309
2400.068
2411.369
2405.55
2415.39
2413.932
2407.426
2402.522
2396.675
2403.181
2403.237
2403.767
2404.562
2395.201
2377.42
2338.191
2344.697
2337.992
2336.034
2300.95
2313.79
2319.862
2316.489
2316.545
2315.75
2333.531
2337.579
2376.808
2368.033
2365.081
2362.13
2360.675
2362.633
2362.37
2360.708
2358.284
2357.244
2365.063
2371.991
2372.154
2379.973
2374.27
2374.214
2380.919
2371.557
2367.792
2370.973
2366.925
2327.696
2325.238
2299.494
2310.395
2304.575
2302.117
2262.889
2264.495
2272.182
2278.001
2270.943
2282.244
2283.087
2273.726
2274.256
2277.702
2281.156
2288.975
2289.86
2324.945
2326.379
2284.21
2291.897
2308.243
2307.552
2268.323
2277.685
2291.094
2296.797
2279.403
2282.656
2293.74
2293.981
2300.909
2293.222
2251.053
2252.178
2255.25
2255.413
2259.642
2255.75
2249.244
2248.422
2244.735
2251.831
2260.536
2267.633
2282.813
2279.048
2266.036
2269.928
2267.749
2260.653
2270.492
2255.311
2256.106
2252.058
2252.554
2217.47
2219.133
2226.952
2232.771
2236.536
2240.301
2255.298
2256.735
2263.709
2273.432
2279.701
2286.676
2285.104
2295.479
2300.243
2305.878
2308.725
2315.737
2317.175
2337.877
2345.417
2339.667
2338.997
2339.211
2319.142
2308.498
2301.047
2304.847
2300.718
2301.376
2302.2
2294.694
2287.372
2312.51
2311.686
2310.4
2303.077
2264.772
2259.983
2253.63
2246.701
2238.132
2238.338
2249.374
2232.011
2226.081
2222.905
2219.799
2215.999
2201.979
2201.318
2198.141
2198.3
2195.947
2197.045
2201.753
2192.612
2191.937
2193.011
2179.917
2192.743
2194.312
2199.88
2183.919
2184.742
2183.939
2218.198
2221.998
2219.733
2206.639
2204.286
2216.825
2219.354
2216.987
2218.411
2218.466
2203.642
2244.819
2244.874
2246.442
2249.619
2252.019
2258.215
2274.176
2274.335
2281.265
2282.129
2299.492
2298.716
2289.575
2303.649
2303.595
2299.339
2261.479
2251.983
2262.99
2270.355
2267.574
2268.367
2278.949
2268.815
2268.336
2278.918
2280.301
2305.147
2308.903
2308.252
2302.609
2311.078
2312.612
2311.609
2304.76
2300.027
2294.57
2296.174
2299.5
2299.267
2301.607
2303.269
2290.328
2288.089
2272.313
2272.259
2269.003
2284.779
2287.017
2287.072
2290.328
2290.484
2293.624
2309.4
2306.551
2301.094
2301.995
2309.233
2308.566
2308.62
2309.783
2309.132
2317.488
2320.628
2337.789
2351.148
2352.038
2353.111
2336.516
2337.407
2336.562
2339.85
2359.838
2355.16
2357.976
2355.505
2331.024
2334.575
2335.817
2333.374
2329.215
2339.556
2333.571
2332.736
2332.582
2317.165
2314.847
2308.153
2314.847
2317.165
2318
2333.418
2333.571
2339.556
2343.692
2350.601
2356.116
2357.098
2394.098
2401.007
2400.257
2399.481
2400.981
2400.782
2399.54
2403.017
2409.551
2434.902
2433.83
2440.439
2450.456
2469.632
2465.598
2464.793
2466.31
2465.261
2478.959
2512.43
2495.466
2491.26
2492.648
2493.294
2483.277
2507.837
2506.58
2482.02
2492.901
2488.867
2486.999
2486.194
2489.125
2499.907
2489.89
2488.74
2475.947
2479.465
2467.215
2465.827
2459.62
2447.206
2445.689
2438.355
2435.884
2411.324
2404.013
2401.801
2393.54
2395.753
2420.313
2427.624
2435.884
2443.038
2444.906
2434.507
2436.375
2429.978
2446.942
2443.647
2423.658
2425.526
2405.537
2412.307
2411.463
2411.968
2414.181
2415.572
2414.039
2409.855
2410.011
2415.451
2415.658
2421.21
2425.394
2417.133
2420.428
2416.716
2414.371
2414.216
2413.371
2406.601
2400.547
2384.952
2387.297
2388.142
2403.737
2409.79
2416.56
2416.716
2415.931
2456.161
2458.977
2461.726
2461.571
2457.364
2461.548
2467.944
2460.956
2461.117
2460.125
2472.918
2503.895
2516.426
2520.018
2521.275
2514.878
2515.384
2511.792
2542.769
2550.874
2548.588
2548.435
2554.969
2556.484
2563.711
2553.257
2547.529
2557.984
2571.526
2566.01
2563.293
2568.671
2548.91
2554.289
2563.118
2563.272
2564.752
2564.996
2568.03
2580.536
2580.738
2580.895
2577.749
2553.741
2557.37
2560.057
2555.967
2539.745
2530.569
2540.794
2537.165
2524.659
2523.052
2520.805
2513.513
2520.682
2510.142
2503.89
2499.777
2492.946
2482.78
2474.05
2474.816
2472.785
2503.066
2503.56
2504.897
2501.931
2500.105
2499.318
2504.981
2494.757
2488.689
2496.807
2499.773
2499.931
2498.105
2499.13
2499.774
2493.156
2492.331
2490.038
2484.121
2468.876
2468.725
2471.017
2471.169
2471.994
2477.912
2493.156
2499.774
2493.192
2487.765
2487.302
2511.311
2524.7
2523.914
2523.172
2520.206
2536.788
2531.125
2530.631
2530.169
2528.831
2531.519
2544.908
2538.448
2538.245
2542.742
2545.034
2546.393
2547.75
2550.716
2550.087
2554.031
2530.022
2530.18
2531.787
2528.753
2496.034
2499.663
2500.688
2505.797
2504.44
2505.777
2498.609
2496.446
2495.951
2511.196
2513.022
2515.709
2531.931
2530.433
2506.05
2486.728
2502.769
2501.303
2499.769
2499.718
2515.759
2515.565
2509.176
2511.411
2513.217
2513.017
2511.672
2528.07
2529.537
2524.485
2527.419
2523.685
2526.074
2524.485
2528.074
2527.296
2529.435
2528.324
2522.724
2519.324
2522.724
2519.252
2522.841
2529.756
2522.719
2521.961
2516.361
2509.817
2497.975
2499.508
2507.536
2507.386
2500.842
2500.025
2494.173
2491.906
2476.831
2479.098
2479.915
2486.459
2501.534
2501.684
2507.536
2505.947
2521.022
2508.656
2504.922
2502.913
2464.024
2466.562
2456.985
2482.276
2467.201
2472.416
2460.049
2463.782
2502.671
2504.681
2507.866
2506.399
2493.158
2486.069
2488.727
2489.942
2496.979
2487.905
2488.394
2479.319
2472.108
2472.969
2473.125
2466.581
2468.386
2472.431
2484.272
2484.22
2484.169
2494.221
2494.027
2504.249
2506.906
2534.025
2564.306
2568.081
2568.711
2556.736
2537.197
2537.826
2521.604
2518.57
2524.823
2541.405
2542.765
2536.147
2528.855
2527.498
2528.127
2527.97
2529.453
2509.914
2522.419
2515.273
2515.221
2511.131
2508.871
2498.534
2499.893
2516.115
2515.621
2500.376
2494.459
2494.307
2487.689
2485.397
2484.571
2474.032
2476.897
2467.105
2480.494
2478.996
2454.988
2448.156
2447.694
2441.441
2440.213
2407.493
2410.359
2404.441
2365.115
2364.09
2362.592
2369.21
2374.663
2375.125
2381.957
2405.965
2412.548
2389.475
2392.315
2402.854
2401.371
2404.058
2413.85
2415.348
2413.865
2417.978
2411.146
2410.944
2409.974
2408.423
2427.169
2428.719
2427.848
2429.346
2428.298
2437.494
2443.094
2450.183
2446.998
2441.739
2453.581
2452.258
2444.166
2434.055
2424.002
2415.909
2412.798
2419.554
2416.896
2425.97
2426.12
2436.543
2434.954
2431.554
2431.398
2419.556
2419.779
2418.819
2421.086
2423.308
2424.345
2425.668
2436.09
2441.69
2446.212
2465.534
2481.576
2483.965
2460.223
2460.418
2461.455
2459.066
2497.955
2496.918
2503.101
2504.423
2491.182
2500.866
2489.024
2491.413
2492.524
2508.566
2512.155
2518.91
2519.771
2543.513
2545.178
2558.273
2570.254
2552.606
2548.182
2554.231
2553.293
2553.529
2558.674
2561.011
2562.565
2566.076
2554.226
2538.184
2533.039
2535.639
2544.515
2509.124
2507.032
2512.756
2512.561
2511.111
2517.479
2511.229
2514.273
2524.107
2513.817
2532.719
2517.026
2515.591
2514.279
2522.091
2521.152
2514.543
2508.293
2506.844
2536.138
2546.333
2545.591
2549.548
2534.801
2535.518
2534.206
2524.314
2524.793
2495.499
2507.238
2538.89
2538.173
2550.024
2556.937
2552.513
2554.279
2540.583
2575.975
2566.083
2569.899
2553.857
2550.741
2549.292
2546.52
2542.868
2554.452
2550.495
2537.543
2533.727
2535.282
2543.031
2543.765
2543.572
2541
2548.769
2554.432
2557.443
2558.047
2566.829
2563.356
2560.28
2556.366
2564.135
2567.748
2566.211
2572.017
2575.49
2579.404
2582.243
2581.533
2588.071
2590.705
2587.866
2595.698
2607.421
2601.615
2609.342
2605.982
2599.289
2589.203
2588.37
2588.987
2585.513
2585.463
2586.254
2592.791
2587.598
2587.383
2587.576
2594.415
2587.555
2586.275
2588.909
2591.481
2587.178
2564.203
2535.224
2523.501
2485.866
2486.1
2457.122
2456.977
2451.887
2443.532
2443.339
2431.371
2431.137
2454.628
2459.773
2471.87
2472.107
2501.4
2501.547
2501.743
2504.678
2513.123
2501.025
2511.221
2498.268
2498.121
2496.806
2490.041
2496.954
2491.084
2507.126
2512.068
2512.546
2512.394
2517.495
2518.995
2524.245
2522.479
2519.544
2531.642
2538.408
2531.642
2535.153
2532.044
2536.986
2537.177
2537.624
2537.146
2539.238
2523.197
2493.903
2506.001
2503.664
2503.474
2497.072
2494.137
2504.427
2522.561
2503.659
2501.892
2498.776
2499.494
2498.059
2509.909
2506.975
2510.79
2510.98
2508.38
2519.965
2517.365
2510.997
2503.144
2504.332
2501.995
2499.224
2497.911
2494.4
2492.634
2492.156
2508.197
2508.958
2507.77
2504.373
2514.569
2509.424
2520.075
2518.328
2514.554
2514.742
2507.763
2508.597
2518.776
2515.163
2521.701
2520.402
2521.331
2527.513
2539.237
2539.003
2554.527
2555.132
2555.605
2559.54
2571.508
2572.583
2571.967
2568.677
2567.843
2571.779
2606.789
2616.292
2623.978
2637.382
2643.499
2643.937
2634.666
2626.98
2623.543
2621.496
2614.73
2607.084
2584.353
2591.998
2595.732
2587.044
2589.092
2595.56
2602.512
2601.123
2607.818
2614.218
2614.821
2637.313
2635.924
2635.205
2636.916
2632.13
2631.538
2632.59
2635.108
2632.097
2637.641
2636.368
2629.536
2629.678
2629.531
2634.513
2624.829
2613.353
2615.47
2606.874
2606.732
2606.961
2603.671
2594.147
2611.709
2610.456
2609.993
2644.267
2643.493
2643.264
2644.246
2607.404
2601.004
2618.566
2619.717
2613.001
2610.422
2609.169
2607.052
2622.249
2644.741
2647.962
2648.871
2648.92
2655.12
2655.724
2670.921
2676.465
2678.728
2678.898
2690.254
2672.876
2706.793
2684.535
2684.389
2687.753
2677.983
2684.085
2686.637
2691.373
2673.259
2669.09
2668.882
2668.741
2662.639
2661.5
2659.405
2652.78
2651.807
2637.674
2637.534
2636.145
2634.707
2629.676
2629.53
2627.039
2626.31
2619.664
2607.251
2599.765
2569.431
2541.359
2539.869
2536.056
2536.008
2536.773
2540.138
2532.551
2496.093
2465.76
2459.162
2449.683
2444.753
2442.628
2437.572
2436.765
2433.51
2432.249
2428.457
2424.666
2396.593
2396.135
2365.801
2365.619
2360.369
2358.931
2349.07
2348.612
2338.841
2316.583
2316.396
2282.479
2281.221
2247.305
2236.203
2232.839
2230.347
2229.582
2246.384
2244.879
2239.574
2231.968
2231.195
2227.795
2228.568
2231.968
2209.476
2181.108
2178.329
2164.047
2163.863
2152.147
2151.544
2148.965
2112.123
2108.586
2106.682
2103.282
2103.14
2101.688
2103.591
2140.433
2143.97
2132.254
2130.149
2124.291
2113.073
2110.81
2108.031
2105.346
2095.382
2088.982
2073.784
2058.587
2024.313
2021.296
2013.69
2012.638
1995.076
1979.879
1973.479
1982.875
2000.583
1984.714
1984.112
1972.652
1964.821
1955.092
1951.619
1936.095
1924.372
1927.845
1928.826
1932.116
1936.03
1901.02
1899.482
1899.532
1917.471
1911.289
1909.541
1903.004
1900.432
1888.464
1888.23
1888.037
1879.682
1850.703
1850.558
1847.655
1842.565
1871.544
1883.512
1883.746
1888.835
1888.98
1891.884
1892.077
1900.432
1896.959
1881.09
1874.251
1862.283
1858.509
1868.514
1858.225
1856.775
1855.837
1854.845
1850.889
1845.744
1842.233
1841.434
1844.945
1845.744
1843.144
1837.869
1799.825
1761.782
1748.829
1748.22
1745.62
1744.432
1742.34
1742.144
1738.492
1728.296
1724.785
1723.793
1719.837
1716.511
1720.022
1723.978
1727.304
1728.296
1731.071
1719.09
1712.652
1709.751
1718.326
1732.36
1730.067
1729.281
1724.007
1713.67
1710.041
1704.933
1698.865
1691.719
1685.801
1701.958
1718.303
1708.285
1724.393
1719.107
1718.046
1717.144
1715.761
1708.365
1705.032
1694.125
1688.918
1689.829
1693.202
1694.602
1702.084
1727.223
1738.258
1739.331
1735.731
1731.931
1727.649
1726.575
1716.968
1718.041
1722.324
1704.961
1708.761
1712.361
1705.814
1697.314
1692.082
1691.4
1681.025
1677.382
1693.543
1689.652
1687.694
1686.594
1682.365
1664.584
1663.789
1659.898
1659.012
1662.904
1655.241
1656.127
1668.909
1665.799
1665.116
1685.165
1684.918
1704.467
1703.3
1711.37
1709.864
1699.526
1698.545
1697.82
1685.035
1681.112
1678.356
1677.249
1658.739
1658.679
1651.128
1644.376
1647.132
1651.056
1657.808
1657.868
1658.974
1693.526
1712.035
1719.587
1720.322
1716.399
1711.732
1707.591
1706.421
1710.562
1711.732
1716.399
1720.322
1705.044
1701.978
1697.311
1692.811
1685.676
1683.907
1669.929
1635.378
1644.323
1640.128
1646.029
1617.913
1638.452
1652.377
1653.425
1689.843
1704.577
1712.793
1717.158
1729.95
1746.054
1774.929
1759.889
1715.889
1708.368
1683.825
1675.757
1698.788
1697.399
1696.788
1694.531
1688.216
1682.659
1667.659
1688.6
1680.304
1679.343
1653.333
1668.077
1685.922
1654.499
1650.896
1649.116
1664.277
1663.663
1658.842
1653.409
1648.842
1647.48
1652.047
1657.48
1658.842
1663.663
1688.246
1647.413
1625.538
1650.277
1641.431
1640.3
1635.331
1634.315
1633.45
1630.142
1620.788
1598.577
1596.895
1579.772
1579.503
1569.718
1558.662
1555.7
1546.621
1557.85
1567.788
1601.174
1604.182
1603.116
1597.428
1596.003
1590.315
1585.268
1580.487
1586.174
1591.221
1596.003
1597.428
1596.549
1596.21
1598.63
1614.608
1613.102
1601.449
1599.194
1597.243
1593.719
1587.046
1585.516
1577.254
1553.586
1525.078
1509.701
1513.225
1515.176
1543.684
1545.214
1560.592
1584.26
1590.932
1599.194
1571.844
1567.923
1570.268
1583.656
1595.437
1599.765
1602.429
1607.724
1627.26
1644.731
1640.141
1632.223
1623.589
1605.884
1604.388
1599.372
1593.404
1588.109
1587.888
1610.367
1556.1
1580.621
1566.78
1554.599
1554.294
1549.718
1549.349
1530.484
1522.462
1476.784
1502.013
1488.616
1488.849
1535.315
1539.97
1559.159
1567.32
1567.631
1568.006
1581.402
1578.601
1587.168
1525.765
1542.549
1512.757
1527.195
1523.695
1464.495
1461.986
1482.282
1509.84
1481.994
1493.465
1491.579
1492.965
1504.709
1521.676
1459.061
1482.866
1493.763
1481.603
1510.942
1474.587
1503.833
1496.961
1528.547
1525.441
1560.004
1597.92
1598.027
1560.11
1547.042
1535.072
1526.754
1522.182
1518.072
1545.562
1464.167
1545.562
1549.767
1557.581
1582.127
1582.016
1576.897
1542.522
1572.681
1571.283
1505.551
1503.445
1489.079
1458.348
1467.55
1493.043
1525.886
1525.763
1520.697
1554.23
1517.561
1522.764
1530.331
1567
1567.126
1566.64
1545.64
1515.559
1502.766
1502.178
1494.881
1494.516
1421.678
1422.266
1414.127
1485.048
1485.522
1492.627
1505.083
1486.415
1486.761
1483.957
1429.169
1421.323
1419.335
1407.199
1399.186
1380.759
1377.22
1380.024
1388.036
1390.024
1397.87
1452.658
1471.085
1474.624
1486.761
1470.453
1504.083
1485.171
1428.941
1485.171
1501.908
1520.82
1525.886
1522.754
1513.518
1498.101
1495.829
1479.45
1470.95
1486.366
1502.746
1511.246
1513.518
1522.754
1525.886
1517.386
1486.026
1483.987
1466.345
1476.792
1501.614
1517.936
1482.268
1510.955
1543.992
1562.417
1598.528
1600.876
1682.543
1747.293
1757.081
1761.121
1777.485
1783.667
1786.98
1802.939
1835.235
1841.068
1790.513
1790.371
1790.513
1841.068
1735.008
1724.826
1773.076
1778.727
1735.008
1786.919
1780.596
1765.772
1816.452
1869.497
1815.154
1843.449
1830.32
1783.747
1787.586
1817.844
1763.953
1779.703
1824.82
1837.539
1844.258
1898.602
1897.922
1897.5
1933.645
1918.376
1917.796
1830.86
1822.151
1845.789
1846.239
1855.239
1820.457
1821.038
1821.739
1837.008
1863.82
1898.602
1876.143
1875.997
1856.547
1852.828
1846.578
1889.156
1906.145
1929.328
1933.167
1953.245
1953.395
1959.847
1964.105
1981.524
1983.895
1994.315
1997.54
1998.121
1999.935
2011.742
2012.194
2016.806
2018.134
2024.624
2026.995
2024.624
2014.204
2016.575
2026.995
2003.812
1983.296
1977.086
1908.159
1928.675
1934.884
1958.067
2026.995
2024.624
2014.204
2024.624
2026.995
1973.177
1973.027
2026.844
2026.995
2011.726
1924.79
1916.081
1915.379
1914.798
1941.525
1941.075
1981.216
2074.147
2074.897
2101.69
2102.155
2102.776
2112.086
2150.466
2166.787
2134.144
2131.471
2090.379
2069.414
1976.483
1965.345
1927.75
1854.069
1891.664
1860.164
1931.389
1942.156
1944.739
1920.446
1940.059
2026.995
2016.575
2014.204
2016.575
2026.995
2065.401
2085.276
2058.197
2099.311
2105.407
2146.424
2178.189
2189.958
2233.365
2215.483
2280.391
2261.53
2280.391
2298.816
2301.043
2291.255
2289.028
2278.846
2273.366
2167.306
2166.646
2152.303
2149.538
2143.023
2143.682
2146.447
2152.962
2167.306
2169.922
2178.407
2210.1
2210.615
2191.909
2186.248
2123.402
2102.265
2101.735
2022.471
1989.735
1989.096
1988.699
1980.757
1957.904
1943.983
2023.248
2023.777
2046.63
2060.551
2060.949
2061.588
2069.529
2102.265
2099.52
2084.696
2081.196
2069.225
2026.762
1975.615
2028.967
2000.543
2004.149
2016.482
2044.907
2027.225
2029.971
2036.294
2051.118
2102.265
2102.127
2053.059
2025.216
1990.167
1972.284
1970.005
1907.159
1931.914
1982.193
1897.974
1916.974
1919.396
1953.466
1963.56
1932.745
1997.495
2018.01
2053.059
2055.221
2055.618
2071.108
2088.431
2094.431
2073.355
2072.84
2072.455
2050.255
2018.455
2004.931
1927.931
1920.217
1919.595
1951.395
2028.395
2036.11
2049.633
2050.019
2050.64
2015.262
2015.762
2019.116
2022.782
2037.782
2067.782
2085.505
2091.477
2085.889
2068.222
2035.12
1937.898
1896.903
1866.903
1855.787
1815.781
1777.017
1788.45
1827.214
1869.381
1907.898
1913.486
1943.486
1961.153
1940.356
2034.95
2020.716
2020.351
1983.682
1978.169
1962.25
1960.264
1965.777
1981.696
1983.682
2020.351
2020.716
2034.95
1998.282
1993.079
1985.511
2040.535
2078.222
2086
2086.13
2091.477
2075.116
2060.486
2058.444
2020.757
2020.382
2014.715
2031.076
2031.451
2037.118
2039.16
2053.789
2091.477
2065.181
2024.185
2022.352
2064.233
2080.133
2122.3
2124.186
2151.233
2142.005
2121.471
2087.424
2056.974
2052.331
2104.929
2080.909
2076.703
2108.049
2132.069
2167.118
2171.897
2193.034
2197.24
2205.005
2151.233
2136.186
2130.357
2091.593
2074.764
2072.664
2072.279
2074.379
2080.207
2095.255
2095.64
2134.405
2151.233
2136.186
2130.357
2126.548
2111.119
2107.995
2102.495
2072.045
2077.545
2107.995
2111.119
2126.167
2129.976
2135.805
2151.233
2143.233
2142.733
2109.99
2107.451
2067.547
2061.547
2061.15
2043.826
2041.664
2026.174
2028.336
2009.148
2025.976
2031.805
2046.852
2047.238
2030.41
1991.645
1976.598
1974.498
1974.112
2026.174
2025.777
2025.137
2017.196
1937.931
1924.01
1901.157
1925.04
1924.495
1925.154
1939.497
1973.225
1996.77
2017.306
2025.248
2025.645
2026.174
2024.012
2006.13
1987.824
2005.706
2024.012
1968.283
1972.093
1995.426
1998.55
1999.807
2030.257
2043.667
2077.714
2118.964
2126.25
2122.479
2107.05
2088.821
2085.371
2054.514
2048.371
2066.6
2097.457
2100.907
2116.336
2120.107
2126.25
2099.45
2093.307
2078.907
2067.279
2017.593
2014.193
1972.943
2028.225
2042.431
2070.275
2072.333
2037.284
2035.005
2017.123
1985.056
1922.211
1898.793
1889.005
1918.453
1952.523
2019.297
2039.773
2049.561
2051.909
2080.596
2116.707
2135.131
2199.156
2180.849
2247.36
2236.038
2299.806
2279.058
2298.586
2310.286
2313.164
2248.965
2252.804
2272.882
2167.849
2167.148
2151.879
2138.97
2100.53
2013.594
2013.013
2012.578
1964.97
1939.906
1919.39
1884.551
1840.785
1804.882
1691.978
1739.378
1732.672
1768.672
1824.522
1862.962
1811.031
1912.781
1958.901
2001.299
2013.805
2033.68
2050.555
2067.945
2097.529
2114.919
2129.586
2213.805
2197.275
2219.053
2212.538
2208.538
2189.205
2156.477
2140.114
2136.455
2169.182
2175.697
2192.061
2211.394
2215.394
2153.787
2146.287
2142.365
2111.02
2075.971
2033.507
2032.213
2028.998
2015.194
1991.174
2033.637
2064.983
2029.317
2033.126
2046.536
2047.793
2081.84
2084.964
2092.25
2085.417
2035.731
2022.207
2010.774
2066.363
2049.039
2030.412
2037.446
2088.593
2047.014
2060.538
2077.367
2080.817
2092.25
2058.202
2027.052
2009.681
2007.467
1980.419
1903.419
1894.19
1833.14
1894.19
1921.238
1952.388
1954.602
1971.974
1992.058
2025.16
2034.132
2055.715
2058.752
2084.03
2164.919
2191.215
2208.938
2214.91
2216.465
2212.799
2206.826
2191.826
2188.472
2158.472
2140.75
2114.454
2111.417
2105.444
2080.167
2058.583
2057.028
2039.306
1958.417
1964.389
1965.944
1983.667
1986.704
2011.981
2092.87
2119.167
2140.75
2165.882
2167.924
2176.896
2086.451
2045.456
2012.354
2001.238
1958.417
1952.669
1934.498
1903.64
1919.725
1963.132
1941.09
1946.838
1977.695
1989.129
2031.097
2121.542
2159.229
2176.896
2173.859
2151.174
2118.072
2105.035
2064.931
2061.227
2054.144
2111.576
2081.126
2122.376
2129.662
2133.471
2136.595
2150.005
2151.262
2181.712
2143.794
2176.896
2170.924
2090.035
2068.451
2050.729
2024.433
2022.877
1997.6
1994.563
2075.451
2081.424
2099.146
2100.701
2069.511
2090.511
2115.106
2118.061
2116.074
2107.345
2116.074
2118.061
2116.074
2099.642
2082.82
2099.252
2116.074
2118.061
2112.858
2105.291
2068.622
2068.495
2066.982
2041.396
1962.694
1945.45
1942.495
1921.495
1949.593
1943.62
1969.917
1971.472
1974.509
1980.481
2002.065
2019.787
2043.901
2068.495
2062.982
2048.748
2045.793
2031.198
2058.016
2052.669
2107.507
2137.957
2141.081
2156.51
2160.319
2166.148
2171.648
2186.695
2184.595
2175.367
2177.467
2186.695
2160.695
2159.095
2152.952
2134.724
2111.863
2084.02
2061.167
2057.951
2061.167
2084.02
2090.343
2113.819
2140.867
2166.867
2124.398
2125.954
2123.912
2114.94
2059.766
2068.495
2043.901
2042.387
2039.432
2018.432
2012.622
1987.036
1961.343
1999.152
2002.276
2020.505
2026.648
2052.648
2054.248
2023.481
2045.065
2068.495
2070.279
2072.124
2102.205
2105.773
2107.322
2107.687
2137.153
2089.754
2102.211
2147.974
2154.421
2161.947
2186.632
2178.132
2176.197
2196.645
2209.101
2210.61
2213.241
2215.513
2230.93
2232.772
2239.482
2240.991
2242.5
2249.211
2254.504
2256.241
2291.635
2276.595
2291.635
2317.221
2346.025
2353.755
2362.025
2394.232
2419.818
2426.439
2431.642
2478.642
2486.209
2515.014
2539.878
2541.77
2554.563
2554.689
2493.908
2503.539
2507.816
2593.5
2595.539
2596.112
2612.491
2629.228
2630.737
2633.914
2690.145
2690.268
2695.333
2663.974
2639.061
2623.061
2566.831
2558.331
2529.64
2527.601
2456.68
2488.039
2512.952
2583.873
2612.564
2668.794
2677.294
2679.333
2695.333
2704.965
2717.421
2730.684
2754.493
2765.024
2688.393
2686.919
2670.129
2646.182
2621.27
2600.822
2597.945
2592.287
2593.761
2551.528
2574.861
2591.22
2596.733
2551.24
2553.973
2562.705
2562.819
2578
2586.195
2612.537
2613.935
2615.545
2594.675
2601.484
2642.889
2660.23
2724.397
2742.897
2760.238
2777.44
2791.389
2797.46
2811.409
2824.659
2835.833
2837.889
2840.722
2782.473
2796.097
2766.091
2773.193
2774.955
2777.028
2784.369
2741.861
2759.128
2760.372
2763.306
2771.394
2792.239
2794.928
2798.539
2798.839
2799.817
2829.967
2831.6
2837.97
2851.481
2851.781
2853.856
2852.878
2826.396
2823.967
2791.883
2781.454
2778.491
2772.824
2754.676
2730.993
2754.676
2765.106
2736.38
2739.279
2740.236
2742.612
2748.156
2707.06
2732.415
2713.053
2699.479
2698.287
2693.641
2673.062
2727.685
2725.256
2769.534
2772.7
2729.315
2749.098
2762.967
2765.344
2770.018
2771.236
2791.815
2805.924
2808.924
2810.522
2825.191
2832.064
2839.532
2839.83
2859.08
2878.441
2826.099
2781.444
2781.888
2782.255
2812.374
2813.272
2814.665
2812.272
2836.105
2840.185
2849.278
2850.403
2848.578
2842.845
2841.295
2822.535
2809.815
2767.08
2764.7
2766.25
2778.97
2781.35
2800.11
2801.935
2788.892
2794.513
2808.68
2836.989
2837.08
2841.296
2851.623
2853.064
2861.044
2873.515
2873.779
2915.676
2939.042
2940.484
2949.399
3006.497
3010.042
3022.513
3023.807
3041.846
3043.185
3037.577
3003.393
2962.134
2969.039
2971.285
2985.027
2995.876
3016.253
3018.951
3030.423
2991.835
2971.645
2987.784
2992.673
2993.71
3010.747
3014.472
3015.287
3022.065
3025.843
3026.213
3029.991
3031.028
3040.015
3041.867
3037.145
3042.812
3075.015
3073.752
3081.162
3031.25
3032.586
3049.798
3001.338
3002.967
2990.134
2986.563
2975.448
2975.365
2965.96
2963.835
2983.304
2991.756
3003.113
3006.685
3017.542
3026.946
3027.304
3029.857
3031.982
3044.815
3055.93
3056.013
3055.013
3003.013
2999.174
2987.781
2985.829
2971.954
2955.049
2938.799
2949.914
2953.485
2955.438
2965.899
2930.474
2941.667
2970.936
2973.444
2973.795
2975.31
2994.257
3003.099
2957.115
2958.724
2977.345
2977.578
2995.953
3002.228
3001.24
2999.158
3005.434
3010.71
3011.698
3012
2974.791
2976.254
2988.5
2994.195
2978.86
2994.195
2986.172
2989.562
2989.901
2990.13
2999.876
3010.425
3019.578
3033.419
3031.956
3028.547
3008.349
2983.335
2924.013
2917.23
2906.451
2888.145
2865.15
2858.411
2877.032
2883.455
2942.777
2949.559
2974.573
2985.353
2955.458
2958.811
2981.424
2992.057
2996.307
2994.925
2989.908
3004.74
3013.593
3018.888
3024.855
3026.351
3036.81
3038.974
3056.445
3048.686
3058.342
3055.678
3050.383
3048.038
3036.257
3018.786
3014.458
2994.922
3031.226
3043.204
3048.588
3050.971
3064.582
3082.344
3102.206
3106.606
3109.314
3113.564
3115.581
3117.881
3119.319
3122.528
3132.292
3087.375
3096.153
3093.444
3084.444
3075.169
3084.169
3093.444
3104.261
3099.494
3109.258
3111.481
3119.058
3119.992
3128.081
3117.481
3118.214
3069.046
3092.714
3100.671
3112.452
3072.542
3063.093
3064.278
3065.464
3047.512
3044.267
3091.235
3047.978
3064.894
3065.172
3075.052
3083.411
3084.522
3086.439
3087.55
3104.693
3107.057
3107.701
3101.351
3102.213
3111.788
3102.213
3108.369
3112.049
3107.079
3080.326
3087.546
3097.531
3093.762
3067.008
3068.2
3080.154
3082.654
3092.469
3106.469
3107.546
3107.338
3112.969
3109.046
3123.477
3122.149
3133.264
3141.826
3155.233
3157.733
3153.333
3157.733
3166.795
3164.764
3165.841
3169.764
3172.264
3172.897
3176.821
3178.013
3186.115
3185.781
3189.46
3184.291
3187.253
3197.037
3203.194
3163.092
3136.132
3144.876
3138.09
3097.866
3111.866
3111.664
3115.933
3107.189
3105.796
3111.871
3124.06
3145.608
3141.668
3149.974
3163.478
3149.348
3160.075
3146.343
3135.473
3137.104
3141.925
3142.25
3143.09
3142.821
3141.724
3133.863
3135.152
3142.396
3136.963
3143.749
3152.823
3139.816
3140.085
3134.846
3137.891
3147.18
3134.991
3138.797
3141.782
3147.245
3145.852
3155.345
3156.976
3131.021
3133.72
3133.981
3120.478
3127.687
3138.47
3137.425
3141.604
3140.448
3152.045
3152.881
3146.806
3148.612
3147.25
3154.036
3149.857
3154.678
3159.499
3151.439
3141.752
3144.626
3148.805
3150.939
3158.461
3170.058
3167.633
3167.335
3157.842
3162.021
3163.653
3162.797
3165.223
3120.146
3113.185
3112.214
3120.156
3102.631
3101.161
3122.392
3121.745
3142.977
3148.151
3139.661
3142.281
3157.934
3168.405
3169.757
3133.523
3130.649
3127.149
3129.47
3138.742
3138.942
3137.892
3153.467
3149.967
3138.3
3136.257
3125.157
3112.014
3105.519
3103.614
3099.971
3109.086
3110.811
3112.715
3111.015
3109.908
3094.683
3093.864
3063.339
3047.911
3046.968
3046.682
3048.111
3048.044
3048.355
3041.593
3042.643
3041.668
3051.935
3067.51
3070.093
3072.843
3078.56
3065.036
3052.586
3052.836
3037.261
3032.44
3051.549
3048.521
3065.305
3066.094
3065.847
3081.523
3083.383
3073.207
3076.235
3059.451
3046.117
3044.901
3054.042
3058.07
3073.746
3049.254
3034.243
3023.299
3028.454
3029.246
3020.951
3034.284
3021.467
3025.777
3017.939
2979.981
2984.291
2991.39
2988.516
2990.221
3002.964
3004.372
3008.921
3006.21
2985.424
2988.241
2975.029
2973.151
2961.649
2960.109
2959.489
2955.898
2949.288
2934.277
2913.942
2897.158
2917.493
2921.085
2922.624
2893.375
2895.227
2911.778
2918.296
2933.098
2933.709
2918.709
2934.168
2938.149
2936.882
2937.958
2917.906
2917.11
2918.962
2910.317
2922.956
2923.904
2928.244
2934.818
2941.337
2932.892
2917.75
2904.602
2867.171
2837.494
2833.008
2816.457
2815.381
2816.457
2831.6
2836.086
2844.53
2857.678
2895.109
2911.66
2941.337
2936.253
2914.616
2914.863
2911.587
2885.034
2879.626
2891.852
2890.961
2910.904
2917.048
2906.548
2911.494
2917.891
2873.891
2878.986
2870.506
2871.256
2874.656
2874.593
2869.713
2868.127
2887.377
2903.266
2896.546
2895.088
2907.354
2907.168
2892.768
2891.834
2898.146
2898.208
2905.408
2904.821
2905.586
2913.439
2919.697
2915.217
2921.688
2919.121
2904.911
2904.731
2903.798
2881.553
2882.887
2880.167
2869.807
2873.973
2875.813
2868.147
2871.667
2880.147
2880.084
2871.978
2856.089
2859.689
2847.626
2846.861
2844.141
2850.612
2820.427
2810.843
2806.054
2798.731
2800.297
2792.589
2794.155
2786.446
2780.271
2746.776
2739.549
2731.465
2730.511
2729.556
2727.208
2735.468
2733.357
2761.107
2758.51
2750.614
2749.659
2741.576
2749.472
2750.426
2758.51
2747.904
2740.008
2735.254
2742.904
2700.618
2701.363
2701.645
2708.658
2712.294
2724.044
2725.616
2722.304
2722.564
2738.04
2745.508
2746.417
2761.893
2769.976
2766.665
2765.479
2768.092
2763.339
2766.65
2762.456
2754.847
2753.726
2749.168
2747.622
2739.539
2737.039
2741.597
2742.719
2741.974
2741.117
2740.39
2745.587
2753.195
2761.455
2754.909
2756.455
2758.312
2766.395
2770.59
2761.131
2763.479
2785.146
2786.003
2772.162
2765.323
2746.156
2752.692
2752.923
2745.412
2745.976
2746.15
2746.871
2730.376
2732.907
2725.629
2717.932
2708.787
2711.369
2704.534
2701.306
2689.853
2697.55
2689.671
2695.612
2691.738
2691.013
2679.139
2678.918
2685.584
2684.492
2685.013
2684.082
2682.901
2678.648
2683.8
2687.027
2705.303
2722.477
2728.468
2730.278
2729.415
2721.364
2721.639
2718.095
2717.386
2711.243
2710.686
2717.352
2705.707
2739.821
2733.441
2737.07
2764.117
2756.421
2757.927
2761.028
2751.883
2752.158
2738.487
2736.956
2714.577
2714.519
2714.3
2722.25
2723.9
2715.788
2727.621
2728.496
2727.129
2719.154
2718.235
2721.81
2755.498
2753.092
2759.158
2757.508
2755.008
2758.508
2760.915
2739.177
2739.008
2742.833
2731.94
2727.902
2727.96
2723.41
2731.36
2765.048
2761.01
2752.898
2759.198
2754.998
2750.423
2758.398
2774.148
2766.198
2767.051
2775.026
2774.326
2774.151
2756.104
2754.738
2766.047
2757.064
2767.272
2770.334
2764.651
2763.948
2762.435
2760.648
2763.638
2762.938
2765.344
2771.21
2771.042
2765.954
2764.875
2757.095
2757.97
2754.064
2757.97
2760.52
2759.645
2753.607
2741.774
2719.612
2725.575
2726.439
2726.217
2735.137
2735.353
2748.686
2730.862
2738.874
2735.335
2733.706
2740.938
2743.171
2746.195
2749.148
2760.318
2743.568
2740.42
2740.173
2737.654
2739.004
2739.273
2741.927
2746.075
2745.384
2741.927
2737.779
2738.473
2736.983
2748.67
2737.5
2749.08
2749.988
2752.94
2751.175
2743.298
2744.789
2733.102
2726.231
2724.528
2724.775
2727.923
2739.61
2740.305
2747.175
2745.94
2750.434
2760.516
2764.504
2721.294
2710.06
2711.706
2716.039
2723.311
2709.977
2710.193
2721.881
2733.461
2744.631
2743.162
2744.808
2736.931
2736.088
2735.82
2751.376
2746.857
2740.355
2731.483
2743.17
2741.935
2739.452
2737.686
2737.464
2736.557
2732.038
2731.53
2730.835
2730.663
2732.428
2732.936
2733.844
2738.362
2740.846
2741.019
2741.241
2709.03
2709.716
2708.034
2706.29
2702.479
2700.796
2674.738
2668.965
2667.746
2667.965
2666.632
2657.868
2655.429
2670.795
2667.063
2666.118
2692.176
2697.948
2699.631
2700.576
2704.387
2713.151
2716.883
2718.216
2747.627
2747.46
2747.213
2746.67
2706.472
2698.596
2698.843
2699.55
2697.921
2707.513
2671.563
2670.069
2665.55
2639.171
2627.331
2615.787
2628.784
2630.259
2594.747
2590.808
2598.223
2589.412
2587.43
2581.511
2599.118
2600.231
2600.288
2596.556
2593.068
2592.172
2590.19
2574.824
2570.727
2572.199
2607.711
2607.925
2603.461
2592.022
2598.445
2631.311
2628.394
2620.638
2607.467
2590.922
2548.239
2533.706
2524.789
2506.569
2504.085
2499.145
2493.301
2488.361
2480.509
2480.567
2481.275
2480.367
2481.997
2485.985
2495.375
2496.595
2495.909
2498.53
2490.616
2500.091
2492.501
2486.078
2490.958
2492.41
2492.629
2495.082
2481.787
2502.994
2486.448
2489.558
2483.786
2472.752
2473.557
2468.677
2470.882
2470.028
2466.297
2480.829
2483.035
2475.444
2474.761
2475.444
2510.956
2550.664
2537.667
2532.787
2539.97
2534.246
2526.465
2528.148
2534.039
2528.315
2529.766
2533.254
2546.425
2523.376
2490.906
2500.014
2504.778
2504.519
2505.605
2497.05
2503.675
2490.425
2492.984
2497.748
2463.081
2466.802
2462.956
2488.394
2484.061
2484.983
2477.971
2481.007
2483.388
2489.658
2490.182
2483.557
2487.199
2488.227
2492.584
2518.022
2508.772
2504.927
2491.947
2493.059
2471.179
2483.885
2488.191
2481.838
2492.975
2454.67
2457.483
2456.307
2445.663
2440.141
2439.657
2434.088
2433.604
2437.28
2430.351
2433.457
2435.81
2431.504
2432.79
2437.578
2431.869
2432.942
2439.834
2441.458
2440.546
2441.411
2425.449
2427.361
2434.29
2454.749
2461.678
2454.786
2465.61
2466.127
2477.163
2496.79
2502.359
2501.875
2500.192
2501.478
2503.831
2512.4
2516
2517.074
2516.415
2519.415
2530.059
2518.922
2519.127
2504.304
2496.822
2521.96
2527.528
2528.393
2525.993
2518.487
2516.223
2516.884
2525.384
2532.537
2521.893
2514.411
2509.062
2507.638
2502.289
2505.654
2515.262
2515.05
2512.923
2513.787
2503.081
2502.17
2510.738
2518.189
2516.903
2511.381
2494.396
2492.131
2484.496
2468.534
2467.711
2465.446
2452.908
2446.555
2444.986
2438.79
2436.39
2435.104
2437.369
2438.937
2440.224
2446.576
2448.976
2461.515
2467.711
2476.852
2482.781
2483.037
2477.469
2476.048
2475.792
2476.467
2483.359
2486.959
2481.61
2476.902
2467.5
2455.108
2453.836
2452.286
2449.321
2439.825
2423.037
2422.525
2408.669
2431.484
2448.47
2449.756
2455.277
2456.846
2457.364
2460.364
2474.383
2486.922
2467.5
2464.535
2465.202
2471.481
2463.934
2466.434
2459.039
2455.783
2454.512
2456.062
2450.446
2453.585
2460.655
2461.556
2462.719
2465.975
2467.638
2466.824
2465.161
2466.222
2506.92
2502.187
2491.28
2498.675
2494.022
2494.077
2483.556
2480.417
2480.574
2479.76
2479.507
2481.396
2482.8
2468.944
2466.705
2447.739
2448.524
2439.658
2438.863
2433.348
2413.123
2405.977
2404.151
2402.653
2404.259
2393.72
2384.544
2391.69
2390.72
2393.866
2387.284
2380.823
2386.741
2387.37
2379.252
2380.078
2392.521
2394.531
2395.347
2379.306
2372.269
2375.669
2369.817
2379.869
2383.458
2383.236
2353.292
2367.292
2366.667
2342.925
2341.603
2338.425
2322.383
2323.494
2322.633
2322.008
2326.053
2333.119
2329.531
2320.897
2310.379
2310.327
2320.01
2309.492
2311.081
2307.903
2305.181
2319.181
2321.838
2329.049
2341.049
2329.049
2328.271
2328.219
2334.729
2334.534
2350.576
2351.033
2358.244
2368.667
2374.667
2413.556
2401.714
2371.769
2368.836
2366.601
2356.548
2356.306
2354.825
2357.547
2356.925
2359.647
2376.045
2363.679
2360.09
2360.848
2362.19
2363.723
2360.251
2357.594
2348.519
2346.297
2345.672
2342.561
2344.7
2346.935
2345.13
2343.785
2352.419
2352.224
2353.183
2354.506
2353.644
2352.828
2340.828
2348.813
2345.08
2351.624
2349.389
2343.537
2342.9
2337.507
2324.267
2316.239
2309.483
2297.369
2286.851
2283.262
2282.401
2258.659
2228.715
2215.474
2208.437
2205.604
2166.715
2163.126
2162.112
2162.737
2166.326
2163.937
2158.337
2168.02
2167.826
2172.348
2172.59
2178.442
2177.805
2171.805
2172.842
2167.449
2164.271
2148.23
2156.863
2163.952
2164.441
2149.366
2154.625
2157.558
2154.447
2151.047
2156.262
2149.718
2145.271
2148.205
2154.594
2161.103
2161.325
2166.925
2196.869
2196.136
2198.358
2199.136
2197.603
2187.084
2180.329
2181.366
2179.356
2185.54
2189.44
2192.373
2207.448
2213.3
2243.244
2246.833
2245.722
2244.611
2245.956
2248.094
2234.094
2235.436
2233.201
2232.164
2239.375
2227.008
2231.531
2222.897
2225.132
2224.891
2225.707
2223.698
2222.376
2226.898
2226.273
2236.792
2239.449
2242.849
2249.605
2250.062
2260.484
2259.269
2261.658
2255.475
2254.838
2236.301
2238.44
2236.051
2238.884
2241.542
2239.319
2242.719
2235.631
2219.589
2229.272
2227.791
2211.393
2214.578
2213.761
2216.028
2214.019
2213.381
2232.798
2237.294
2243.876
2233.711
2228.392
2225.527
2226.156
2232.074
2225.492
2255.772
2272.355
2270.804
2265.486
2277.621
2302.151
2315.692
2308.783
2307.647
2347.42
2338.59
2362.871
2362.096
2359.823
2357.55
2367.891
2370.334
2363.261
2363.034
2364.015
2358.636
2362.455
2358.903
2362.892
2362.688
2369.222
2366.778
2363.778
2365.294
2382.064
2378.807
2354.526
2344.244
2333.79
2321.517
2324.994
2333.824
2330.926
2336.441
2329.748
2325.589
2326.47
2327.245
2316.586
2310.859
2305.132
2298.995
2289.715
2287.66
2286.91
2267.149
2264.83
2267.018
2279.291
2280.086
2283.757
2316.848
2319.291
2319.927
2289.302
2287.802
2297.705
2312.024
2314.921
2284.296
2283.416
2281.791
2285.927
2279.791
2242.791
2245.077
2249.065
2241.815
2204.815
2212.982
2212.829
2213.465
2212.093
2223.822
2217.768
2224.377
2224.431
2222.914
2185.489
2186.745
2186.692
2193.846
2190.133
2193.42
2193.622
2204.021
2201.09
2205.69
2196.303
2205.234
2208.946
2208.745
2197.864
2203.416
2217.898
2218.059
2217.554
2224.324
2248.884
2248.378
2255.533
2266.902
2242.62
2239.552
2233.567
2239.295
2242.363
2235.166
2195.393
2191.916
2192.711
2199.908
2203.459
2216.107
2217.243
2217.19
2213.031
2213.668
2212.043
2205.349
2206.099
2203.382
2234.007
2232.16
2232.407
2243.165
2251.441
2268.948
2272.81
2277.41
2276.565
2274.094
2275.167
2274.661
2276.193
2276.952
2275.803
2264.921
2275.703
2235.473
2234.424
2226.12
2232.173
2233.564
2226.231
2229.943
2233.461
2226.15
2228.363
2194.892
2196.478
2182.781
2177.386
2182.938
2180.122
2179.892
2176.961
2171.409
2164.129
2160.842
2185.314
2181.68
2187.324
2190.289
2196.975
2193.641
2192.234
2188.979
2213.825
2203.127
2203.284
2199.726
2180.327
2171.292
2183.684
2166.896
2156.376
2152.143
2154.382
2158.289
2175.45
2174.287
2174.941
2173.537
2184.118
2194.816
2196.919
2197.397
2197.188
2205.589
2213.136
2206.066
2206.298
2203.333
2204.419
2208.174
2215.412
2225.546
2191.685
2193.348
2197.429
2195.879
2195.825
2196.679
2194.354
2192.115
2188.557
2184.801
2183.716
2169.065
2151.904
2145.055
2140.799
2139.528
2145.389
2134.868
2133.484
2125.083
2125.562
2133.109
2146.05
2145.797
2156.704
2158.807
2161.947
2162.601
2162.348
2169.16
2162.311
2168.59
2127.892
2123.811
2129.315
2126.534
2127.046
2119.627
2139.026
2145.838
2155.334
2154.856
2163.212
2138.366
2127.459
2123.227
2133.808
2133.015
2134.076
2132.99
2141.459
2140.793
2139.386
2140.447
2133.051
2133.703
2127.578
2116.571
2097.172
2072.326
2070.721
2071.515
2060.507
2056.873
2064.292
2056.745
2053.896
2056.966
2045.958
2045.104
2040.451
2047.997
2045.148
2079.009
2085.48
2091.604
2093.008
2090.508
2088.618
2086.516
2085.244
2079.787
2065.93
2064.38
2063.868
2054.372
2051.407
2034.619
2022.227
2022.738
2024.289
2027.254
2041.11
2046.568
2063.356
2072.852
2085.244
2086.516
2098.908
2109.489
2099.356
2098.352
2085.794
2082.828
2080.726
2081.54
2094.098
2097.423
2097.171
2094.671
2089.167
2088.106
2085.325
2084.813
2083.409
2087.665
2090.004
2098.405
2115.193
2114.338
2115.193
2112.854
2116.761
2119.542
2125.402
2126.673
2129.743
2119.609
2128.078
2127.427
2126.949
2144.109
2144.923
2158.78
2157.719
2156.335
2141.684
2141.917
2143.3
2145.8
2146.594
2147.495
2147.748
2144.19
2143.129
2146.199
2147.053
2140.241
2137.172
2130.892
2141.026
2142.916
2147.569
2157.065
2150.594
2156.098
2153.598
2147.127
2153.406
2159.877
2158.873
2167.23
2162.497
2169.567
2170.468
2170.522
2171.583
2164.771
2158.492
2159.347
2156.091
2156.603
2150.479
2153.812
2151.031
2188.891
2190.298
2179.391
2159.171
2161.496
2130.159
2130.671
2130.833
2123.764
2123.921
2148.766
2148.97
2129.571
2140.268
2160.489
2164.396
2160.641
2176.417
2177.821
2178.588
2170.232
2170.028
2171.089
2167.764
2167.996
2185.157
2197.834
2206.043
2192.346
2191.687
2191.48
2187.963
2186.595
2196.994
2199.339
2195.822
2200.421
2197.387
2196.542
2195.898
2201.125
2196.525
2198.837
2201.653
2203.966
2203.716
2194.329
2195.719
2186.788
2199.32
2192.01
2195.527
2158.102
2161.389
2150.607
2147.09
2146.041
2151.482
2144.202
2141.271
2132.899
2138.451
2135.635
2141.214
2141.058
2140.214
2140.053
2144.087
2113.11
2105.956
2098.967
2098.123
2105.111
2112.265
2113.11
2116.823
2122.876
2126.739
2114.325
2106.064
2103.03
2101.957
2105.549
2112.283
2109.97
2107.671
2121.369
2152.346
2159.656
2159.71
2156.118
2149.348
2154.742
2158.334
2162.047
2167.599
2184.193
2143.964
2142.32
2139.849
2141.716
2117.156
2136.332
2148.746
2137.865
2131.468
2137.865
2148.746
2142.012
2147.564
2160.096
2150.079
2145.4
2157.932
2138.756
2124.273
2122.882
2121.35
2118.601
2115.009
2121.997
2114.687
2117.79
2117.844
2117.999
2114.704
2148.175
2153.754
2151.541
2158.852
2166.311
2153.518
2170.482
2164.428
2181.023
2177.31
2183.364
2181.285
2183.598
2182.839
2182.366
2181.475
2188.808
2188.607
2189.975
2190.182
2194.366
2193.581
2188.903
2180.599
2183.53
2177.133
2178.666
2177.861
2177.915
2194.51
2207.303
2199.843
2192.383
2199.843
2201.211
2201.857
2195.248
2177.499
2182.046
2180.674
2180.035
2181.535
2182.37
2181.731
2168.189
2205.189
2208.189
2208.939
2203.561
2190.913
2192.265
2193.326
2187.992
2227.765
2223.629
2226.413
2226.66
2219.587
2218.837
2226.087
2229.269
2227.701
2224.223
2223.584
2222.212
2232.667
2226.133
2218.758
2206.485
2216.939
2241.221
2253.868
2251.582
2254.48
2255.832
2259.31
2244.991
2243.423
2250.332
2250.8
2250.553
2249.917
2253.468
2252.672
2252.9
2242.559
2243.54
2219.259
2220.139
2239.901
2237.846
2237.01
2247.67
2260.317
2262.635
2246.229
2247.005
2257.346
2257.573
2258.925
2252.016
2253.259
2250.009
2240.105
2259.866
2255.878
2237.647
2237.184
2230.602
2229.104
2214.947
2214.722
2199.478
2194.024
2190.249
2183.667
2183.614
2178.187
2177.217
2175.054
2169.736
2166.107
2158.815
2150.631
2131.092
2127.316
2150.43
2149.188
2143.46
2140.742
2128.632
2121.559
2114.65
2102.377
2100.189
2093.532
2084.703
2082.43
2082.377
2082.15
2076.771
2070.786
2064.801
2055.972
2055.091
2022
2018.011
2013.464
2011.277
2007.606
2007.453
1991.046
1987.376
1975.265
1971.447
1970.652
1969.409
1961.133
1950.851
1949.814
1944.087
1927.316
1920.623
1917.725
1911.068
1892.11
1890.758
1880.098
1870.732
1858.2
1857.396
1849.936
1846.641
1867.259
1863.177
1862.41
1856.286
1851.633
1850.229
1846.903
1845.24
1829.464
1827.092
1825.542
1823.439
1836.436
1829.544
1846.479
1845.604
1845.443
1842.527
1817.089
1816.83
1813.688
1799.501
1781.932
1771.557
1769.162
1768.075
1761.23
1760.563
1756.206
1721.54
1716.776
1712.776
1701.942
1699.651
1690.98
1684.552
1683.25
1682.726
1665.539
1662.503
1649.815
1644.228
1642.641
1628.454
1618.732
1619.256
1636.443
1646.166
1658.853
1673.04
1676.075
1677.663
1683.25
1684.552
1682.123
1674.713
1692.571
1685.866
1650.782
1649.683
1643.61
1642.788
1640.364
1634.292
1633.47
1629.241
1611.46
1609.502
1596.49
1590.671
1586.622
1585.779
1583.189
1577.341
1576.811
1570.992
1570.823
1566.002
1562.315
1551.231
1547.978
1547.448
1539.817
1533.97
1532.653
1528.604
1535.701
1526.89
1505.683
1472.817
1472.134
1468.402
1466.927
1466.683
1449.076
1445.857
1435.897
1433.916
1429.977
1421.212
1419.468
1404.936
1391.939
1400.703
1413.7
1423.66
1425.403
1427.385
1431.324
1434.544
1449.076
1466.059
1465.936
1465.083
1455.371
1440.475
1429.581
1428.881
1427.631
1416.131
1408.944
1390.897
1384.314
1365.866
1362.678
1360.164
1356.126
1337.678
1347.566
1352.706
1351.86
1363.997
1382.918
1383.764
1390.899
1386.892
1385.366
1402.501
1406.745
1394.402
1382.429
1382.192
1370.087
1366.94
1382.299
1377.992
1374.392
1364.81
1353.921
1353.654
1353.364
1342.778
1320.233
1325.853
1322.236
1307.301
1316.444
1307.583
1302.025
1279.35
1278.558
1292.823
1284.137
1283.162
1300.635
1298.722
1292.133
1291.536
1285.737
1238.548
1235.592
1230.316
1218.481
1216.731
1211.644
1227.683
1220.58
1204.547
1204.478
1217.888
1210.027
1202.818
1168.013
1164.149
1160.437
1159.129
1145.189
1144.985
1137.631
1154.456
1151.362
1141.546
1134.264
1133.956
1147.549
1140.216
1138.357
1156.148
1146.053
1144.164
1092.481
1084.122
1082.386
1079.331
1076.093
1059.176
1057.06
1048.488
1050.224
1052.34
1060.7
1077.616
1086.188
1089.243
1092.481
1078.12
1077.925
1085.213
1102.075
1096.867
1112.703
1111.157
1106.682
1095.78
1091.125
1086.194
1080.806
1080.726
1078.427
1059.237
1048.237
1046.901
1063.63
1063.548
1056.186
1030.405
1010.53
1009.525
961.4
940.03
945.66
936.263
953.421
930.505
946.606
930.593
925.593
922.79
938.901
929.323
930.221
935.425
938.146
962.466
991.93
994.162
1015.912
1025.49
1042.156
1028.912
1047.868
1057.227
1051.801
1054.275
1030.08
1038.896
1049.193
1066.081
1051.607
1043.444
1042.979
1040.971
1019.808
1017.041
1019.808
1034.283
1041.795
1043.802
1057.426
1065.589
1062.822
1065.587
1078.004
1091.577
1114.667
1075.158
1057.192
1041.521
1029.487
1013.528
997.938
996.053
1011.643
1013.528
1029.487
1026.103
1012.256
998.41
984.141
998.41
1012.256
999.872
998.077
999.43
1001.272
1026.184
1038.895
1000.901
998.024
1002.926
990.241
961.437
954.545
953.356
949.752
917.545
911.081
939.885
946.777
959.462
991.669
994.624
1033.644
1014.051
1000.903
984.542
981.188
982.41
986.113
974.998
984.76
980.09
986.734
1035.039
1048.188
1065.78
1076.896
1093.257
1066.973
1096.481
1110.026
1104.312
1083.779
1100.164
1096.664
1117.801
1133.292
1136.792
1136.929
1142.811
1161.118
1171.556
1167.515
1159.788
1116.038
1112.725
1111.391
1075.28
1042.985
1028.763
1000.076
983.212
1011.899
1028.763
1054.536
1021.232
1017.065
1000.19
994.174
990.758
974.299
1007.604
1013.979
1030.438
1033.854
1039.87
1056.745
1060.911
1058.615
1039.164
1020.164
1017.742
1008.784
1038.382
1008.124
1037.761
999.865
977.934
981.08
990.966
995.069
1068.75
1090.681
1123.026
1125.698
1120.767
1115.164
1129.324
1117.789
1075.229
1037.167
1008
998.571
1008
1014.333
1025.471
1030.402
1067.152
1058.803
1082.758
1088.175
1069.625
1051.625
1070.175
1088.175
1081.469
1080.097
1078.222
1073.456
1107.023
1145.917
1185.636
1172.08
1171.562
1136.5
1115.889
1150.951
1171.562
1148.509
1144.102
1122.404
1153.151
1185.237
1181.783
1186.543
1189.997
1204.037
1216.957
1240.39
1265.287
1262.187
1302.028
1353.884
1333.304
1296.784
1282.58
1309.433
1302.861
1277.147
1267.433
1242.353
1191.603
1185.254
1176.087
1170.881
1196.595
1247.345
1252.552
1262.266
1268.615
1293.694
1302.861
1299.528
1254.448
1231.448
1254.448
1257.782
1302.861
1257.782
1231.282
1276.361
1302.861
1277.147
1250.647
1262.313
1293.218
1343.968
1395.885
1454.936
1496.754
1508.345
1520.345
1563.375
1596.216
1633.337
1636.86
1651.064
1665.746
1672.019
1677.519
1686.61
1695.883
1711.155
1714.678
1648.873
1593.628
1623.573
1644.573
1657.594
1674.552
1734.708
1758.667
1785.708
1788.938
1805.611
1830.153
1856.087
1840.877
1845.637
1888.837
1907.023
1911.023
1912.67
1863.465
1887.926
1890.09
1902.513
1937.897
1942.103
1945.612
1951.112
1956.42
1966.228
1955.194
1964.639
1985.25
2026.472
2038.435
2048.435
2077.213
2077.731
2077.904
2089.478
2092.201
2094.284
2094.784
2136.256
2138.613
2151.149
2173.863
2107.351
2109.764
2129.272
2144.428
2160.072
2163.183
2163.633
2167.667
2191.75
2207.528
2210.111
2299.944
2328.994
2338.55
2358.183
2394.183
2412.183
2354.952
2364.199
2373.425
2380.005
2386.586
2416.844
2503.78
2443.844
2459.594
2467.25
2482.417
2499.807
2517.776
2518.323
2521.24
2555.31
2574.31
2586.815
2587.495
2587.917
2610.495
2652.893
2656.018
2678.779
2603.699
2537.885
2530.12
2525.914
2501.895
2492.395
2457.346
2426
2421.221
2400.083
2424.103
2428.309
2436.074
2400.519
2421.052
2425.695
2434.924
2465.374
2469.145
2475.419
2475.919
2483.697
2487.002
2490.836
2531.831
2495.61
2502.745
2507.633
2509.182
2525.615
2527.507
2477.73
2480.914
2483.546
2486.73
2496.309
2520.118
2548.809
2556.862
2566.493
2570.125
2571.634
2590.647
2592.443
2594.482
2597.114
2635.107
2642.651
2645.829
2658.601
2689.961
2690.329
2707.066
2708.575
2693.93
2655.092
2630.18
2628.443
2635.714
2641.846
2647.359
2654.538
2664.974
2672.821
2679.103
2688.103
2697.103
2645.508
2672.765
2696.215
2704.027
2657.026
2675.978
2698.173
2700.398
2698.508
2712.874
2676.655
2676.544
2659.433
2654.671
2642.131
2639.298
2624.478
2637.018
2651.837
2656.599
2673.71
2673.821
2676.655
2684.345
2695.615
2778.948
2757.044
2758.71
2733.335
2763.335
2791.708
2793.931
2796.806
2800.21
2802.383
2805.216
2813.931
2833.375
2874.78
2879.542
2884.661
2891.327
2894.502
2841.917
2839.149
2814.033
2843.335
2847.541
2835.82
2856.86
2831.506
2833.831
2846.773
2867.936
2864.006
2875.036
2875.343
2882.979
2897.479
2898.479
2904.275
2925.593
2946.275
2952.638
2924.098
2921.409
2922.654
2886.509
2893.531
2906.434
2909.892
2910.317
2875.936
2876.352
2880.543
2889.023
2893.033
2898.991
2893.887
2902.224
2904.307
2898.807
2900.606
2906.981
2905.606
2906.778
2916.84
2915.668
2916.835
2924.148
2923.866
2926.144
2920.832
2926.332
2945.181
2947.931
2957.792
2962.271
2948.75
2961.021
3005.536
3016.036
3019.016
2981.723
2993.457
3002.736
3032.201
3029.282
3031.187
3036.697
3049.677
3064.541
3065.969
3026.91
3022.83
2982.121
3024.018
2978.133
2989.46
2990.306
3004.2
3020.96
3021.22
3028.22
3049.623
3009.945
2997.945
2986.201
2986.531
2966.154
2964.692
2975.805
2976.182
2971.371
2966.56
2933.691
2906.361
2938.565
2949.213
2940.793
2945.978
2948.182
2953.478
2936.441
2949.821
2956.599
2954.87
2955.13
2955.5
2960.5
2969.833
2974.722
2974.319
2976.523
3001.648
3022.259
2969.505
2959.386
2942.174
2945.129
2937.729
2938.047
2938.292
2953.141
2964.656
2974.774
2994.152
3000.261
3012.061
3018.442
3014.785
3023.449
3037.324
3038.574
3044.342
3044.664
3050.244
3057.39
3058.774
3055.202
3049.202
3065.631
3070.006
3059.488
3060.493
3012.694
3002.607
3011.449
2970.447
2945.114
2950.589
2940.284
2958.347
2959.661
2970.475
2974.797
2966.842
2968.695
2969.644
2960.212
2964.266
2965.422
2977.668
2976.696
2980.34
2981.038
2935.36
2929.886
2884.208
2892.75
2880.405
2889.838
2914.852
2932.915
2939.698
2938.003
2948.308
2945.969
2961.304
2962.422
2978.321
2988.626
2998.371
2999.558
3007.264
2979.756
2955.101
2964.527
2969.822
2974.413
2962.568
2952.142
2960.098
2974.385
2979.68
2983.861
2986.123
2986.48
2999.867
3010.25
3015.266
2979.805
2990.063
2988.144
2942.3
2949.967
2936.134
2914.598
2919.931
2917.741
2904.778
2913.138
2882.411
2865.376
2864.165
2865.376
2874.579
2888.197
2902.572
2900.488
2890.592
2895.639
2902.973
2908.02
2907.376
2902.329
2910.559
2918.142
2921.97
2912.074
2966.762
2980.898
2976.419
2980.404
2980.122
2979.056
2977.962
3005.134
2993.845
3007.982
3003.099
3007.982
3012.461
3007.982
3006.556
3006.829
3023.704
3023.486
3031.923
3032.236
3025.132
3029.611
3019.673
3007.533
3005.97
3009.329
3009.669
3020.898
3024.883
3019.164
3019.504
3009.779
3000.625
2995.578
2990.094
2988.234
2986.885
2982.406
2988.766
2985.622
2994.776
2998.513
2972.445
2983.734
2985.297
2965.036
2968.805
2958.821
2956.963
2953.824
2958.224
2949.163
2950.213
2966.828
2968.264
2968.599
2977.445
2975.763
2972.801
2970.75
2967.612
2959.509
2943.113
2934.805
2951.201
2954.163
2956.214
2959.353
2967.455
2975.763
2977.445
2935.38
2930.744
2931.778
2930.263
2932.725
2928.725
2927.551
2917.884
2915.793
2914.944
2896.889
2856.056
2865.667
2865.465
2890.366
2881.784
2881.985
2891.275
2873.489
2868.825
2869.439
2865.26
2878.764
2878.562
2860.776
2861.433
2852.851
2800.612
2798.552
2814.672
2778.662
2780.441
2774.556
2770.35
2764.365
2768.571
2747.339
2747.045
2745.266
2746.089
2754.031
2748.146
2732.113
2730.333
2778.216
2784.201
2797.73
2804.417
2795.961
2791.461
2790.618
2790.875
2812.578
2808.975
2805.373
2812.51
2843.933
2846.763
2850.646
2833.511
2843.926
2842.912
2813.965
2803.644
2800.787
2796.173
2795.98
2805.094
2826.177
2817.13
2815.701
2808.768
2807.964
2814.898
2819.269
2824.498
2825.731
2795.206
2799.301
2824.144
2815.458
2808.696
2825.72
2839.12
2846.835
2828.835
2831.749
2834.07
2839.787
2847.737
2843.737
2846.594
2845.79
2846.84
2855.526
2845.26
2853.21
2856.083
2861.8
2844.776
2844.526
2843.098
2830.098
2833.012
2806.444
2805.651
2818.609
2828.867
2827.191
2817.015
2796.229
2792.426
2790.567
2786.975
2789.849
2802.665
2784.919
2815.014
2819.958
2817.944
2818.197
2804.864
2800.462
2803.491
2798.364
2782.688
2803.474
2807.066
2783.568
2781.279
2830.575
2832.864
2833.671
2837.122
2832.178
2836.58
2835.488
2834.869
2830.319
2825.376
2824.284
2816.185
2814.646
2827.388
2823.445
2816.346
2815.032
2810.482
2810.68
2812.623
2817.173
2815.887
2820.437
2782.479
2795.69
2802.493
2797.944
2793.542
2747.683
2739.845
2741.789
2734.69
2749.701
2745.898
2754.194
2769.204
2770.905
2776.637
2801.13
2797.762
2797.959
2790.86
2784.025
2783.039
2774.081
2769.532
2768.546
2762.813
2759.98
2752.374
2749.501
2753.445
2754.661
2760.297
2761.086
2761.665
2761.947
2757.215
2756.254
2767.756
2774.537
2761.759
2766.843
2771.183
2765.625
2773.806
2776.063
2781.146
2770.354
2761.493
2798.924
2800.442
2798.998
2809.642
2789.864
2791.494
2792.556
2840.501
2835.693
2800.091
2816.195
2815.639
2807.422
2805.791
2824.125
2811.449
2815.314
2822.834
2823.757
2831.716
2871.068
2872.115
2895.615
2891.831
2898.173
2874.673
2867.556
2865.925
2872.069
2852.559
2852.265
2855.575
2849.179
2845.868
2840.922
2837.057
2824.831
2807.804
2807.993
2808.23
2803.486
2795.57
2787.354
2775.577
2790.617
2793.928
2797.16
2782.119
2779.214
2771.297
2763.777
2756.966
2749.007
2752.791
2752.034
2764.466
2770.863
2780.574
2776.351
2774.874
2766.315
2783.342
2776.532
2775.484
2775.248
2790.288
2793.599
2816.144
2813.7
2822.295
2835.088
2822.861
2822.798
2821.805
2812.042
2811.285
2829.619
2819.119
2816.923
2808.964
2772.545
2787.14
2783.694
2783.099
2797.694
2797.4
2788.805
2792.94
2799.337
2803.12
2774.245
2777.691
2762.958
2751.922
2751.74
2741.24
2742
2735.441
2748.117
2795.414
2788.856
2792.423
2788.977
2801.653
2800.707
2803.41
2791.113
2790.842
2776.44
2776.997
2769.88
2761.258
2765.623
2774.217
2765.659
2764.884
2769.803
2757.577
2753.036
2761.447
2762.207
2761.613
2764.923
2764.741
2783.075
2743.724
2745.356
2736.734
2735.473
2733.029
2732.735
2731.384
2711.44
2714.672
2722.632
2723.893
2747.393
2734.6
2731.695
2729.499
2700.624
2677.124
2672.989
2666.43
2646.486
2643.176
2630.949
2626.003
2622.693
2617.285
2632.325
2632.136
2633.614
2617.51
2613.943
2605.384
2603.749
2609.893
2622.119
2612.277
2610.642
2602.047
2600.439
2620.383
2630.225
2628.964
2630.572
2637.383
2645.342
2646.102
2658.895
2660.53
2668.301
2667.409
2671.774
2672.94
2674.202
2672.85
2669.066
2668.796
2670.661
2634.242
2633.948
2635.583
2636.343
2642.902
2639.997
2644.132
2661.159
2668.679
2667.446
2663.572
2657.045
2626.098
2616.516
2614.676
2616.516
2617.76
2615.193
2629.403
2624.923
2612.417
2631.667
2639.966
2644.132
2645.719
2646.87
2654.07
2645.417
2645.707
2640.28
2658.37
2645.863
2652.303
2649.437
2654.863
2654.117
2641.983
2642.217
2650.323
2652.89
2645.037
2616.547
2609.347
2621.853
2631.487
2627.007
2630.527
2610.849
2621.209
2609.146
2606.463
2609.863
2633.05
2633.8
2587.133
2594.333
2582.2
2583.351
2580.631
2578.724
2587.204
2574.698
2574.458
2569.122
2545.936
2538.269
2556.359
2561.212
2546.812
2569.002
2570.264
2569.002
2597.877
2589.918
2598.512
2613.107
2608.742
2591.715
2589.519
2584.776
2593.334
2586.807
2579.287
2579.017
2582.882
2571.846
2571.657
2561.945
2562.891
2559.107
2511.81
2499.134
2495.269
2492.566
2496.931
2495.884
2499.533
2498.776
2500.641
2503.398
2509.956
2511.003
2519.562
2509.798
2517.569
2507.805
2511.251
2534.751
2533.584
2521.152
2533.378
2526.82
2531.36
2531.09
2534.322
2551.349
2527.849
2528.741
2530.092
2542.525
2545.757
2550.676
2560.387
2547.595
2544.363
2543.369
2540.059
2525.464
2486.113
2467.778
2464.332
2463.41
2457.266
2456.343
2432.843
2434.645
2426.686
2432.83
2427.884
2426.252
2423.02
2432.732
2385.435
2376.876
2370.48
2371.255
2365.847
2392.774
2416.596
2408.719
2402.235
2392.338
2400.864
2385.618
2385.682
2373.743
2386.209
2404.795
2414.772
2412.963
2412.724
2400.33
2411.517
2431.734
2423.666
2416.042
2418.782
2426.85
2421.864
2423.114
2408.32
2404.826
2408.744
2412.237
2413.516
2414.301
2413.531
2408.049
2391.725
2378.757
2386.38
2391.188
2380.001
2375.72
2380.707
2377.09
2400.912
2423.766
2386.848
2385.35
2368.09
2361.474
2346.874
2348.057
2357.954
2358.74
2363.342
2360.066
2356.45
2362.879
2333.667
2321.234
2322.467
2332.967
2313.024
2328.064
2291.645
2287.997
2284.132
2283.889
2275.477
2263.251
2263.807
2280.219
2272.151
2269.395
2268.831
2267.769
2219.824
2221.478
2258.396
2252.821
2236.497
2238.723
2240.001
2249.978
2249.739
2241.026
2253.629
2247.401
2242.976
2241.793
2229.855
2229.663
2228.878
2230.704
2217.736
2223.218
2226.574
2255.845
2260.831
2256.406
2252.571
2204.626
2204.689
2207.429
2194.461
2239.064
2247.954
2235.352
2215.135
2203.947
2208.372
2217.263
2222.838
2242.615
2245.355
2259.954
2241.369
2241.177
2239.547
2245.976
2254.305
2255.555
2256.49
2258.967
2251.57
2259.898
2251.186
2232.6
2235.395
2239.094
2278.984
2279.231
2274.806
2289.741
2294.166
2291.22
2275.974
2279.467
2282.96
2281.59
2280.408
2277.668
2282.654
2291.18
2290.221
2296.45
2297.457
2290.808
2279.621
2281.119
2281.886
2283.694
2282.04
2277.848
2279.506
2283.424
2283.126
2286.482
2263.628
2283.405
2260.551
2272.49
2268.572
2271.049
2261.072
2262.726
2269.21
2279.107
2231.162
2224.934
2221.658
2216.644
2231.243
2235.17
2247.636
2238.896
2194.293
2185.965
2182.471
2167.872
2167.308
2171.144
2156.349
2165.089
2165.329
2180.123
2180.909
2192.096
2195.452
2199.877
2199.313
2201.539
2221.316
2228.22
2229.403
2231.061
2233.538
2257.36
2253.079
2261.605
2269.63
2265.205
2255.228
2249
2244.808
2241.452
2250.192
2246.265
2252.749
2252.564
2254.454
2252.564
2264.502
2267.779
2312.381
2311.32
2303.251
2304.022
2303.782
2299.59
2286.741
2287.015
2242.412
2244.638
2252.663
2244.595
2245.365
2221.543
2228.192
2234.84
2230.922
2235.347
2232.71
2227.724
2219.655
2228.395
2235.043
2233.153
2209.331
2210.29
2216.518
2208.895
2212.594
2214.484
2225.671
2225.969
2229.586
2233.421
2244.608
2237.211
2239.688
2233.259
2233.323
2229.396
2234.382
2252.968
2265.571
2273.194
2272.954
2272.763
2273.697
2275.656
2266.981
2267.172
2244.318
2245.38
2237.757
2227.113
2226.178
2241.425
2234.027
2230.671
2247.932
2244.655
2236.587
2238.813
2240.467
2236.042
2235.272
2225.374
2228.731
2227.452
2223.534
2236.917
2245.053
2248.595
2246.918
2245.265
2232.237
2227.154
2218.509
2199.666
2204.006
2213.02
2211.367
2207.027
2208.294
2159.683
2155.197
2158.738
2155.944
2155.667
2160.542
2130.865
2139.661
2149.696
2129.198
2132.184
2136.67
2136.427
2139.413
2123.955
2134.747
2138.997
2143.483
2144.264
2145.236
2145.431
2144.649
2154.684
2163.517
2167.858
2157.742
2156.946
2136.448
2139.281
2116.11
2131.252
2131.53
2128.697
2128.975
2131.769
2135.171
2137.005
2140.977
2130.942
2122.146
2118.604
2112.951
2139.261
2149.383
2153.42
2141.918
2131.66
2135.251
2111.754
2120.049
2118.833
2120.148
2126.758
2176.054
2174.838
2176.246
2176.444
2138.486
2141.197
2142.127
2152.249
2127.756
2124.305
2129.432
2122.333
2118.883
2137.992
2113.499
2116.046
2113.757
2159.616
2200.63
2194.898
2197.771
2199.475
2212.687
2212.993
2209.965
2229.074
2242.032
2257.708
2251.097
2231.988
2227.045
2223.242
2214.678
2210.735
2211.542
2207.951
2214.561
2227.519
2224.646
2216.547
2211.392
2208.559
2216.164
2223.582
2219.033
2217.718
2220.746
2227.582
2224.709
2225.516
2216.75
2221.905
2216.269
2211.142
2209.264
2211.142
2218.98
2216.269
2214.984
2208.317
2189.208
2176.25
2172.532
2170.673
2171.764
2167.032
2146.245
2132.912
2126.109
2125.123
2126.109
2139.442
2146.245
2137.104
2142.741
2147.29
2145.001
2160.012
2151.054
2158.472
2153.317
2151.616
2151.898
2160.149
2152.311
2159.114
2141.367
2137.339
2128.353
2124.41
2116.572
2112.262
2098.928
2097.942
2096.534
2083.323
2082.038
2080.333
2088.171
2089.133
2101.95
2086.738
2083.288
2088.02
2071.236
2075.18
2066.194
2064.518
2044.183
2053.169
2055.716
2056.646
2051.519
2052.308
2050.768
2071.554
2047.061
2038.295
2037.502
2038.488
2036.784
2037.819
2051.031
2052.974
2063.918
2063.852
2057.049
2052.5
2067.511
2062.384
2051.44
2052.849
2049.257
2045.665
2053.083
2038.073
2013.58
2051.538
2059.833
2056.031
2040.354
2035.953
2036.143
2036.333
2049.076
2052.104
2059.71
2064.259
2062.719
2053.762
2068.772
2062.162
2067.106
2073.772
2081.871
2087.026
2079.42
2083.73
2084.822
2095.08
2095.869
2099.319
2100.354
2108.192
2087.858
2068.749
2053.538
2007.678
1999.115
1987.613
1986.327
1976.205
1991.417
1990.201
1974.845
1985.103
1994.244
1994.178
1964.083
1955.317
1953.373
1962.14
1937.647
1921.971
1922.036
1922.616
1920.738
1917.865
1905.122
1925.457
1928.907
1916.164
1916.972
1914.425
1913.845
1916.678
1916.925
1918.239
1910.401
1903.791
1909.523
1907.235
1900.831
1881.722
1882.757
1882.954
1874.188
1885.131
1896.075
1893.047
1884.796
1891.406
1895.209
1919.702
1914.066
1913.273
1916.147
1921.09
1912.104
1918.715
1914.313
1920.98
1924.431
1932.727
1932.792
1917.116
1918.102
1923.229
1921.525
1918.074
1921.877
1937.553
1935.609
1945.731
1930.721
1927.129
1922.58
1924.256
1923.464
1915.168
1916.844
1918.703
1948.798
1937.854
1931.019
1929.315
1919.138
1912.303
1919.401
1918.44
1919.98
1918.036
1912.91
1908.177
1906.961
1907.769
1909.054
1896.237
1887.674
1887.392
1890.984
1891.945
1885.541
1904.575
1912.756
1906.182
1903.925
1921.425
1924.258
1922.581
1925.903
1924.826
1924.632
1932.361
1931.065
1934.731
1940.289
1952.928
1954.845
1960.498
1949.706
1944.831
1944.035
1941.778
1940.481
1936.5
1932.014
1923
1919.333
1924.208
1911.181
1910.104
1947.535
1950.521
1946.632
1948.465
1933.663
1941.649
1949.378
1942.638
1939.804
1956.355
1963.355
1958.3
1950.314
1953.108
1948.622
1948.427
1942.774
1943.851
1948.191
1958.983
1955.58
1953.663
1938.861
1931.361
1951.859
1931.807
1921.772
1926.258
1928.515
1936.652
1945.666
1952.374
1956.624
1965.485
1950.485
1946.596
1945.329
1948.106
1944.134
1944.931
1934.949
1926.813
1923.491
1932.352
1887.13
1904.63
1905.201
1859.979
1859.183
1857.887
1906.498
1893.47
1894.248
1939.47
1956.021
1957.042
1969.146
1953.688
1961.674
1958.132
1959.785
1974.785
1973.586
1986.152
1988.409
1996.853
1990.538
1988.027
1995.027
1985.045
1985.826
1985.762
1996.553
2016.605
2012.119
2016.369
2027.712
2026.74
2023.946
2025.932
2021.265
2028.006
2037.987
2044.506
2048.172
2058.964
2058.168
2053.682
2058.348
2038.296
2038.019
2025.241
2062.671
2063.243
2072.257
2074.514
2073.218
2074.895
2070.913
2066.573
2063.795
2093.472
2093.222
2099.537
2096.134
2096.931
2111.454
2102.534
2120.281
2124.83
2129.379
2122.712
2126.741
2127.548
2089.59
2104.946
2110.073
2111.059
2111.249
2109.305
2112.897
2111.967
2101.791
2103.669
2102.88
2103.134
2115.877
2110.241
2095.23
2110.241
2151.255
2148.708
2151.525
2150.717
2153.55
2129.058
2124.114
2127.482
2124.114
2128.663
2131.374
2124.276
2125.068
2137.811
2133.501
2130.133
2128.818
2115.86
2139.358
2134.203
2142.969
2153.092
2163.268
2162.986
2157.859
2178.194
2175.647
2195.981
2206.157
2221.369
2230.509
2245.865
2243.154
2243.942
2248.344
2241.94
2234.102
2234.299
2243.285
2242.979
2242.049
2233.092
2248.102
2250.813
2249.405
2208.391
2200.14
2197.593
2246.888
2243.86
2250.471
2254.499
2258.9
2264.633
2259.689
2246.731
2247.823
2247.015
2255.114
2255.396
2242.184
2246.212
2247.917
2254.32
2247.654
2240.818
2242.696
2244.4
2275.644
2282.844
2287.458
2287.525
2290.108
2291.442
2290.013
2277.563
2285.087
2280.473
2267.33
2275.544
2273.573
2271.873
2279.587
2276.087
2285.173
2272.173
2287.601
2280.896
2304.73
2304.923
2314.008
2296.985
2309.985
2308.935
2347.435
2337.03
2321.13
2321.93
2321.863
2321.663
2318.02
2312.206
2312.273
2309.358
2320.458
2322.183
2322.117
2332.438
2347.867
2365.867
2366.177
2362.32
2353.951
2353.363
2394.963
2398.463
2396.901
2401.701
2421.083
2418.226
2421.998
2411.731
2410.927
2406.313
2409.956
2388.873
2397.958
2409.058
2417.273
2420.344
2416.701
2413.63
2401.963
2397.877
2395.02
2381.877
2389.077
2396.601
2435.101
2430.301
2430.501
2443.426
2462.808
2466.894
2465.169
2456.755
2437.373
2439.258
2437.354
2450.877
2441.763
2439.858
2437.108
2421.883
2414.169
2406.645
2405.083
2402.169
2409.693
2412.443
2415.357
2416.919
2432.144
2434.049
2441.763
2442.392
2431.987
2435.487
2445.892
2445.642
2446.617
2453.379
2446.445
2447.779
2447.845
2450.595
2442.381
2463.464
2460.881
2477.905
2491.048
2489.076
2487.743
2486.693
2478.979
2487.393
2490.81
2490.01
2478.91
2480.017
2498.017
2501.874
2498.231
2480.231
2480.819
2482.79
2481.815
2471.549
2452.167
2451.363
2453.406
2453.213
2462.327
2480.327
2467.877
2456.211
2464.625
2457.92
2462.935
2475.935
2466.663
2491.506
2491.573
2487.801
2478.53
2477.48
2480.394
2480.201
2475.83
2475.58
2500.423
2492.473
2480.806
2476.192
2465.925
2464.2
2494.725
2519.568
2514.954
2513.846
2506.323
2490.894
2496.094
2509.094
2496.169
2508.619
2506.733
2506.983
2488.983
2490.869
2491.669
2498.164
2503.393
2508.593
2510.914
2510.714
2511.714
2506.486
2516.752
2512.381
2499.381
2497.652
2484.727
2491.489
2488.615
2492.701
2477.476
2486.59
2491.39
2490.087
2494.087
2497.504
2500.254
2461.754
2466.554
2467.373
2470.579
2455.223
2462.829
2453.843
2457.434
2432.1
2413.256
2415.108
2463.719
2475.823
2473.566
2470.163
2500.011
2500.292
2498.616
2497.525
2488.567
2458.472
2454.434
2453.149
2474.794
2449.951
2451.68
2451.93
2451.342
2467.242
2468.185
2478.506
2487.398
2488.34
2534.855
2555.48
2550.28
2549.48
2548.505
2506.905
2520.429
2519.429
2521.157
2519.271
2528.386
2521.681
2525.324
2523.281
2518.667
2507
2503.229
2488.004
2470.98
2460.713
2494.021
2491.948
2496.629
2507.045
2510.871
2528.141
2531.837
2526.562
2568.764
2584.21
2586.283
2603.553
2602.539
2604.894
2599.807
2586.618
2589.534
2588.411
2563.1
2570.3
2590.925
2572.925
2573.868
2574.118
2566.918
2583.942
2533.942
2495.442
2488.68
2488.746
2488.554
2489.554
2468.929
2470.162
2472.048
2473.351
2480.551
2477.135
2477.954
2484.449
2490.165
2490.794
2488.473
2491.056
2496.256
2500.627
2496.542
2512.117
2491.033
2486.948
2493.71
2485.295
2489.91
2490.102
2484.288
2484.599
2491.094
2487.237
2479.287
2475.787
2476.73
2476.444
2481.244
2480.44
2487.202
2484.881
2485.192
2502.215
2512.537
2517.737
2513.123
2518.137
2507.037
2511.132
2512.561
2512.627
2505.727
2536.252
2529.49
2522.29
2523.99
2533.262
2531.219
2522.805
2523.912
2527.912
2540.837
2540.249
2539.938
2533.233
2534.962
2558.588
2560.501
2555.226
2538.105
2562.948
2561.948
2515.433
2518.505
2527.396
2525.671
2524.729
2512.279
2521.393
2521.586
2522.889
2524.318
2524.946
2526.671
2528.396
2531.468
2531.754
2539.277
2532.573
2528.573
2521.049
2536.274
2533.202
2509.369
2508.369
2499.255
2484.03
2477.096
2473.68
2466.156
2484.156
2484.96
2491.86
2507.435
2506.635
2487.252
2478.167
2478.795
2468.529
2452.629
2460.152
2453.448
2478.29
2448.117
2450.061
2454.089
2454.396
2457.764
2456.729
2465.687
2461.137
2460.884
2456.482
2455.675
2464.633
2462.689
2447.478
2442.745
2445.562
2445.809
2446.09
2443.217
2484.231
2505.018
2506.004
2502.412
2502.665
2496.262
2493.234
2474.124
2493.234
2490.205
2485.656
2490.205
2481.91
2481.712
2502.499
2495.696
2494.604
2487.187
2498.689
2497.374
2503.133
2499.466
2512.494
2506.936
2503.186
2513.499
2509.8
2511.691
2508.334
2508.632
2515.281
2559.884
2563.24
2539.418
2554.212
2554.027
2564.005
2555.979
2558.616
2560.425
2551.898
2521.954
2522.846
2535.521
2536.873
2537.429
2536.436
2542.778
2557.18
2548.41
2545.653
2585.005
2582.403
2582.592
2594.819
2584.319
2585.241
2586.876
2583.309
2589.836
2588.2
2588.264
2598.106
2588.342
2583.977
2586.883
2584.687
2591.083
2591.02
2591.314
2586.949
2589.668
2594.033
2601.15
2624.65
2629.596
2630.152
2620.31
2619.55
2618.072
2626.842
2620.284
2649.159
2652.391
2644.87
2644.634
2608.215
2613.134
2620.251
2600.741
2601.498
2616.538
2618.34
2628.84
2627.918
2615.62
2608.1
2611.884
2620.479
2624.843
2623.921
2601.376
2586.782
2587.556
2564.056
2535.181
2529.681
2531.313
2528.002
2526.955
2525.171
2510.438
2512.046
2511.776
2503.006
2509.564
2505.341
2502.623
2510.539
2510.729
2513.33
2521.247
2521.184
2525.407
2522.688
2519.985
2523.296
2526.607
2482.607
2468.205
2473.124
2476.908
2493.935
2498.475
2503.975
2456.678
2417.327
2404.894
2396.678
2394.894
2392.137
2393.399
2440.696
2444.48
2436.959
2439.403
2419.893
2424.258
2420.393
2411.798
2416.744
2426.587
2420.443
2432.74
2439.551
2452.343
2455.062
2463.657
2464.251
2466.035
2458.075
2455.88
2465.643
2476.143
2476.903
2476.011
2447.136
2467.08
2471.823
2467.958
2482.553
2479.85
2478.048
2430.751
2428.15
2415.357
2417.159
2397.649
2406.207
2399.811
2392.514
2407.247
2408.139
2407.364
2396.864
2399.465
2400.225
2399.45
2398.676
2396.874
2394.43
2404.142
2384.632
2370.037
2359.537
2357.929
2357.659
2357.841
2347.341
2307.99
2312.355
2314.551
2326.777
2330.088
2325.865
2336.365
2332.919
2336.365
2349.158
2340.387
2339.495
2340.09
2363.59
2378.631
2359.12
2349.91
2350.459
2351.61
2345.548
2298.881
2287.992
2296.291
2297.508
2305.988
2306.752
2342.686
2334.387
2342.24
2342.99
2343.737
2327.848
2336.501
2327.994
2311.194
2300.834
2301.421
2303.832
2296.166
2286.532
2284.946
2286.556
2289.222
2288.932
2281.266
2276.412
2277.346
2316.172
2321.508
2317.988
2318.868
2333.404
2324.898
2312.834
2332.512
2324.213
2339.053
2337.443
2343.883
2343.003
2344.763
2348.93
2348.663
2355.383
2358.05
2358.237
2380.481
2378.868
2387.348
2378.868
2387.348
2389.108
2392.297
2395.697
2379.808
2380.741
2372.261
2370.648
2361.066
2363.732
2368.039
2367.006
2363.739
2362.859
2366.379
2376.739
2377.772
2341.839
2327.302
2335.113
2334.367
2333.433
2331.673
2323.02
2320.609
2326.92
2322.84
2327.147
2328.08
2332.96
2334.573
2322.953
2327.033
2326.287
2327.897
2329.141
2330.121
2331.881
2324.859
2324.626
2328.226
2321.506
2321.319
2324.839
2296.349
2302.411
2297.558
2293.736
2294.482
2292.869
2286.149
2285.859
2276.226
2283.426
2283.606
2271.472
2268.072
2252.183
2236.294
2238.461
2238.399
2238.639
2242.039
2245.772
2238.106
2230.439
2210.761
2212.348
2211.583
2209.97
2224.18
2232.66
2232.473
2229.607
2276.273
2275.122
2274.832
2273.072
2258.232
2257.016
2258.793
2254.98
2256.593
2254.753
2245.12
2253.419
2238.579
2236.992
2230.681
2187.268
2187.817
2184.628
2178.566
2174.086
2159.549
2171.816
2173.402
2173.222
2165.369
2165.182
2170.609
2162.31
2155.999
2155.412
2146.906
2159.412
2154.732
2163.031
2175.094
2171.361
2172.974
2175.641
2178.908
2182.308
2183.641
2178.761
2187.206
2184.523
2186.69
2186.457
2195.11
2196.95
2199.361
2208.943
2202.503
2163.677
2160.277
2157.088
2158.928
2142.128
2143.061
2138.581
2133.728
2147.938
2152.104
2157.44
2157.68
2159.29
2147.157
2142.85
2139.983
2144.29
2140.89
2138.323
2135.912
2140.592
2126.192
2129.926
2125.619
2137.752
2129.272
2125.459
2115.099
2103.036
2083.358
2068.821
2059.188
2098.014
2098.924
2114.813
2121.533
2109.913
2110.663
2087.313
2082.497
2075.567
2071.317
2053.465
2059.851
2077.703
2078.601
2071.969
2067.351
2059.018
2071.36
2082.827
2082.541
2083.741
2078.476
2093.121
2102.577
2074.462
2073.234
2076.707
2079.536
2091.51
2099.26
2096.036
2089.405
2086.872
2063.99
2070.376
2067.547
2062.731
2067.997
2064.313
2057.681
2068.427
2068.365
2067.345
2067.576
2068.804
2070.62
2074.391
2082.391
2086.813
2086.997
2048.681
2037.935
2033.146
2032.604
2034.984
2036.738
2042.72
2047.51
2041.527
2025.848
2028.227
2028.288
2032.538
2032.361
2024.795
2020.545
2021.282
2021.512
2020.758
2004.179
2016.152
1980.692
1942.376
1928.166
1934.521
1938.771
1938.593
1930.225
1932.041
1951.459
1953.341
1952.025
1947.775
1947.196
1933.173
1928.752
1935.138
1934.384
1942.923
1944.362
1948.125
1954.511
1959.129
1954.708
1955.675
1946.219
1910.759
1907.404
1908.144
1909.28
1895.069
1886.879
1884.998
1868.419
1870.798
1869.482
1867.344
1875.344
1877.16
1857.741
1845.285
1883.601
1883.662
1883.899
1884.083
1885.965
1885.386
1884.807
1920.268
1906.245
1925.241
1928.388
1934.564
1934.379
1934.093
1942.093
1939.462
1933.076
1926.72
1923.573
1923.512
1923.249
1920.602
1956.063
1960.852
1948.947
1926.066
1914.161
1916.541
1910.313
1901.918
1905.065
1904.196
1900.084
1896.611
1892.927
1892.19
1885.834
1895.291
1872.409
1868.856
1868.116
1845.235
1845.296
1845.235
1846.673
1844.14
1854.364
1857.011
1861.037
1860.8
1856.182
1855.64
1861.816
1868.044
1865.397
1877.502
1876.634
1899.515
1942.357
1933.963
1940.318
1948.713
1950.529
1996.581
1994.827
1975.408
1947.293
1948.885
1936.543
1938.922
1934.501
1935.637
1931.953
1932.851
1939.026
1943.053
1942.822
1937.467
1936.925
1950.948
1912.633
1911.405
1929.257
1932.612
1936.086
1934.349
1933.428
1925.719
1921.298
1921.36
1922.952
1919.805
1931.272
1946.952
1960.975
1918.133
1926.672
1936.896
1934.363
1933.227
1931.635
1935.661
1939.214
1962.095
1958.74
1962.095
1972.319
1965.389
1988.271
2002.481
2001.56
1995.332
1994.016
1987.841
1993.106
1992.352
1974.702
1970.339
1971.884
1974.676
1972.566
1981.899
1974.886
1973.341
1969.146
1972.575
1977.302
1979.034
1982.756
2001.506
2005.229
2004.658
2020.701
2062.444
2055.983
2059.252
2059.987
2057.904
2058.432
2058.372
2058.9
2046.874
2053.797
2067.46
2079.255
2076.114
2072.73
2078.922
2079.486
2082.552
2076.33
2082.552
2073.215
2072.687
2070.978
2058.952
2056.484
2049.732
2046.463
2044.915
2037.404
2036.506
2036.276
2050.253
2042.099
2035.638
2021.974
2020.804
2021.029
2028.58
2036.734
2032.811
2038.64
2043.332
2044.88
2043.329
2051.483
2014.15
1997.996
1996.826
1996.105
1995.541
1979.387
1982.771
1986.447
1987.643
1993.835
1994.829
1983.162
1973.201
1977.124
1977.859
1980.615
1981.785
1972.572
1980.366
1977.802
1972.672
1965.121
1951.143
1958.694
1957.976
1943.707
1943.179
1929.516
1927.747
1941.593
1932.33
1933.176
1933.407
1921.27
1922.145
1923.315
1922.119
1922.994
1910.857
1910.578
1912.104
1894.709
1893.834
1897.104
1894.037
1897.422
1895.653
1906.123
1902.116
1910.096
1909.378
1907.686
1907.865
1905.301
1910.519
1873.186
1871.638
1875.946
1882.168
1898.322
1900.031
1899.089
1857.345
1855.819
1859.826
1862.967
1828.416
1828.694
1850.083
1850.256
1852.34
1855.724
1860.224
1859.327
1857.779
1854.638
1853.917
1867.763
1869.311
1864.644
1878.308
1879.043
1877.333
1855.038
1865.509
1857.529
1856.811
1859.279
1852.527
1852.302
1849.984
1862.121
1861.246
1862.528
1889.922
1874.644
1873.651
1875.36
1857.966
1848.004
1855.799
1851.876
1848.286
1843.979
1834.641
1831.575
1839.895
1817.6
1811.532
1809.984
1805.843
1786.922
1795.042
1809.019
1800.9
1816.177
1807.857
1796.257
1786.296
1785.575
1779.746
1782.887
1776.818
1772.152
1775.421
1781.25
1794.913
1796.606
1796.83
1800.292
1821.958
1812.499
1854.785
1855.671
1861.974
1861.403
1855.1
1846.671
1827.504
1830.004
1830.238
1836.143
1834.597
1836.329
1842.602
1846.108
1833.926
1835.225
1841.528
1846.087
1847.208
1839.312
1839.372
1843.567
1847.931
1853.128
1852.894
1846.591
1844.799
1845.656
1852.669
1838.51
1816.843
1815.051
1810.324
1805.765
1817.083
1816.174
1807.915
1810.512
1808.72
1808.486
1809.671
1811.528
1814.028
1815.574
1815.398
1811.203
1799.453
1796.856
1792.882
1807.041
1789.421
1787.073
1798.823
1788.732
1796.381
1784.563
1776.303
1774.735
1779.462
1778.042
1781.765
1736.311
1740.285
1768.035
1764.853
1742.268
1741.411
1753.229
1760.457
1756.82
1744.872
1748.846
1749.853
1750.71
1744.407
1744.689
1742.958
1744.503
1741.906
1746.464
1747.192
1737.858
1760.443
1763.949
1768.144
1777.527
1780.176
1791.995
1795.176
1781.15
1773.542
1779.845
1780.852
1767.011
1781.465
1789.115
1784.387
1783.66
1779.602
1783.325
1791.61
1779.792
1771.532
1774.182
1774.464
1772.893
1727.438
1726.529
1732.802
1732.863
1738.767
1743.326
1738.767
1693.313
1694.057
1695.356
1687.096
1698.915
1698.854
1708.237
1707.506
1710.688
1696.234
1702.329
1697.576
1694.264
1692.55
1706.576
1684.909
1676.481
1661.004
1653.108
1651.394
1644.381
1640.952
1637.641
1649.459
1652.771
1654.339
1651.99
1657.895
1654.789
1653.903
1662.188
1658.465
1654.102
1691.92
1686.723
1732.177
1748.541
1790.827
1799.052
1807.338
1798.909
1818.076
1816.504
1816.732
1807.398
1821.557
1832.163
1835.475
1843.761
1844.332
1833.014
1829.832
1847.452
1854.68
1852.887
1874.004
1873.944
1868.726
1871.868
1876.009
1876.73
1875.855
1857.345
1860.486
1857.73
1854.345
1851.076
1862.675
1862.848
1854.729
1853.036
1862.25
1876.519
1884.673
1890.69
1886.767
1894.562
1897.03
1897.254
1898.451
1899.853
1899.118
1897.408
1898.126
1897.251
1898.097
1898.322
1896.003
1893.424
1899.493
1862.159
1857.659
1863.851
1863.116
1861.92
1869.471
1870.206
1862.027
1883.416
1901.925
1901.752
1897.611
1900.752
1909.966
1921.632
1920.081
1914.951
1942.345
1943.243
1937.413
1939.732
1933.54
1925.56
1924.034
1923.974
1917.222
1914.658
1905.444
1903.896
1910.649
1906.642
1897.428
1914.823
1907.028
1909.592
1908.044
1917.381
1926.595
1914.191
1913.327
1925.31
1921.766
1927.707
1944.881
1948.109
1941.729
1940.636
1952.155
1986.269
2003.443
2007.063
2015.08
2017.802
2026.899
2045.174
2047.463
2047.64
2091.944
2099.64
2099.916
2087.932
2088.16
2101.961
2104.988
2114.085
2116.668
2110.912
2109.647
2125.596
2126.308
2114.789
2111.447
2120.544
2123.772
2124.954
2128.909
2124.656
2116.777
2120.005
2108.974
2110.155
2096.665
2106.5
2108.032
2104.804
2108.222
2107.04
2107.752
2104.123
2102.313
2100.626
2097.398
2105.474
2102.752
2100.315
2099.794
2093.68
2094.773
2099.406
2091.95
2103.469
2111.348
2107.259
2109.696
2116.741
2116.219
2112.346
2104.131
2116.114
2123.392
2124.278
2122.468
2127.101
2127.377
2121.436
2115.292
2120.444
2126.199
2130.807
2089.592
2091.123
2088.687
2086.63
2085.246
2082.957
2084.341
2070.85
2068.268
2058.432
2046.787
2047.673
2041.732
2040.044
2033.378
2026.542
2030.171
2034.259
2046.071
2046.792
2050.458
2049.288
2035.625
2030.495
2029.213
2028.043
2029.325
2033
2035.615
2038.194
2044.417
2052.396
2071.317
2074.587
2082.706
2079.565
2087.886
2084.616
2085.181
2088.565
2089.507
2103.354
2097.131
2088.811
2088.984
2087.433
2060.038
2055.897
2060.397
2079.318
2078.597
2077.072
2095.993
2073.698
2031.954
2031.775
2027.082
2016.612
2014.294
2011.537
1997.874
2000.94
2005.081
2006.915
2020.761
2014.568
2016.261
2016.434
2026.904
2012.635
2014.468
2015.032
2018.955
2015.494
2018.25
2013.75
2021.73
2018.063
2018.342
2022.009
2035.672
2047.339
2046.057
2024.668
2026.069
2030.076
2029.851
2033.993
2015.483
2014.541
1999.263
2002.329
2044.073
2040.397
2040.571
2037.301
2034.16
2050.314
2049.144
2056.939
2053.873
2054.401
2052.567
2054.401
2057.016
2056.837
2058.362
2065.497
2057.517
2054.248
2056.331
2052.87
2055.434
2056.835
2072.989
2074.537
2074.259
2077.848
2077.788
2089.388
2106.782
2120.76
2116.452
2117.622
2106.022
2133.417
2141.536
2139.844
2128.245
2137.507
2137.334
2143.557
2143.835
2147.842
2154.034
2154.291
2152.889
2152.014
2154.578
2147.655
2133.809
2137.475
2141.399
2141.963
2142.956
2146.097
2147.807
2161.47
2173.496
2187.159
2186.052
2177.873
2171.856
2134.522
2130.599
2130.54
2116.693
2120.834
2112.681
2111.963
2112.681
2109.005
2109.262
2101.71
2098.569
2101.037
2091.775
2088.39
2097.653
2075.358
2075.134
2076.009
2080.701
2083.265
2080.124
2079.56
2093.223
2094.121
2052.377
2066.223
2069.685
2057.89
2016.146
2004.01
2015.804
2009.612
2046.946
2002.074
2004.157
2022.667
2030.218
2042.355
2060.864
2071.334
2070.228
2067.612
2074.364
2039.813
2040.044
2047.839
2092.71
2090.392
2097.315
2091.123
2086.456
2077.119
2100.371
2103.878
2099.319
2102.631
2109.644
2108.432
2099.098
2097.306
2093.111
2099.207
2098.635
2102.83
2092.739
2092.505
2076.142
2076.402
2082.705
2079.393
2084.679
2083.672
2069.831
2073.26
2070.078
2072.69
2065.677
2055.071
2044.465
2032.647
2030.916
2030.688
2042.506
2040.961
2029.643
2043.484
2034.15
2045.469
2047.579
2046.848
2048.034
2055.683
2053.085
2041.267
2042.222
2047.419
2042.133
2049.36
2052.789
2063.395
2055.17
2054.936
2048.663
2052.17
2051.261
2055.319
2061.415
2055.111
2049.826
2044.629
2002.343
1999.031
1998.174
2012.629
2020.278
2020.512
2022.304
2026.499
2028.067
2028.35
2018.259
2013.531
2011.183
2011.754
2003.529
2003.756
2007.263
1999.614
2000.358
1982.738
1979.232
1985.327
1981.132
2018.95
2018.768
2026.994
2022.24
2025.422
2027.922
2027.177
2023.749
2020.32
2019.593
2026.82
2020.517
2020.745
2006.585
1998.326
2004.629
2006.197
2023.817
2011.999
2016.363
2016.538
2025.997
2032.542
2046.568
2053.408
2042.802
2041.503
2052.663
2048.522
2052.529
2094.272
2094.503
2088.281
2089.99
2089.712
2092.853
2091.143
2092.835
2118.83
2114.856
2116.068
2117.925
2120.523
2114.22
2106.324
2089.96
2087.311
2093.406
2105.156
2132.906
2134.477
2136.334
2140.057
2150.148
2162.33
2168.633
2167.088
2181.247
2174.944
2175.226
2167.577
2153.418
2191.236
2203.53
2217.689
2217.462
2227.553
2228.56
2227.829
2233.976
2247.817
2282.817
2280.317
2292.611
2289.505
2291.854
2281.248
2287.551
2284.759
2284.583
2286.003
2294.289
2294.062
2287.789
2286.88
2274.585
2286.88
2293.153
2294.062
2298.256
2284.231
2265.064
2259.159
2266.808
2267.091
2267.266
2281.107
2253.357
2267.198
2282.674
2282.392
2282.331
2285.643
2289.357
2283.262
2276.422
2262.581
2261.01
2259.464
2261.196
2288.946
2284.219
2265.469
2266.59
2267.32
2265.463
2263.606
2263.324
2270.551
2274.915
2274.057
2272.759
2282.142
2287.339
2275.521
2276.251
2273.751
2271.154
2272.063
2279.671
2276.165
2278.957
2278.723
2270.827
2267.104
2277.71
2284.723
2278.576
2276.076
2280.439
2282.939
2268.78
2259.397
2287.147
2283.173
2291.256
2298.096
2296.884
2298.304
2305.531
2284.093
2267.164
2259.147
2263.78
2264.872
2268.29
2271.834
2273.218
2294.336
2295.049
2295.979
2294.291
2303.437
2304.965
2305.851
2288.677
2287.951
2288.66
2251.8
2255.217
2260.973
2252.897
2253.622
2267.113
2311.417
2299.771
2307.05
2312.991
2314.522
2311.104
2308.573
2291.399
2283.703
2277.947
2271.833
2273.217
2275.8
2277.857
2265.983
2273.399
2276.627
2278.011
2289.463
2289.188
2286.605
2270.656
2274.745
2293.02
2307.109
2299.033
2295.931
2297.438
2296.712
2298.4
2297.688
2276.57
2275.734
2274.641
2263.122
2307.426
2334.474
2332.037
2320.518
2304.569
2306.256
2313.092
2310.803
2324.603
2329.236
2333.192
2347.281
2343.66
2346.888
2358.534
2354.66
2354.439
2364.776
2376.65
2362.849
2345.675
2338.397
2337.561
2319.286
2324.351
2325.237
2325.415
2327.225
2341.025
2329.042
2321.164
2320.607
2316.518
2343.565
2348.631
2342.876
2324.6
2332.676
2323.579
2329.959
2334.592
2342.642
2334.566
2326.55
2330.638
2319.119
2310.022
2310.199
2310.911
2310.203
2305.57
2319.06
2318.079
2324.193
2330.307
2331.573
2334.155
2326.699
2326.64
2320.885
2293.838
2292.857
2288.414
2244.11
2243.179
2244.043
2242.355
2234.305
2241.761
2244.343
2246.889
2243.016
2239.472
2238.491
2238.215
2241.844
2238.224
2241.251
2239.867
2238.483
2227.031
2219.986
2227.031
2213.23
2201.247
2206.312
2194.329
2182.81
2175.766
2178.312
2176.641
2184.338
2190.278
2192.81
2184.793
2193.939
2192.407
2175.233
2178.853
2182.195
2182.366
2182.091
2190.306
2190.031
2192.577
2193.098
2186.984
2190.613
2192.67
2200.126
2202.182
2204.239
2197.404
2203.345
2194.248
2198.336
2201.957
2201.245
2198.217
2192.276
2199.321
2201.61
2198.192
2198.445
2184.955
2188.182
2225.043
2222.322
2213.225
2215.035
2201.544
2204.076
2190.275
2176.604
2183.44
2175.423
2185.258
2193.137
2206.808
2198.929
2196.872
2198.256
2194.839
2191.611
2195.028
2189.273
2197.29
2201.379
2203.925
2211.204
2211.431
2208.204
2208.033
2211.577
2216.21
2207.113
2206.86
2192.771
2173.278
2172.138
2176.338
2168.225
2149.777
2142.177
2138.14
2134.952
2142.275
2128.363
2132.269
2133.409
2131.9
2122.188
2129.51
2129.729
2143.229
2145.49
2144.615
2136.64
2177.34
2180.715
2136.965
2141.352
2144.54
2140.633
2144.008
2136.033
2136.202
2157.056
2157.756
2160.271
2160.543
2164.93
2185.784
2184.909
2181.847
2186.422
2182.384
2177.809
2176.643
2172.736
2178.603
2187.634
2190.697
2177.375
2166.481
2162.898
2159.323
2156.823
2149.46
2145.885
2144.219
2142.709
2116
2110.133
2103.383
2103.215
2087.465
2074.143
2071.643
2064.043
2059.468
2053.401
2041.568
2034.611
2030.705
2028.155
2014.655
2007.293
2031.771
2029.961
2028.577
2019.431
2016.849
2012.893
2011.509
2005.569
2003.132
1996.988
1996.761
1959.9
1958.371
1958.194
1953.042
1950.46
1946.207
1939.162
1938.276
1937.719
1955.427
1951.421
1946.921
1943.78
1898.908
1880.399
1876.257
1867.044
1856.574
1854.74
1839.463
1837.379
1833.995
1820.331
1835.609
1837.692
1841.077
1842.91
1847.051
1857.521
1866.735
1880.399
1838.655
1838.482
1824.636
1824.072
1816.092
1815.835
1839.19
1837.645
1831.342
1831.108
1796.108
1790.013
1778.065
1776.333
1770.061
1766.632
1760.537
1732.787
1714.037
1706.81
1703.095
1701.524
1699.956
1698.536
1695.938
1676.772
1676.2
1673.588
1672.86
1671.951
1668.445
1664.25
1660.055
1653.215
1649.492
1647.382
1644.276
1642.856
1656.723
1652.951
1649.804
1645.554
1654.872
1647.019
1603.606
1564.779
1536.289
1536.102
1534.196
1529.889
1529.34
1528.307
1519.862
1513.142
1504.843
1503.233
1487.344
1483.531
1475.424
1471.904
1467.598
1483.782
1483.007
1482.824
1464.49
1444.546
1435.952
1435.191
1434.898
1412.352
1410.157
1397.364
1390.247
1380.021
1368.833
1361.21
1357.854
1317.963
1314.47
1299.535
1284.936
1284.372
1277.943
1271.514
1268.758
1261.361
1256.758
1250.11
1238.922
1227.735
1233.444
1218.302
1216.045
1214.059
1201.031
1198.253
1194.365
1192.684
1184.24
1198.63
1197.669
1187.493
1186.701
1181.065
1176.663
1191.568
1190.764
1188.181
1186.21
1184.876
1180.076
1194.389
1203.292
1199.542
1188.917
1188.597
1157.174
1153.571
1154.669
1152.535
1136.415
1127.624
1126.606
1119.82
1119.551
1118.715
1102.443
1093.699
1084.955
1075.665
1074.621
1061.039
1067.519
1067.546
1051.15
1050.285
1049.977
1066.172
1075.392
1060.503
1055.963
1068.64
1051.13
1048.966
1041.206
1034.646
1029.523
1028.919
1024.669
1040.49
1045.973
1033.516
1031.05
1027.533
1025.648
1040.265
1035.966
1038.31
1024.435
1024.122
1039.788
1058.64
1054.915
1057.748
1077.705
1093.66
1091.516
1090.144
1097.38
1096.233
1088.23
1073.78
1073.444
1063.158
1051.138
1035.281
1030.893
1029.393
1018.036
1027.995
1038.661
1044.35
1055.191
1071.536
1063.218
1048.718
987.468
984.983
974.316
972.354
965.991
940.695
934.18
933.782
927.267
921.267
918.237
905.169
912.847
910.521
906.316
902.11
921.417
914.988
910.131
928.366
949.417
966.838
963.86
983.018
965.901
965.523
985.259
1007.695
1036.936
1060.177
954.116
980.214
1000.027
991.801
1009.217
972.117
985.437
971.638
959.017
838.328
824.529
837.214
844.185
826.296
845.654
857.88
849.219
881.388
869.649
860.902
852.156
827.96
856.451
855.633
886.798
731.75
622.738
637.039
617.776
634.153
541.468
536.064
517.064
482.603
461.956
363.819
356.37
375.461
312.35
302.817
248.372
177.322
97.878
86.012
37.346
26.917
0
